8.203000	-6.995297	-7.003967	-7.016446	-6.992714	-7.051830	-7.023072	-6.996669	-7.024891	-6.996472	-6.990516	-6.997395	-6.983182	-7.001976	-6.999982	-15.001959	-6.996478
20.386000	-6.995350	-7.004019	-7.016522	-6.992757	-7.051882	-7.023114	-6.996725	-7.024948	-6.996473	-6.990557	-6.997405	-6.983208	-7.002002	-7.000006	-15.002330	-6.996497
32.573000	-6.995360	-7.004045	-7.016526	-6.992769	-7.051906	-7.023142	-6.996757	-7.024974	-6.996468	-6.990568	-6.997438	-6.983235	-7.002021	-7.000025	-15.002531	-6.996538
44.794000	-6.995356	-7.004063	-7.016552	-6.992794	-7.051920	-7.023142	-6.996758	-7.024976	-6.996466	-6.990584	-6.997438	-6.983246	-7.002042	-7.000041	-15.002851	-6.996527
57.011000	-6.995393	-7.004072	-7.016557	-6.992800	-7.051927	-7.023171	-6.996777	-7.025007	-6.996490	-6.990593	-6.997439	-6.983279	-7.002061	-7.000055	-15.002957	-6.996553
69.190000	-6.995368	-7.004096	-7.016541	-6.992829	-7.051931	-7.023170	-6.996775	-7.025004	-6.996488	-6.990585	-6.997453	-6.983283	-7.002057	-7.000057	-15.002979	-6.996569
81.388000	-6.995383	-7.004086	-7.016545	-6.992832	-7.051970	-7.023189	-6.996788	-7.025012	-6.996509	-6.990609	-6.997458	-6.983295	-7.002075	-7.000085	-15.003150	-6.996573
93.603000	-6.995372	-7.004102	-7.016549	-6.992831	-7.051952	-7.023173	-6.996794	-7.025016	-6.996495	-6.990608	-6.997479	-6.983290	-7.002077	-7.000074	-15.003301	-6.996580
105.792000	-6.995395	-7.004104	-7.016551	-6.992851	-7.051953	-7.023200	-6.996797	-7.025024	-6.996505	-6.990618	-6.997483	-6.983271	-7.002067	-7.000066	-15.003334	-6.996586
118.021000	-6.995406	-7.004125	-7.016560	-6.992841	-7.051950	-7.023188	-6.996780	-7.025021	-6.996509	-6.990613	-6.997484	-6.983288	-7.002063	-7.000085	-15.003584	-6.996578
130.212000	-6.995393	-7.004106	-7.016528	-6.992834	-7.051968	-7.023206	-6.996817	-7.025031	-6.996508	-6.990624	-6.997480	-6.983303	-7.002075	-7.000079	-15.003628	-6.996589
142.403000	-6.995411	-7.004098	-7.016473	-6.992855	-7.051940	-7.023117	-6.996800	-7.025034	-6.996486	-6.990609	-6.997469	-6.983340	-7.002085	-7.000116	-15.003626	-6.996614
154.590000	-6.995365	-7.004031	-7.016444	-6.992845	-7.051932	-7.023063	-6.996773	-7.025015	-6.996407	-6.990543	-6.997418	-6.983218	-7.002044	-7.000081	-15.003642	-6.996543
166.839000	-6.995296	-7.003989	-7.016437	-6.992837	-7.051870	-7.023014	-6.996709	-7.024966	-6.996333	-6.990455	-6.997340	-6.983092	-7.001998	-7.000049	-15.003728	-6.996467
179.034000	-6.995231	-7.003885	-7.016382	-6.992789	-7.051820	-7.022954	-6.996636	-7.024876	-6.996247	-6.990369	-6.997294	-6.982917	-7.001922	-7.000010	-15.003813	-6.996393
191.230000	-6.995187	-7.003806	-7.016376	-6.992739	-7.051740	-7.022904	-6.996542	-7.024794	-6.996181	-6.990300	-6.997237	-6.982761	-7.001862	-6.999968	-15.003941	-6.996319
203.472000	-6.995130	-7.003717	-7.016360	-6.992685	-7.051656	-7.022856	-6.996461	-7.024730	-6.996121	-6.990233	-6.997182	-6.982603	-7.001811	-6.999908	-15.004156	-6.996216
215.654000	-6.995052	-7.003629	-7.016367	-6.992636	-7.051588	-7.022802	-6.996397	-7.024638	-6.996086	-6.990178	-6.997120	-6.982502	-7.001756	-6.999872	-15.004205	-6.996140
227.848000	-6.995007	-7.003572	-7.016334	-6.992595	-7.051517	-7.022769	-6.996300	-7.024574	-6.996037	-6.990102	-6.997065	-6.982383	-7.001692	-6.999846	-15.004165	-6.996068
240.045000	-6.994947	-7.003484	-7.016351	-6.992555	-7.051452	-7.022746	-6.996227	-7.024520	-6.995992	-6.990052	-6.997034	-6.982315	-7.001663	-6.999801	-15.004465	-6.996000
252.233000	-6.994861	-7.003437	-7.016322	-6.992515	-7.051433	-7.022740	-6.996179	-7.024476	-6.995971	-6.989988	-6.997000	-6.982195	-7.001595	-6.999788	-15.004480	-6.995976
264.428000	-6.994833	-7.003397	-7.016330	-6.992481	-7.051394	-7.022711	-6.996105	-7.024437	-6.995960	-6.989971	-6.996973	-6.982153	-7.001549	-6.999743	-15.004546	-6.995946
276.627000	-6.994790	-7.003369	-7.016304	-6.992452	-7.051364	-7.022697	-6.996069	-7.024389	-6.995949	-6.989946	-6.996935	-6.982085	-7.001542	-6.999705	-15.004510	-6.995916
288.835000	-6.994749	-7.003329	-7.016308	-6.992436	-7.051330	-7.022662	-6.996038	-7.024390	-6.995930	-6.989935	-6.996938	-6.982081	-7.001495	-6.999702	-15.004453	-6.995880
301.012000	-6.994707	-7.003310	-7.016322	-6.992427	-7.051330	-7.022664	-6.996020	-7.024392	-6.995921	-6.989902	-6.996909	-6.982040	-7.001486	-6.999674	-15.004432	-6.995880
313.216000	-6.994705	-7.003278	-7.016311	-6.992431	-7.051333	-7.022663	-6.995996	-7.024370	-6.995919	-6.989893	-6.996904	-6.982009	-7.001461	-6.999667	-15.004462	-6.995867
325.432000	-6.994683	-7.003269	-7.016324	-6.992408	-7.051341	-7.022643	-6.995982	-7.024347	-6.995911	-6.989894	-6.996893	-6.981981	-7.001449	-6.999661	-15.004468	-6.995856
337.635000	-6.994665	-7.003246	-7.016297	-6.992393	-7.051305	-7.022667	-6.995968	-7.024360	-6.995926	-6.989880	-6.996885	-6.981977	-7.001436	-6.999644	-15.004388	-6.995856
349.856000	-6.994647	-7.003242	-7.016333	-6.992386	-7.051293	-7.022629	-6.995965	-7.024342	-6.995918	-6.989880	-6.996870	-6.981975	-7.001435	-6.999674	-15.004656	-6.995851
362.048000	-6.994656	-7.003255	-7.016318	-6.992378	-7.051272	-7.022636	-6.995966	-7.024341	-6.995915	-6.989882	-6.996876	-6.981970	-7.001429	-6.999667	-15.004572	-6.995821
374.270000	-6.994639	-7.003261	-7.016307	-6.992382	-7.051294	-7.022652	-6.995947	-7.024346	-6.995907	-6.989861	-6.996872	-6.981957	-7.001410	-6.999659	-15.004475	-6.995829
386.498000	-6.994638	-7.003250	-7.016318	-6.992384	-7.051298	-7.022642	-6.995948	-7.024343	-6.995902	-6.989851	-6.996877	-6.981952	-7.001414	-6.999649	-15.004518	-6.995830
398.686000	-6.994626	-7.003237	-7.016296	-6.992412	-7.051296	-7.022636	-6.995943	-7.024353	-6.995900	-6.989863	-6.996865	-6.981947	-7.001421	-6.999638	-15.004520	-6.995834
410.870000	-6.994648	-7.003240	-7.016301	-6.992390	-7.051281	-7.022638	-6.995913	-7.024348	-6.995915	-6.989856	-6.996867	-6.981930	-7.001413	-6.999660	-15.004642	-6.995823
423.063000	-6.994639	-7.003208	-7.016287	-6.992385	-7.051265	-7.022623	-6.995927	-7.024324	-6.995906	-6.989874	-6.996865	-6.981941	-7.001423	-6.999654	-15.004355	-6.995809
435.273000	-6.994653	-7.003219	-7.016294	-6.992374	-7.051268	-7.022631	-6.995917	-7.024312	-6.995913	-6.989860	-6.996876	-6.981947	-7.001412	-6.999641	-15.004535	-6.995793
447.461000	-6.994633	-7.003230	-7.016300	-6.992375	-7.051263	-7.022644	-6.995926	-7.024318	-6.995919	-6.989854	-6.996883	-6.981934	-7.001416	-6.999641	-15.004663	-6.995798
459.682000	-6.994629	-7.003220	-7.016277	-6.992372	-7.051263	-7.022641	-6.995933	-7.024323	-6.995911	-6.989872	-6.996867	-6.981955	-7.001396	-6.999662	-15.004484	-6.995809
471.874000	-6.994619	-7.003213	-7.016297	-6.992380	-7.051266	-7.022653	-6.995925	-7.024313	-6.995901	-6.989842	-6.996872	-6.981940	-7.001394	-6.999651	-15.004663	-6.995815
484.070000	-6.994615	-7.003215	-7.016313	-6.992367	-7.051264	-7.022652	-6.995912	-7.024313	-6.995911	-6.989844	-6.996858	-6.981936	-7.001395	-6.999649	-15.004736	-6.995800
496.283000	-6.994621	-7.003210	-7.016303	-6.992377	-7.051261	-7.022659	-6.995912	-7.024325	-6.995889	-6.989845	-6.996857	-6.981939	-7.001392	-6.999635	-15.004682	-6.995794
508.469000	-6.994622	-7.003186	-7.016309	-6.992363	-7.051247	-7.022633	-6.995914	-7.024324	-6.995893	-6.989837	-6.996849	-6.981940	-7.001378	-6.999648	-15.004543	-6.995797
520.661000	-6.994620	-7.003187	-7.016324	-6.992364	-7.051261	-7.022643	-6.995905	-7.024323	-6.995907	-6.989843	-6.996863	-6.981913	-7.001388	-6.999656	-15.004668	-6.995800
532.864000	-6.994626	-7.003209	-7.016304	-6.992375	-7.051254	-7.022659	-6.995912	-7.024318	-6.995907	-6.989836	-6.996856	-6.981938	-7.001394	-6.999667	-15.004646	-6.995800
545.049000	-6.994595	-7.003194	-7.016305	-6.992376	-7.051256	-7.022641	-6.995908	-7.024328	-6.995909	-6.989823	-6.996847	-6.981911	-7.001381	-6.999657	-15.004636	-6.995799
557.238000	-6.994579	-7.003182	-7.016311	-6.992385	-7.051254	-7.022671	-6.995912	-7.024348	-6.995909	-6.989837	-6.996850	-6.981919	-7.001399	-6.999671	-15.004624	-6.995797
569.459000	-6.994588	-7.003178	-7.016305	-6.992370	-7.051264	-7.022657	-6.995935	-7.024310	-6.995901	-6.989818	-6.996851	-6.981930	-7.001363	-6.999651	-15.004639	-6.995788
581.640000	-6.994615	-7.003184	-7.016298	-6.992379	-7.051262	-7.022654	-6.995921	-7.024305	-6.995899	-6.989827	-6.996871	-6.981920	-7.001375	-6.999647	-15.004327	-6.995777
593.839000	-6.994586	-7.003187	-7.016323	-6.992368	-7.051271	-7.022651	-6.995921	-7.024319	-6.995905	-6.989817	-6.996849	-6.981927	-7.001371	-6.999668	-15.004645	-6.995800
606.037000	-6.994582	-7.003194	-7.016307	-6.992355	-7.051265	-7.022656	-6.995902	-7.024317	-6.995897	-6.989822	-6.996854	-6.981916	-7.001367	-6.999670	-15.004735	-6.995786
618.252000	-6.994601	-7.003189	-7.016305	-6.992374	-7.051260	-7.022651	-6.995914	-7.024303	-6.995908	-6.989820	-6.996857	-6.981912	-7.001362	-6.999653	-15.004618	-6.995769
630.453000	-6.994597	-7.003208	-7.016305	-6.992366	-7.051292	-7.022643	-6.995894	-7.024324	-6.995921	-6.989827	-6.996846	-6.981922	-7.001372	-6.999668	-15.004582	-6.995791
642.627000	-6.994607	-7.003183	-7.016286	-6.992370	-7.051242	-7.022649	-6.995923	-7.024318	-6.995919	-6.989833	-6.996853	-6.981916	-7.001375	-6.999654	-15.004702	-6.995773
654.827000	-6.994623	-7.003192	-7.016284	-6.992367	-7.051263	-7.022661	-6.995906	-7.024335	-6.995921	-6.989837	-6.996869	-6.981926	-7.001359	-6.999676	-15.004566	-6.995791
667.010000	-6.994620	-7.003193	-7.016292	-6.992374	-7.051246	-7.022644	-6.995920	-7.024310	-6.995923	-6.989847	-6.996852	-6.981903	-7.001368	-6.999672	-15.004671	-6.995791
679.210000	-6.994619	-7.003203	-7.016308	-6.992374	-7.051244	-7.022646	-6.995911	-7.024314	-6.995896	-6.989837	-6.996855	-6.981891	-7.001356	-6.999647	-15.004665	-6.995779
691.440000	-6.994593	-7.003190	-7.016310	-6.992360	-7.051246	-7.022656	-6.995917	-7.024341	-6.995907	-6.989828	-6.996875	-6.981899	-7.001366	-6.999686	-15.004717	-6.995768
703.623000	-6.994601	-7.003177	-7.016304	-6.992362	-7.051245	-7.022635	-6.995920	-7.024323	-6.995911	-6.989816	-6.996850	-6.981922	-7.001381	-6.999675	-15.004632	-6.995780
715.815000	-6.994600	-7.003200	-7.016292	-6.992384	-7.051250	-7.022625	-6.995903	-7.024319	-6.995882	-6.989835	-6.996852	-6.981890	-7.001362	-6.999678	-15.004486	-6.995771
728.011000	-6.994595	-7.003164	-7.016280	-6.992366	-7.051258	-7.022639	-6.995918	-7.024315	-6.995908	-6.989832	-6.996841	-6.981895	-7.001377	-6.999673	-15.004611	-6.995773
740.207000	-6.994593	-7.003171	-7.016277	-6.992356	-7.051243	-7.022618	-6.995910	-7.024338	-6.995885	-6.989839	-6.996878	-6.981896	-7.001373	-6.999663	-15.004696	-6.995779
752.393000	-6.994591	-7.003197	-7.016286	-6.992379	-7.051256	-7.022623	-6.995907	-7.024313	-6.995900	-6.989828	-6.996861	-6.981885	-7.001392	-6.999648	-15.004737	-6.995770
764.563000	-6.994621	-7.003197	-7.016289	-6.992373	-7.051247	-7.022617	-6.995898	-7.024315	-6.995893	-6.989819	-6.996845	-6.981895	-7.001379	-6.999683	-15.004672	-6.995776
776.790000	-6.994602	-7.003182	-7.016299	-6.992367	-7.051239	-7.022644	-6.995892	-7.024317	-6.995918	-6.989823	-6.996874	-6.981898	-7.001376	-6.999654	-15.004778	-6.995794
789.012000	-6.994591	-7.003206	-7.016288	-6.992384	-7.051254	-7.022606	-6.995902	-7.024331	-6.995898	-6.989829	-6.996869	-6.981902	-7.001367	-6.999675	-15.004718	-6.995790
801.220000	-6.994594	-7.003189	-7.016286	-6.992375	-7.051251	-7.022628	-6.995896	-7.024332	-6.995909	-6.989834	-6.996869	-6.981901	-7.001384	-6.999670	-15.004874	-6.995798
813.429000	-6.994581	-7.003180	-7.016281	-6.992382	-7.051264	-7.022625	-6.995883	-7.024316	-6.995905	-6.989842	-6.996858	-6.981900	-7.001363	-6.999659	-15.004615	-6.995785
825.626000	-6.994576	-7.003204	-7.016292	-6.992386	-7.051244	-7.022623	-6.995893	-7.024311	-6.995887	-6.989844	-6.996856	-6.981892	-7.001367	-6.999636	-15.004916	-6.995774
837.815000	-6.994596	-7.003183	-7.016307	-6.992379	-7.051233	-7.022642	-6.995889	-7.024323	-6.995901	-6.989840	-6.996855	-6.981894	-7.001368	-6.999634	-15.004896	-6.995756
850.025000	-6.994593	-7.003196	-7.016309	-6.992376	-7.051248	-7.022650	-6.995895	-7.024336	-6.995912	-6.989813	-6.996870	-6.981895	-7.001368	-6.999643	-15.004733	-6.995774
862.256000	-6.994579	-7.003199	-7.016308	-6.992391	-7.051249	-7.022620	-6.995896	-7.024328	-6.995902	-6.989827	-6.996864	-6.981883	-7.001387	-6.999642	-15.004714	-6.995762
874.471000	-6.994575	-7.003196	-7.016313	-6.992377	-7.051238	-7.022638	-6.995895	-7.024333	-6.995909	-6.989822	-6.996854	-6.981890	-7.001377	-6.999651	-15.004701	-6.995787
886.682000	-6.994582	-7.003199	-7.016316	-6.992371	-7.051241	-7.022632	-6.995889	-7.024318	-6.995908	-6.989836	-6.996843	-6.981888	-7.001363	-6.999645	-15.004735	-6.995768
898.880000	-6.994594	-7.003190	-7.016304	-6.992380	-7.051233	-7.022647	-6.995887	-7.024334	-6.995902	-6.989827	-6.996856	-6.981913	-7.001367	-6.999623	-15.004867	-6.995774
911.048000	-6.994608	-7.003179	-7.016286	-6.992387	-7.051233	-7.022625	-6.995893	-7.024331	-6.995907	-6.989828	-6.996863	-6.981893	-7.001362	-6.999640	-15.004921	-6.995762
923.257000	-6.994590	-7.003185	-7.016284	-6.992392	-7.051239	-7.022625	-6.995896	-7.024336	-6.995917	-6.989814	-6.996853	-6.981900	-7.001353	-6.999658	-15.004788	-6.995742
935.467000	-6.994590	-7.003193	-7.016272	-6.992377	-7.051242	-7.022627	-6.995911	-7.024341	-6.995901	-6.989823	-6.996841	-6.981920	-7.001366	-6.999647	-15.004806	-6.995756
947.669000	-6.994577	-7.003176	-7.016313	-6.992373	-7.051241	-7.022627	-6.995897	-7.024320	-6.995916	-6.989826	-6.996836	-6.981903	-7.001346	-6.999642	-15.004692	-6.995755
959.855000	-6.994597	-7.003173	-7.016324	-6.992374	-7.051241	-7.022637	-6.995897	-7.024332	-6.995899	-6.989822	-6.996838	-6.981894	-7.001375	-6.999642	-15.004861	-6.995752
972.036000	-6.994607	-7.003174	-7.016336	-6.992356	-7.051244	-7.022596	-6.995893	-7.024328	-6.995893	-6.989839	-6.996845	-6.981870	-7.001377	-6.999628	-15.004899	-6.995756
984.261000	-6.994607	-7.003168	-7.016331	-6.992363	-7.051246	-7.022610	-6.995891	-7.024315	-6.995913	-6.989822	-6.996848	-6.981869	-7.001366	-6.999645	-15.004724	-6.995754
996.458000	-6.994582	-7.003159	-7.016316	-6.992381	-7.051249	-7.022626	-6.995878	-7.024296	-6.995905	-6.989825	-6.996851	-6.981880	-7.001356	-6.999651	-15.004732	-6.995750
1008.649000	-6.994598	-7.003194	-7.016326	-6.992372	-7.051255	-7.022642	-6.995886	-7.024328	-6.995901	-6.989855	-6.996838	-6.981882	-7.001369	-6.999653	-15.004675	-6.995754
1020.839000	-6.994600	-7.003189	-7.016325	-6.992365	-7.051251	-7.022622	-6.995900	-7.024303	-6.995884	-6.989824	-6.996829	-6.981883	-7.001364	-6.999626	-15.004860	-6.995749
1033.033000	-6.994603	-7.003189	-7.016328	-6.992372	-7.051241	-7.022627	-6.995892	-7.024304	-6.995895	-6.989815	-6.996853	-6.981876	-7.001363	-6.999642	-15.004893	-6.995752
1045.213000	-6.994610	-7.003165	-7.016321	-6.992385	-7.051234	-7.022621	-6.995892	-7.024309	-6.995911	-6.989839	-6.996843	-6.981881	-7.001365	-6.999640	-15.004937	-6.995767
1057.392000	-6.994593	-7.003193	-7.016323	-6.992383	-7.051237	-7.022627	-6.995908	-7.024312	-6.995895	-6.989834	-6.996837	-6.981886	-7.001371	-6.999639	-15.005085	-6.995760
1069.583000	-6.994582	-7.003169	-7.016318	-6.992383	-7.051223	-7.022636	-6.995900	-7.024311	-6.995906	-6.989819	-6.996842	-6.981879	-7.001380	-6.999657	-15.004898	-6.995738
1081.773000	-6.994596	-7.003185	-7.016311	-6.992383	-7.051222	-7.022637	-6.995896	-7.024325	-6.995896	-6.989806	-6.996848	-6.981892	-7.001377	-6.999646	-15.005023	-6.995787
1093.950000	-6.994607	-7.003176	-7.016300	-6.992402	-7.051231	-7.022629	-6.995894	-7.024326	-6.995901	-6.989838	-6.996841	-6.981874	-7.001383	-6.999634	-15.005176	-6.995783
1106.139000	-6.994600	-7.003166	-7.016294	-6.992406	-7.051231	-7.022617	-6.995893	-7.024328	-6.995892	-6.989840	-6.996845	-6.981862	-7.001376	-6.999622	-15.005327	-6.995771
1118.355000	-6.994611	-7.003173	-7.016313	-6.992378	-7.051222	-7.022622	-6.995899	-7.024334	-6.995915	-6.989840	-6.996847	-6.981885	-7.001385	-6.999642	-15.005064	-6.995775
1130.551000	-6.994644	-7.003376	-7.016693	-6.992341	-7.051329	-7.022972	-6.995958	-7.024328	-6.996043	-6.989911	-6.996956	-6.981783	-7.001332	-6.999530	-15.004986	-6.995677
1142.753000	-6.994761	-7.003553	-7.016588	-6.992358	-7.051407	-7.022965	-6.996093	-7.024403	-6.996188	-6.990062	-6.997101	-6.982209	-7.001425	-6.999644	-15.004776	-6.995930
1154.951000	-6.994913	-7.003712	-7.016574	-6.992468	-7.051548	-7.023081	-6.996243	-7.024601	-6.996337	-6.990276	-6.997239	-6.982656	-7.001567	-6.999784	-15.004781	-6.996153
1167.161000	-6.995024	-7.003840	-7.016612	-6.992531	-7.051697	-7.023213	-6.996409	-7.024766	-6.996458	-6.990439	-6.997344	-6.982987	-7.001733	-6.999900	-15.004666	-6.996361
1179.392000	-6.995130	-7.004042	-7.016632	-6.992647	-7.051835	-7.023305	-6.996521	-7.024907	-6.996559	-6.990565	-6.997472	-6.983268	-7.001891	-6.999985	-15.004585	-6.996496
1191.585000	-6.995233	-7.004130	-7.016677	-6.992737	-7.051956	-7.023360	-6.996668	-7.025041	-6.996641	-6.990650	-6.997549	-6.983472	-7.001982	-7.000063	-15.004734	-6.996629
1203.763000	-6.995326	-7.004224	-7.016674	-6.992838	-7.052062	-7.023426	-6.996789	-7.025168	-6.996711	-6.990720	-6.997635	-6.983638	-7.002085	-7.000113	-15.004750	-6.996699
1215.964000	-6.995422	-7.004330	-7.016692	-6.992910	-7.052110	-7.023471	-6.996885	-7.025246	-6.996729	-6.990798	-6.997704	-6.983770	-7.002136	-7.000197	-15.004725	-6.996794
1228.124000	-6.995469	-7.004384	-7.016732	-6.992986	-7.052167	-7.023506	-6.996972	-7.025301	-6.996783	-6.990847	-6.997753	-6.983858	-7.002220	-7.000238	-15.004781	-6.996842
1240.307000	-6.995561	-7.004440	-7.016747	-6.993020	-7.052200	-7.023524	-6.997032	-7.025351	-6.996793	-6.990915	-6.997777	-6.983931	-7.002271	-7.000283	-15.004720	-6.996857
1252.535000	-6.995613	-7.004487	-7.016761	-6.993055	-7.052254	-7.023549	-6.997067	-7.025403	-6.996805	-6.990958	-6.997827	-6.984007	-7.002311	-7.000320	-15.004584	-6.996912
1264.731000	-6.995649	-7.004523	-7.016789	-6.993076	-7.052253	-7.023580	-6.997123	-7.025413	-6.996813	-6.990967	-6.997821	-6.984061	-7.002351	-7.000340	-15.004514	-6.996947
1276.937000	-6.995700	-7.004550	-7.016781	-6.993111	-7.052292	-7.023593	-6.997159	-7.025440	-6.996836	-6.990995	-6.997854	-6.984098	-7.002382	-7.000357	-15.004608	-6.996976
1289.128000	-6.995701	-7.004575	-7.016783	-6.993142	-7.052317	-7.023565	-6.997181	-7.025465	-6.996838	-6.991020	-6.997868	-6.984130	-7.002421	-7.000373	-15.004539	-6.996997
1301.304000	-6.995766	-7.004599	-7.016791	-6.993151	-7.052318	-7.023582	-6.997210	-7.025470	-6.996840	-6.991037	-6.997876	-6.984130	-7.002443	-7.000366	-15.004573	-6.997015
1313.478000	-6.995776	-7.004594	-7.016797	-6.993173	-7.052306	-7.023603	-6.997211	-7.025488	-6.996854	-6.991069	-6.997905	-6.984177	-7.002451	-7.000378	-15.004595	-6.997018
1325.669000	-6.995792	-7.004626	-7.016818	-6.993201	-7.052321	-7.023596	-6.997228	-7.025492	-6.996867	-6.991074	-6.997920	-6.984188	-7.002464	-7.000397	-15.004570	-6.997034
1337.849000	-6.995785	-7.004608	-7.016792	-6.993205	-7.052323	-7.023594	-6.997226	-7.025514	-6.996872	-6.991052	-6.997904	-6.984214	-7.002496	-7.000386	-15.004563	-6.997043
1350.038000	-6.995824	-7.004628	-7.016792	-6.993227	-7.052329	-7.023583	-6.997246	-7.025498	-6.996889	-6.991067	-6.997911	-6.984232	-7.002503	-7.000384	-15.004604	-6.997056
1362.210000	-6.995838	-7.004652	-7.016796	-6.993228	-7.052344	-7.023596	-6.997255	-7.025531	-6.996872	-6.991071	-6.997914	-6.984246	-7.002526	-7.000415	-15.004420	-6.997092
1374.402000	-6.995830	-7.004650	-7.016812	-6.993199	-7.052323	-7.023592	-6.997254	-7.025517	-6.996877	-6.991086	-6.997927	-6.984252	-7.002505	-7.000412	-15.004554	-6.997060
1386.627000	-6.995855	-7.004650	-7.016812	-6.993243	-7.052345	-7.023592	-6.997273	-7.025545	-6.996878	-6.991088	-6.997926	-6.984267	-7.002522	-7.000413	-15.004673	-6.997078
1398.817000	-6.995834	-7.004668	-7.016807	-6.993219	-7.052337	-7.023593	-6.997273	-7.025552	-6.996888	-6.991106	-6.997929	-6.984287	-7.002543	-7.000413	-15.004474	-6.997093
1411.004000	-6.995857	-7.004669	-7.016802	-6.993223	-7.052347	-7.023599	-6.997258	-7.025526	-6.996893	-6.991079	-6.997923	-6.984275	-7.002537	-7.000437	-15.004642	-6.997102
1423.172000	-6.995848	-7.004659	-7.016801	-6.993216	-7.052323	-7.023582	-6.997285	-7.025546	-6.996892	-6.991092	-6.997921	-6.984289	-7.002546	-7.000426	-15.004675	-6.997100
1435.362000	-6.995863	-7.004656	-7.016789	-6.993229	-7.052339	-7.023586	-6.997280	-7.025546	-6.996899	-6.991102	-6.997912	-6.984303	-7.002535	-7.000429	-15.004618	-6.997108
1447.542000	-6.995881	-7.004667	-7.016803	-6.993221	-7.052334	-7.023596	-6.997274	-7.025564	-6.996888	-6.991104	-6.997929	-6.984311	-7.002559	-7.000430	-15.004702	-6.997115
1459.727000	-6.995875	-7.004659	-7.016785	-6.993239	-7.052353	-7.023599	-6.997286	-7.025549	-6.996883	-6.991105	-6.997916	-6.984319	-7.002560	-7.000424	-15.004663	-6.997121
1471.941000	-6.995880	-7.004666	-7.016791	-6.993214	-7.052329	-7.023588	-6.997290	-7.025566	-6.996883	-6.991107	-6.997937	-6.984316	-7.002567	-7.000436	-15.004643	-6.997128
1484.152000	-6.995880	-7.004658	-7.016814	-6.993246	-7.052333	-7.023601	-6.997282	-7.025563	-6.996889	-6.991102	-6.997938	-6.984324	-7.002570	-7.000431	-15.004633	-6.997113
1496.340000	-6.995874	-7.004673	-7.016824	-6.993222	-7.052332	-7.023592	-6.997274	-7.025566	-6.996876	-6.991085	-6.997918	-6.984314	-7.002562	-7.000448	-15.004716	-6.997132
1508.520000	-6.995907	-7.004671	-7.016825	-6.993220	-7.052340	-7.023579	-6.997260	-7.025579	-6.996893	-6.991111	-6.997908	-6.984319	-7.002575	-7.000447	-15.004606	-6.997135
1520.726000	-6.995900	-7.004688	-7.016793	-6.993224	-7.052324	-7.023595	-6.997255	-7.025571	-6.996902	-6.991110	-6.997906	-6.984333	-7.002573	-7.000439	-15.004598	-6.997123
1532.928000	-6.995898	-7.004668	-7.016826	-6.993250	-7.052335	-7.023586	-6.997258	-7.025590	-6.996874	-6.991106	-6.997921	-6.984344	-7.002570	-7.000433	-15.004596	-6.997121
1545.115000	-6.995894	-7.004674	-7.016815	-6.993238	-7.052332	-7.023583	-6.997263	-7.025565	-6.996888	-6.991094	-6.997921	-6.984361	-7.002577	-7.000427	-15.004677	-6.997129
1557.313000	-6.995896	-7.004688	-7.016825	-6.993220	-7.052341	-7.023586	-6.997260	-7.025564	-6.996866	-6.991091	-6.997911	-6.984362	-7.002576	-7.000428	-15.004641	-6.997128
1569.486000	-6.995882	-7.004679	-7.016825	-6.993218	-7.052322	-7.023571	-6.997261	-7.025562	-6.996863	-6.991068	-6.997924	-6.984392	-7.002587	-7.000441	-15.004519	-6.997157
1581.704000	-6.995910	-7.004676	-7.016825	-6.993237	-7.052347	-7.023577	-6.997262	-7.025565	-6.996868	-6.991086	-6.997917	-6.984359	-7.002585	-7.000441	-15.004557	-6.997142
1593.896000	-6.995900	-7.004675	-7.016809	-6.993223	-7.052336	-7.023584	-6.997276	-7.025577	-6.996859	-6.991065	-6.997909	-6.984370	-7.002600	-7.000461	-15.004646	-6.997131
1606.102000	-6.995895	-7.004692	-7.016821	-6.993241	-7.052328	-7.023580	-6.997238	-7.025575	-6.996870	-6.991059	-6.997906	-6.984361	-7.002588	-7.000454	-15.004792	-6.997133
1618.289000	-6.995891	-7.004684	-7.016817	-6.993242	-7.052321	-7.023584	-6.997257	-7.025561	-6.996872	-6.991065	-6.997919	-6.984372	-7.002606	-7.000444	-15.004542	-6.997160
1630.500000	-6.995886	-7.004685	-7.016819	-6.993238	-7.052323	-7.023588	-6.997277	-7.025568	-6.996862	-6.991079	-6.997924	-6.984367	-7.002603	-7.000435	-15.004628	-6.997163
1642.707000	-6.995901	-7.004666	-7.016827	-6.993207	-7.052337	-7.023580	-6.997260	-7.025593	-6.996874	-6.991080	-6.997934	-6.984368	-7.002601	-7.000422	-15.004578	-6.997163
1654.907000	-6.995924	-7.004687	-7.016836	-6.993230	-7.052336	-7.023584	-6.997263	-7.025606	-6.996867	-6.991053	-6.997908	-6.984391	-7.002594	-7.000429	-15.004683	-6.997156
1667.120000	-6.995886	-7.004680	-7.016815	-6.993224	-7.052343	-7.023559	-6.997258	-7.025576	-6.996858	-6.991067	-6.997909	-6.984376	-7.002602	-7.000423	-15.004679	-6.997162
1679.297000	-6.995913	-7.004672	-7.016816	-6.993239	-7.052331	-7.023583	-6.997267	-7.025583	-6.996864	-6.991091	-6.997909	-6.984398	-7.002597	-7.000432	-15.004564	-6.997174
1691.503000	-6.995911	-7.004665	-7.016818	-6.993252	-7.052325	-7.023564	-6.997261	-7.025605	-6.996868	-6.991075	-6.997912	-6.984394	-7.002600	-7.000424	-15.004587	-6.997169
1703.673000	-6.995902	-7.004675	-7.016806	-6.993245	-7.052332	-7.023559	-6.997244	-7.025582	-6.996860	-6.991076	-6.997933	-6.984378	-7.002599	-7.000429	-15.004810	-6.997183
1715.857000	-6.995909	-7.004694	-7.016837	-6.993252	-7.052336	-7.023578	-6.997245	-7.025589	-6.996882	-6.991062	-6.997921	-6.984404	-7.002608	-7.000437	-15.004759	-6.997173
1728.044000	-6.995894	-7.004660	-7.016829	-6.993246	-7.052328	-7.023573	-6.997247	-7.025582	-6.996854	-6.991042	-6.997926	-6.984381	-7.002602	-7.000443	-15.004683	-6.997175
1740.221000	-6.995894	-7.004661	-7.016818	-6.993237	-7.052307	-7.023565	-6.997247	-7.025604	-6.996856	-6.991061	-6.997929	-6.984396	-7.002621	-7.000423	-15.004762	-6.997181
1752.405000	-6.995909	-7.004688	-7.016826	-6.993243	-7.052336	-7.023578	-6.997254	-7.025614	-6.996856	-6.991039	-6.997915	-6.984393	-7.002628	-7.000440	-15.004723	-6.997171
1764.593000	-6.995887	-7.004695	-7.016808	-6.993233	-7.052334	-7.023572	-6.997227	-7.025596	-6.996870	-6.991048	-6.997922	-6.984396	-7.002616	-7.000428	-15.004476	-6.997165
1776.784000	-6.995893	-7.004667	-7.016816	-6.993238	-7.052336	-7.023578	-6.997253	-7.025598	-6.996856	-6.991043	-6.997913	-6.984404	-7.002604	-7.000443	-15.004836	-6.997187
1788.961000	-6.995904	-7.004687	-7.016837	-6.993236	-7.052300	-7.023591	-6.997244	-7.025604	-6.996886	-6.991056	-6.997926	-6.984406	-7.002609	-7.000447	-15.004813	-6.997189
1801.145000	-6.995912	-7.004685	-7.016821	-6.993235	-7.052330	-7.023579	-6.997234	-7.025590	-6.996869	-6.991063	-6.997921	-6.984410	-7.002611	-7.000444	-15.004712	-6.997184
1813.350000	-6.995903	-7.004682	-7.016798	-6.993229	-7.052324	-7.023568	-6.997242	-7.025592	-6.996855	-6.991070	-6.997924	-6.984417	-7.002614	-7.000425	-15.004603	-6.997181
1825.530000	-6.995904	-7.004665	-7.016820	-6.993238	-7.052310	-7.023571	-6.997226	-7.025587	-6.996861	-6.991067	-6.997914	-6.984410	-7.002621	-7.000442	-15.004770	-6.997189
1837.729000	-6.995897	-7.004677	-7.016809	-6.993251	-7.052289	-7.023564	-6.997237	-7.025586	-6.996862	-6.991057	-6.997928	-6.984400	-7.002617	-7.000449	-15.004773	-6.997191
1849.925000	-6.995895	-7.004685	-7.016785	-6.993241	-7.052322	-7.023566	-6.997241	-7.025603	-6.996844	-6.991038	-6.997925	-6.984407	-7.002632	-7.000429	-15.004735	-6.997195
1862.129000	-6.995906	-7.004653	-7.016783	-6.993228	-7.052312	-7.023548	-6.997240	-7.025625	-6.996866	-6.991049	-6.997925	-6.984423	-7.002621	-7.000424	-15.004678	-6.997195
1874.322000	-6.995893	-7.004676	-7.016797	-6.993242	-7.052326	-7.023551	-6.997231	-7.025595	-6.996864	-6.991039	-6.997900	-6.984412	-7.002624	-7.000444	-15.004592	-6.997195
1886.510000	-6.995873	-7.004677	-7.016808	-6.993255	-7.052321	-7.023545	-6.997245	-7.025593	-6.996868	-6.991048	-6.997900	-6.984399	-7.002635	-7.000431	-15.004699	-6.997182
1898.684000	-6.995874	-7.004662	-7.016806	-6.993245	-7.052317	-7.023542	-6.997224	-7.025606	-6.996860	-6.991057	-6.997907	-6.984407	-7.002628	-7.000449	-15.004711	-6.997189
1910.863000	-6.995891	-7.004686	-7.016807	-6.993240	-7.052328	-7.023537	-6.997227	-7.025589	-6.996859	-6.991039	-6.997900	-6.984420	-7.002634	-7.000449	-15.004767	-6.997189
1923.042000	-6.995880	-7.004695	-7.016827	-6.993249	-7.052314	-7.023543	-6.997231	-7.025626	-6.996853	-6.991018	-6.997892	-6.984418	-7.002664	-7.000431	-15.004541	-6.997188
1935.238000	-6.995868	-7.004672	-7.016817	-6.993261	-7.052319	-7.023533	-6.997224	-7.025580	-6.996841	-6.991033	-6.997885	-6.984423	-7.002634	-7.000450	-15.004561	-6.997199
1947.429000	-6.995905	-7.004684	-7.016803	-6.993239	-7.052311	-7.023540	-6.997206	-7.025594	-6.996852	-6.991041	-6.997900	-6.984438	-7.002621	-7.000448	-15.004578	-6.997216
1959.623000	-6.995894	-7.004696	-7.016813	-6.993236	-7.052323	-7.023527	-6.997207	-7.025586	-6.996840	-6.991032	-6.997882	-6.984433	-7.002621	-7.000423	-15.004765	-6.997205
1971.825000	-6.995901	-7.004709	-7.016805	-6.993223	-7.052314	-7.023509	-6.997205	-7.025593	-6.996832	-6.991034	-6.997892	-6.984439	-7.002640	-7.000435	-15.004465	-6.997187
1984.033000	-6.995874	-7.004703	-7.016796	-6.993234	-7.052319	-7.023530	-6.997206	-7.025601	-6.996837	-6.991047	-6.997907	-6.984408	-7.002649	-7.000444	-15.004614	-6.997209
1996.248000	-6.995887	-7.004697	-7.016790	-6.993242	-7.052309	-7.023541	-6.997187	-7.025600	-6.996830	-6.991028	-6.997899	-6.984427	-7.002662	-7.000420	-15.004670	-6.997206
2008.449000	-6.995904	-7.004692	-7.016797	-6.993237	-7.052301	-7.023528	-6.997177	-7.025574	-6.996824	-6.991035	-6.997901	-6.984437	-7.002653	-7.000423	-15.004789	-6.997216
2020.655000	-6.995912	-7.004696	-7.016804	-6.993231	-7.052294	-7.023529	-6.997177	-7.025594	-6.996840	-6.991047	-6.997892	-6.984431	-7.002644	-7.000434	-15.004727	-6.997203
2032.850000	-6.995893	-7.004682	-7.016811	-6.993236	-7.052302	-7.023519	-6.997181	-7.025589	-6.996820	-6.991027	-6.997893	-6.984418	-7.002645	-7.000441	-15.004588	-6.997200
2045.053000	-6.995901	-7.004663	-7.016770	-6.993230	-7.052292	-7.023456	-6.997172	-7.025590	-6.996826	-6.991033	-6.997885	-6.984462	-7.002628	-7.000480	-15.004711	-6.997236
2057.276000	-6.995911	-7.004634	-7.016711	-6.993246	-7.052301	-7.023484	-6.997222	-7.025567	-6.996844	-6.991030	-6.997870	-6.984331	-7.002604	-7.000472	-15.004612	-6.997168
2069.471000	-6.995873	-7.004584	-7.016661	-6.993233	-7.052299	-7.023489	-6.997254	-7.025502	-6.996781	-6.991013	-6.997859	-6.984147	-7.002554	-7.000432	-15.004929	-6.997048
2081.653000	-6.995803	-7.004528	-7.016642	-6.993177	-7.052258	-7.023433	-6.997192	-7.025422	-6.996680	-6.990930	-6.997799	-6.983944	-7.002517	-7.000399	-15.004738	-6.996957
2093.846000	-6.995758	-7.004486	-7.016622	-6.993105	-7.052194	-7.023382	-6.997114	-7.025321	-6.996656	-6.990869	-6.997744	-6.983827	-7.002453	-7.000341	-15.004861	-6.996877
2106.032000	-6.995714	-7.004414	-7.016616	-6.993055	-7.052150	-7.023350	-6.997062	-7.025248	-6.996603	-6.990829	-6.997715	-6.983699	-7.002385	-7.000312	-15.004810	-6.996817
2118.248000	-6.995654	-7.004352	-7.016613	-6.993024	-7.052118	-7.023350	-6.997009	-7.025186	-6.996583	-6.990784	-6.997675	-6.983633	-7.002358	-7.000245	-15.004716	-6.996766
2130.437000	-6.995601	-7.004321	-7.016581	-6.992992	-7.052066	-7.023285	-6.996961	-7.025146	-6.996548	-6.990756	-6.997638	-6.983572	-7.002324	-7.000212	-15.004806	-6.996743
2142.627000	-6.995574	-7.004306	-7.016574	-6.992959	-7.052044	-7.023294	-6.996924	-7.025116	-6.996523	-6.990711	-6.997621	-6.983521	-7.002286	-7.000203	-15.004774	-6.996718
2154.838000	-6.995541	-7.004256	-7.016556	-6.992948	-7.052017	-7.023288	-6.996919	-7.025111	-6.996528	-6.990705	-6.997599	-6.983493	-7.002249	-7.000193	-15.004731	-6.996690
2167.030000	-6.995530	-7.004241	-7.016551	-6.992928	-7.052000	-7.023255	-6.996907	-7.025082	-6.996509	-6.990683	-6.997592	-6.983458	-7.002236	-7.000174	-15.004627	-6.996715
2179.249000	-6.995502	-7.004237	-7.016558	-6.992907	-7.051981	-7.023290	-6.996879	-7.025065	-6.996511	-6.990655	-6.997577	-6.983453	-7.002216	-7.000157	-15.004711	-6.996669
2191.450000	-6.995487	-7.004211	-7.016550	-6.992906	-7.051980	-7.023271	-6.996855	-7.025064	-6.996516	-6.990652	-6.997574	-6.983431	-7.002196	-7.000123	-15.004846	-6.996672
2203.648000	-6.995476	-7.004177	-7.016557	-6.992894	-7.051989	-7.023266	-6.996858	-7.025039	-6.996510	-6.990660	-6.997559	-6.983421	-7.002167	-7.000146	-15.004827	-6.996667
2215.855000	-6.995484	-7.004182	-7.016590	-6.992870	-7.051971	-7.023253	-6.996803	-7.025058	-6.996505	-6.990646	-6.997559	-6.983408	-7.002175	-7.000125	-15.004781	-6.996648
2228.057000	-6.995447	-7.004170	-7.016568	-6.992873	-7.051975	-7.023272	-6.996821	-7.025063	-6.996517	-6.990631	-6.997522	-6.983407	-7.002182	-7.000128	-15.004970	-6.996666
2240.244000	-6.995452	-7.004168	-7.016568	-6.992874	-7.051960	-7.023233	-6.996816	-7.025041	-6.996498	-6.990621	-6.997535	-6.983410	-7.002180	-7.000124	-15.004845	-6.996651
2252.436000	-6.995439	-7.004183	-7.016566	-6.992872	-7.051947	-7.023240	-6.996816	-7.025037	-6.996495	-6.990617	-6.997532	-6.983378	-7.002168	-7.000121	-15.004959	-6.996629
2264.622000	-6.995452	-7.004165	-7.016577	-6.992872	-7.051968	-7.023238	-6.996800	-7.025044	-6.996500	-6.990599	-6.997534	-6.983371	-7.002158	-7.000109	-15.004706	-6.996629
2276.813000	-6.995438	-7.004170	-7.016559	-6.992861	-7.051945	-7.023234	-6.996798	-7.025015	-6.996504	-6.990600	-6.997540	-6.983367	-7.002144	-7.000098	-15.004881	-6.996644
2289.011000	-6.995420	-7.004170	-7.016562	-6.992867	-7.051952	-7.023240	-6.996786	-7.025017	-6.996501	-6.990619	-6.997524	-6.983380	-7.002161	-7.000102	-15.004765	-6.996652
2301.210000	-6.995429	-7.004153	-7.016569	-6.992847	-7.051931	-7.023245	-6.996799	-7.025040	-6.996497	-6.990627	-6.997511	-6.983360	-7.002148	-7.000105	-15.004750	-6.996626
2313.436000	-6.995440	-7.004153	-7.016557	-6.992846	-7.051954	-7.023227	-6.996792	-7.025027	-6.996522	-6.990635	-6.997522	-6.983355	-7.002164	-7.000107	-15.004718	-6.996620
2325.629000	-6.995433	-7.004133	-7.016545	-6.992864	-7.051943	-7.023248	-6.996804	-7.025058	-6.996485	-6.990602	-6.997511	-6.983354	-7.002172	-7.000103	-15.004722	-6.996613
2337.820000	-6.995417	-7.004143	-7.016562	-6.992859	-7.051942	-7.023237	-6.996785	-7.025044	-6.996518	-6.990618	-6.997520	-6.983348	-7.002152	-7.000098	-15.005028	-6.996633
2350.035000	-6.995444	-7.004142	-7.016562	-6.992848	-7.051958	-7.023244	-6.996782	-7.025037	-6.996504	-6.990606	-6.997502	-6.983361	-7.002142	-7.000123	-15.004763	-6.996641
2362.234000	-6.995419	-7.004146	-7.016560	-6.992870	-7.051947	-7.023249	-6.996780	-7.025033	-6.996521	-6.990608	-6.997520	-6.983380	-7.002148	-7.000124	-15.004924	-6.996620
2374.425000	-6.995422	-7.004140	-7.016555	-6.992850	-7.051951	-7.023242	-6.996787	-7.025020	-6.996504	-6.990612	-6.997527	-6.983370	-7.002165	-7.000109	-15.004709	-6.996614
2386.632000	-6.995418	-7.004153	-7.016554	-6.992852	-7.051950	-7.023252	-6.996784	-7.025040	-6.996513	-6.990615	-6.997527	-6.983362	-7.002149	-7.000107	-15.004808	-6.996613
2398.819000	-6.995430	-7.004150	-7.016550	-6.992842	-7.051949	-7.023231	-6.996777	-7.025039	-6.996507	-6.990611	-6.997529	-6.983365	-7.002153	-7.000114	-15.004609	-6.996587
2410.998000	-6.995419	-7.004137	-7.016539	-6.992862	-7.051936	-7.023243	-6.996770	-7.025032	-6.996502	-6.990596	-6.997528	-6.983343	-7.002144	-7.000111	-15.004532	-6.996606
2423.182000	-6.995423	-7.004143	-7.016527	-6.992869	-7.051946	-7.023250	-6.996765	-7.025027	-6.996488	-6.990609	-6.997518	-6.983334	-7.002151	-7.000117	-15.004482	-6.996607
2435.367000	-6.995430	-7.004139	-7.016542	-6.992858	-7.051962	-7.023245	-6.996766	-7.025024	-6.996493	-6.990601	-6.997520	-6.983343	-7.002161	-7.000112	-15.004566	-6.996605
2447.548000	-6.995442	-7.004129	-7.016538	-6.992857	-7.051945	-7.023238	-6.996774	-7.025012	-6.996500	-6.990589	-6.997522	-6.983358	-7.002153	-7.000123	-15.004490	-6.996618
2459.726000	-6.995398	-7.004129	-7.016536	-6.992864	-7.051941	-7.023239	-6.996756	-7.025032	-6.996489	-6.990614	-6.997517	-6.983335	-7.002136	-7.000115	-15.004380	-6.996612
2471.913000	-6.995405	-7.004130	-7.016546	-6.992862	-7.051942	-7.023223	-6.996793	-7.025013	-6.996485	-6.990604	-6.997516	-6.983356	-7.002138	-7.000109	-15.004435	-6.996618
2484.100000	-6.995420	-7.004139	-7.016544	-6.992849	-7.051944	-7.023239	-6.996755	-7.025024	-6.996494	-6.990581	-6.997525	-6.983357	-7.002151	-7.000106	-15.004282	-6.996617
2496.296000	-6.995399	-7.004120	-7.016547	-6.992852	-7.051928	-7.023229	-6.996753	-7.024996	-6.996479	-6.990582	-6.997507	-6.983340	-7.002134	-7.000115	-15.004386	-6.996622
2508.494000	-6.995398	-7.004118	-7.016534	-6.992843	-7.051933	-7.023240	-6.996761	-7.025007	-6.996488	-6.990595	-6.997520	-6.983330	-7.002124	-7.000100	-15.004510	-6.996614
2520.691000	-6.995422	-7.004126	-7.016545	-6.992836	-7.051943	-7.023239	-6.996757	-7.025018	-6.996486	-6.990597	-6.997524	-6.983347	-7.002161	-7.000111	-15.004488	-6.996630
2532.877000	-6.995431	-7.004135	-7.016550	-6.992853	-7.051919	-7.023241	-6.996762	-7.025021	-6.996502	-6.990606	-6.997527	-6.983345	-7.002136	-7.000111	-15.004649	-6.996615
2545.061000	-6.995417	-7.004126	-7.016547	-6.992850	-7.051943	-7.023227	-6.996747	-7.025011	-6.996482	-6.990606	-6.997518	-6.983349	-7.002127	-7.000119	-15.004753	-6.996601
2557.233000	-6.995426	-7.004140	-7.016540	-6.992862	-7.051926	-7.023234	-6.996751	-7.025010	-6.996492	-6.990613	-6.997522	-6.983334	-7.002125	-7.000103	-15.004639	-6.996600
2569.421000	-6.995423	-7.004125	-7.016544	-6.992842	-7.051937	-7.023224	-6.996740	-7.025015	-6.996479	-6.990602	-6.997509	-6.983343	-7.002120	-7.000091	-15.004748	-6.996604
2581.599000	-6.995415	-7.004115	-7.016540	-6.992838	-7.051914	-7.023226	-6.996761	-7.025025	-6.996473	-6.990592	-6.997524	-6.983337	-7.002140	-7.000096	-15.004751	-6.996609
2593.775000	-6.995424	-7.004127	-7.016545	-6.992836	-7.051939	-7.023223	-6.996768	-7.025030	-6.996482	-6.990593	-6.997520	-6.983335	-7.002129	-7.000083	-15.004787	-6.996613
2605.983000	-6.995417	-7.004137	-7.016558	-6.992853	-7.051912	-7.023230	-6.996748	-7.025022	-6.996473	-6.990599	-6.997516	-6.983326	-7.002132	-7.000084	-15.004613	-6.996615
2618.165000	-6.995407	-7.004140	-7.016539	-6.992851	-7.051929	-7.023237	-6.996751	-7.025017	-6.996470	-6.990581	-6.997506	-6.983340	-7.002122	-7.000089	-15.004824	-6.996611
2630.351000	-6.995401	-7.004125	-7.016542	-6.992847	-7.051945	-7.023215	-6.996763	-7.025019	-6.996472	-6.990588	-6.997525	-6.983340	-7.002114	-7.000097	-15.004586	-6.996618
2642.523000	-6.995398	-7.004133	-7.016538	-6.992836	-7.051945	-7.023224	-6.996750	-7.025019	-6.996469	-6.990588	-6.997534	-6.983332	-7.002115	-7.000066	-15.004859	-6.996598
2654.724000	-6.995396	-7.004108	-7.016536	-6.992844	-7.051936	-7.023232	-6.996755	-7.025010	-6.996484	-6.990599	-6.997532	-6.983331	-7.002133	-7.000079	-15.004851	-6.996600
2666.932000	-6.995389	-7.004116	-7.016546	-6.992857	-7.051929	-7.023226	-6.996744	-7.025002	-6.996477	-6.990588	-6.997520	-6.983344	-7.002130	-7.000078	-15.004875	-6.996591
2679.124000	-6.995406	-7.004127	-7.016552	-6.992840	-7.051940	-7.023230	-6.996732	-7.025011	-6.996478	-6.990585	-6.997507	-6.983345	-7.002122	-7.000077	-15.004643	-6.996595
2691.325000	-6.995384	-7.004118	-7.016541	-6.992847	-7.051931	-7.023217	-6.996726	-7.025016	-6.996494	-6.990570	-6.997506	-6.983345	-7.002119	-7.000101	-15.004839	-6.996597
2703.515000	-6.995385	-7.004125	-7.016555	-6.992857	-7.051921	-7.023241	-6.996749	-7.025008	-6.996497	-6.990576	-6.997510	-6.983338	-7.002129	-7.000091	-15.004629	-6.996577
	-6.995409	-7.004127	-7.016572	-6.992853	-7.051934											
