6.350000	0.000003	-0.000003	-0.000005	-0.000008	-0.000008	-0.000010	-0.000010	-0.000013	-0.000012	-0.000010	-0.000011	-0.000011	-0.000011	-0.000011	-0.000011	-0.000011
13.523000	-0.000007	-0.000010	-7.005202	-1.291863	-7.006119	-1.266876	-6.981895	-7.057354	-1.423318	-7.012749	-1.297051	-7.012536	-7.013497	-1.343470	-14.993288	-6.951139
20.099000	-1.285639	-7.010741	-7.005210	-1.291964	-7.006179	-1.266920	-6.981940	-7.057406	-1.423341	-7.012749	-1.297095	-7.012544	-7.013541	-1.343497	-14.994512	-6.951110
26.698000	-1.285685	-7.010769	-7.005204	-1.292036	-7.006189	-1.266964	-6.981950	-7.057405	-1.423563	-7.012757	-1.297129	-7.012531	-7.013545	-1.343543	-14.995353	-6.951120
33.295000	-1.285724	-7.010781	-7.005213	-1.292091	-7.006205	-1.266996	-6.974669	-7.044968	-7.007185	-7.009229	-1.270971	-6.998558	-6.998939	-7.025438	-14.996959	-6.941992
39.869000	-7.026648	-6.999042	-6.998552	-6.980129	-6.997637	-6.992121	-6.974878	-7.045482	-7.007521	-7.009453	-1.270758	-6.998800	-6.999225	-7.025525	-14.997541	-6.942247
46.458000	-7.026845	-6.999381	-6.998791	-6.980427	-6.998023	-6.992341	-6.975022	-7.045655	-7.007604	-7.009560	-1.270610	-6.998917	-6.999362	-7.025534	-14.997916	-6.942377
53.042000	-7.026969	-6.999530	-6.998915	-6.980599	-6.998218	-6.992474	-6.975102	-7.045737	-7.007667	-7.009613	-1.270512	-6.998988	-6.999445	-7.025557	-14.998221	-6.942476
59.636000	-7.027037	-6.999636	-6.998992	-6.980709	-6.998353	-6.992549	-6.975164	-7.045832	-7.007706	-7.009644	-1.270456	-6.999030	-6.999485	-7.025550	-14.998592	-6.942537
66.234000	-7.027074	-6.999701	-6.999059	-6.980751	-6.998403	-6.992618	-6.975196	-7.045868	-7.007728	-7.009678	-1.270411	-6.999052	-6.999518	-7.025568	-14.998648	-6.942551
72.813000	-7.027112	-6.999736	-6.999087	-6.980795	-6.998472	-6.992643	-6.975222	-7.045901	-7.007738	-7.009698	-1.270385	-6.999102	-6.999542	-7.025550	-14.998994	-6.942590
79.403000	-7.027168	-6.999792	-6.999119	-6.980825	-6.998496	-6.992682	-6.975251	-7.045930	-7.007768	-7.009695	-1.270363	-6.999110	-6.999542	-7.025575	-14.999358	-6.942623
85.994000	-7.027165	-6.999825	-6.999125	-6.980854	-6.998532	-6.992713	-6.975268	-7.045957	-7.007795	-7.009725	-1.270329	-6.999133	-6.999544	-7.025569	-14.999549	-6.942646
92.561000	-7.027185	-6.999841	-6.999147	-6.980865	-6.998552	-6.992720	-6.975291	-7.045953	-7.007781	-7.009748	-1.270310	-6.999129	-6.999560	-7.025573	-14.999542	-6.942674
99.141000	-7.027199	-6.999852	-6.999180	-6.980904	-6.998566	-6.992749	-6.975303	-7.045984	-7.007789	-7.009727	-1.270306	-6.999134	-6.999575	-7.025578	-14.999994	-6.942688
105.752000	-7.027202	-6.999859	-6.999188	-6.980921	-6.998582	-6.992749	-6.975304	-7.045984	-7.007783	-7.009744	-1.270286	-6.999160	-6.999594	-7.025587	-14.999952	-6.942698
112.338000	-7.027220	-6.999877	-6.999214	-6.980920	-6.998582	-6.992757	-6.975306	-7.046014	-7.007811	-7.009755	-1.270272	-6.999155	-6.999604	-7.025580	-15.000172	-6.942702
118.935000	-7.027217	-6.999912	-6.999212	-6.980931	-6.998607	-6.992783	-6.975328	-7.046009	-7.007800	-7.009760	-1.270261	-6.999160	-6.999617	-7.025581	-15.000250	-6.942703
125.527000	-7.027235	-6.999923	-6.999210	-6.980958	-6.998620	-6.992780	-6.975337	-7.046007	-7.007821	-7.009750	-1.270247	-6.999162	-6.999623	-7.025581	-15.000374	-6.942731
132.094000	-7.027241	-6.999933	-6.999234	-6.980941	-6.998629	-6.992805	-6.975326	-7.046019	-7.007834	-7.009758	-1.270237	-6.999183	-6.999614	-7.025574	-15.000486	-6.942727
138.695000	-7.027242	-6.999939	-6.999245	-6.980964	-6.998652	-6.992806	-6.975340	-7.046047	-7.007833	-7.009766	-1.270234	-6.999184	-6.999619	-7.025575	-15.000549	-6.942730
145.288000	-7.027251	-6.999939	-6.999256	-6.980962	-6.998664	-6.992804	-6.975338	-7.046047	-7.007835	-7.009772	-1.270223	-6.999180	-6.999628	-7.025581	-15.000725	-6.942727
151.856000	-7.027244	-6.999946	-6.999263	-6.981688	-6.999396	-6.993533	-6.975984	-7.046669	-7.008431	-7.010400	-6.998155	-6.999849	-7.000312	-7.026120	-39.995190	-6.943419
158.443000	-7.027893	-7.000543	-6.999893	-6.981700	-6.999390	-6.993518	-6.976003	-7.046694	-7.008429	-7.010405	-6.998267	-6.999847	-7.000306	-7.026128	-39.995916	-6.943431
165.015000	-7.027898	-7.000534	-6.999915	-6.981709	-6.999416	-6.993521	-6.976001	-7.046057	-7.007868	-7.009840	-6.997754	-6.999255	-6.999681	-7.025617	-15.001760	-6.942837
171.593000	-7.027296	-7.000025	-6.999324	-6.981056	-6.998768	-6.992889	-6.975438	-7.046142	-7.007899	-7.009853	-6.997808	-6.999265	-6.999677	-7.025630	-15.001766	-6.942844
178.175000	-7.027306	-7.000014	-6.999327	-6.981072	-6.998778	-6.992904	-6.975468	-7.046113	-7.007879	-7.009834	-6.997834	-6.999273	-6.999699	-7.025624	-15.001575	-6.942850
	-7.027295	-7.000030	-6.999329	-6.981056	-6.998793	-6.992894	-6.975454	-7.046128	-7.007908	-7.009842	-6.997849	-6.999289	-6.999699	-7.025634		
