6.605000	-7.061492	-7.069414	-7.038021	-7.029866	-7.038110	-7.048213	-7.025650	-7.052318	-7.036611	-7.044686	-7.048216	-7.039391	-7.031337	-7.031603	-14.999071	-7.051384
13.176000	-7.061496	-7.069458	-7.038039	-7.029934	-7.038124	-7.048234	-7.025650	-7.052346	-7.036654	-7.044699	-7.048213	-7.039394	-7.031359	-7.031640	-14.999262	-7.051398
19.786000	-7.061516	-7.069487	-7.038048	-7.029936	-7.038134	-7.048257	-7.025648	-7.052341	-7.036643	-7.044705	-7.048221	-7.039410	-7.031395	-7.031663	-14.999343	-7.051415
26.379000	-7.061529	-7.069487	-7.038060	-7.029968	-7.038142	-7.048264	-7.025654	-7.052361	-7.036647	-7.044722	-7.048223	-7.039393	-7.031395	-7.031658	-14.999569	-7.051422
33.026000	-7.061538	-7.069513	-7.038062	-7.029959	-7.038168	-7.048259	-7.025674	-7.052374	-7.036663	-7.044721	-7.048241	-7.039398	-7.031395	-7.031678	-14.999530	-7.051439
39.625000	-7.061548	-7.069528	-7.038076	-7.029957	-7.038160	-7.048265	-7.025673	-7.052378	-7.036667	-7.044736	-7.048262	-7.039411	-7.031412	-7.031666	-14.999690	-7.051448
46.220000	-7.061548	-7.069539	-7.038073	-7.029961	-7.038176	-7.048293	-7.025690	-7.052377	-7.036688	-7.044750	-7.048252	-7.039436	-7.031425	-7.031681	-14.999815	-7.051459
52.794000	-7.061570	-7.069547	-7.038086	-7.029990	-7.038191	-7.048301	-7.025672	-7.052379	-7.036684	-7.044749	-7.048239	-7.039437	-7.031425	-7.031684	-14.999847	-7.051466
59.377000	-7.061589	-7.069565	-7.038060	-7.029985	-7.038185	-7.048317	-7.025679	-7.052395	-7.036672	-7.044780	-7.048276	-7.039422	-7.031431	-7.031690	-15.000169	-7.051461
65.974000	-7.061569	-7.069569	-7.038084	-7.030006	-7.038188	-7.048319	-7.025687	-7.052376	-7.036684	-7.044767	-7.048260	-7.039427	-7.031431	-7.031693	-15.000219	-7.051471
72.550000	-7.061592	-7.069575	-7.038083	-7.029992	-7.038180	-7.048316	-7.025704	-7.052373	-7.036702	-7.044770	-7.048265	-7.039441	-7.031437	-7.031713	-15.000123	-7.051466
79.129000	-7.061576	-7.069573	-7.038082	-7.029994	-7.038181	-7.048311	-7.025674	-7.052389	-7.036695	-7.044776	-7.048246	-7.039428	-7.031439	-7.031712	-15.000291	-7.051477
85.731000	-7.061596	-7.069580	-7.038091	-7.030038	-7.038204	-7.048315	-7.025676	-7.052392	-7.036682	-7.044792	-7.048256	-7.039431	-7.031451	-7.031720	-15.000202	-7.051473
92.306000	-7.061595	-7.069593	-7.038104	-7.030013	-7.038195	-7.048322	-7.025693	-7.052387	-7.036671	-7.044792	-7.048272	-7.039444	-7.031445	-7.031709	-15.000564	-7.051486
98.895000	-7.061593	-7.069611	-7.038097	-7.030041	-7.038196	-7.048325	-7.025707	-7.052399	-7.036690	-7.044800	-7.048272	-7.039437	-7.031474	-7.031727	-15.000729	-7.051483
105.484000	-7.061601	-7.069591	-7.038097	-7.030036	-7.038195	-7.048345	-7.025696	-7.052412	-7.036707	-7.044797	-7.048276	-7.039451	-7.031469	-7.031736	-15.000759	-7.051502
112.078000	-7.061605	-7.069607	-7.038089	-7.030041	-7.038213	-7.048355	-7.025711	-7.052416	-7.036719	-7.044794	-7.048287	-7.039448	-7.031457	-7.031733	-15.000908	-7.051506
118.684000	-7.061587	-7.069611	-7.038095	-7.030024	-7.038191	-7.048348	-7.025726	-7.052412	-7.036721	-7.044789	-7.048303	-7.039457	-7.031474	-7.031723	-15.000907	-7.051505
125.274000	-7.061590	-7.069596	-7.038089	-7.030012	-7.038216	-7.048348	-7.025705	-7.052432	-7.036707	-7.044806	-7.048306	-7.039439	-7.031483	-7.031735	-15.000858	-7.051503
131.865000	-7.061625	-7.069618	-7.038097	-7.030018	-7.038203	-7.048358	-7.025716	-7.052419	-7.036721	-7.044799	-7.048292	-7.039464	-7.031491	-7.031726	-15.000807	-7.051526
138.441000	-7.061615	-7.069614	-7.038099	-7.030032	-7.038198	-7.048369	-7.025706	-7.052427	-7.036719	-7.044810	-7.048312	-7.039463	-7.031472	-7.031728	-15.000893	-7.051516
145.039000	-7.061616	-7.069616	-7.038076	-7.030019	-7.038204	-7.048379	-7.025713	-7.052415	-7.036720	-7.044810	-7.048290	-7.039477	-7.031494	-7.031752	-15.001049	-7.051526
151.641000	-7.061625	-7.069640	-7.038083	-7.030029	-7.038193	-7.048363	-7.025718	-7.052411	-7.036725	-7.044794	-7.048299	-7.039469	-7.031490	-7.031762	-15.001397	-7.051511
158.229000	-7.061621	-7.069614	-7.038100	-7.030021	-7.038227	-7.048373	-7.025717	-7.052428	-7.036711	-7.044793	-7.048305	-7.039473	-7.031494	-7.031766	-15.001320	-7.051507
164.812000	-7.061627	-7.069607	-7.038092	-7.030034	-7.038218	-7.048379	-7.025708	-7.052422	-7.036709	-7.044807	-7.048324	-7.039470	-7.031491	-7.031771	-15.001330	-7.051504
171.446000	-7.061625	-7.069624	-7.038091	-7.030032	-7.038212	-7.048357	-7.025712	-7.052423	-7.036713	-7.044804	-7.048309	-7.039449	-7.031489	-7.031777	-15.001487	-7.051504
178.034000	-7.061614	-7.069620	-7.038096	-7.030038	-7.038194	-7.048353	-7.025718	-7.052423	-7.036716	-7.044810	-7.048309	-7.039456	-7.031496	-7.031782	-15.001544	-7.051511
184.601000	-7.061619	-7.069635	-7.038101	-7.030038	-7.038204	-7.048376	-7.025715	-7.052441	-7.036715	-7.044818	-7.048305	-7.039455	-7.031526	-7.031757	-15.001540	-7.051505
191.184000	-7.061612	-7.069633	-7.038086	-7.030050	-7.038227	-7.048391	-7.025709	-7.052445	-7.036710	-7.044829	-7.048312	-7.039460	-7.031531	-7.031748	-15.001581	-7.051512
197.764000	-7.061613	-7.069637	-7.038090	-7.030080	-7.038222	-7.048374	-7.025709	-7.052446	-7.036707	-7.044817	-7.048301	-7.039470	-7.031541	-7.031785	-15.001498	-7.051533
204.332000	-7.061627	-7.069644	-7.038088	-7.030074	-7.038223	-7.048379	-7.025728	-7.052447	-7.036707	-7.044835	-7.048294	-7.039472	-7.031514	-7.031788	-15.001627	-7.051527
210.919000	-7.061620	-7.069656	-7.038095	-7.030053	-7.038233	-7.048383	-7.025717	-7.052444	-7.036729	-7.044850	-7.048285	-7.039462	-7.031529	-7.031789	-15.001671	-7.051516
217.525000	-7.061612	-7.069634	-7.038102	-7.030067	-7.038245	-7.048390	-7.025709	-7.052442	-7.036743	-7.044825	-7.048295	-7.039486	-7.031524	-7.031764	-15.001794	-7.051527
224.094000	-7.061624	-7.069630	-7.038111	-7.030072	-7.038204	-7.048390	-7.025722	-7.052447	-7.036726	-7.044819	-7.048303	-7.039460	-7.031538	-7.031747	-15.001712	-7.051524
230.678000	-7.061620	-7.069632	-7.038095	-7.030063	-7.038208	-7.048389	-7.025719	-7.052472	-7.036710	-7.044831	-7.048308	-7.039469	-7.031533	-7.031756	-15.001827	-7.051546
237.275000	-7.061630	-7.069643	-7.038120	-7.030063	-7.038213	-7.048386	-7.025698	-7.052468	-7.036708	-7.044838	-7.048295	-7.039474	-7.031544	-7.031783	-15.001825	-7.051525
243.848000	-7.061631	-7.069661	-7.038118	-7.030076	-7.038222	-7.048392	-7.025714	-7.052466	-7.036724	-7.044840	-7.048301	-7.039477	-7.031536	-7.031756	-15.001746	-7.051517
250.426000	-7.061618	-7.069659	-7.038107	-7.030066	-7.038240	-7.048401	-7.025690	-7.052460	-7.036728	-7.044849	-7.048306	-7.039461	-7.031566	-7.031773	-15.002004	-7.051523
257.007000	-7.061639	-7.069642	-7.038111	-7.030090	-7.038236	-7.048400	-7.025716	-7.052459	-7.036738	-7.044855	-7.048324	-7.039485	-7.031546	-7.031762	-15.002058	-7.051524
263.589000	-7.061639	-7.069658	-7.038121	-7.030070	-7.038224	-7.048404	-7.025713	-7.052460	-7.036722	-7.044837	-7.048313	-7.039474	-7.031558	-7.031787	-15.001775	-7.051516
270.169000	-7.061626	-7.069654	-7.038113	-7.030069	-7.038227	-7.048413	-7.025691	-7.052471	-7.036707	-7.044830	-7.048325	-7.039480	-7.031550	-7.031816	-15.001768	-7.051524
276.750000	-7.061619	-7.069645	-7.038103	-7.030054	-7.038245	-7.048408	-7.025724	-7.052461	-7.036736	-7.044828	-7.048318	-7.039494	-7.031530	-7.031787	-15.001888	-7.051515
283.340000	-7.061624	-7.069632	-7.038097	-7.030061	-7.038229	-7.048391	-7.025708	-7.052459	-7.036742	-7.044826	-7.048323	-7.039480	-7.031548	-7.031807	-15.002031	-7.051527
289.913000	-7.061604	-7.069642	-7.038101	-7.030041	-7.038231	-7.048393	-7.025703	-7.052476	-7.036731	-7.044825	-7.048315	-7.039497	-7.031549	-7.031802	-15.002145	-7.051537
296.533000	-7.061612	-7.069648	-7.038100	-7.030071	-7.038256	-7.048405	-7.025696	-7.052470	-7.036739	-7.044830	-7.048314	-7.039469	-7.031537	-7.031829	-15.001995	-7.051526
303.134000	-7.061633	-7.069650	-7.038111	-7.030068	-7.038248	-7.048402	-7.025714	-7.052487	-7.036720	-7.044831	-7.048310	-7.039479	-7.031568	-7.031843	-15.002079	-7.051532
309.717000	-7.061626	-7.069679	-7.038105	-7.030058	-7.038234	-7.048406	-7.025716	-7.052463	-7.036738	-7.044845	-7.048335	-7.039479	-7.031557	-7.031827	-15.002106	-7.051536
316.288000	-7.061633	-7.069650	-7.038118	-7.030046	-7.038226	-7.048416	-7.025695	-7.052472	-7.036748	-7.044848	-7.048322	-7.039488	-7.031551	-7.031800	-15.002203	-7.051537
322.878000	-7.061626	-7.069657	-7.038108	-7.030051	-7.038241	-7.048419	-7.025725	-7.052478	-7.036759	-7.044840	-7.048326	-7.039499	-7.031536	-7.031809	-15.002234	-7.051554
329.447000	-7.061638	-7.069639	-7.038099	-7.030067	-7.038250	-7.048403	-7.025701	-7.052472	-7.036737	-7.044866	-7.048310	-7.039500	-7.031555	-7.031813	-15.002093	-7.051529
336.034000	-7.061640	-7.069655	-7.038120	-7.030064	-7.038254	-7.048395	-7.025709	-7.052457	-7.036720	-7.044875	-7.048309	-7.039499	-7.031578	-7.031797	-15.002256	-7.051562
342.619000	-7.061623	-7.069681	-7.038112	-7.030063	-7.038255	-7.048421	-7.025697	-7.052451	-7.036730	-7.044864	-7.048328	-7.039505	-7.031549	-7.031813	-15.002368	-7.051554
349.214000	-7.061614	-7.069673	-7.038111	-7.030077	-7.038243	-7.048425	-7.025717	-7.052462	-7.036737	-7.044851	-7.048337	-7.039511	-7.031552	-7.031824	-15.002301	-7.051547
355.789000	-7.061627	-7.069673	-7.038118	-7.030071	-7.038250	-7.048404	-7.025704	-7.052472	-7.036705	-7.044850	-7.048325	-7.039496	-7.031559	-7.031830	-15.002169	-7.051560
362.388000	-7.061634	-7.069671	-7.038097	-7.030065	-7.038246	-7.048411	-7.025713	-7.052460	-7.036730	-7.044858	-7.048335	-7.039500	-7.031565	-7.031832	-15.002293	-7.051558
368.953000	-7.061624	-7.069663	-7.038098	-7.030065	-7.038251	-7.048391	-7.025715	-7.052465	-7.036723	-7.044850	-7.048338	-7.039502	-7.031561	-7.031815	-15.002452	-7.051558
375.533000	-7.061658	-7.069672	-7.038115	-7.030076	-7.038220	-7.048410	-7.025706	-7.052484	-7.036736	-7.044848	-7.048329	-7.039516	-7.031568	-7.031819	-15.002287	-7.051559
382.101000	-7.061639	-7.069664	-7.038105	-7.030048	-7.038250	-7.048411	-7.025699	-7.052478	-7.036738	-7.044853	-7.048326	-7.039500	-7.031544	-7.031837	-15.002244	-7.051571
388.679000	-7.061642	-7.069678	-7.038099	-7.030046	-7.038237	-7.048414	-7.025686	-7.052499	-7.036738	-7.044861	-7.048336	-7.039510	-7.031575	-7.031846	-15.002300	-7.051563
395.262000	-7.061640	-7.069681	-7.038103	-7.030082	-7.038234	-7.048416	-7.025704	-7.052489	-7.036747	-7.044845	-7.048333	-7.039502	-7.031569	-7.031825	-15.002381	-7.051562
401.838000	-7.061651	-7.069668	-7.038107	-7.030066	-7.038257	-7.048397	-7.025702	-7.052475	-7.036737	-7.044846	-7.048323	-7.039483	-7.031551	-7.031831	-15.002501	-7.051566
408.422000	-7.061638	-7.069663	-7.038101	-7.030046	-7.038237	-7.048390	-7.025715	-7.052486	-7.036722	-7.044858	-7.048324	-7.039496	-7.031569	-7.031827	-15.002394	-7.051560
415.011000	-7.061638	-7.069678	-7.038110	-7.030076	-7.038238	-7.048382	-7.025736	-7.052479	-7.036729	-7.044852	-7.048336	-7.039492	-7.031561	-7.031825	-15.002380	-7.051574
421.608000	-7.061628	-7.069685	-7.038086	-7.030067	-7.038245	-7.048392	-7.025715	-7.052498	-7.036725	-7.044845	-7.048323	-7.039499	-7.031567	-7.031832	-15.002505	-7.051568
428.189000	-7.061626	-7.069678	-7.038113	-7.030066	-7.038234	-7.048418	-7.025715	-7.052483	-7.036735	-7.044863	-7.048329	-7.039487	-7.031560	-7.031839	-15.002376	-7.051566
434.761000	-7.061628	-7.069684	-7.038109	-7.030059	-7.038239	-7.048394	-7.025726	-7.052486	-7.036739	-7.044858	-7.048339	-7.039495	-7.031564	-7.031835	-15.002513	-7.051568
441.344000	-7.061639	-7.069688	-7.038098	-7.030075	-7.038252	-7.048414	-7.025720	-7.052485	-7.036729	-7.044849	-7.048309	-7.039495	-7.031565	-7.031842	-15.002596	-7.051565
447.919000	-7.061615	-7.069687	-7.038120	-7.030051	-7.038255	-7.048385	-7.025720	-7.052498	-7.036739	-7.044843	-7.048311	-7.039481	-7.031563	-7.031809	-15.002479	-7.051554
454.513000	-7.061618	-7.069684	-7.038109	-7.030063	-7.038247	-7.048418	-7.025729	-7.052489	-7.036721	-7.044857	-7.048331	-7.039480	-7.031559	-7.031845	-15.002556	-7.051562
461.106000	-7.061616	-7.069693	-7.038123	-7.030067	-7.038252	-7.048418	-7.025723	-7.052485	-7.036735	-7.044854	-7.048334	-7.039506	-7.031550	-7.031836	-15.002416	-7.051569
467.684000	-7.061613	-7.069694	-7.038121	-7.030075	-7.038245	-7.048407	-7.025714	-7.052506	-7.036744	-7.044858	-7.048336	-7.039495	-7.031574	-7.031830	-15.002605	-7.051575
474.294000	-7.061609	-7.069699	-7.038123	-7.030065	-7.038243	-7.048408	-7.025702	-7.052500	-7.036741	-7.044865	-7.048330	-7.039490	-7.031581	-7.031825	-15.002538	-7.051567
480.856000	-7.061627	-7.069683	-7.038124	-7.030055	-7.038245	-7.048417	-7.025715	-7.052493	-7.036750	-7.044859	-7.048331	-7.039506	-7.031557	-7.031828	-15.002390	-7.051575
487.434000	-7.061622	-7.069701	-7.038119	-7.030053	-7.038239	-7.048446	-7.025708	-7.052497	-7.036745	-7.044848	-7.048321	-7.039499	-7.031562	-7.031858	-15.002575	-7.051564
494.017000	-7.061634	-7.069700	-7.038109	-7.030059	-7.038231	-7.048424	-7.025702	-7.052488	-7.036743	-7.044851	-7.048325	-7.039501	-7.031576	-7.031846	-15.002602	-7.051571
500.593000	-7.061630	-7.069653	-7.038119	-7.030065	-7.038229	-7.048423	-7.025707	-7.052481	-7.036735	-7.044859	-7.048333	-7.039510	-7.031576	-7.031833	-15.002804	-7.051569
507.168000	-7.061645	-7.069673	-7.038100	-7.030076	-7.038233	-7.048400	-7.025710	-7.052481	-7.036741	-7.044859	-7.048346	-7.039498	-7.031591	-7.031825	-15.002469	-7.051578
513.768000	-7.061627	-7.069683	-7.038093	-7.030060	-7.038259	-7.048394	-7.025700	-7.052478	-7.036754	-7.044848	-7.048333	-7.039499	-7.031565	-7.031842	-15.002547	-7.051585
520.333000	-7.061619	-7.069687	-7.038099	-7.030060	-7.038236	-7.048414	-7.025700	-7.052496	-7.036734	-7.044850	-7.048332	-7.039501	-7.031584	-7.031843	-15.002429	-7.051584
526.937000	-7.061627	-7.069683	-7.038115	-7.030067	-7.038246	-7.048399	-7.025715	-7.052492	-7.036744	-7.044856	-7.048342	-7.039505	-7.031567	-7.031830	-15.002632	-7.051585
533.519000	-7.061613	-7.069684	-7.038121	-7.030075	-7.038248	-7.048400	-7.025700	-7.052497	-7.036725	-7.044848	-7.048340	-7.039482	-7.031598	-7.031836	-15.002411	-7.051582
540.111000	-7.061611	-7.069678	-7.038105	-7.030080	-7.038245	-7.048405	-7.025707	-7.052501	-7.036737	-7.044839	-7.048341	-7.039501	-7.031573	-7.031847	-15.002593	-7.051586
546.687000	-7.061621	-7.069679	-7.038095	-7.030083	-7.038258	-7.048413	-7.025720	-7.052488	-7.036729	-7.044854	-7.048342	-7.039486	-7.031604	-7.031831	-15.002643	-7.051589
553.279000	-7.061629	-7.069679	-7.038092	-7.030092	-7.038246	-7.048404	-7.025712	-7.052489	-7.036733	-7.044848	-7.048328	-7.039489	-7.031589	-7.031836	-15.002619	-7.051589
559.856000	-7.061624	-7.069671	-7.038095	-7.030095	-7.038251	-7.048416	-7.025705	-7.052491	-7.036740	-7.044849	-7.048355	-7.039503	-7.031583	-7.031836	-15.002472	-7.051585
566.442000	-7.061629	-7.069683	-7.038109	-7.030063	-7.038259	-7.048433	-7.025693	-7.052492	-7.036748	-7.044841	-7.048325	-7.039516	-7.031578	-7.031840	-15.002591	-7.051578
573.011000	-7.061633	-7.069687	-7.038097	-7.030063	-7.038239	-7.048437	-7.025704	-7.052496	-7.036748	-7.044846	-7.048338	-7.039508	-7.031560	-7.031853	-15.002465	-7.051570
579.599000	-7.061618	-7.069679	-7.038112	-7.030084	-7.038258	-7.048435	-7.025723	-7.052493	-7.036745	-7.044843	-7.048361	-7.039509	-7.031577	-7.031841	-15.002735	-7.051585
586.197000	-7.061618	-7.069681	-7.038112	-7.030088	-7.038253	-7.048448	-7.025713	-7.052514	-7.036756	-7.044843	-7.048357	-7.039520	-7.031577	-7.031850	-15.002753	-7.051582
592.774000	-7.061603	-7.069664	-7.038113	-7.030078	-7.038251	-7.048444	-7.025720	-7.052495	-7.036733	-7.044852	-7.048346	-7.039509	-7.031584	-7.031853	-15.002727	-7.051575
599.350000	-7.061619	-7.069674	-7.038114	-7.030070	-7.038265	-7.048442	-7.025718	-7.052501	-7.036719	-7.044856	-7.048357	-7.039500	-7.031585	-7.031840	-15.002741	-7.051578
605.937000	-7.061601	-7.069674	-7.038128	-7.030065	-7.038240	-7.048423	-7.025737	-7.052512	-7.036753	-7.044860	-7.048344	-7.039509	-7.031594	-7.031843	-15.002716	-7.051574
612.523000	-7.061628	-7.069670	-7.038134	-7.030075	-7.038263	-7.048425	-7.025717	-7.052500	-7.036757	-7.044852	-7.048347	-7.039501	-7.031583	-7.031853	-15.002645	-7.051564
619.096000	-7.061626	-7.069671	-7.038127	-7.030079	-7.038241	-7.048431	-7.025721	-7.052516	-7.036725	-7.044857	-7.048336	-7.039493	-7.031579	-7.031862	-15.002885	-7.051570
625.671000	-7.061618	-7.069676	-7.038117	-7.030082	-7.038252	-7.048439	-7.025703	-7.052508	-7.036742	-7.044858	-7.048336	-7.039493	-7.031597	-7.031857	-15.002796	-7.051558
632.246000	-7.061631	-7.069673	-7.038106	-7.030087	-7.038265	-7.048454	-7.025717	-7.052499	-7.036745	-7.044867	-7.048344	-7.039487	-7.031593	-7.031853	-15.002830	-7.051573
638.828000	-7.061620	-7.069678	-7.038121	-7.030069	-7.038267	-7.048432	-7.025705	-7.052511	-7.036760	-7.044867	-7.048340	-7.039515	-7.031598	-7.031851	-15.002713	-7.051583
645.414000	-7.061626	-7.069686	-7.038114	-7.030071	-7.038274	-7.048450	-7.025724	-7.052509	-7.036749	-7.044852	-7.048361	-7.039500	-7.031600	-7.031850	-15.002629	-7.051574
651.989000	-7.061642	-7.069684	-7.038103	-7.030056	-7.038279	-7.048434	-7.025703	-7.052502	-7.036739	-7.044870	-7.048326	-7.039508	-7.031586	-7.031823	-15.002769	-7.051572
658.569000	-7.061641	-7.069664	-7.038094	-7.030075	-7.038247	-7.048452	-7.025729	-7.052509	-7.036720	-7.044879	-7.048328	-7.039508	-7.031596	-7.031853	-15.002624	-7.051572
665.147000	-7.061654	-7.069680	-7.038105	-7.030081	-7.038257	-7.048418	-7.025715	-7.052521	-7.036747	-7.044846	-7.048342	-7.039521	-7.031580	-7.031842	-15.002657	-7.051565
671.720000	-7.061630	-7.069684	-7.038102	-7.030080	-7.038255	-7.048434	-7.025716	-7.052515	-7.036736	-7.044866	-7.048335	-7.039519	-7.031584	-7.031861	-15.002662	-7.051565
678.320000	-7.061633	-7.069698	-7.038113	-7.030077	-7.038250	-7.048442	-7.025718	-7.052517	-7.036751	-7.044869	-7.048330	-7.039520	-7.031571	-7.031862	-15.002832	-7.051579
684.896000	-7.061626	-7.069687	-7.038098	-7.030069	-7.038262	-7.048451	-7.025701	-7.052517	-7.036743	-7.044861	-7.048336	-7.039525	-7.031568	-7.031837	-15.002747	-7.051561
691.469000	-7.061628	-7.069684	-7.038129	-7.030084	-7.038250	-7.048452	-7.025702	-7.052517	-7.036743	-7.044863	-7.048322	-7.039520	-7.031600	-7.031849	-15.002760	-7.051563
698.040000	-7.061636	-7.069686	-7.038111	-7.030078	-7.038242	-7.048425	-7.025711	-7.052505	-7.036737	-7.044867	-7.048336	-7.039522	-7.031577	-7.031873	-15.002787	-7.051572
704.632000	-7.061645	-7.069676	-7.038107	-7.030073	-7.038246	-7.048405	-7.025712	-7.052532	-7.036729	-7.044853	-7.048325	-7.039534	-7.031601	-7.031845	-15.002818	-7.051569
711.230000	-7.061641	-7.069675	-7.038082	-7.030075	-7.038243	-7.048440	-7.025695	-7.052505	-7.036736	-7.044858	-7.048344	-7.039524	-7.031582	-7.031835	-15.002933	-7.051567
717.826000	-7.061644	-7.069681	-7.038089	-7.030067	-7.038240	-7.048430	-7.025700	-7.052503	-7.036759	-7.044862	-7.048335	-7.039508	-7.031606	-7.031839	-15.002712	-7.051558
724.377000	-7.061629	-7.069683	-7.038108	-7.030083	-7.038253	-7.048410	-7.025710	-7.052517	-7.036737	-7.044867	-7.048334	-7.039533	-7.031603	-7.031844	-15.002658	-7.051563
730.963000	-7.061645	-7.069687	-7.038103	-7.030062	-7.038248	-7.048436	-7.025698	-7.052526	-7.036749	-7.044859	-7.048335	-7.039534	-7.031592	-7.031835	-15.002636	-7.051574
737.550000	-7.061645	-7.069675	-7.038109	-7.030079	-7.038259	-7.048429	-7.025702	-7.052510	-7.036744	-7.044848	-7.048317	-7.039519	-7.031612	-7.031859	-15.002607	-7.051580
744.128000	-7.061639	-7.069676	-7.038099	-7.030084	-7.038274	-7.048411	-7.025698	-7.052503	-7.036738	-7.044860	-7.048333	-7.039520	-7.031583	-7.031866	-15.002776	-7.051571
750.719000	-7.061639	-7.069691	-7.038078	-7.030077	-7.038280	-7.048429	-7.025709	-7.052496	-7.036755	-7.044855	-7.048340	-7.039523	-7.031606	-7.031853	-15.002949	-7.051570
757.293000	-7.061658	-7.069678	-7.038072	-7.030076	-7.038254	-7.048417	-7.025711	-7.052499	-7.036740	-7.044874	-7.048338	-7.039510	-7.031625	-7.031870	-15.003026	-7.051553
763.850000	-7.061642	-7.069674	-7.038094	-7.030057	-7.038250	-7.048432	-7.025718	-7.052492	-7.036733	-7.044859	-7.048334	-7.039511	-7.031609	-7.031833	-15.002847	-7.051559
770.419000	-7.061645	-7.069672	-7.038093	-7.030086	-7.038268	-7.048435	-7.025726	-7.052509	-7.036741	-7.044877	-7.048343	-7.039505	-7.031613	-7.031838	-15.002988	-7.051571
776.990000	-7.061643	-7.069686	-7.038103	-7.030074	-7.038270	-7.048449	-7.025707	-7.052500	-7.036770	-7.044855	-7.048333	-7.039521	-7.031610	-7.031874	-15.002899	-7.051550
783.587000	-7.061639	-7.069677	-7.038115	-7.030084	-7.038255	-7.048430	-7.025702	-7.052493	-7.036767	-7.044857	-7.048336	-7.039506	-7.031629	-7.031842	-15.002765	-7.051547
790.175000	-7.061658	-7.069714	-7.038095	-7.030106	-7.038276	-7.048443	-7.025713	-7.052484	-7.036765	-7.044857	-7.048334	-7.039518	-7.031630	-7.031856	-15.003092	-7.051551
796.751000	-7.061639	-7.069682	-7.038113	-7.030085	-7.038270	-7.048437	-7.025718	-7.052519	-7.036750	-7.044879	-7.048348	-7.039513	-7.031592	-7.031859	-15.003172	-7.051558
803.337000	-7.061639	-7.069680	-7.038104	-7.030095	-7.038273	-7.048417	-7.025715	-7.052487	-7.036756	-7.044877	-7.048350	-7.039498	-7.031600	-7.031855	-15.003066	-7.051559
809.927000	-7.061650	-7.069686	-7.038119	-7.030084	-7.038281	-7.048440	-7.025709	-7.052505	-7.036768	-7.044862	-7.048350	-7.039486	-7.031595	-7.031884	-15.003159	-7.051566
816.498000	-7.061638	-7.069678	-7.038115	-7.030084	-7.038283	-7.048442	-7.025717	-7.052499	-7.036751	-7.044879	-7.048332	-7.039510	-7.031615	-7.031875	-15.003007	-7.051566
823.080000	-7.061641	-7.069710	-7.038123	-7.030092	-7.038251	-7.048450	-7.025709	-7.052509	-7.036762	-7.044864	-7.048339	-7.039496	-7.031621	-7.031878	-15.002976	-7.051562
829.660000	-7.061633	-7.069703	-7.038095	-7.030084	-7.038260	-7.048447	-7.025705	-7.052500	-7.036746	-7.044880	-7.048338	-7.039492	-7.031607	-7.031859	-15.002948	-7.051573
836.244000	-7.061633	-7.069671	-7.038110	-7.030100	-7.038262	-7.048446	-7.025705	-7.052507	-7.036759	-7.044867	-7.048348	-7.039495	-7.031614	-7.031880	-15.003032	-7.051555
842.837000	-7.061625	-7.069696	-7.038076	-7.030073	-7.038269	-7.048431	-7.025700	-7.052513	-7.036756	-7.044881	-7.048343	-7.039496	-7.031626	-7.031871	-15.002980	-7.051562
849.416000	-7.061628	-7.069684	-7.038099	-7.030086	-7.038259	-7.048460	-7.025701	-7.052516	-7.036751	-7.044873	-7.048334	-7.039513	-7.031619	-7.031874	-15.003080	-7.051559
856.006000	-7.061623	-7.069684	-7.038104	-7.030081	-7.038272	-7.048446	-7.025702	-7.052508	-7.036757	-7.044855	-7.048334	-7.039507	-7.031622	-7.031866	-15.003062	-7.051550
862.570000	-7.061640	-7.069687	-7.038091	-7.030076	-7.038279	-7.048452	-7.025714	-7.052520	-7.036754	-7.044861	-7.048323	-7.039504	-7.031618	-7.031867	-15.003001	-7.051557
869.143000	-7.061649	-7.069695	-7.038119	-7.030072	-7.038270	-7.048451	-7.025708	-7.052511	-7.036737	-7.044862	-7.048334	-7.039520	-7.031616	-7.031868	-15.003153	-7.051548
875.728000	-7.061629	-7.069669	-7.038107	-7.030087	-7.038254	-7.048451	-7.025710	-7.052507	-7.036744	-7.044874	-7.048337	-7.039515	-7.031619	-7.031865	-15.003155	-7.051534
882.310000	-7.061647	-7.069689	-7.038100	-7.030100	-7.038243	-7.048445	-7.025738	-7.052514	-7.036725	-7.044863	-7.048331	-7.039511	-7.031598	-7.031859	-15.003110	-7.051564
888.892000	-7.061636	-7.069703	-7.038110	-7.030082	-7.038269	-7.048424	-7.025709	-7.052486	-7.036729	-7.044861	-7.048326	-7.039511	-7.031597	-7.031878	-15.003042	-7.051553
895.481000	-7.061620	-7.069717	-7.038113	-7.030106	-7.038263	-7.048448	-7.025714	-7.052520	-7.036732	-7.044873	-7.048339	-7.039516	-7.031632	-7.031870	-15.003032	-7.051559
902.074000	-7.061621	-7.069710	-7.038092	-7.030097	-7.038257	-7.048465	-7.025713	-7.052534	-7.036734	-7.044867	-7.048348	-7.039512	-7.031611	-7.031858	-15.003123	-7.051552
908.653000	-7.061639	-7.069684	-7.038100	-7.030076	-7.038254	-7.048464	-7.025708	-7.052526	-7.036729	-7.044865	-7.048346	-7.039503	-7.031619	-7.031851	-15.003236	-7.051565
915.240000	-7.061645	-7.069695	-7.038097	-7.030074	-7.038264	-7.048463	-7.025693	-7.052522	-7.036740	-7.044865	-7.048365	-7.039505	-7.031598	-7.031865	-15.003001	-7.051554
921.821000	-7.061642	-7.069694	-7.038108	-7.030071	-7.038259	-7.048466	-7.025716	-7.052531	-7.036729	-7.044868	-7.048358	-7.039516	-7.031581	-7.031868	-15.003041	-7.051568
928.393000	-7.061643	-7.069691	-7.038104	-7.030067	-7.038250	-7.048455	-7.025719	-7.052521	-7.036747	-7.044891	-7.048337	-7.039499	-7.031613	-7.031857	-15.003076	-7.051551
934.968000	-7.061636	-7.069683	-7.038110	-7.030073	-7.038258	-7.048452	-7.025712	-7.052528	-7.036749	-7.044867	-7.048336	-7.039524	-7.031600	-7.031869	-15.002948	-7.051569
941.555000	-7.061626	-7.069674	-7.038105	-7.030088	-7.038278	-7.048444	-7.025722	-7.052515	-7.036720	-7.044868	-7.048339	-7.039518	-7.031602	-7.031838	-15.003038	-7.051552
948.137000	-7.061648	-7.069692	-7.038117	-7.030090	-7.038264	-7.048437	-7.025701	-7.052521	-7.036743	-7.044863	-7.048341	-7.039528	-7.031609	-7.031864	-15.003049	-7.051568
954.714000	-7.061636	-7.069700	-7.038092	-7.030085	-7.038264	-7.048450	-7.025720	-7.052539	-7.036734	-7.044873	-7.048351	-7.039519	-7.031604	-7.031873	-15.003026	-7.051569
961.278000	-7.061652	-7.069693	-7.038105	-7.030077	-7.038267	-7.048447	-7.025720	-7.052529	-7.036723	-7.044863	-7.048330	-7.039515	-7.031598	-7.031879	-15.003140	-7.051562
967.877000	-7.061635	-7.069711	-7.038082	-7.030079	-7.038273	-7.048444	-7.025745	-7.052534	-7.036752	-7.044854	-7.048341	-7.039519	-7.031576	-7.031867	-15.003252	-7.051566
974.463000	-7.061643	-7.069702	-7.038089	-7.030094	-7.038274	-7.048445	-7.025728	-7.052535	-7.036754	-7.044870	-7.048339	-7.039509	-7.031605	-7.031859	-15.002920	-7.051559
981.084000	-7.061639	-7.069703	-7.038091	-7.030081	-7.038249	-7.048451	-7.025709	-7.052546	-7.036739	-7.044859	-7.048338	-7.039515	-7.031606	-7.031880	-15.003036	-7.051569
987.681000	-7.061644	-7.069713	-7.038099	-7.030100	-7.038278	-7.048444	-7.025708	-7.052503	-7.036759	-7.044876	-7.048353	-7.039520	-7.031618	-7.031878	-15.003036	-7.051563
994.254000	-7.061649	-7.069700	-7.038087	-7.030094	-7.038268	-7.048435	-7.025702	-7.052527	-7.036762	-7.044869	-7.048337	-7.039530	-7.031617	-7.031866	-15.003048	-7.051576
1000.864000	-7.061635	-7.069684	-7.038090	-7.030074	-7.038275	-7.048443	-7.025693	-7.052525	-7.036748	-7.044872	-7.048349	-7.039531	-7.031622	-7.031869	-15.002983	-7.051566
1007.452000	-7.061635	-7.069704	-7.038105	-7.030074	-7.038254	-7.048457	-7.025702	-7.052530	-7.036721	-7.044862	-7.048353	-7.039536	-7.031603	-7.031888	-15.003120	-7.051569
1014.027000	-7.061660	-7.069685	-7.038097	-7.030065	-7.038275	-7.048451	-7.025695	-7.052512	-7.036731	-7.044873	-7.048344	-7.039532	-7.031602	-7.031869	-15.003134	-7.051583
1020.623000	-7.061650	-7.069692	-7.038103	-7.030076	-7.038266	-7.048465	-7.025713	-7.052503	-7.036729	-7.044857	-7.048330	-7.039517	-7.031615	-7.031857	-15.003065	-7.051585
1027.246000	-7.061630	-7.069680	-7.038096	-7.030064	-7.038268	-7.048471	-7.025717	-7.052502	-7.036754	-7.044865	-7.048357	-7.039517	-7.031630	-7.031873	-15.002935	-7.051588
1033.821000	-7.061622	-7.069718	-7.038125	-7.030085	-7.038254	-7.048483	-7.025708	-7.052512	-7.036730	-7.044876	-7.048361	-7.039525	-7.031599	-7.031867	-15.002992	-7.051565
1040.405000	-7.061622	-7.069695	-7.038090	-7.030100	-7.038264	-7.048478	-7.025725	-7.052523	-7.036753	-7.044860	-7.048361	-7.039534	-7.031596	-7.031888	-15.003071	-7.051582
1046.999000	-7.061623	-7.069706	-7.038112	-7.030076	-7.038253	-7.048475	-7.025727	-7.052504	-7.036754	-7.044864	-7.048360	-7.039513	-7.031611	-7.031868	-15.003061	-7.051565
1053.574000	-7.061618	-7.069702	-7.038109	-7.030086	-7.038250	-7.048469	-7.025718	-7.052524	-7.036736	-7.044882	-7.048358	-7.039508	-7.031628	-7.031878	-15.002954	-7.051571
1060.184000	-7.061623	-7.069694	-7.038108	-7.030087	-7.038253	-7.048480	-7.025704	-7.052509	-7.036740	-7.044875	-7.048342	-7.039527	-7.031608	-7.031861	-15.003049	-7.051553
1066.774000	-7.061618	-7.069690	-7.038108	-7.030090	-7.038260	-7.048442	-7.025712	-7.052521	-7.036745	-7.044875	-7.048354	-7.039516	-7.031640	-7.031880	-15.002865	-7.051576
1073.369000	-7.061632	-7.069691	-7.038112	-7.030081	-7.038262	-7.048459	-7.025709	-7.052505	-7.036732	-7.044861	-7.048358	-7.039528	-7.031630	-7.031868	-15.002821	-7.051570
1079.956000	-7.061612	-7.069685	-7.038122	-7.030102	-7.038264	-7.048475	-7.025711	-7.052516	-7.036740	-7.044860	-7.048345	-7.039534	-7.031618	-7.031911	-15.003076	-7.051574
1086.531000	-7.061623	-7.069717	-7.038097	-7.030087	-7.038269	-7.048459	-7.025706	-7.052510	-7.036736	-7.044876	-7.048352	-7.039528	-7.031625	-7.031881	-15.003042	-7.051567
1093.117000	-7.061621	-7.069700	-7.038106	-7.030079	-7.038268	-7.048461	-7.025714	-7.052499	-7.036731	-7.044862	-7.048352	-7.039542	-7.031607	-7.031881	-15.002996	-7.051592
1099.692000	-7.061645	-7.069707	-7.038114	-7.030077	-7.038257	-7.048463	-7.025707	-7.052516	-7.036738	-7.044872	-7.048353	-7.039533	-7.031629	-7.031863	-15.003037	-7.051577
1106.286000	-7.061627	-7.069676	-7.038116	-7.030086	-7.038247	-7.048455	-7.025725	-7.052508	-7.036757	-7.044869	-7.048371	-7.039535	-7.031598	-7.031858	-15.003178	-7.051567
1112.863000	-7.061618	-7.069696	-7.038106	-7.030086	-7.038259	-7.048449	-7.025722	-7.052514	-7.036749	-7.044869	-7.048361	-7.039548	-7.031609	-7.031864	-15.002983	-7.051574
1119.454000	-7.061634	-7.069696	-7.038100	-7.030071	-7.038269	-7.048443	-7.025687	-7.052517	-7.036752	-7.044884	-7.048335	-7.039534	-7.031622	-7.031882	-15.002864	-7.051558
1126.029000	-7.061619	-7.069685	-7.038098	-7.030081	-7.038259	-7.048439	-7.025730	-7.052522	-7.036756	-7.044884	-7.048345	-7.039533	-7.031620	-7.031884	-15.002887	-7.051570
1132.606000	-7.061619	-7.069671	-7.038082	-7.030082	-7.038254	-7.048443	-7.025717	-7.052511	-7.036752	-7.044884	-7.048365	-7.039533	-7.031612	-7.031892	-15.002976	-7.051575
1139.227000	-7.061629	-7.069686	-7.038102	-7.030073	-7.038248	-7.048439	-7.025728	-7.052515	-7.036747	-7.044874	-7.048344	-7.039525	-7.031610	-7.031867	-15.003038	-7.051566
1145.810000	-7.061629	-7.069689	-7.038115	-7.030090	-7.038255	-7.048439	-7.025740	-7.052506	-7.036736	-7.044886	-7.048339	-7.039537	-7.031616	-7.031858	-15.002831	-7.051562
1152.386000	-7.061637	-7.069685	-7.038128	-7.030084	-7.038264	-7.048443	-7.025720	-7.052520	-7.036733	-7.044863	-7.048350	-7.039554	-7.031598	-7.031869	-15.002760	-7.051573
1158.977000	-7.061637	-7.069689	-7.038105	-7.030079	-7.038253	-7.048453	-7.025724	-7.052503	-7.036747	-7.044876	-7.048345	-7.039534	-7.031608	-7.031874	-15.003032	-7.051562
1165.554000	-7.061629	-7.069670	-7.038117	-7.030073	-7.038248	-7.048436	-7.025714	-7.052499	-7.036738	-7.044869	-7.048336	-7.039522	-7.031619	-7.031890	-15.002935	-7.051575
1172.130000	-7.061619	-7.069682	-7.038115	-7.030081	-7.038250	-7.048451	-7.025729	-7.052509	-7.036752	-7.044866	-7.048339	-7.039526	-7.031619	-7.031894	-15.002901	-7.051574
1178.729000	-7.061638	-7.069690	-7.038109	-7.030092	-7.038254	-7.048451	-7.025723	-7.052512	-7.036752	-7.044848	-7.048344	-7.039528	-7.031600	-7.031890	-15.002905	-7.051586
1185.303000	-7.061632	-7.069677	-7.038115	-7.030056	-7.038257	-7.048444	-7.025725	-7.052501	-7.036730	-7.044859	-7.048327	-7.039536	-7.031602	-7.031905	-15.002999	-7.051563
1191.877000	-7.061620	-7.069684	-7.038114	-7.030077	-7.038253	-7.048440	-7.025743	-7.052507	-7.036743	-7.044856	-7.048342	-7.039537	-7.031601	-7.031887	-15.003068	-7.051574
1198.471000	-7.061633	-7.069707	-7.038103	-7.030066	-7.038246	-7.048457	-7.025733	-7.052515	-7.036736	-7.044875	-7.048334	-7.039538	-7.031605	-7.031871	-15.002992	-7.051563
1205.040000	-7.061632	-7.069694	-7.038103	-7.030067	-7.038251	-7.048465	-7.025717	-7.052506	-7.036741	-7.044875	-7.048354	-7.039535	-7.031599	-7.031874	-15.003087	-7.051566
1211.628000	-7.061629	-7.069684	-7.038101	-7.030064	-7.038236	-7.048469	-7.025733	-7.052518	-7.036732	-7.044863	-7.048331	-7.039508	-7.031617	-7.031875	-15.003072	-7.051582
1218.222000	-7.061638	-7.069707	-7.038117	-7.030077	-7.038265	-7.048482	-7.025728	-7.052520	-7.036737	-7.044859	-7.048331	-7.039525	-7.031621	-7.031866	-15.002923	-7.051578
1224.805000	-7.061640	-7.069699	-7.038115	-7.030082	-7.038251	-7.048451	-7.025750	-7.052513	-7.036743	-7.044858	-7.048324	-7.039542	-7.031612	-7.031884	-15.003133	-7.051573
1231.395000	-7.061628	-7.069705	-7.038115	-7.030073	-7.038243	-7.048466	-7.025733	-7.052500	-7.036740	-7.044870	-7.048316	-7.039524	-7.031602	-7.031860	-15.003005	-7.051568
1237.983000	-7.061649	-7.069695	-7.038117	-7.030072	-7.038257	-7.048450	-7.025757	-7.052518	-7.036742	-7.044874	-7.048335	-7.039523	-7.031615	-7.031869	-15.002882	-7.051569
1244.599000	-7.061642	-7.069708	-7.038095	-7.030074	-7.038262	-7.048454	-7.025742	-7.052532	-7.036738	-7.044867	-7.048329	-7.039519	-7.031634	-7.031874	-15.002785	-7.051556
1251.192000	-7.061657	-7.069702	-7.038095	-7.030072	-7.038268	-7.048464	-7.025735	-7.052527	-7.036724	-7.044877	-7.048339	-7.039535	-7.031614	-7.031859	-15.002939	-7.051562
1257.778000	-7.061634	-7.069729	-7.038101	-7.030054	-7.038262	-7.048475	-7.025732	-7.052524	-7.036712	-7.044862	-7.048330	-7.039536	-7.031599	-7.031847	-15.003064	-7.051563
1264.374000	-7.061634	-7.069721	-7.038118	-7.030060	-7.038253	-7.048473	-7.025726	-7.052538	-7.036744	-7.044885	-7.048326	-7.039521	-7.031617	-7.031847	-15.003077	-7.051573
1270.944000	-7.061631	-7.069701	-7.038101	-7.030056	-7.038275	-7.048447	-7.025700	-7.052534	-7.036731	-7.044863	-7.048327	-7.039531	-7.031603	-7.031874	-15.002970	-7.051569
1277.505000	-7.061654	-7.069704	-7.038108	-7.030051	-7.038284	-7.048471	-7.025707	-7.052531	-7.036711	-7.044856	-7.048334	-7.039519	-7.031586	-7.031844	-15.002879	-7.051580
1284.092000	-7.061643	-7.069682	-7.038108	-7.030064	-7.038270	-7.048472	-7.025722	-7.052514	-7.036723	-7.044868	-7.048328	-7.039526	-7.031588	-7.031842	-15.002979	-7.051576
1290.669000	-7.061655	-7.069711	-7.038106	-7.030044	-7.038263	-7.048470	-7.025720	-7.052526	-7.036725	-7.044864	-7.048344	-7.039531	-7.031594	-7.031850	-15.003040	-7.051585
1297.252000	-7.061651	-7.069699	-7.038098	-7.030072	-7.038281	-7.048463	-7.025735	-7.052529	-7.036743	-7.044867	-7.048336	-7.039529	-7.031603	-7.031846	-15.002879	-7.051575
1303.837000	-7.061641	-7.069692	-7.038104	-7.030053	-7.038254	-7.048475	-7.025716	-7.052540	-7.036741	-7.044880	-7.048334	-7.039535	-7.031599	-7.031876	-15.003026	-7.051569
1310.420000	-7.061640	-7.069694	-7.038110	-7.030057	-7.038264	-7.048462	-7.025715	-7.052525	-7.036745	-7.044879	-7.048340	-7.039529	-7.031598	-7.031854	-15.003036	-7.051569
1317.026000	-7.061633	-7.069689	-7.038094	-7.030060	-7.038253	-7.048459	-7.025712	-7.052506	-7.036746	-7.044871	-7.048338	-7.039511	-7.031602	-7.031860	-15.003053	-7.051564
1323.610000	-7.061630	-7.069710	-7.038111	-7.030065	-7.038258	-7.048473	-7.025700	-7.052522	-7.036737	-7.044863	-7.048328	-7.039518	-7.031623	-7.031872	-15.003018	-7.051554
1330.175000	-7.061640	-7.069706	-7.038105	-7.030069	-7.038264	-7.048481	-7.025719	-7.052522	-7.036739	-7.044863	-7.048341	-7.039538	-7.031610	-7.031872	-15.002958	-7.051567
1336.757000	-7.061655	-7.069706	-7.038098	-7.030056	-7.038262	-7.048458	-7.025714	-7.052524	-7.036746	-7.044862	-7.048333	-7.039520	-7.031601	-7.031866	-15.002824	-7.051563
1343.345000	-7.061624	-7.069687	-7.038111	-7.030069	-7.038274	-7.048469	-7.025706	-7.052525	-7.036740	-7.044843	-7.048333	-7.039527	-7.031615	-7.031870	-15.003038	-7.051564
1349.941000	-7.061624	-7.069697	-7.038093	-7.030035	-7.038259	-7.048469	-7.025733	-7.052510	-7.036734	-7.044855	-7.048332	-7.039511	-7.031595	-7.031870	-15.003143	-7.051571
1356.531000	-7.061609	-7.069690	-7.038109	-7.030071	-7.038253	-7.048472	-7.025722	-7.052504	-7.036728	-7.044851	-7.048330	-7.039523	-7.031617	-7.031864	-15.003149	-7.051564
1363.135000	-7.061641	-7.069707	-7.038086	-7.030066	-7.038252	-7.048465	-7.025705	-7.052518	-7.036746	-7.044861	-7.048334	-7.039501	-7.031585	-7.031873	-15.003246	-7.051559
1369.705000	-7.061634	-7.069710	-7.038088	-7.030064	-7.038271	-7.048460	-7.025714	-7.052482	-7.036737	-7.044846	-7.048351	-7.039535	-7.031603	-7.031862	-15.003146	-7.051559
1376.285000	-7.061623	-7.069715	-7.038098	-7.030071	-7.038261	-7.048455	-7.025715	-7.052492	-7.036735	-7.044855	-7.048347	-7.039507	-7.031584	-7.031867	-15.003094	-7.051569
1382.861000	-7.061648	-7.069715	-7.038092	-7.030039	-7.038274	-7.048467	-7.025717	-7.052503	-7.036739	-7.044862	-7.048345	-7.039524	-7.031582	-7.031856	-15.002973	-7.051569
1389.456000	-7.061637	-7.069696	-7.038108	-7.030068	-7.038270	-7.048466	-7.025705	-7.052501	-7.036734	-7.044866	-7.048347	-7.039507	-7.031606	-7.031855	-15.002874	-7.051568
1396.045000	-7.061645	-7.069718	-7.038111	-7.030092	-7.038252	-7.048460	-7.025706	-7.052515	-7.036749	-7.044858	-7.048348	-7.039506	-7.031577	-7.031861	-15.002939	-7.051590
1402.628000	-7.061648	-7.069695	-7.038086	-7.030060	-7.038254	-7.048465	-7.025698	-7.052519	-7.036752	-7.044850	-7.048338	-7.039505	-7.031585	-7.031848	-15.002973	-7.051583
1409.236000	-7.061639	-7.069705	-7.038087	-7.030063	-7.038252	-7.048468	-7.025703	-7.052509	-7.036737	-7.044855	-7.048359	-7.039506	-7.031589	-7.031855	-15.002856	-7.051572
1415.811000	-7.061645	-7.069698	-7.038094	-7.030074	-7.038243	-7.048464	-7.025715	-7.052488	-7.036725	-7.044855	-7.048347	-7.039511	-7.031582	-7.031872	-15.002880	-7.051577
1422.382000	-7.061655	-7.069686	-7.038104	-7.030081	-7.038252	-7.048448	-7.025704	-7.052505	-7.036740	-7.044865	-7.048341	-7.039504	-7.031596	-7.031854	-15.003057	-7.051568
1428.973000	-7.061638	-7.069690	-7.038091	-7.030073	-7.038273	-7.048450	-7.025717	-7.052501	-7.036731	-7.044844	-7.048338	-7.039504	-7.031592	-7.031863	-15.003056	-7.051561
1435.571000	-7.061638	-7.069678	-7.038113	-7.030092	-7.038256	-7.048448	-7.025712	-7.052508	-7.036729	-7.044843	-7.048343	-7.039510	-7.031581	-7.031870	-15.003038	-7.051581
1442.135000	-7.061655	-7.069688	-7.038092	-7.030085	-7.038263	-7.048446	-7.025682	-7.052513	-7.036712	-7.044855	-7.048339	-7.039519	-7.031584	-7.031859	-15.003158	-7.051586
1448.709000	-7.061660	-7.069697	-7.038098	-7.030098	-7.038266	-7.048484	-7.025702	-7.052501	-7.036712	-7.044849	-7.048330	-7.039518	-7.031584	-7.031863	-15.002909	-7.051576
1455.302000	-7.061644	-7.069690	-7.038101	-7.030064	-7.038270	-7.048454	-7.025703	-7.052500	-7.036729	-7.044847	-7.048328	-7.039510	-7.031597	-7.031872	-15.002944	-7.051574
1461.876000	-7.061623	-7.069719	-7.038091	-7.030085	-7.038263	-7.048479	-7.025701	-7.052510	-7.036709	-7.044850	-7.048334	-7.039489	-7.031592	-7.031881	-15.003019	-7.051567
1468.464000	-7.061643	-7.069695	-7.038079	-7.030070	-7.038260	-7.048486	-7.025696	-7.052522	-7.036727	-7.044838	-7.048341	-7.039512	-7.031573	-7.031892	-15.002995	-7.051568
1475.053000	-7.061650	-7.069699	-7.038099	-7.030070	-7.038273	-7.048470	-7.025716	-7.052503	-7.036724	-7.044842	-7.048352	-7.039524	-7.031586	-7.031894	-15.002868	-7.051576
1481.633000	-7.061650	-7.069710	-7.038103	-7.030075	-7.038258	-7.048461	-7.025715	-7.052516	-7.036727	-7.044869	-7.048345	-7.039520	-7.031583	-7.031876	-15.003063	-7.051552
1488.234000	-7.061651	-7.069688	-7.038099	-7.030062	-7.038253	-7.048474	-7.025690	-7.052503	-7.036710	-7.044868	-7.048363	-7.039523	-7.031585	-7.031873	-15.003043	-7.051584
1494.814000	-7.061653	-7.069706	-7.038094	-7.030040	-7.038251	-7.048461	-7.025715	-7.052505	-7.036763	-7.044866	-7.048351	-7.039528	-7.031588	-7.031871	-15.003093	-7.051573
1501.388000	-7.061641	-7.069692	-7.038100	-7.030053	-7.038241	-7.048482	-7.025713	-7.052506	-7.036731	-7.044868	-7.048351	-7.039525	-7.031568	-7.031863	-15.003094	-7.051575
1507.968000	-7.061631	-7.069682	-7.038113	-7.030050	-7.038248	-7.048455	-7.025715	-7.052517	-7.036730	-7.044866	-7.048368	-7.039552	-7.031570	-7.031868	-15.003076	-7.051574
1514.563000	-7.061661	-7.069710	-7.038103	-7.030059	-7.038239	-7.048464	-7.025704	-7.052526	-7.036728	-7.044881	-7.048346	-7.039553	-7.031583	-7.031862	-15.003023	-7.051568
1521.150000	-7.061660	-7.069714	-7.038106	-7.030064	-7.038231	-7.048456	-7.025713	-7.052527	-7.036719	-7.044863	-7.048359	-7.039555	-7.031579	-7.031874	-15.002858	-7.051581
1527.752000	-7.061664	-7.069704	-7.038096	-7.030061	-7.038244	-7.048457	-7.025699	-7.052523	-7.036718	-7.044878	-7.048347	-7.039546	-7.031570	-7.031877	-15.003058	-7.051580
1534.326000	-7.061642	-7.069681	-7.038089	-7.030066	-7.038252	-7.048453	-7.025717	-7.052526	-7.036733	-7.044865	-7.048359	-7.039546	-7.031582	-7.031880	-15.003039	-7.051571
1540.904000	-7.061635	-7.069704	-7.038080	-7.030073	-7.038237	-7.048453	-7.025719	-7.052524	-7.036747	-7.044871	-7.048362	-7.039535	-7.031619	-7.031874	-15.003018	-7.051567
1547.501000	-7.061635	-7.069695	-7.038096	-7.030063	-7.038276	-7.048452	-7.025727	-7.052512	-7.036729	-7.044876	-7.048354	-7.039542	-7.031571	-7.031874	-15.003032	-7.051572
1554.074000	-7.061641	-7.069691	-7.038129	-7.030073	-7.038251	-7.048445	-7.025729	-7.052514	-7.036740	-7.044855	-7.048362	-7.039549	-7.031592	-7.031875	-15.002973	-7.051573
1560.669000	-7.061621	-7.069699	-7.038109	-7.030082	-7.038250	-7.048453	-7.025726	-7.052509	-7.036750	-7.044882	-7.048363	-7.039535	-7.031592	-7.031872	-15.002831	-7.051570
1567.253000	-7.061652	-7.069699	-7.038100	-7.030078	-7.038257	-7.048449	-7.025708	-7.052527	-7.036732	-7.044880	-7.048369	-7.039537	-7.031603	-7.031868	-15.003118	-7.051550
1573.833000	-7.061643	-7.069689	-7.038074	-7.030078	-7.038268	-7.048450	-7.025708	-7.052519	-7.036736	-7.044872	-7.048349	-7.039527	-7.031569	-7.031869	-15.003031	-7.051555
1580.443000	-7.061638	-7.069680	-7.038099	-7.030075	-7.038251	-7.048461	-7.025722	-7.052513	-7.036745	-7.044866	-7.048338	-7.039524	-7.031583	-7.031863	-15.003022	-7.051553
1587.018000	-7.061641	-7.069684	-7.038098	-7.030058	-7.038243	-7.048470	-7.025722	-7.052508	-7.036722	-7.044872	-7.048350	-7.039524	-7.031580	-7.031872	-15.003071	-7.051568
1593.601000	-7.061635	-7.069681	-7.038098	-7.030075	-7.038262	-7.048473	-7.025745	-7.052515	-7.036742	-7.044866	-7.048356	-7.039515	-7.031604	-7.031857	-15.003147	-7.051561
1600.174000	-7.061640	-7.069688	-7.038094	-7.030074	-7.038245	-7.048478	-7.025737	-7.052520	-7.036747	-7.044871	-7.048342	-7.039521	-7.031588	-7.031860	-15.003124	-7.051544
1606.762000	-7.061625	-7.069706	-7.038100	-7.030079	-7.038253	-7.048457	-7.025727	-7.052507	-7.036761	-7.044878	-7.048356	-7.039516	-7.031569	-7.031877	-15.002855	-7.051565
1613.343000	-7.061628	-7.069709	-7.038104	-7.030075	-7.038242	-7.048471	-7.025722	-7.052524	-7.036728	-7.044853	-7.048339	-7.039527	-7.031595	-7.031861	-15.003184	-7.051562
1619.919000	-7.061625	-7.069681	-7.038103	-7.030090	-7.038247	-7.048457	-7.025728	-7.052527	-7.036740	-7.044869	-7.048332	-7.039516	-7.031594	-7.031857	-15.003036	-7.051575
1626.491000	-7.061652	-7.069696	-7.038110	-7.030082	-7.038247	-7.048449	-7.025729	-7.052525	-7.036722	-7.044871	-7.048361	-7.039523	-7.031613	-7.031851	-15.002897	-7.051586
1633.082000	-7.061638	-7.069670	-7.038103	-7.030087	-7.038252	-7.048459	-7.025706	-7.052518	-7.036728	-7.044876	-7.048349	-7.039525	-7.031595	-7.031842	-15.002882	-7.051557
1639.655000	-7.061640	-7.069687	-7.038092	-7.030074	-7.038243	-7.048462	-7.025694	-7.052518	-7.036737	-7.044871	-7.048358	-7.039523	-7.031602	-7.031857	-15.002883	-7.051582
1646.228000	-7.061627	-7.069718	-7.038098	-7.030063	-7.038252	-7.048497	-7.025712	-7.052513	-7.036724	-7.044874	-7.048343	-7.039512	-7.031583	-7.031860	-15.002818	-7.051576
1652.821000	-7.061647	-7.069704	-7.038106	-7.030082	-7.038245	-7.048473	-7.025709	-7.052515	-7.036733	-7.044875	-7.048345	-7.039523	-7.031593	-7.031851	-15.002781	-7.051572
1659.395000	-7.061641	-7.069692	-7.038093	-7.030055	-7.038270	-7.048466	-7.025722	-7.052506	-7.036712	-7.044872	-7.048334	-7.039517	-7.031606	-7.031843	-15.002910	-7.051568
1665.969000	-7.061642	-7.069699	-7.038109	-7.030077	-7.038258	-7.048458	-7.025709	-7.052526	-7.036730	-7.044871	-7.048353	-7.039505	-7.031610	-7.031846	-15.002610	-7.051570
1672.576000	-7.061643	-7.069693	-7.038108	-7.030081	-7.038262	-7.048479	-7.025743	-7.052513	-7.036715	-7.044871	-7.048344	-7.039518	-7.031603	-7.031867	-15.002756	-7.051569
1679.170000	-7.061624	-7.069664	-7.038091	-7.030078	-7.038246	-7.048466	-7.025709	-7.052519	-7.036730	-7.044870	-7.048341	-7.039519	-7.031599	-7.031870	-15.002883	-7.051574
1685.756000	-7.061639	-7.069697	-7.038096	-7.030069	-7.038249	-7.048455	-7.025722	-7.052515	-7.036739	-7.044871	-7.048352	-7.039517	-7.031610	-7.031869	-15.002910	-7.051568
1692.341000	-7.061632	-7.069703	-7.038094	-7.030075	-7.038242	-7.048452	-7.025715	-7.052521	-7.036737	-7.044875	-7.048364	-7.039516	-7.031604	-7.031872	-15.003021	-7.051554
1698.921000	-7.061638	-7.069694	-7.038101	-7.030067	-7.038267	-7.048448	-7.025727	-7.052525	-7.036757	-7.044862	-7.048368	-7.039523	-7.031576	-7.031859	-15.002787	-7.051570
1705.513000	-7.061626	-7.069690	-7.038098	-7.030084	-7.038251	-7.048460	-7.025699	-7.052517	-7.036740	-7.044854	-7.048358	-7.039507	-7.031594	-7.031846	-15.002812	-7.051574
1712.090000	-7.061643	-7.069678	-7.038096	-7.030088	-7.038252	-7.048460	-7.025701	-7.052525	-7.036732	-7.044863	-7.048353	-7.039501	-7.031590	-7.031860	-15.003049	-7.051566
1718.690000	-7.061633	-7.069687	-7.038092	-7.030080	-7.038264	-7.048470	-7.025696	-7.052493	-7.036730	-7.044861	-7.048363	-7.039510	-7.031578	-7.031862	-15.002957	-7.051566
1725.266000	-7.061632	-7.069671	-7.038108	-7.030078	-7.038254	-7.048473	-7.025730	-7.052504	-7.036735	-7.044854	-7.048350	-7.039517	-7.031603	-7.031844	-15.002897	-7.051554
	-7.061608	-7.069686	-7.038102	-7.030089	-7.038258	-7.048463										
