4.974000	-2.224969	-2.136304	-2.194789	-7.232015	-2.255530	-14.980316	-2.172707	-7.202642	-7.235425	-2.156697	-7.246654	-2.159684	-7.168088	-2.163970	-14.994434	-2.223181
14.954000	-2.193874	-2.156097	-2.195171	-7.232012	-2.275869	-14.980111	-2.175162	-7.202652	-7.235436	-2.156461	-7.246653	-2.158380	-7.168058	-2.162796	-14.994381	-2.222807
24.949000	-2.184282	-2.147823	-2.194554	-7.232005	-2.248231	-14.980397	-2.170491	-7.202669	-7.235450	-2.135267	-7.246661	-2.129035	-7.167995	-2.131986	-14.994323	-2.211548
34.954000	-7.187839	-2.470318	-7.256864	-7.232586	-7.231294	-44.940431	-7.253245	-7.203132	-7.236160	-7.214675	-7.247377	-7.191990	-7.168328	-2.441785	-44.981897	-7.203008
44.984000	-7.187703	-7.229330	-7.256970	-7.232648	-7.231434	-44.940811	-7.253280	-7.203126	-7.236208	-7.214667	-7.247430	-7.191955	-7.168182	-7.193023	-44.981879	-7.202967
54.974000	-7.187658	-7.229378	-7.257035	-7.232652	-7.231490	-44.940745	-7.253373	-7.202598	-7.235563	-7.213975	-7.246695	-7.191297	-7.167607	-7.192298	-14.996186	-7.202334
64.974000	-7.187099	-7.228769	-7.256314	-7.232074	-7.230723	-14.982415	-7.252671	-7.202592	-7.235518	-7.214000	-7.246673	-7.191332	-7.167725	-7.192266	-14.996166	-7.202363
74.974000	-7.187147	-7.228750	-7.256312	-7.232015	-7.230687	-14.982425	-7.252618	-7.202616	-7.235488	-7.213995	-7.246660	-7.191361	-7.167810	-7.192294	-14.996207	-7.202383
84.964000	-7.187141	-7.228736	-7.256285	-7.231987	-7.230679	-14.982281	-7.252611	-7.202579	-7.235448	-7.213934	-7.246648	-7.191349	-7.167799	-7.192311	-14.996176	-7.202370
94.954000	-7.187176	-7.228725	-7.256284	-7.232011	-7.230637	-14.982066	-7.252603	-7.202616	-7.235463	-7.214022	-7.246684	-7.191351	-7.167772	-7.192306	-14.996198	-7.202365
104.974000	-7.187185	-7.228722	-7.256263	-7.232020	-7.230642	-14.982143	-7.252587	-7.202637	-7.235456	-7.214004	-7.246657	-7.191374	-7.167822	-7.192351	-14.996021	-7.202414
114.994000	-2.356845	-7.228718	-7.256250	-7.232016	-7.230654	-14.982144	-7.252611	-7.202610	-7.235473	-7.214038	-7.246636	-7.191356	-7.167814	-7.192359	-14.995983	-7.202401
125.004000	-2.362953	-7.228738	-7.256279	-7.231998	-7.230628	-14.982070	-7.252581	-7.202638	-7.235446	-7.214019	-7.246660	-7.191369	-7.167802	-7.192324	-14.995978	-7.202413
135.004000	-2.365715	-7.228694	-7.256238	-7.231994	-7.230657	-14.982097	-7.252622	-7.202658	-7.235420	-7.214033	-7.246662	-7.191361	-7.167803	-7.192318	-14.996011	-7.202427
145.014000	-2.376263	-7.228719	-7.256270	-7.231996	-7.230653	-14.982076	-7.252599	-7.202620	-7.235459	-7.214033	-7.246658	-7.191369	-7.167813	-7.192303	-14.996070	-7.202384
154.984000	-2.384005	-7.228720	-7.256260	-7.232016	-7.230623	-14.982004	-7.252578	-7.202634	-7.235442	-7.214023	-7.246666	-7.191388	-7.167806	-7.192322	-14.995974	-7.202364
164.974000	-2.388947	-7.228694	-7.256230	-7.231985	-7.230632	-14.982036	-7.252557	-7.202624	-7.235468	-7.214028	-7.246642	-7.191381	-7.167809	-7.192324	-14.995998	-7.202421
174.964000	-2.389899	-7.228697	-7.256241	-7.231971	-7.230640	-14.981990	-7.252555	-7.202602	-7.235452	-7.213986	-7.246664	-7.191375	-7.167824	-7.192323	-14.995965	-7.202370
184.984000	-2.388234	-7.228691	-7.256217	-7.232004	-7.230679	-14.982024	-7.252575	-7.202608	-7.235446	-7.214027	-7.246678	-7.191383	-7.167811	-7.192350	-14.996005	-7.202391
194.994000	-2.386093	-7.228710	-7.256251	-7.231996	-7.230614	-14.981996	-7.252545	-7.202608	-7.235401	-7.214044	-7.246684	-7.191353	-7.167852	-7.192337	-14.996004	-7.202392
204.974000	-2.385897	-7.228719	-7.256214	-7.231963	-7.230664	-14.982058	-7.252555	-7.202613	-7.235407	-7.214065	-7.246668	-7.191395	-7.167859	-7.192335	-14.996015	-7.202407
214.992000	-2.390530	-7.228727	-7.256204	-7.231964	-7.230610	-14.982003	-7.252568	-7.202573	-7.235442	-7.214028	-7.246650	-7.191359	-7.167844	-7.192321	-14.996042	-7.202400
224.984000	-2.384890	-7.228709	-7.256223	-7.231949	-7.230643	-14.981999	-7.252520	-7.202598	-7.235431	-7.214040	-7.246651	-7.191397	-7.167837	-7.192339	-14.995997	-7.202409
234.984000	-2.390333	-7.228717	-7.256214	-7.231959	-7.230626	-14.982079	-7.252508	-7.202591	-7.235424	-7.214044	-7.246670	-7.191386	-7.167867	-7.192296	-14.995971	-7.202421
244.994000	-2.383165	-7.228716	-7.256199	-7.231959	-7.230601	-14.982005	-7.252547	-7.202553	-7.235443	-7.214030	-7.246656	-7.191410	-7.167860	-7.192347	-14.995972	-7.202377
254.974000	-2.390775	-7.228690	-7.256249	-7.231948	-7.230654	-14.981992	-7.252504	-7.202604	-7.235370	-7.214040	-7.246650	-7.191391	-7.167877	-7.192306	-14.996020	-7.202403
264.954000	-2.393244	-7.228700	-7.256245	-7.231995	-7.230627	-14.981965	-7.252543	-7.202630	-7.235401	-7.214023	-7.246652	-7.191385	-7.167890	-7.192324	-14.996001	-7.202405
274.964000	-2.401326	-7.228682	-7.256235	-7.231974	-7.230595	-14.981956	-7.252527	-7.202594	-7.235382	-7.214028	-7.246629	-7.191394	-7.167894	-7.192323	-14.995990	-7.202388
284.954000	-2.392682	-7.228717	-7.256192	-7.231960	-7.230597	-14.981976	-7.252506	-7.202602	-7.235416	-7.214005	-7.246658	-7.191377	-7.167905	-7.192343	-14.995955	-7.202369
294.974000	-2.388854	-7.228667	-7.256240	-7.231988	-7.230619	-14.982039	-7.252535	-7.202598	-7.235406	-7.214028	-7.246635	-7.191379	-7.167873	-7.192298	-14.996013	-7.202406
304.997000	-2.389039	-7.228689	-7.256236	-7.231999	-7.230628	-14.981982	-7.252530	-7.202613	-7.235416	-7.213975	-7.246635	-7.191398	-7.167893	-7.192354	-14.996019	-7.202377
315.024000	-2.419142	-7.228716	-7.256225	-7.231995	-7.230614	-14.981772	-7.252544	-7.202596	-7.235432	-7.213979	-7.246639	-7.191363	-7.167888	-7.192324	-14.996027	-7.202394
325.024000	-2.426157	-7.228695	-7.256247	-7.231956	-7.230602	-14.981830	-7.252526	-7.202622	-7.235394	-7.213952	-7.246637	-7.191413	-7.167898	-7.192342	-14.995980	-7.202376
335.034000	-2.422128	-7.228709	-7.256228	-7.231991	-7.230609	-14.981691	-7.252535	-7.202617	-7.235392	-7.213989	-7.246654	-7.191381	-7.167921	-7.192295	-14.996024	-7.202389
345.044000	-2.439018	-7.228690	-7.256231	-7.231968	-7.230579	-14.981678	-7.252529	-7.202651	-7.235365	-7.214001	-7.246624	-7.191390	-7.167935	-7.192338	-14.995966	-7.202399
355.045000	-2.435736	-7.228669	-7.256211	-7.231943	-7.230584	-14.981730	-7.252520	-7.202644	-7.235388	-7.214004	-7.246655	-7.191407	-7.167913	-7.192315	-14.995973	-7.202392
365.034000	-2.434647	-7.228686	-7.256208	-7.231937	-7.230613	-14.981685	-7.252531	-7.202635	-7.235353	-7.214000	-7.246649	-7.191396	-7.167909	-7.192333	-14.996004	-7.202375
375.014000	-2.432424	-7.228667	-7.256242	-7.231955	-7.230613	-14.981697	-7.252517	-7.202655	-7.235364	-7.214009	-7.246640	-7.191384	-7.167928	-7.192331	-14.995999	-7.202401
385.034000	-2.432420	-7.228676	-7.256214	-7.231963	-7.230563	-14.981680	-7.252503	-7.202602	-7.235364	-7.213997	-7.246617	-7.191385	-7.167921	-7.192355	-14.996020	-7.202378
395.054000	-2.434891	-7.228687	-7.256234	-7.231954	-7.230585	-14.981693	-7.252474	-7.202618	-7.235358	-7.213986	-7.246630	-7.191410	-7.167950	-7.192339	-14.995986	-7.202377
405.055000	-2.437405	-7.228701	-7.256213	-7.231933	-7.230589	-14.981646	-7.252483	-7.202626	-7.235368	-7.213958	-7.246606	-7.191399	-7.167949	-7.192332	-14.996012	-7.202391
415.084000	-2.435182	-7.228642	-7.256199	-7.231962	-7.230601	-14.981698	-7.252499	-7.202616	-7.235350	-7.213978	-7.246630	-7.191416	-7.167924	-7.192325	-14.996051	-7.202408
425.094000	-2.433719	-7.228656	-7.256242	-7.231953	-7.230606	-14.981654	-7.252504	-7.202648	-7.235362	-7.214009	-7.246647	-7.191416	-7.167960	-7.192344	-14.996030	-7.202398
435.094000	-2.433438	-7.228688	-7.256224	-7.231949	-7.230593	-14.981688	-7.252486	-7.202628	-7.235341	-7.213988	-7.246638	-7.191402	-7.167982	-7.192352	-14.996014	-7.202401
445.114000	-2.433213	-7.228654	-7.256215	-7.231952	-7.230609	-14.981716	-7.252487	-7.202659	-7.235367	-7.213967	-7.246622	-7.191396	-7.167949	-7.192383	-14.996009	-7.202416
455.134000	-2.435449	-7.228666	-7.256191	-7.231940	-7.230596	-14.981659	-7.252505	-7.202621	-7.235361	-7.213976	-7.246609	-7.191393	-7.167975	-7.192353	-14.996007	-7.202401
465.127000	-2.433765	-7.228677	-7.256228	-7.231945	-7.230580	-14.981671	-7.252491	-7.202623	-7.235364	-7.213994	-7.246615	-7.191371	-7.167968	-7.192346	-14.996025	-7.202407
475.114000	-2.434852	-7.228673	-7.256188	-7.231962	-7.230546	-14.981769	-7.252485	-7.202614	-7.235359	-7.213995	-7.246631	-7.191361	-7.167959	-7.192363	-14.996022	-7.202419
485.154000	-2.433429	-7.228677	-7.256230	-7.231939	-7.230568	-14.981737	-7.252473	-7.202647	-7.235343	-7.213964	-7.246622	-7.191379	-7.167957	-7.192339	-14.996000	-7.202424
495.144000	-2.436789	-7.228686	-7.256233	-7.231931	-7.230561	-14.981672	-7.252490	-7.202626	-7.235357	-7.213961	-7.246660	-7.191406	-7.167963	-7.192352	-14.996056	-7.202435
505.134000	-2.436656	-7.228656	-7.256216	-7.231918	-7.230555	-14.981705	-7.252493	-7.202656	-7.235346	-7.213956	-7.246641	-7.191398	-7.167993	-7.192349	-14.996033	-7.202422
515.177000	-2.434804	-7.228671	-7.256179	-7.231936	-7.230532	-14.981716	-7.252497	-7.202627	-7.235336	-7.213944	-7.246641	-7.191425	-7.167959	-7.192350	-14.995994	-7.202420
525.207000	-2.436219	-7.228666	-7.256183	-7.231942	-7.230546	-14.981738	-7.252519	-7.202643	-7.235347	-7.213958	-7.246604	-7.191381	-7.167952	-7.192306	-14.995989	-7.202404
535.194000	-2.437014	-7.228650	-7.256209	-7.231913	-7.230565	-14.981712	-7.252508	-7.202651	-7.235350	-7.213982	-7.246620	-7.191379	-7.167972	-7.192360	-14.996007	-7.202428
545.185000	-2.439481	-7.228673	-7.256173	-7.231948	-7.230579	-14.981690	-7.252521	-7.202636	-7.235327	-7.213983	-7.246638	-7.191413	-7.167973	-7.192338	-14.996003	-7.202372
555.204000	-2.438011	-7.228692	-7.256204	-7.231965	-7.230551	-14.981727	-7.252497	-7.202628	-7.235339	-7.213952	-7.246609	-7.191407	-7.167983	-7.192351	-14.995976	-7.202392
565.210000	-2.441416	-7.228649	-7.256185	-7.231944	-7.230579	-14.981649	-7.252504	-7.202612	-7.235315	-7.213989	-7.246605	-7.191389	-7.167976	-7.192334	-14.996015	-7.202394
575.208000	-2.443441	-7.228653	-7.256162	-7.231931	-7.230580	-14.981658	-7.252467	-7.202612	-7.235308	-7.213979	-7.246600	-7.191418	-7.168029	-7.192360	-14.996010	-7.202423
585.214000	-2.441879	-7.228662	-7.256155	-7.231961	-7.230641	-14.981686	-7.252457	-7.202598	-7.235350	-7.213976	-7.246643	-7.191413	-7.167998	-7.192346	-14.996008	-7.202431
595.254000	-2.438637	-7.228633	-7.256195	-7.231915	-7.230576	-14.981745	-7.252486	-7.202638	-7.235347	-7.213956	-7.246628	-7.191393	-7.168019	-7.192352	-14.996012	-7.202396
605.245000	-2.436885	-7.228678	-7.256179	-7.231962	-7.230594	-14.981710	-7.252474	-7.202605	-7.235337	-7.213946	-7.246656	-7.191398	-7.168010	-7.192344	-14.996016	-7.202418
615.214000	-2.434162	-7.228663	-7.256184	-7.231918	-7.230626	-14.981732	-7.252484	-7.202648	-7.235334	-7.213956	-7.246642	-7.191384	-7.168016	-7.192358	-14.996015	-7.202408
625.234000	-2.432225	-7.228650	-7.256189	-7.231955	-7.230578	-14.981772	-7.252510	-7.202618	-7.235372	-7.213966	-7.246616	-7.191404	-7.168058	-7.192344	-14.996013	-7.202428
635.214000	-2.430517	-7.228649	-7.256201	-7.231922	-7.230610	-14.981754	-7.252486	-7.202610	-7.235315	-7.213960	-7.246632	-7.191409	-7.168055	-7.192352	-14.996024	-7.202418
645.215000	-2.427684	-7.228677	-7.256180	-7.231925	-7.230610	-14.981752	-7.252443	-7.202611	-7.235335	-7.213951	-7.246620	-7.191404	-7.168053	-7.192343	-14.995991	-7.202406
655.204000	-2.428986	-7.228650	-7.256191	-7.231930	-7.230553	-14.981785	-7.252482	-7.202625	-7.235309	-7.213934	-7.246641	-7.191416	-7.168046	-7.192367	-14.996025	-7.202375
665.184000	-2.433125	-7.228658	-7.256215	-7.231961	-7.230602	-14.981747	-7.252467	-7.202664	-7.235335	-7.213959	-7.246632	-7.191380	-7.168032	-7.192368	-14.995968	-7.202430
675.194000	-2.433899	-7.228656	-7.256191	-7.231940	-7.230596	-14.981680	-7.252466	-7.202621	-7.235338	-7.213970	-7.246627	-7.191382	-7.168020	-7.192395	-14.995980	-7.202390
685.184000	-2.437884	-7.228662	-7.256195	-7.231927	-7.230600	-14.981760	-7.252463	-7.202608	-7.235333	-7.213964	-7.246616	-7.191376	-7.168024	-7.192358	-14.995970	-7.202380
695.166000	-2.439635	-7.228672	-7.256188	-7.231914	-7.230570	-14.981723	-7.252455	-7.202606	-7.235318	-7.213966	-7.246625	-7.191404	-7.168046	-7.192360	-14.996017	-7.202423
705.154000	-2.440992	-7.228638	-7.256165	-7.231939	-7.230590	-14.981704	-7.252434	-7.202607	-7.235303	-7.213960	-7.246629	-7.191375	-7.168032	-7.192369	-14.996017	-7.202388
715.154000	-2.439964	-7.228643	-7.256200	-7.231922	-7.230555	-14.981711	-7.252479	-7.202629	-7.235310	-7.213940	-7.246621	-7.191387	-7.168068	-7.192341	-14.996015	-7.202378
725.154000	-2.439758	-7.228648	-7.256183	-7.231927	-7.230542	-14.981665	-7.252439	-7.202589	-7.235310	-7.213961	-7.246608	-7.191386	-7.168056	-7.192324	-14.996036	-7.202398
735.174000	-2.437092	-7.228625	-7.256177	-7.231899	-7.230554	-14.981694	-7.252434	-7.202615	-7.235312	-7.213974	-7.246624	-7.191408	-7.168055	-7.192350	-14.996021	-7.202367
745.154000	-2.437355	-7.228659	-7.256176	-7.231920	-7.230571	-14.981694	-7.252460	-7.202576	-7.235323	-7.213954	-7.246619	-7.191366	-7.168073	-7.192381	-14.995980	-7.202422
755.175000	-2.436089	-7.228663	-7.256203	-7.231909	-7.230525	-14.981712	-7.252469	-7.202624	-7.235354	-7.213978	-7.246577	-7.191385	-7.168082	-7.192358	-14.995975	-7.202377
765.194000	-2.435993	-7.228675	-7.256205	-7.231938	-7.230562	-14.981757	-7.252463	-7.202633	-7.235339	-7.213962	-7.246596	-7.191392	-7.168048	-7.192353	-14.995992	-7.202397
775.214000	-2.436766	-7.228690	-7.256228	-7.231907	-7.230532	-14.981919	-7.252493	-7.202651	-7.235311	-7.213972	-7.246620	-7.191316	-7.168022	-7.192310	-14.996178	-7.202390
785.195000	-7.187208	-7.228649	-7.256217	-7.231916	-7.230527	-14.981773	-7.252468	-7.202652	-7.235314	-7.213947	-7.246633	-7.191351	-7.168093	-7.192349	-14.995964	-7.202421
795.234000	-2.437247	-7.228651	-7.256179	-7.231922	-7.230544	-14.981715	-7.252460	-7.202650	-7.235350	-7.213987	-7.246622	-7.191340	-7.168090	-7.192369	-14.996003	-7.202386
805.264000	-2.439408	-7.228667	-7.256195	-7.231912	-7.230549	-14.981642	-7.252477	-7.202642	-7.235292	-7.213988	-7.246620	-7.191344	-7.168075	-7.192351	-14.995983	-7.202387
815.284000	-2.442922	-7.228699	-7.256201	-7.231894	-7.230545	-14.981671	-7.252494	-7.202641	-7.235317	-7.214022	-7.246617	-7.191371	-7.168083	-7.192373	-14.995963	-7.202406
825.264000	-2.444734	-7.228655	-7.256178	-7.231908	-7.230524	-14.981677	-7.252462	-7.202658	-7.235352	-7.213981	-7.246634	-7.191363	-7.168049	-7.192352	-14.996000	-7.202390
835.245000	-2.442824	-7.228672	-7.256176	-7.231898	-7.230555	-14.981691	-7.252445	-7.202641	-7.235297	-7.213978	-7.246594	-7.191388	-7.168039	-7.192360	-14.995996	-7.202398
845.234000	-2.442286	-7.228668	-7.256170	-7.231926	-7.230539	-14.981705	-7.252470	-7.202656	-7.235313	-7.213987	-7.246613	-7.191379	-7.168048	-7.192385	-14.996000	-7.202427
855.244000	-2.442810	-7.228664	-7.256165	-7.231923	-7.230540	-14.981694	-7.252463	-7.202616	-7.235283	-7.213971	-7.246610	-7.191419	-7.168047	-7.192375	-14.995984	-7.202398
865.222000	-2.441955	-7.228646	-7.256169	-7.231901	-7.230528	-14.981678	-7.252443	-7.202636	-7.235297	-7.213979	-7.246608	-7.191384	-7.168029	-7.192361	-14.996052	-7.202399
875.229000	-2.442297	-7.228665	-7.256169	-7.231895	-7.230524	-14.981670	-7.252439	-7.202629	-7.235295	-7.214016	-7.246593	-7.191421	-7.168026	-7.192348	-14.995963	-7.202372
885.234000	-2.445344	-7.228693	-7.256193	-7.231924	-7.230526	-14.981743	-7.252442	-7.202607	-7.235331	-7.214023	-7.246578	-7.191380	-7.168066	-7.192343	-14.996004	-7.202396
895.214000	-2.442017	-7.228677	-7.256178	-7.231898	-7.230503	-14.981708	-7.252443	-7.202570	-7.235304	-7.213979	-7.246570	-7.191366	-7.168065	-7.192349	-14.995987	-7.202436
905.204000	-2.440202	-7.228649	-7.256182	-7.231897	-7.230571	-14.981666	-7.252439	-7.202646	-7.235325	-7.213957	-7.246600	-7.191369	-7.168067	-7.192319	-14.996054	-7.202394
915.184000	-2.444288	-7.228664	-7.256154	-7.231897	-7.230508	-14.981653	-7.252455	-7.202636	-7.235326	-7.214005	-7.246602	-7.191383	-7.168054	-7.192337	-14.996051	-7.202393
925.154000	-2.448143	-7.228689	-7.256196	-7.231905	-7.230517	-14.981656	-7.252465	-7.202626	-7.235303	-7.213954	-7.246602	-7.191386	-7.168088	-7.192295	-14.995990	-7.202406
935.144000	-2.451800	-7.228662	-7.256156	-7.231883	-7.230509	-14.981668	-7.252437	-7.202628	-7.235300	-7.213977	-7.246605	-7.191360	-7.168063	-7.192315	-14.996054	-7.202393
945.125000	-2.448745	-7.228667	-7.256158	-7.231906	-7.230510	-14.981627	-7.252442	-7.202618	-7.235276	-7.214012	-7.246623	-7.191400	-7.168027	-7.192335	-14.996014	-7.202404
955.154000	-2.446118	-7.228663	-7.256156	-7.231909	-7.230515	-14.981643	-7.252439	-7.202583	-7.235281	-7.213964	-7.246579	-7.191382	-7.168051	-7.192349	-14.996027	-7.202419
965.134000	-7.187240	-7.228684	-7.256149	-7.231923	-7.230494	-14.981871	-7.252416	-7.202594	-7.235296	-7.213989	-7.246569	-7.191364	-7.168026	-7.192283	-14.996227	-7.202373
975.094000	-7.187224	-7.228654	-7.256183	-7.231916	-7.230469	-14.981875	-7.252448	-7.202588	-7.235276	-7.213977	-7.246570	-7.191331	-7.168048	-7.192305	-14.996195	-7.202374
985.064000	-7.187243	-7.228708	-7.256188	-7.231930	-7.230531	-14.981854	-7.252448	-7.202573	-7.235273	-7.213997	-7.246577	-7.191353	-7.168014	-7.192314	-14.996219	-7.202373
995.044000	-7.187302	-7.228660	-7.256160	-7.231901	-7.230508	-14.981860	-7.252419	-7.202608	-7.235301	-7.213951	-7.246595	-7.191350	-7.168036	-7.192286	-14.996191	-7.202388
1005.014000	-7.187204	-7.228640	-7.256192	-7.231885	-7.230497	-14.981816	-7.252405	-7.202571	-7.235297	-7.213989	-7.246577	-7.191347	-7.168031	-7.192311	-14.996220	-7.202388
1014.974000	-7.187241	-7.228673	-7.256184	-7.231891	-7.230509	-14.981836	-7.252433	-7.202610	-7.235265	-7.213944	-7.246579	-7.191342	-7.168066	-7.192296	-14.996250	-7.202388
1024.954000	-7.187217	-7.228675	-7.256169	-7.231889	-7.230483	-14.981830	-7.252431	-7.202571	-7.235289	-7.213944	-7.246581	-7.191346	-7.168062	-7.192276	-14.996218	-7.202408
1034.924000	-7.187225	-7.228647	-7.256188	-7.231884	-7.230478	-14.981839	-7.252445	-7.202589	-7.235303	-7.213953	-7.246588	-7.191342	-7.168051	-7.192306	-14.996194	-7.202400
1044.904000	-7.187236	-7.228642	-7.256198	-7.231899	-7.230478	-14.981858	-7.252438	-7.202595	-7.235310	-7.213940	-7.246614	-7.191352	-7.168073	-7.192303	-14.996211	-7.202417
1054.894000	-7.187211	-7.228654	-7.256162	-7.231905	-7.230510	-14.981830	-7.252439	-7.202582	-7.235285	-7.213953	-7.246576	-7.191360	-7.168051	-7.192295	-14.996166	-7.202444
1064.864000	-7.187192	-7.228667	-7.256141	-7.231881	-7.230455	-14.981898	-7.252478	-7.202619	-7.235286	-7.213946	-7.246576	-7.191341	-7.168062	-7.192298	-14.996179	-7.202405
1074.834000	-7.187196	-7.228619	-7.256191	-7.231896	-7.230467	-14.981898	-7.252442	-7.202601	-7.235269	-7.213972	-7.246579	-7.191368	-7.168072	-7.192300	-14.996168	-7.202408
1084.814000	-7.187183	-7.228638	-7.256205	-7.231907	-7.230505	-14.981847	-7.252473	-7.202555	-7.235266	-7.213952	-7.246567	-7.191345	-7.168085	-7.192317	-14.996173	-7.202415
1094.774000	-7.187209	-7.228660	-7.256183	-7.231889	-7.230476	-14.981858	-7.252485	-7.202570	-7.235273	-7.213956	-7.246569	-7.191376	-7.168054	-7.192309	-14.996196	-7.202389
1104.757000	-7.187157	-7.228650	-7.256171	-7.231884	-7.230437	-14.981787	-7.252464	-7.202562	-7.235298	-7.213963	-7.246563	-7.191336	-7.168075	-7.192320	-14.996043	-7.202395
1114.729000	-2.446290	-7.228670	-7.256185	-7.231910	-7.230505	-14.981633	-7.252468	-7.202583	-7.235257	-7.213986	-7.246580	-7.191361	-7.168115	-7.192333	-14.996010	-7.202414
1124.736000	-2.448866	-7.228656	-7.256173	-7.231876	-7.230496	-14.981596	-7.252456	-7.202587	-7.235292	-7.213994	-7.246586	-7.191384	-7.168142	-7.192345	-14.996029	-7.202382
1134.724000	-7.187179	-7.228629	-7.256174	-7.231853	-7.230474	-14.981803	-7.252457	-7.202581	-7.235308	-7.213983	-7.246582	-7.191359	-7.168068	-7.192312	-14.996217	-7.202400
1144.694000	-7.187160	-7.228626	-7.256190	-7.231881	-7.230483	-14.981605	-7.252430	-7.202565	-7.235262	-7.214012	-7.246615	-7.191379	-7.168140	-7.192348	-14.996037	-7.202395
1154.655000	-2.452157	-7.228640	-7.256186	-7.231869	-7.230483	-14.981517	-7.252444	-7.202597	-7.235301	-7.213997	-7.246552	-7.191416	-7.168133	-7.192357	-14.995994	-7.202379
1164.648000	-2.455412	-7.228667	-7.256184	-7.231873	-7.230515	-14.981567	-7.252424	-7.202617	-7.235283	-7.213955	-7.246574	-7.191391	-7.168146	-7.192338	-14.996004	-7.202408
1174.614000	-2.454386	-7.228672	-7.256174	-7.231902	-7.230478	-14.981546	-7.252427	-7.202603	-7.235265	-7.213979	-7.246580	-7.191378	-7.168129	-7.192363	-14.996066	-7.202342
1184.594000	-2.454247	-7.228657	-7.256154	-7.231862	-7.230497	-14.981543	-7.252449	-7.202594	-7.235278	-7.213992	-7.246554	-7.191388	-7.168102	-7.192362	-14.996006	-7.202389
1194.564000	-2.453389	-7.228651	-7.256157	-7.231874	-7.230518	-14.981648	-7.252445	-7.202623	-7.235282	-7.213966	-7.246612	-7.191412	-7.168141	-7.192381	-14.995997	-7.202379
1204.559000	-2.454123	-7.228672	-7.256164	-7.231885	-7.230505	-14.981604	-7.252472	-7.202594	-7.235274	-7.213983	-7.246581	-7.191376	-7.168124	-7.192342	-14.995957	-7.202395
1214.534000	-7.187181	-7.228660	-7.256177	-7.231879	-7.230457	-14.981788	-7.252471	-7.202600	-7.235301	-7.213962	-7.246576	-7.191380	-7.168075	-7.192309	-14.996211	-7.202379
1224.515000	-7.187159	-7.228641	-7.256169	-7.231880	-7.230489	-14.981754	-7.252472	-7.202587	-7.235284	-7.213983	-7.246589	-7.191381	-7.168082	-7.192310	-14.996197	-7.202433
1234.484000	-7.187170	-7.228669	-7.256182	-7.231869	-7.230445	-14.981729	-7.252445	-7.202541	-7.235279	-7.213935	-7.246569	-7.191357	-7.168070	-7.192297	-14.996197	-7.202389
1244.474000	-7.187186	-7.228703	-7.256179	-7.231861	-7.230495	-14.981774	-7.252442	-7.202563	-7.235277	-7.213962	-7.246571	-7.191357	-7.168078	-7.192308	-14.996172	-7.202390
1254.454000	-7.187186	-7.228664	-7.256172	-7.231892	-7.230470	-14.981513	-7.252452	-7.202593	-7.235278	-7.213997	-7.246558	-7.191382	-7.168113	-7.192375	-14.996023	-7.202407
1264.424000	-2.455439	-7.228691	-7.256171	-7.231880	-7.230505	-14.981494	-7.252427	-7.202596	-7.235304	-7.213981	-7.246581	-7.191378	-7.168143	-7.192335	-14.996014	-7.202442
1274.394000	-2.457909	-7.228671	-7.256175	-7.231914	-7.230486	-14.981525	-7.252452	-7.202590	-7.235294	-7.213997	-7.246559	-7.191397	-7.168156	-7.192385	-14.996035	-7.202421
1284.380000	-2.443989	-7.228673	-7.256170	-7.231889	-7.230520	-14.981683	-7.252457	-7.202608	-7.235252	-7.213977	-7.246591	-7.191363	-7.168155	-7.192333	-14.996011	-7.202417
1294.345000	-2.442871	-7.228660	-7.256181	-7.231863	-7.230521	-14.981659	-7.252473	-7.202585	-7.235281	-7.213981	-7.246569	-7.191401	-7.168149	-7.192304	-14.995978	-7.202426
1304.314000	-2.446805	-7.228694	-7.256178	-7.231889	-7.230488	-14.981684	-7.252440	-7.202611	-7.235251	-7.214000	-7.246586	-7.191394	-7.168181	-7.192331	-14.996010	-7.202405
1314.305000	-2.429658	-7.228680	-7.256169	-7.231894	-7.230494	-14.981736	-7.252400	-7.202588	-7.235268	-7.213971	-7.246568	-7.191396	-7.168155	-7.192331	-14.996022	-7.202396
1324.264000	-7.186711	-7.228914	-7.257577	-7.232693	-7.232920	-14.981871	-7.254046	-7.202099	-7.237195	-7.214312	-7.248449	-7.190328	-7.164823	-7.193514	-14.996202	-7.202197
1334.254000	-7.187221	-7.230277	-7.259166	-7.233776	-7.234104	-14.981888	-7.255116	-7.203071	-7.238617	-7.214998	-7.248937	-7.191539	-7.165359	-7.193606	-14.996181	-7.202547
1344.244000	-7.187355	-7.230443	-7.259368	-7.233875	-7.234152	-14.981910	-7.255238	-7.203268	-7.238728	-7.215099	-7.248968	-7.191578	-7.165356	-7.193656	-14.996179	-7.202510
1354.235000	-7.187348	-7.230503	-7.259411	-7.233919	-7.234160	-14.981884	-7.255285	-7.203326	-7.238747	-7.215106	-7.248972	-7.191608	-7.165374	-7.193641	-14.996207	-7.202570
1364.264000	-7.187367	-7.230539	-7.259467	-7.234007	-7.234237	-14.981811	-7.255304	-7.203324	-7.238805	-7.215105	-7.249020	-7.191556	-7.165462	-7.193669	-14.996195	-7.202578
1374.264000	-7.187423	-7.230580	-7.259489	-7.234013	-7.234242	-14.981827	-7.255490	-7.203348	-7.238756	-7.215135	-7.248990	-7.191601	-7.165445	-7.193658	-14.996245	-7.202621
1384.244000	-7.187390	-7.230570	-7.259497	-7.234034	-7.234267	-14.981828	-7.255381	-7.203393	-7.238792	-7.215191	-7.249056	-7.191605	-7.165496	-7.193678	-14.996249	-7.202621
1394.232000	-7.187408	-7.230575	-7.259514	-7.234006	-7.234246	-14.981884	-7.255308	-7.203329	-7.238818	-7.215160	-7.248976	-7.191660	-7.165433	-7.193652	-14.996198	-7.202598
1404.244000	-7.187420	-7.230577	-7.259510	-7.234034	-7.234280	-14.981850	-7.255318	-7.203408	-7.238811	-7.215178	-7.249025	-7.191639	-7.165479	-7.193671	-14.996164	-7.202599
1414.234000	-7.187422	-7.230572	-7.259537	-7.234029	-7.234256	-14.981815	-7.255360	-7.203412	-7.238837	-7.215177	-7.249018	-7.191645	-7.165540	-7.193667	-14.996155	-7.202610
1424.224000	-7.187385	-7.230593	-7.259521	-7.234044	-7.234281	-14.981866	-7.255294	-7.203425	-7.238795	-7.215175	-7.249005	-7.191626	-7.165460	-7.193654	-14.996226	-7.202604
1434.224000	-7.187440	-7.230632	-7.259509	-7.233986	-7.234252	-14.981766	-7.255504	-7.203390	-7.238798	-7.215195	-7.249075	-7.191601	-7.165499	-7.193633	-14.996198	-7.202617
1444.235000	-7.187416	-7.230531	-7.259467	-7.233986	-7.234256	-14.981782	-7.255332	-7.203377	-7.238813	-7.215183	-7.248990	-7.191624	-7.165403	-7.193631	-14.996154	-7.202618
1454.214000	-7.187420	-7.230572	-7.259481	-7.233974	-7.234229	-14.981800	-7.255311	-7.203417	-7.238840	-7.215181	-7.249038	-7.191603	-7.165462	-7.193680	-14.996191	-7.202637
1464.240000	-7.187363	-7.230598	-7.259540	-7.234012	-7.234225	-14.981798	-7.255337	-7.203476	-7.238829	-7.215199	-7.249004	-7.191643	-7.165440	-7.193637	-14.996157	-7.202645
1474.244000	-7.187437	-7.230629	-7.259538	-7.234025	-7.234216	-14.981800	-7.255471	-7.203397	-7.238795	-7.215196	-7.249017	-7.191634	-7.165466	-7.193676	-14.996183	-7.202610
1484.236000	-7.187396	-7.230618	-7.259527	-7.234079	-7.234268	-14.981873	-7.255464	-7.203377	-7.238819	-7.215164	-7.249076	-7.191605	-7.165482	-7.193686	-14.996164	-7.202631
1494.204000	-7.187390	-7.230583	-7.259543	-7.234007	-7.234236	-14.981805	-7.255419	-7.203445	-7.238850	-7.215245	-7.249026	-7.191596	-7.165489	-7.193679	-14.996229	-7.202633
1504.204000	-7.187388	-7.230663	-7.259544	-7.234020	-7.234276	-14.981841	-7.255495	-7.203486	-7.238825	-7.215227	-7.249032	-7.191591	-7.165487	-7.193687	-14.996179	-7.202624
1514.224000	-7.187392	-7.230691	-7.259523	-7.234014	-7.234240	-14.981828	-7.255285	-7.203443	-7.238816	-7.215219	-7.248997	-7.191620	-7.165448	-7.193651	-14.996192	-7.202689
1524.254000	-7.187394	-7.230622	-7.259530	-7.234032	-7.234255	-14.981831	-7.255383	-7.203436	-7.238795	-7.215220	-7.249048	-7.191628	-7.165534	-7.193666	-14.996215	-7.202649
1534.254000	-7.187375	-7.230642	-7.259470	-7.234043	-7.234266	-14.981802	-7.255322	-7.203472	-7.238829	-7.215226	-7.249024	-7.191639	-7.165466	-7.193671	-14.996178	-7.202676
1544.244000	-7.187410	-7.230601	-7.259494	-7.234010	-7.234225	-14.981862	-7.255412	-7.203423	-7.238821	-7.215228	-7.249004	-7.191643	-7.165503	-7.193676	-14.996158	-7.202661
1554.224000	-7.187353	-7.230552	-7.259501	-7.233961	-7.234277	-14.981859	-7.255382	-7.203447	-7.238845	-7.215218	-7.248995	-7.191645	-7.165513	-7.193700	-14.996206	-7.202663
1564.224000	-7.187380	-7.230635	-7.259507	-7.234022	-7.234282	-14.981852	-7.255311	-7.203454	-7.238819	-7.215235	-7.249017	-7.191673	-7.165511	-7.193720	-14.996190	-7.202663
1574.204000	-7.187413	-7.230594	-7.259523	-7.234015	-7.234270	-14.981806	-7.255363	-7.203431	-7.238864	-7.215229	-7.249028	-7.191640	-7.165463	-7.193713	-14.996222	-7.202630
1584.194000	-7.187355	-7.230575	-7.259517	-7.233985	-7.234266	-14.981792	-7.255317	-7.203439	-7.238807	-7.215219	-7.249028	-7.191639	-7.165448	-7.193708	-14.996230	-7.202638
1594.174000	-7.187389	-7.230607	-7.259503	-7.233924	-7.234219	-14.981801	-7.255307	-7.203462	-7.238825	-7.215164	-7.248970	-7.191663	-7.165425	-7.193700	-14.996198	-7.202655
1604.174000	-7.187363	-7.230647	-7.259527	-7.233998	-7.234266	-14.981782	-7.255300	-7.203424	-7.238821	-7.215185	-7.248992	-7.191656	-7.165470	-7.193674	-14.996157	-7.202649
1614.154000	-7.187386	-7.230654	-7.259547	-7.233996	-7.234279	-14.981764	-7.255316	-7.203441	-7.238817	-7.215186	-7.248975	-7.191632	-7.165445	-7.193685	-14.996175	-7.202645
1624.144000	-7.187437	-7.230689	-7.259563	-7.234049	-7.234267	-14.981855	-7.255306	-7.203435	-7.238828	-7.215208	-7.248998	-7.191617	-7.165457	-7.193686	-14.996161	-7.202645
1634.114000	-7.187382	-7.230614	-7.259510	-7.234040	-7.234282	-14.981875	-7.255311	-7.203457	-7.238798	-7.215192	-7.249004	-7.191627	-7.165421	-7.193712	-14.996207	-7.202661
1644.096000	-7.187382	-7.230644	-7.259537	-7.234029	-7.234302	-14.981811	-7.255423	-7.203479	-7.238828	-7.215226	-7.249050	-7.191619	-7.165463	-7.193699	-14.996199	-7.202683
1654.064000	-7.187361	-7.230616	-7.259538	-7.234027	-7.234277	-14.981870	-7.255449	-7.203438	-7.238803	-7.215201	-7.248952	-7.191664	-7.165465	-7.193672	-14.996193	-7.202669
1664.074000	-7.187420	-7.230650	-7.259557	-7.234006	-7.234249	-14.981853	-7.255427	-7.203443	-7.238816	-7.215181	-7.249031	-7.191630	-7.165443	-7.193686	-14.996173	-7.202698
1674.044000	-7.187411	-7.230633	-7.259534	-7.234040	-7.234272	-14.981853	-7.255378	-7.203532	-7.238826	-7.215222	-7.249053	-7.191666	-7.165532	-7.193691	-14.996191	-7.202673
1684.024000	-7.187418	-7.230640	-7.259475	-7.233974	-7.234274	-14.981833	-7.255323	-7.203498	-7.238806	-7.215248	-7.249006	-7.191641	-7.165456	-7.193686	-14.996206	-7.202679
1694.034000	-7.187359	-7.230647	-7.259509	-7.234003	-7.234262	-14.981787	-7.255498	-7.203447	-7.238829	-7.215224	-7.248992	-7.191644	-7.165451	-7.193671	-14.996247	-7.202700
1704.023000	-7.187361	-7.230629	-7.259520	-7.233989	-7.234273	-14.981790	-7.255357	-7.203471	-7.238787	-7.215198	-7.248987	-7.191637	-7.165447	-7.193705	-14.996170	-7.202679
1713.994000	-7.187399	-7.230601	-7.259530	-7.233985	-7.234315	-14.981783	-7.255362	-7.203448	-7.238817	-7.215186	-7.248981	-7.191634	-7.165410	-7.193652	-14.996187	-7.202676
1723.991000	-7.187412	-7.230612	-7.259523	-7.234047	-7.234285	-14.981808	-7.255432	-7.203417	-7.238779	-7.215228	-7.249013	-7.191623	-7.165416	-7.193680	-14.996226	-7.202646
1733.958000	-7.187456	-7.230651	-7.259528	-7.234023	-7.234252	-14.981773	-7.255367	-7.203428	-7.238845	-7.215216	-7.248974	-7.191657	-7.165386	-7.193683	-14.996198	-7.202650
1743.964000	-7.187356	-7.230596	-7.259464	-7.233973	-7.234269	-14.981801	-7.255374	-7.203499	-7.238795	-7.215218	-7.248986	-7.191591	-7.165402	-7.193672	-14.996217	-7.202677
1753.944000	-7.187354	-7.230611	-7.259539	-7.233968	-7.234280	-14.981836	-7.255315	-7.203443	-7.238760	-7.215198	-7.248970	-7.191666	-7.165382	-7.193624	-14.996188	-7.202683
1763.924000	-7.187379	-7.230605	-7.259526	-7.233996	-7.234268	-14.981792	-7.255309	-7.203511	-7.238811	-7.215223	-7.248986	-7.191629	-7.165477	-7.193672	-14.996225	-7.202649
1773.914000	-7.187370	-7.230662	-7.259556	-7.233998	-7.234254	-14.981828	-7.255345	-7.203479	-7.238841	-7.215236	-7.248971	-7.191637	-7.165433	-7.193681	-14.996218	-7.202627
1783.914000	-7.187331	-7.230652	-7.259530	-7.233966	-7.234241	-14.981856	-7.255370	-7.203469	-7.238803	-7.215176	-7.248986	-7.191688	-7.165431	-7.193659	-14.996186	-7.202636
1793.914000	-7.187366	-7.230625	-7.259546	-7.234042	-7.234261	-14.981804	-7.255365	-7.203460	-7.238839	-7.215200	-7.248993	-7.191666	-7.165434	-7.193674	-14.996180	-7.202664
1803.884000	-7.187338	-7.230664	-7.259528	-7.234060	-7.234273	-14.981877	-7.255341	-7.203508	-7.238834	-7.215245	-7.249007	-7.191638	-7.165516	-7.193672	-14.996180	-7.202650
1813.874000	-7.187356	-7.230605	-7.259513	-7.234009	-7.234294	-14.981769	-7.255374	-7.203443	-7.238797	-7.215205	-7.249039	-7.191677	-7.165441	-7.193676	-14.996160	-7.202667
1823.844000	-7.187364	-7.230622	-7.259538	-7.233996	-7.234296	-14.981710	-7.255368	-7.203421	-7.238826	-7.215235	-7.249094	-7.191681	-7.165459	-7.193699	-14.996228	-7.202674
1833.844000	-7.187405	-7.230660	-7.259587	-7.234003	-7.234293	-14.981733	-7.255369	-7.203451	-7.238832	-7.215249	-7.248997	-7.191638	-7.165441	-7.193691	-14.996204	-7.202660
1843.844000	-7.187374	-7.230605	-7.259564	-7.234029	-7.234274	-14.981798	-7.255452	-7.203478	-7.238793	-7.215232	-7.249068	-7.191636	-7.165420	-7.193666	-14.996245	-7.202674
1853.854000	-7.187456	-7.230668	-7.259503	-7.233975	-7.234266	-14.981788	-7.255348	-7.203496	-7.238835	-7.215200	-7.248995	-7.191626	-7.165456	-7.193683	-14.996187	-7.202695
1863.854000	-7.187347	-7.230643	-7.259518	-7.234013	-7.234270	-14.981824	-7.255443	-7.203498	-7.238824	-7.215269	-7.249054	-7.191601	-7.165470	-7.193655	-14.996194	-7.202685
1873.874000	-7.187381	-7.230667	-7.259556	-7.234031	-7.234286	-14.981792	-7.255382	-7.203430	-7.238815	-7.215214	-7.248989	-7.191642	-7.165445	-7.193652	-14.996207	-7.202691
1883.855000	-7.187375	-7.230626	-7.259547	-7.234029	-7.234356	-14.981779	-7.255366	-7.203469	-7.238827	-7.215217	-7.248983	-7.191692	-7.165466	-7.193662	-14.996215	-7.202691
1893.874000	-7.187325	-7.230615	-7.259534	-7.233996	-7.234326	-14.981841	-7.255321	-7.203456	-7.238800	-7.215246	-7.249013	-7.191670	-7.165484	-7.193658	-14.996195	-7.202681
1903.885000	-7.187347	-7.230655	-7.259553	-7.233982	-7.234300	-14.981773	-7.255380	-7.203450	-7.238850	-7.215255	-7.249101	-7.191611	-7.165433	-7.193674	-14.996201	-7.202676
1913.884000	-7.187347	-7.230579	-7.259513	-7.233990	-7.234302	-14.981784	-7.255428	-7.203429	-7.238780	-7.215270	-7.248973	-7.191641	-7.165512	-7.193690	-14.996211	-7.202639
1923.894000	-7.187355	-7.230608	-7.259506	-7.233997	-7.234268	-14.981761	-7.255322	-7.203504	-7.238828	-7.215220	-7.248968	-7.191650	-7.165432	-7.193706	-14.996190	-7.202654
1933.884000	-7.187316	-7.230612	-7.259498	-7.233977	-7.234275	-14.981728	-7.255363	-7.203460	-7.238816	-7.215204	-7.248977	-7.191640	-7.165494	-7.193669	-14.996172	-7.202681
1943.864000	-7.187313	-7.230601	-7.259496	-7.233985	-7.234329	-14.981712	-7.255357	-7.203467	-7.238827	-7.215216	-7.248983	-7.191617	-7.165428	-7.193666	-14.996121	-7.202664
1953.844000	-7.187283	-7.230556	-7.259511	-7.233975	-7.234311	-14.981723	-7.255346	-7.203464	-7.238822	-7.215199	-7.249058	-7.191636	-7.165430	-7.193681	-14.996182	-7.202663
1963.844000	-7.187358	-7.230619	-7.259547	-7.234031	-7.234333	-14.981775	-7.255383	-7.203454	-7.238852	-7.215223	-7.248983	-7.191653	-7.165439	-7.193669	-14.996170	-7.202624
1973.866000	-7.187428	-7.230613	-7.259516	-7.234057	-7.234267	-14.981760	-7.255333	-7.203490	-7.238813	-7.215235	-7.249011	-7.191635	-7.165471	-7.193683	-14.996213	-7.202600
1983.854000	-7.187308	-7.230615	-7.259541	-7.234012	-7.234290	-14.981735	-7.255406	-7.203485	-7.238823	-7.215240	-7.248981	-7.191604	-7.165491	-7.193709	-14.996172	-7.202633
1993.854000	-7.187371	-7.230602	-7.259551	-7.234025	-7.234302	-14.981719	-7.255368	-7.203528	-7.238824	-7.215211	-7.249000	-7.191630	-7.165438	-7.193678	-14.996173	-7.202672
2003.874000	-7.187326	-7.230635	-7.259547	-7.233994	-7.234311	-14.981781	-7.255329	-7.203480	-7.238839	-7.215223	-7.248999	-7.191617	-7.165408	-7.193675	-14.996178	-7.202692
2013.907000	-7.187372	-7.230613	-7.259529	-7.234026	-7.234315	-14.981748	-7.255325	-7.203491	-7.238820	-7.215254	-7.248976	-7.191632	-7.165442	-7.193683	-14.996195	-7.202663
2023.924000	-7.187357	-7.230591	-7.259471	-7.233951	-7.234248	-14.981775	-7.255340	-7.203462	-7.238840	-7.215223	-7.248958	-7.191599	-7.165413	-7.193718	-14.996151	-7.202626
2033.927000	-7.187358	-7.230629	-7.259556	-7.233991	-7.234313	-14.981818	-7.255322	-7.203433	-7.238839	-7.215226	-7.248996	-7.191649	-7.165426	-7.193704	-14.996190	-7.202657
2043.894000	-7.187367	-7.230640	-7.259571	-7.234046	-7.234276	-14.981778	-7.255373	-7.203464	-7.238823	-7.215249	-7.249022	-7.191647	-7.165463	-7.193675	-14.996186	-7.202635
2053.897000	-7.187317	-7.230591	-7.259490	-7.233977	-7.234259	-14.981767	-7.255362	-7.203441	-7.238841	-7.215203	-7.248971	-7.191649	-7.165444	-7.193671	-14.996172	-7.202610
2063.894000	-7.187365	-7.230611	-7.259549	-7.233992	-7.234293	-14.981807	-7.255379	-7.203475	-7.238847	-7.215253	-7.249012	-7.191611	-7.165452	-7.193660	-14.996174	-7.202681
2073.875000	-7.187369	-7.230628	-7.259550	-7.234049	-7.234323	-14.981801	-7.255346	-7.203431	-7.238825	-7.215227	-7.248994	-7.191610	-7.165456	-7.193670	-14.996142	-7.202694
2083.874000	-7.187429	-7.230616	-7.259522	-7.234004	-7.234266	-14.981758	-7.255426	-7.203455	-7.238811	-7.215263	-7.249032	-7.191645	-7.165471	-7.193658	-14.996177	-7.202666
2093.864000	-7.187359	-7.230648	-7.259552	-7.234014	-7.234311	-14.981807	-7.255374	-7.203452	-7.238845	-7.215257	-7.248988	-7.191628	-7.165439	-7.193706	-14.996184	-7.202700
2103.854000	-7.187375	-7.230659	-7.259549	-7.234011	-7.234338	-14.981800	-7.255392	-7.203490	-7.238819	-7.215234	-7.249012	-7.191619	-7.165452	-7.193707	-14.996200	-7.202647
2113.864000	-7.187342	-7.230602	-7.259505	-7.233979	-7.234309	-14.981833	-7.255355	-7.203490	-7.238834	-7.215204	-7.248990	-7.191616	-7.165387	-7.193656	-14.996207	-7.202627
2123.844000	-7.187334	-7.230564	-7.259453	-7.233953	-7.234275	-14.981897	-7.255327	-7.203510	-7.238833	-7.215238	-7.248985	-7.191617	-7.165437	-7.193643	-14.996207	-7.202712
2133.875000	-7.187351	-7.230563	-7.259478	-7.233997	-7.234281	-14.981839	-7.255384	-7.203475	-7.238846	-7.215209	-7.248966	-7.191639	-7.165456	-7.193660	-14.996200	-7.202678
2143.894000	-7.187323	-7.230592	-7.259512	-7.233953	-7.234319	-14.981836	-7.255327	-7.203446	-7.238872	-7.215217	-7.248989	-7.191642	-7.165439	-7.193686	-14.996190	-7.202691
2153.917000	-7.187356	-7.230611	-7.259529	-7.234001	-7.234297	-14.981873	-7.255298	-7.203415	-7.238823	-7.215233	-7.249017	-7.191648	-7.165473	-7.193696	-14.996186	-7.202650
2163.944000	-7.187399	-7.230627	-7.259524	-7.234011	-7.234272	-14.981878	-7.255331	-7.203480	-7.238822	-7.215223	-7.249025	-7.191616	-7.165457	-7.193681	-14.996158	-7.202659
2173.914000	-7.187329	-7.230608	-7.259532	-7.233932	-7.234321	-14.981795	-7.255414	-7.203445	-7.238838	-7.215229	-7.249018	-7.191615	-7.165454	-7.193665	-14.996253	-7.202661
2183.934000	-7.187416	-7.230652	-7.259562	-7.234018	-7.234324	-14.981855	-7.255346	-7.203453	-7.238818	-7.215264	-7.249008	-7.191624	-7.165492	-7.193695	-14.996141	-7.202654
2193.944000	-7.187319	-7.230590	-7.259474	-7.233969	-7.234302	-14.981759	-7.255348	-7.203451	-7.238805	-7.215275	-7.249004	-7.191610	-7.165456	-7.193687	-14.996218	-7.202674
2203.964000	-7.187360	-7.230625	-7.259540	-7.234027	-7.234291	-14.981823	-7.255539	-7.203409	-7.238804	-7.215231	-7.249087	-7.191574	-7.165448	-7.193664	-14.996179	-7.202683
2213.974000	-7.187419	-7.230660	-7.259534	-7.233994	-7.234320	-14.981743	-7.255396	-7.203452	-7.238851	-7.215224	-7.249010	-7.191660	-7.165481	-7.193667	-14.996199	-7.202661
2223.934000	-7.187338	-7.230630	-7.259541	-7.234007	-7.234319	-14.981717	-7.255346	-7.203494	-7.238813	-7.215234	-7.248957	-7.191663	-7.165435	-7.193683	-14.996210	-7.202680
2233.924000	-7.187312	-7.230578	-7.259526	-7.234005	-7.234267	-14.981682	-7.255333	-7.203467	-7.238794	-7.215258	-7.249053	-7.191620	-7.165405	-7.193638	-14.996185	-7.202686
2243.904000	-7.187314	-7.230583	-7.259454	-7.233966	-7.234316	-14.981767	-7.255348	-7.203504	-7.238808	-7.215221	-7.248985	-7.191595	-7.165423	-7.193703	-14.996162	-7.202675
2253.884000	-7.187401	-7.230654	-7.259546	-7.234001	-7.234291	-14.981805	-7.255388	-7.203492	-7.238838	-7.215222	-7.249006	-7.191637	-7.165485	-7.193672	-14.996188	-7.202669
2263.854000	-7.187289	-7.230589	-7.259468	-7.234006	-7.234305	-14.981861	-7.255371	-7.203502	-7.238808	-7.215276	-7.249058	-7.191617	-7.165500	-7.193657	-14.996214	-7.202682
2273.814000	-7.187324	-7.230647	-7.259530	-7.234004	-7.234303	-14.981863	-7.255437	-7.203470	-7.238831	-7.215194	-7.248989	-7.191626	-7.165401	-7.193651	-14.996158	-7.202683
2283.804000	-7.187331	-7.230637	-7.259527	-7.234017	-7.234330	-14.981868	-7.255484	-7.203521	-7.238795	-7.215240	-7.249013	-7.191655	-7.165471	-7.193684	-14.996165	-7.202692
2293.804000	-7.187329	-7.230624	-7.259494	-7.234019	-7.234303	-14.981872	-7.255381	-7.203509	-7.238781	-7.215205	-7.249014	-7.191654	-7.165524	-7.193683	-14.996217	-7.202666
2303.784000	-7.187388	-7.230633	-7.259517	-7.233984	-7.234299	-14.981906	-7.255367	-7.203442	-7.238766	-7.215245	-7.249062	-7.191587	-7.165498	-7.193638	-14.996154	-7.202693
2313.754000	-7.187402	-7.230588	-7.259499	-7.234025	-7.234340	-14.981932	-7.255392	-7.203495	-7.238805	-7.215218	-7.249027	-7.191658	-7.165478	-7.193666	-14.996173	-7.202637
2323.714000	-7.187324	-7.230631	-7.259501	-7.234028	-7.234318	-14.981926	-7.255401	-7.203513	-7.238803	-7.215250	-7.249076	-7.191628	-7.165432	-7.193675	-14.996199	-7.202641
2333.694000	-7.187337	-7.230630	-7.259525	-7.233954	-7.234312	-14.981914	-7.255362	-7.203519	-7.238817	-7.215220	-7.248991	-7.191631	-7.165465	-7.193716	-14.996172	-7.202683
2343.664000	-7.187325	-7.230620	-7.259507	-7.233986	-7.234342	-14.981888	-7.255374	-7.203519	-7.238802	-7.215241	-7.248991	-7.191635	-7.165479	-7.193694	-14.996187	-7.202683
2353.664000	-7.187328	-7.230596	-7.259458	-7.234052	-7.234317	-14.981889	-7.255352	-7.203551	-7.238811	-7.215219	-7.249028	-7.191605	-7.165478	-7.193697	-14.996192	-7.202727
2363.654000	-7.187355	-7.230649	-7.259515	-7.234010	-7.234303	-14.981877	-7.255335	-7.203513	-7.238795	-7.215255	-7.249046	-7.191616	-7.165394	-7.193702	-14.996232	-7.202663
2373.634000	-7.187316	-7.230616	-7.259510	-7.234001	-7.234307	-14.981869	-7.255357	-7.203451	-7.238813	-7.215289	-7.248995	-7.191618	-7.165512	-7.193716	-14.996179	-7.202659
2383.614000	-7.187333	-7.230608	-7.259522	-7.234024	-7.234323	-14.981898	-7.255336	-7.203453	-7.238766	-7.215242	-7.249061	-7.191584	-7.165436	-7.193703	-14.996190	-7.202667
2393.594000	-7.187356	-7.230575	-7.259440	-7.233929	-7.234321	-14.981817	-7.255340	-7.203476	-7.238799	-7.215255	-7.248982	-7.191627	-7.165458	-7.193644	-14.996188	-7.202653
2403.574000	-7.187303	-7.230577	-7.259510	-7.234023	-7.234309	-14.981846	-7.255356	-7.203496	-7.238790	-7.215251	-7.249080	-7.191602	-7.165505	-7.193697	-14.996227	-7.202690
2413.588000	-7.187371	-7.230599	-7.259489	-7.233966	-7.234290	-14.981767	-7.255378	-7.203464	-7.238766	-7.215289	-7.249026	-7.191663	-7.165430	-7.193673	-14.996249	-7.202681
2423.574000	-7.187327	-7.230568	-7.259497	-7.234002	-7.234300	-14.981797	-7.255368	-7.203480	-7.238775	-7.215278	-7.249072	-7.191605	-7.165436	-7.193710	-14.996216	-7.202704
2433.554000	-7.187357	-7.230579	-7.259538	-7.233985	-7.234310	-14.981776	-7.255391	-7.203444	-7.238799	-7.215248	-7.249007	-7.191639	-7.165458	-7.193678	-14.996204	-7.202687
2443.534000	-7.187334	-7.230624	-7.259528	-7.233981	-7.234317	-14.981783	-7.255372	-7.203484	-7.238795	-7.215240	-7.249018	-7.191624	-7.165441	-7.193701	-14.996262	-7.202710
2453.534000	-7.187359	-7.230602	-7.259518	-7.234033	-7.234312	-14.981774	-7.255400	-7.203455	-7.238792	-7.215258	-7.248995	-7.191607	-7.165429	-7.193698	-14.996157	-7.202686
2463.515000	-7.187343	-7.230604	-7.259512	-7.234004	-7.234336	-14.981860	-7.255385	-7.203524	-7.238768	-7.215226	-7.249071	-7.191646	-7.165438	-7.193694	-14.996179	-7.202641
2473.504000	-7.187425	-7.230649	-7.259462	-7.234007	-7.234306	-14.981810	-7.255351	-7.203515	-7.238827	-7.215244	-7.249020	-7.191613	-7.165509	-7.193678	-14.996193	-7.202685
2483.474000	-7.187367	-7.230595	-7.259508	-7.234008	-7.234352	-14.981804	-7.255417	-7.203475	-7.238794	-7.215216	-7.249006	-7.191639	-7.165445	-7.193709	-14.996188	-7.202679
2493.454000	-7.187378	-7.230605	-7.259502	-7.233962	-7.234313	-14.981814	-7.255366	-7.203504	-7.238803	-7.215208	-7.248995	-7.191650	-7.165429	-7.193652	-14.996205	-7.202709
2503.416000	-7.187406	-7.230570	-7.259548	-7.234056	-7.234349	-14.981875	-7.255461	-7.203454	-7.238791	-7.215198	-7.248994	-7.191660	-7.165433	-7.193684	-14.996160	-7.202666
2513.394000	-7.187376	-7.230616	-7.259505	-7.234045	-7.234322	-14.981855	-7.255381	-7.203476	-7.238784	-7.215177	-7.249009	-7.191596	-7.165483	-7.193673	-14.996194	-7.202740
2523.364000	-7.187402	-7.230670	-7.259495	-7.234024	-7.234347	-14.981912	-7.255432	-7.203472	-7.238812	-7.215183	-7.248985	-7.191627	-7.165462	-7.193665	-14.996136	-7.202693
2533.354000	-7.187319	-7.230584	-7.259500	-7.233972	-7.234311	-14.981896	-7.255360	-7.203501	-7.238814	-7.215218	-7.248985	-7.191614	-7.165435	-7.193701	-14.996178	-7.202689
2543.335000	-7.187355	-7.230601	-7.259543	-7.234012	-7.234290	-14.981951	-7.255378	-7.203423	-7.238844	-7.215210	-7.248982	-7.191616	-7.165449	-7.193648	-14.996215	-7.202673
2553.314000	-7.187399	-7.230622	-7.259526	-7.234040	-7.234296	-14.981934	-7.255398	-7.203491	-7.238802	-7.215239	-7.249015	-7.191632	-7.165475	-7.193669	-14.996214	-7.202689
2563.284000	-7.187327	-7.230577	-7.259547	-7.233977	-7.234304	-14.981934	-7.255375	-7.203460	-7.238802	-7.215213	-7.248981	-7.191585	-7.165434	-7.193696	-14.996197	-7.202678
2573.244000	-7.187290	-7.230557	-7.259490	-7.234054	-7.234294	-14.981955	-7.255476	-7.203509	-7.238796	-7.215269	-7.249000	-7.191621	-7.165494	-7.193687	-14.996192	-7.202720
2583.235000	-7.187423	-7.230655	-7.259507	-7.234042	-7.234320	-14.981911	-7.255419	-7.203525	-7.238821	-7.215265	-7.248991	-7.191602	-7.165434	-7.193678	-14.996189	-7.202724
2593.204000	-7.187402	-7.230578	-7.259514	-7.234035	-7.234264	-14.981913	-7.255539	-7.203484	-7.238830	-7.215269	-7.249093	-7.191551	-7.165458	-7.193668	-14.996197	-7.202597
2603.170000	-7.187352	-7.230623	-7.259487	-7.234019	-7.234279	-14.981974	-7.255366	-7.203547	-7.238815	-7.215235	-7.248975	-7.191604	-7.165438	-7.193691	-14.996178	-7.202700
2613.194000	-7.187330	-7.230604	-7.259529	-7.234059	-7.234284	-14.981862	-7.255376	-7.203493	-7.238817	-7.215236	-7.249014	-7.191605	-7.165471	-7.193685	-14.996222	-7.202660
2623.174000	-7.187350	-7.230652	-7.259514	-7.234058	-7.234336	-14.981883	-7.255355	-7.203524	-7.238790	-7.215260	-7.249077	-7.191596	-7.165584	-7.193624	-14.996173	-7.202683
2633.161000	-7.187423	-7.230699	-7.259424	-7.233947	-7.234272	-14.981979	-7.255352	-7.203389	-7.238731	-7.215197	-7.249065	-7.191633	-7.165570	-7.193704	-14.996215	-7.202670
2643.154000	-7.187309	-7.230588	-7.259448	-7.233978	-7.234256	-14.981952	-7.255389	-7.203509	-7.238825	-7.215194	-7.249050	-7.191569	-7.165543	-7.193637	-14.996212	-7.202664
2653.124000	-7.187359	-7.230592	-7.259456	-7.233957	-7.234257	-14.981895	-7.255379	-7.203502	-7.238779	-7.215157	-7.249003	-7.191635	-7.165429	-7.193720	-14.996226	-7.202700
2663.114000	-7.187338	-7.230590	-7.259523	-7.234034	-7.234287	-14.981957	-7.255387	-7.203528	-7.238802	-7.215221	-7.248984	-7.191669	-7.165431	-7.193654	-14.996161	-7.202660
2673.114000	-7.187334	-7.230605	-7.259484	-7.234022	-7.234306	-14.981909	-7.255349	-7.203501	-7.238806	-7.215198	-7.249008	-7.191584	-7.165457	-7.193698	-14.996265	-7.202705
2683.134000	-7.187312	-7.230596	-7.259508	-7.233948	-7.234296	-14.981918	-7.255372	-7.203548	-7.238820	-7.215190	-7.249000	-7.191651	-7.165443	-7.193677	-14.996191	-7.202698
2693.144000	-7.187349	-7.230597	-7.259497	-7.234004	-7.234318	-14.981896	-7.255377	-7.203535	-7.238831	-7.215203	-7.249047	-7.191649	-7.165506	-7.193676	-14.996215	-7.202675
2703.164000	-7.187390	-7.230622	-7.259526	-7.234043	-7.234335	-14.981954	-7.255532	-7.203465	-7.238835	-7.215231	-7.249011	-7.191654	-7.165505	-7.193687	-14.996241	-7.202683
2713.166000	-7.187433	-7.230586	-7.259497	-7.234048	-7.234338	-14.981906	-7.255476	-7.203467	-7.238773	-7.215197	-7.248998	-7.191648	-7.165507	-7.193691	-14.996168	-7.202632
	-7.187400															
