20.633000	6.937683	6.903206	0.002934	6.895313	2.154845	6.966409	6.930146	6.961559	6.955384	6.944299	6.905470	6.898571	6.926501	6.947261	15.157337	6.900900
101.596000	6.937646	6.903204	0.002909	6.895308	2.169593	6.966418	6.930122	6.961486	6.955360	6.944296	6.905473	6.898549	6.926474	6.947250	15.157149	6.900891
182.552000	6.937695	6.903208	0.002904	6.895325	2.167625	6.966396	6.930085	6.961509	6.955392	6.944287	6.905465	6.898560	6.926490	6.947261	15.157488	6.900923
263.532000	6.937651	6.903227	0.002904	6.895320	2.166237	6.966392	6.930111	6.961517	6.955379	6.944284	6.905460	6.898544	6.926506	6.947272	15.157244	6.900920
344.490000	6.937669	6.903205	0.002903	6.895352	2.165129	6.966432	6.930109	6.961524	6.955393	6.944293	6.905458	6.898528	6.926490	6.947263	15.157238	6.900892
425.461000	6.937694	6.903201	0.002904	6.895321	2.169550	6.966427	6.930070	6.961542	6.955383	6.944289	6.905479	6.898580	6.926501	6.947300	15.157302	6.900949
506.434000	6.937688	6.903234	0.002902	6.895309	2.168506	6.966366	6.930097	6.961496	6.955395	6.944289	6.905462	6.898545	6.926494	6.947300	15.157384	6.900947
587.399000	6.937697	6.903205	0.002905	6.895319	2.167995	6.966430	6.930111	6.961502	6.955377	6.944255	6.905429	6.898547	6.926531	6.947298	15.157369	6.900940
668.356000	6.937715	6.903202	0.002904	6.895335	2.166559	6.966385	6.930104	6.961463	6.955407	6.944293	6.905464	6.898531	6.926503	6.947319	15.157328	6.900940
749.313000	6.937708	6.903186	0.002900	6.895309	2.168548	6.966430	6.930106	6.961491	6.955397	6.944311	6.905463	6.898537	6.926471	6.947290	15.157492	6.900927
830.285000	6.937672	6.903182	0.002900	6.895336	2.167685	6.966458	6.930091	6.961473	6.955378	6.944299	6.905456	6.898507	6.926497	6.947281	15.157558	6.900938
911.270000	6.937698	6.903202	0.002897	6.895326	2.167884	6.966398	6.930141	6.961450	6.955353	6.944239	6.905424	6.898548	6.926507	6.947266	15.157312	6.900897
992.231000	6.937669	6.903201	0.002903	6.895346	2.167048	6.966396	6.930108	6.961480	6.955397	6.944294	6.905480	6.898495	6.926506	6.947309	15.157353	6.900936
1073.231000	6.937694	6.903164	0.002896	6.895331	2.168396	6.966397	6.930116	6.961507	6.955369	6.944243	6.905445	6.898540	6.926525	6.947279	15.157324	6.900916
1154.191000	6.937655	6.903168	0.002900	6.895309	2.170029	6.966430	6.930107	6.961459	6.955370	6.944300	6.905459	6.898555	6.926479	6.947279	15.157533	6.900923
1235.169000	6.937688	6.903183	0.002898	6.895302	2.168842	6.966435	6.930141	6.961453	6.955380	6.944278	6.905467	6.898543	6.926495	6.947252	15.157346	6.900908
1316.135000	6.937656	6.903185	0.002897	6.895297	2.164503	6.966371	6.930142	6.961435	6.955348	6.944262	6.905422	6.898516	6.926494	6.947260	15.157591	6.900904
1397.116000	6.937671	6.903196	0.002931	6.895350	2.168625	6.966397	6.930119	6.961468	6.955364	6.944257	6.905473	6.898572	6.926486	6.947267	15.157491	6.900902
1478.076000	6.937639	6.903162	0.002896	6.895326	2.168313	6.966387	6.930112	6.961488	6.955346	6.944267	6.905450	6.898531	6.926467	6.947260	15.157425	6.900900
1559.055000	6.937626	6.903131	0.002896	6.895304	2.169749	6.966408	6.930088	6.961431	6.955358	6.944287	6.905472	6.898528	6.926469	6.947259	15.157344	6.900895
1640.022000	6.937654	6.903174	0.002895	6.895350	2.167936	6.966397	6.930132	6.961460	6.955332	6.944249	6.905479	6.898521	6.926460	6.947267	15.157342	6.900896
1721.006000	6.937650	6.903134	0.002894	6.895326	2.169728	6.966369	6.930092	6.961467	6.955371	6.944268	6.905482	6.898519	6.926501	6.947253	15.157510	6.900948
1801.977000	6.937675	6.903150	0.002894	6.895352	2.169722	6.966404	6.930069	6.961432	6.955399	6.944246	6.905425	6.898539	6.926482	6.947239	15.157451	6.900936
1882.979000	6.940662	6.903805	0.004834	6.898138	2.146231	6.968923	6.932759	6.963795	6.958189	6.947179	6.908138	6.900557	6.928963	6.950140	15.157018	6.905004
1963.952000	6.940896	6.903551	0.008113	6.898150	2.157270	6.968776	6.932841	6.963833	6.958111	6.947316	6.908111	6.900499	6.929102	6.950127	15.157468	6.904961
2044.910000	6.940857	6.903679	0.007820	6.898199	2.157389	6.968718	6.932828	6.963753	6.958085	6.947264	6.908064	6.900485	6.929146	6.950109	15.157139	6.904909
2125.873000	6.940778	6.903728	0.007671	6.898155	2.157481	6.968692	6.932811	6.963768	6.958040	6.947278	6.907997	6.900474	6.929135	6.950077	15.157128	6.904914
2206.856000	6.940803	6.903782	0.007604	6.898178	2.157454	6.968686	6.932796	6.963732	6.958038	6.947273	6.908033	6.900449	6.929155	6.950048	15.156816	6.904894
2287.823000	6.940765	6.903777	0.007582	6.898171	2.157516	6.968671	6.932776	6.963750	6.958048	6.947273	6.908029	6.900466	6.929133	6.950073	15.157055	6.904889
2368.793000	6.940796	6.903780	0.007565	6.898187	2.157546	6.968674	6.932811	6.963726	6.958051	6.947254	6.908039	6.900458	6.929173	6.950064	15.157036	6.904866
2449.762000	6.940812	6.903776	0.007563	6.898162	2.157473	6.968690	6.932795	6.963756	6.958048	6.947254	6.908038	6.900474	6.929168	6.950066	15.157155	6.904878
2530.730000	6.940788	6.903777	0.007557	6.898196	2.157584	6.968691	6.932814	6.963769	6.958071	6.947261	6.908015	6.900473	6.929166	6.950090	15.156922	6.904857
2611.717000	6.940768	6.903762	0.007591	6.898146	2.157560	6.968702	6.932814	6.963748	6.958050	6.947266	6.907981	6.900450	6.929165	6.950090	15.156987	6.904853
2692.677000	6.940772	6.903778	0.007588	6.898163	2.157739	6.968671	6.932815	6.963736	6.958027	6.947289	6.908004	6.900476	6.929189	6.950100	15.157108	6.904886
2773.639000	6.940789	6.903766	0.007596	6.898169	2.157578	6.968683	6.932790	6.963747	6.958042	6.947276	6.908016	6.900475	6.929184	6.950068	15.157308	6.904883
2854.624000	6.940815	6.903773	0.007610	6.898201	2.157766	6.968676	6.932797	6.963754	6.958038	6.947293	6.908034	6.900439	6.929182	6.950054	15.157055	6.904844
2935.592000	6.940782	6.903784	0.007642	6.898179	2.157796	6.968631	6.932800	6.963735	6.958048	6.947270	6.908033	6.900474	6.929173	6.950092	15.157243	6.904893
3016.568000	6.940800	6.903747	0.007651	6.898142	2.157799	6.968653	6.932824	6.963772	6.958034	6.947273	6.908025	6.900443	6.929149	6.950072	15.157197	6.904890
3097.545000	6.940753	6.903737	0.007670	6.898170	2.157857	6.968641	6.932814	6.963750	6.958028	6.947288	6.908051	6.900471	6.929165	6.950063	15.157220	6.904883
3178.510000	6.940802	6.903724	0.007639	6.898131	2.157792	6.968656	6.932783	6.963716	6.958001	6.947236	6.908009	6.900469	6.929185	6.950110	15.157271	6.904930
3259.478000	6.940808	6.903727	0.007664	6.898180	2.157722	6.968689	6.932756	6.963757	6.958006	6.947247	6.908050	6.900503	6.929168	6.950102	15.157149	6.904921
3340.438000	6.940764	6.903697	0.007673	6.898132	2.157722	6.968653	6.932816	6.963756	6.958007	6.947274	6.908002	6.900472	6.929182	6.950074	15.157011	6.904925
3421.399000	6.940756	6.903723	0.007678	6.898129	2.157796	6.968653	6.932801	6.963728	6.958001	6.947255	6.908038	6.900484	6.929162	6.950073	15.156952	6.904876
3502.376000	6.940773	6.903711	0.007678	6.898133	2.157742	6.968708	6.932801	6.963749	6.958058	6.947229	6.908034	6.900437	6.929171	6.950051	15.157043	6.904866
3583.356000	6.940781	6.903706	0.007699	6.898135	2.157839	6.968706	6.932798	6.963747	6.958048	6.947237	6.908018	6.900467	6.929155	6.950052	15.157018	6.904912
3664.327000	6.940796	6.903710	0.007703	6.898134	2.157751	6.968677	6.932817	6.963715	6.958027	6.947222	6.908037	6.900482	6.929150	6.950078	15.156968	6.904906
3745.287000	6.940815	6.903717	0.007688	6.898144	2.157754	6.968713	6.932798	6.963706	6.958023	6.947223	6.908058	6.900477	6.929160	6.950074	15.157265	6.904894
3826.274000	6.940807	6.903731	0.007696	6.898147	2.157754	6.968669	6.932815	6.963772	6.958024	6.947257	6.908036	6.900461	6.929147	6.950032	15.157456	6.904919
3907.233000	6.940774	6.903703	0.007677	6.898135	2.157746	6.968672	6.932821	6.963751	6.958056	6.947252	6.908008	6.900457	6.929166	6.950059	15.157261	6.904865
	6.940765															
