20.988000	6.955669	6.954516	6.472257	6.914570	6.953630	6.956155	6.976471	6.948434	6.964439	6.881244	6.916453	6.909933	6.901688	6.963866	15.156726	6.921849
101.975000	6.955611	6.954468	6.472294	6.914429	6.953642	6.956128	6.976492	6.948395	6.964383	6.881223	6.916440	6.909907	6.901628	6.963867	15.156855	6.921952
182.977000	6.955612	6.954441	6.472462	6.914606	6.953610	6.956083	6.976608	6.948396	6.964416	6.881274	6.916473	6.913942	6.901656	6.963869	15.157070	6.922056
263.970000	6.955571	6.954453	6.472528	6.914581	6.953586	6.956099	6.976595	6.948359	6.964410	6.881297	6.916455	6.910182	6.901629	6.963861	15.157272	6.922092
344.970000	6.955574	6.954415	6.472795	6.914564	6.953551	6.956080	6.976589	6.948369	6.964370	6.881279	6.916446	6.910036	6.901652	6.963877	15.157498	6.922079
426.000000	6.955577	6.954437	6.472686	6.914391	6.953564	6.956086	6.976579	6.948367	6.964358	6.881281	6.916438	6.910065	6.901603	6.963841	15.157393	6.922162
506.949000	6.955540	6.954401	6.472595	6.914574	6.953591	6.956093	6.976562	6.948358	6.964348	6.881296	6.916454	6.910191	6.901596	6.963832	15.157367	6.922155
587.980000	6.955584	6.954423	6.473732	6.914565	6.953630	6.956113	6.976604	6.948466	6.964506	6.881315	6.916438	6.909993	6.901689	6.963875	15.157907	6.922160
668.931000	6.956026	6.954645	6.484442	6.914659	6.954475	6.956811	6.977825	6.949986	6.966493	6.881817	6.916699	6.910062	6.902853	6.964712	15.157439	6.918255
749.911000	6.955973	6.954542	6.476419	6.914643	6.954045	6.956335	6.976982	6.948765	6.964794	6.881360	6.916473	6.909771	6.901936	6.964105	15.157510	6.921375
830.889000	6.955900	6.954518	6.477409	6.914639	6.953932	6.956264	6.976888	6.948658	6.964686	6.881323	6.916477	6.909766	6.901925	6.964018	15.157801	6.921636
911.857000	6.955849	6.954506	6.476606	6.914607	6.953841	6.956237	6.976873	6.948579	6.964657	6.881353	6.916463	6.909787	6.901773	6.964031	15.157531	6.921883
992.808000	6.955777	6.954502	6.476157	6.914584	6.953841	6.956193	6.976801	6.948492	6.964608	6.881321	6.916458	6.909725	6.901723	6.963969	15.157901	6.921939
1073.763000	6.955795	6.954485	6.476098	6.914574	6.953777	6.956193	6.976805	6.948481	6.964526	6.881298	6.916431	6.909758	6.901683	6.963955	15.157768	6.921981
1154.716000	6.955744	6.954468	6.475528	6.914464	6.953787	6.956142	6.976703	6.948427	6.964512	6.881265	6.916471	6.909740	6.901693	6.963941	15.157559	6.922122
1235.673000	6.955688	6.954503	6.475496	6.914579	6.953699	6.956134	6.976604	6.948345	6.964393	6.881272	6.916462	6.909757	6.901623	6.963922	15.157758	6.922136
1316.624000	6.955724	6.954490	6.476298	6.914598	6.953790	6.956158	6.976710	6.948470	6.964530	6.881301	6.916452	6.909770	6.901681	6.964230	15.157655	6.922421
1397.585000	6.955734	6.954526	6.475656	6.914566	6.953754	6.956161	6.976712	6.948454	6.964524	6.881325	6.916488	6.909757	6.901697	6.963967	15.157667	6.922135
1478.544000	6.955754	6.954539	6.476470	6.914568	6.953714	6.956139	6.976773	6.948503	6.964536	6.881300	6.916471	6.909778	6.901682	6.963965	15.157995	6.922127
1559.494000	6.955720	6.954548	6.476666	6.914574	6.953766	6.956175	6.976781	6.948465	6.964522	6.881318	6.916490	6.909775	6.901663	6.963966	15.157770	6.922085
1640.476000	6.955699	6.954539	6.476769	6.914517	6.953770	6.956162	6.976789	6.948489	6.964523	6.881309	6.916445	6.909761	6.901621	6.963968	15.157645	6.922184
1721.441000	6.956912	6.955100	6.494487	6.914867	6.955074	6.957784	6.979048	6.951445	6.968075	6.882299	6.916859	6.910573	6.903491	6.965160	15.157576	6.910193
1802.430000	6.957575	6.955175	6.503712	6.915062	6.955781	6.958124	6.979961	6.952376	6.968797	6.882490	6.916759	6.910605	6.903970	6.965525	15.157612	6.909192
1883.386000	6.957746	6.955196	6.505778	6.915107	6.955924	6.958226	6.980134	6.952538	6.968980	6.882499	6.916741	6.910619	6.904149	6.965687	15.157577	6.909054
1964.355000	6.957825	6.955205	6.506697	6.915117	6.955968	6.958267	6.980232	6.952643	6.969088	6.882544	6.916753	6.910618	6.904267	6.965715	15.157395	6.908985
2045.311000	6.957862	6.955239	6.507368	6.915116	6.956029	6.958316	6.980276	6.952723	6.969165	6.882568	6.916747	6.910649	6.904284	6.965729	15.157443	6.908989
2126.300000	6.957936	6.955202	6.507757	6.915113	6.956050	6.958334	6.980324	6.952716	6.969144	6.882558	6.916713	6.910658	6.904293	6.965775	15.157472	6.908959
2207.253000	6.957962	6.955233	6.508105	6.915138	6.956094	6.958313	6.980363	6.952767	6.969169	6.882597	6.916741	6.910675	6.904305	6.965773	15.157210	6.908892
2288.248000	6.957957	6.955237	6.508411	6.915106	6.956124	6.958340	6.980406	6.952821	6.969237	6.882590	6.916701	6.910672	6.904338	6.965794	15.157149	6.908907
2369.211000	6.957952	6.955237	6.508612	6.915080	6.956116	6.958340	6.980417	6.952824	6.969250	6.882566	6.916697	6.910683	6.904352	6.965796	15.157288	6.908868
2450.203000	6.957994	6.955231	6.508823	6.915081	6.956109	6.958407	6.980435	6.952830	6.969282	6.882616	6.916673	6.910662	6.904396	6.965780	15.156975	6.908892
2531.164000	6.958032	6.955234	6.508967	6.915136	6.956128	6.958401	6.980455	6.952834	6.969293	6.882621	6.916670	6.910675	6.904369	6.965774	15.156913	6.908891
2612.148000	6.958012	6.955244	6.509099	6.915130	6.956133	6.958389	6.980435	6.952846	6.969316	6.882604	6.916654	6.910692	6.904392	6.965812	15.156820	6.908875
2693.113000	6.958021	6.955240	6.509213	6.915117	6.956136	6.958413	6.980473	6.952840	6.969340	6.882601	6.916671	6.910648	6.904399	6.965831	15.156956	6.908851
2774.087000	6.958047	6.955236	6.509344	6.915127	6.956137	6.958407	6.980480	6.952878	6.969344	6.882624	6.916665	6.910664	6.904417	6.965823	15.157055	6.908837
2855.043000	6.958008	6.955235	6.509447	6.915124	6.956175	6.958402	6.980463	6.952864	6.969328	6.882614	6.916652	6.910663	6.904421	6.965799	15.156765	6.908843
2936.025000	6.958013	6.955218	6.509489	6.915095	6.956123	6.958373	6.980492	6.952867	6.969320	6.882646	6.916630	6.910662	6.904410	6.965818	15.157044	6.908874
3017.005000	6.958019	6.955209	6.509553	6.915129	6.956170	6.958378	6.980501	6.952866	6.969350	6.882619	6.916665	6.910680	6.904403	6.965829	15.157233	6.908863
3097.963000	6.958063	6.955211	6.509628	6.915084	6.956143	6.958408	6.980514	6.952868	6.969338	6.882585	6.916639	6.910653	6.904401	6.965816	15.156909	6.908861
3178.932000	6.958033	6.955263	6.509646	6.915117	6.956149	6.958382	6.980513	6.952895	6.969350	6.882607	6.916660	6.910631	6.904417	6.965819	15.156978	6.908848
3259.907000	6.958083	6.955241	6.509689	6.915104	6.956156	6.958401	6.980499	6.952886	6.969359	6.882605	6.916652	6.910655	6.904444	6.965837	15.156779	6.908848
3340.864000	6.958031	6.955243	6.509705	6.915072	6.956178	6.958392	6.980491	6.952850	6.969365	6.882585	6.916651	6.910689	6.904428	6.965833	15.157232	6.908869
3421.834000	6.958047	6.955212	6.509684	6.915106	6.956164	6.958414	6.980507	6.952890	6.969369	6.882617	6.916620	6.910629	6.904452	6.965819	15.156920	6.908848
3502.805000	6.958072	6.955235	6.509670	6.915117	6.956194	6.958401	6.980496	6.952895	6.969374	6.882605	6.916657	6.910695	6.904440	6.965841	15.156861	6.908842
3583.757000	6.958040	6.955244	6.509704	6.915128	6.956169	6.958394	6.980506	6.952875	6.969348	6.882616	6.916657	6.910639	6.904425	6.965833	15.157087	6.908846
3664.740000	6.958027	6.955206	6.509670	6.915131	6.956157	6.958390	6.980510	6.952917	6.969365	6.882625	6.916655	6.910671	6.904419	6.965822	15.156869	6.908866
	0.000036															
