8.193000	-7.246960	-7.048139	-7.047845	-6.994231	-7.025721	-7.046321	-7.055795	-7.065199	-7.037275	-7.043994	-7.037058	-7.051490	-7.052305	-7.032325	-15.003156	-7.038936
20.410000	-7.247073	-7.048212	-7.048046	-6.994281	-7.025918	-7.046437	-7.055947	-7.065295	-7.037278	-7.044049	-7.037117	-7.051592	-7.052330	-7.032407	-15.003674	-7.039076
32.647000	-7.247117	-7.048280	-7.048096	-6.994281	-7.025982	-7.046512	-7.056048	-7.065294	-7.037313	-7.044148	-7.037166	-7.051664	-7.052340	-7.032411	-15.003948	-7.039148
44.887000	-7.247118	-7.048283	-7.048147	-6.994273	-7.026029	-7.046482	-7.056045	-7.065324	-7.037325	-7.044159	-7.037211	-7.051697	-7.052343	-7.032410	-15.004427	-7.039154
57.090000	-7.247167	-7.048296	-7.048147	-6.994269	-7.026052	-7.046532	-7.056074	-7.065346	-7.037277	-7.044145	-7.037177	-7.051659	-7.052334	-7.032446	-15.004488	-7.039221
69.299000	-7.247155	-7.048323	-7.048172	-6.994295	-7.026062	-7.046496	-7.056124	-7.065349	-7.037285	-7.044163	-7.037207	-7.051676	-7.052364	-7.032428	-15.004825	-7.039220
81.521000	-7.247156	-7.048335	-7.048159	-6.994301	-7.026075	-7.046521	-7.056099	-7.065351	-7.037282	-7.044171	-7.037187	-7.051689	-7.052357	-7.032435	-15.005141	-7.039214
93.720000	-7.247157	-7.048349	-7.048161	-6.994297	-7.026079	-7.046519	-7.056107	-7.065365	-7.037267	-7.044175	-7.037213	-7.051696	-7.052386	-7.032468	-15.005225	-7.039242
105.924000	-7.247173	-7.048343	-7.048171	-6.994311	-7.026104	-7.046514	-7.056133	-7.065364	-7.037288	-7.044175	-7.037214	-7.051687	-7.052380	-7.032471	-15.005452	-7.039255
118.133000	-7.247168	-7.048338	-7.048182	-6.994304	-7.026106	-7.046526	-7.056141	-7.065364	-7.037282	-7.044184	-7.037214	-7.051690	-7.052382	-7.032494	-15.005491	-7.039267
130.366000	-7.247164	-7.048359	-7.048178	-6.994306	-7.026118	-7.046518	-7.056154	-7.065378	-7.037283	-7.044192	-7.037216	-7.051692	-7.052384	-7.032471	-15.005669	-7.039273
142.554000	-7.247183	-7.048335	-7.048189	-6.994323	-7.026119	-7.046546	-7.056145	-7.065374	-7.037323	-7.044182	-7.037222	-7.051693	-7.052405	-7.032552	-15.005775	-7.039315
154.770000	-7.247160	-7.048313	-7.048165	-6.994321	-7.026229	-7.046623	-7.056154	-7.065408	-7.037158	-7.044111	-7.037190	-7.051623	-7.052411	-7.032708	-15.006075	-7.039346
166.973000	-7.247178	-7.048340	-7.048071	-6.994365	-7.026292	-7.046592	-7.056131	-7.065375	-7.037129	-7.044040	-7.037104	-7.051479	-7.052407	-7.032807	-15.006323	-7.039223
179.170000	-7.247105	-7.048282	-7.047945	-6.994365	-7.026310	-7.046534	-7.056051	-7.065339	-7.037090	-7.043957	-7.037028	-7.051358	-7.052405	-7.032866	-15.006299	-7.039077
191.359000	-7.247058	-7.048245	-7.047789	-6.994376	-7.026294	-7.046459	-7.055966	-7.065294	-7.037064	-7.043859	-7.036962	-7.051198	-7.052386	-7.032903	-15.006198	-7.038938
203.549000	-7.247006	-7.048175	-7.047675	-6.994353	-7.026206	-7.046398	-7.055865	-7.065241	-7.037004	-7.043828	-7.036895	-7.051036	-7.052368	-7.032935	-15.006403	-7.038807
215.717000	-7.246959	-7.048126	-7.047528	-6.994371	-7.026128	-7.046292	-7.055787	-7.065169	-7.036977	-7.043790	-7.036841	-7.050888	-7.052354	-7.032944	-15.006351	-7.038671
227.940000	-7.246912	-7.048091	-7.047432	-6.994347	-7.026089	-7.046235	-7.055711	-7.065129	-7.036977	-7.043686	-7.036802	-7.050773	-7.052326	-7.032921	-15.006543	-7.038550
240.139000	-7.246860	-7.048034	-7.047355	-6.994342	-7.026040	-7.046189	-7.055627	-7.065063	-7.036952	-7.043646	-7.036743	-7.050671	-7.052312	-7.032907	-15.006746	-7.038422
252.370000	-7.246795	-7.047979	-7.047284	-6.994347	-7.025978	-7.046142	-7.055563	-7.065027	-7.036951	-7.043602	-7.036716	-7.050608	-7.052314	-7.032887	-15.006806	-7.038341
264.551000	-7.246759	-7.047957	-7.047211	-6.994335	-7.025907	-7.046113	-7.055491	-7.064994	-7.036936	-7.043546	-7.036653	-7.050548	-7.052304	-7.032852	-15.006597	-7.038259
276.736000	-7.246718	-7.047903	-7.047200	-6.994322	-7.025858	-7.046095	-7.055416	-7.064973	-7.036924	-7.043534	-7.036657	-7.050512	-7.052275	-7.032842	-15.006366	-7.038192
288.921000	-7.246690	-7.047876	-7.047175	-6.994296	-7.025842	-7.046092	-7.055358	-7.064948	-7.036909	-7.043524	-7.036645	-7.050480	-7.052272	-7.032816	-15.006751	-7.038127
301.123000	-7.246659	-7.047861	-7.047116	-6.994292	-7.025798	-7.046080	-7.055316	-7.064942	-7.036935	-7.043491	-7.036619	-7.050484	-7.052269	-7.032805	-15.006829	-7.038100
313.303000	-7.246636	-7.047826	-7.047116	-6.994296	-7.025784	-7.046080	-7.055295	-7.064916	-7.036915	-7.043468	-7.036606	-7.050475	-7.052256	-7.032770	-15.006931	-7.038048
325.492000	-7.246631	-7.047802	-7.047112	-6.994302	-7.025765	-7.046081	-7.055264	-7.064915	-7.036906	-7.043456	-7.036622	-7.050436	-7.052281	-7.032758	-15.006745	-7.038004
337.689000	-7.246619	-7.047793	-7.047084	-6.994287	-7.025765	-7.046074	-7.055242	-7.064901	-7.036917	-7.043431	-7.036613	-7.050439	-7.052258	-7.032774	-15.006764	-7.037988
349.875000	-7.246620	-7.047817	-7.047076	-6.994283	-7.025745	-7.046078	-7.055256	-7.064922	-7.036922	-7.043435	-7.036623	-7.050429	-7.052258	-7.032766	-15.006696	-7.037961
362.084000	-7.246599	-7.047777	-7.047069	-6.994289	-7.025755	-7.046089	-7.055223	-7.064945	-7.036930	-7.043430	-7.036606	-7.050437	-7.052258	-7.032734	-15.006550	-7.037946
374.289000	-7.246580	-7.047786	-7.047071	-6.994281	-7.025737	-7.046073	-7.055205	-7.064905	-7.036919	-7.043441	-7.036599	-7.050426	-7.052239	-7.032752	-15.006640	-7.037937
386.491000	-7.246566	-7.047767	-7.047051	-6.994292	-7.025744	-7.046068	-7.055195	-7.064910	-7.036920	-7.043404	-7.036610	-7.050434	-7.052232	-7.032729	-15.006766	-7.037925
398.693000	-7.246569	-7.047753	-7.047035	-6.994286	-7.025734	-7.046048	-7.055177	-7.064900	-7.036921	-7.043403	-7.036576	-7.050418	-7.052251	-7.032732	-15.006825	-7.037935
410.900000	-7.246560	-7.047766	-7.047052	-6.994285	-7.025721	-7.046056	-7.055174	-7.064896	-7.036902	-7.043397	-7.036575	-7.050397	-7.052247	-7.032729	-15.006920	-7.037902
423.075000	-7.246571	-7.047745	-7.047038	-6.994294	-7.025712	-7.046046	-7.055167	-7.064897	-7.036902	-7.043376	-7.036572	-7.050399	-7.052245	-7.032707	-15.006910	-7.037894
435.261000	-7.246541	-7.047733	-7.047035	-6.994303	-7.025714	-7.046039	-7.055173	-7.064882	-7.036900	-7.043389	-7.036559	-7.050422	-7.052240	-7.032705	-15.007044	-7.037890
447.465000	-7.246537	-7.047738	-7.047038	-6.994293	-7.025740	-7.046051	-7.055170	-7.064889	-7.036899	-7.043390	-7.036561	-7.050406	-7.052237	-7.032708	-15.006913	-7.037883
459.678000	-7.246528	-7.047730	-7.047038	-6.994290	-7.025731	-7.046059	-7.055151	-7.064893	-7.036911	-7.043378	-7.036570	-7.050400	-7.052224	-7.032717	-15.006944	-7.037880
471.896000	-7.246528	-7.047743	-7.047017	-6.994291	-7.025736	-7.046046	-7.055140	-7.064897	-7.036935	-7.043387	-7.036583	-7.050422	-7.052261	-7.032714	-15.007035	-7.037874
484.098000	-7.246528	-7.047719	-7.047015	-6.994311	-7.025711	-7.046047	-7.055143	-7.064907	-7.036917	-7.043363	-7.036562	-7.050396	-7.052266	-7.032725	-15.006958	-7.037866
496.282000	-7.246500	-7.047735	-7.047002	-6.994290	-7.025719	-7.046028	-7.055135	-7.064876	-7.036903	-7.043385	-7.036570	-7.050420	-7.052230	-7.032709	-15.006955	-7.037859
508.493000	-7.246514	-7.047727	-7.047011	-6.994302	-7.025723	-7.046032	-7.055148	-7.064899	-7.036920	-7.043374	-7.036554	-7.050432	-7.052238	-7.032718	-15.007046	-7.037865
520.687000	-7.246515	-7.047727	-7.046995	-6.994301	-7.025690	-7.046036	-7.055137	-7.064880	-7.036918	-7.043401	-7.036569	-7.050417	-7.052267	-7.032721	-15.007070	-7.037853
532.855000	-7.246515	-7.047723	-7.047002	-6.994303	-7.025677	-7.046016	-7.055138	-7.064895	-7.036895	-7.043374	-7.036564	-7.050425	-7.052234	-7.032723	-15.007264	-7.037859
545.046000	-7.246499	-7.047739	-7.047014	-6.994297	-7.025714	-7.046040	-7.055135	-7.064890	-7.036913	-7.043386	-7.036580	-7.050412	-7.052244	-7.032720	-15.007187	-7.037858
557.233000	-7.246498	-7.047718	-7.047019	-6.994298	-7.025699	-7.046041	-7.055129	-7.064887	-7.036917	-7.043384	-7.036566	-7.050412	-7.052256	-7.032736	-15.007052	-7.037845
569.408000	-7.246520	-7.047746	-7.047023	-6.994285	-7.025714	-7.046036	-7.055132	-7.064899	-7.036914	-7.043398	-7.036554	-7.050408	-7.052245	-7.032718	-15.007194	-7.037839
581.593000	-7.246513	-7.047718	-7.047014	-6.994270	-7.025706	-7.046049	-7.055134	-7.064887	-7.036927	-7.043382	-7.036568	-7.050421	-7.052253	-7.032744	-15.007203	-7.037855
593.783000	-7.246523	-7.047714	-7.046992	-6.994291	-7.025712	-7.046043	-7.055146	-7.064907	-7.036934	-7.043388	-7.036582	-7.050395	-7.052237	-7.032699	-15.006986	-7.037834
605.959000	-7.246495	-7.047707	-7.046999	-6.994292	-7.025690	-7.046030	-7.055116	-7.064860	-7.036907	-7.043367	-7.036565	-7.050406	-7.052246	-7.032703	-15.007000	-7.037824
618.156000	-7.246481	-7.047713	-7.046975	-6.994294	-7.025700	-7.046021	-7.055117	-7.064847	-7.036907	-7.043366	-7.036554	-7.050381	-7.052225	-7.032703	-15.007126	-7.037833
630.338000	-7.246486	-7.047718	-7.046978	-6.994303	-7.025699	-7.046025	-7.055114	-7.064863	-7.036904	-7.043374	-7.036554	-7.050368	-7.052225	-7.032681	-15.007070	-7.037833
642.538000	-7.246501	-7.047687	-7.046978	-6.994297	-7.025674	-7.046019	-7.055119	-7.064866	-7.036890	-7.043369	-7.036545	-7.050363	-7.052236	-7.032685	-15.007312	-7.037825
654.721000	-7.246497	-7.047706	-7.046963	-6.994297	-7.025695	-7.046011	-7.055135	-7.064863	-7.036900	-7.043343	-7.036531	-7.050365	-7.052220	-7.032680	-15.007312	-7.037823
666.935000	-7.246489	-7.047717	-7.046971	-6.994298	-7.025685	-7.046029	-7.055128	-7.064865	-7.036897	-7.043361	-7.036541	-7.050400	-7.052235	-7.032708	-15.007189	-7.037836
679.162000	-7.246481	-7.047689	-7.047009	-6.994305	-7.025695	-7.046026	-7.055102	-7.064884	-7.036879	-7.043362	-7.036538	-7.050378	-7.052227	-7.032700	-15.007269	-7.037814
691.367000	-7.246470	-7.047715	-7.046979	-6.994291	-7.025691	-7.046042	-7.055115	-7.064857	-7.036905	-7.043367	-7.036555	-7.050381	-7.052203	-7.032714	-15.007262	-7.037818
703.582000	-7.246459	-7.047708	-7.046975	-6.994300	-7.025689	-7.046018	-7.055111	-7.064854	-7.036886	-7.043359	-7.036538	-7.050382	-7.052228	-7.032687	-15.007183	-7.037810
715.761000	-7.246475	-7.047685	-7.046974	-6.994299	-7.025691	-7.046012	-7.055111	-7.064879	-7.036885	-7.043346	-7.036535	-7.050384	-7.052232	-7.032699	-15.007154	-7.037824
727.960000	-7.246476	-7.047708	-7.046978	-6.994297	-7.025695	-7.046033	-7.055084	-7.064857	-7.036881	-7.043357	-7.036530	-7.050372	-7.052243	-7.032666	-15.007181	-7.037821
740.147000	-7.246473	-7.047729	-7.046969	-6.994279	-7.025692	-7.046024	-7.055103	-7.064886	-7.036889	-7.043350	-7.036551	-7.050391	-7.052241	-7.032681	-15.007142	-7.037843
752.349000	-7.246479	-7.047706	-7.046969	-6.994293	-7.025690	-7.046035	-7.055106	-7.064860	-7.036896	-7.043351	-7.036540	-7.050374	-7.052242	-7.032696	-15.007317	-7.037817
764.529000	-7.246475	-7.047681	-7.046963	-6.994282	-7.025692	-7.046011	-7.055137	-7.064857	-7.036907	-7.043362	-7.036557	-7.050395	-7.052222	-7.032674	-15.007223	-7.037825
776.717000	-7.246457	-7.047696	-7.046981	-6.994274	-7.025676	-7.046022	-7.055101	-7.064872	-7.036884	-7.043358	-7.036539	-7.050386	-7.052228	-7.032674	-15.007177	-7.037822
788.929000	-7.246461	-7.047686	-7.046956	-6.994285	-7.025681	-7.046013	-7.055096	-7.064867	-7.036895	-7.043346	-7.036526	-7.050378	-7.052235	-7.032680	-15.007241	-7.037815
801.141000	-7.246481	-7.047698	-7.046978	-6.994279	-7.025676	-7.046024	-7.055118	-7.064870	-7.036889	-7.043361	-7.036546	-7.050370	-7.052205	-7.032672	-15.007409	-7.037813
813.333000	-7.246460	-7.047676	-7.046972	-6.994284	-7.025673	-7.046022	-7.055106	-7.064872	-7.036883	-7.043366	-7.036544	-7.050387	-7.052215	-7.032688	-15.007391	-7.037807
825.524000	-7.246469	-7.047680	-7.046969	-6.994284	-7.025670	-7.046020	-7.055120	-7.064878	-7.036888	-7.043357	-7.036547	-7.050378	-7.052204	-7.032691	-15.007280	-7.037807
837.737000	-7.246468	-7.047705	-7.046958	-6.994273	-7.025666	-7.045997	-7.055094	-7.064832	-7.036894	-7.043354	-7.036552	-7.050390	-7.052200	-7.032695	-15.007070	-7.037807
849.923000	-7.246464	-7.047678	-7.046936	-6.994287	-7.025659	-7.045998	-7.055110	-7.064846	-7.036889	-7.043363	-7.036564	-7.050357	-7.052208	-7.032676	-15.007147	-7.037812
862.111000	-7.246474	-7.047684	-7.046942	-6.994271	-7.025651	-7.046019	-7.055103	-7.064850	-7.036904	-7.043366	-7.036567	-7.050368	-7.052213	-7.032676	-15.007263	-7.037818
874.293000	-7.246476	-7.047690	-7.046946	-6.994275	-7.025662	-7.046013	-7.055090	-7.064874	-7.036900	-7.043341	-7.036554	-7.050380	-7.052216	-7.032674	-15.007071	-7.037831
886.479000	-7.246468	-7.047698	-7.046930	-6.994282	-7.025679	-7.046019	-7.055089	-7.064862	-7.036877	-7.043371	-7.036540	-7.050392	-7.052194	-7.032683	-15.007144	-7.037808
898.668000	-7.246465	-7.047699	-7.046947	-6.994284	-7.025669	-7.046000	-7.055065	-7.064852	-7.036898	-7.043347	-7.036554	-7.050378	-7.052185	-7.032705	-15.007182	-7.037816
910.893000	-7.246444	-7.047710	-7.046956	-6.994289	-7.025665	-7.045996	-7.055063	-7.064847	-7.036899	-7.043340	-7.036554	-7.050360	-7.052183	-7.032684	-15.007167	-7.037808
923.077000	-7.246464	-7.047695	-7.046955	-6.994301	-7.025663	-7.046000	-7.055081	-7.064845	-7.036885	-7.043366	-7.036534	-7.050386	-7.052205	-7.032662	-15.007224	-7.037828
935.278000	-7.246436	-7.047709	-7.046955	-6.994296	-7.025658	-7.046003	-7.055067	-7.064855	-7.036895	-7.043334	-7.036556	-7.050370	-7.052216	-7.032693	-15.007073	-7.037809
947.518000	-7.246462	-7.047694	-7.046938	-6.994289	-7.025659	-7.046001	-7.055090	-7.064841	-7.036900	-7.043338	-7.036550	-7.050370	-7.052203	-7.032661	-15.007006	-7.037815
959.728000	-7.246444	-7.047695	-7.046948	-6.994294	-7.025659	-7.045983	-7.055067	-7.064836	-7.036899	-7.043338	-7.036546	-7.050365	-7.052210	-7.032670	-15.006913	-7.037798
971.940000	-7.246440	-7.047693	-7.046941	-6.994293	-7.025645	-7.045987	-7.055095	-7.064852	-7.036898	-7.043350	-7.036552	-7.050357	-7.052227	-7.032702	-15.007193	-7.037804
984.151000	-7.246446	-7.047696	-7.046937	-6.994290	-7.025638	-7.045979	-7.055077	-7.064844	-7.036875	-7.043360	-7.036532	-7.050374	-7.052228	-7.032710	-15.007052	-7.037794
996.345000	-7.246445	-7.047674	-7.046959	-6.994289	-7.025650	-7.045995	-7.055069	-7.064841	-7.036882	-7.043342	-7.036550	-7.050354	-7.052210	-7.032697	-15.007036	-7.037807
1008.541000	-7.246448	-7.047663	-7.046956	-6.994278	-7.025655	-7.045994	-7.055076	-7.064853	-7.036884	-7.043314	-7.036573	-7.050372	-7.052201	-7.032679	-15.007250	-7.037810
1020.717000	-7.246433	-7.047674	-7.046951	-6.994294	-7.025660	-7.046006	-7.055076	-7.064842	-7.036878	-7.043320	-7.036547	-7.050368	-7.052203	-7.032669	-15.007288	-7.037794
1032.900000	-7.246447	-7.047675	-7.046945	-6.994297	-7.025649	-7.046004	-7.055057	-7.064858	-7.036865	-7.043342	-7.036550	-7.050366	-7.052202	-7.032675	-15.007141	-7.037799
1045.124000	-7.246429	-7.047679	-7.046955	-6.994289	-7.025672	-7.045998	-7.055077	-7.064859	-7.036867	-7.043330	-7.036552	-7.050371	-7.052169	-7.032664	-15.007183	-7.037788
1057.327000	-7.246441	-7.047671	-7.046948	-6.994282	-7.025654	-7.045997	-7.055083	-7.064848	-7.036889	-7.043349	-7.036550	-7.050361	-7.052205	-7.032670	-15.007208	-7.037786
1069.530000	-7.246431	-7.047685	-7.046944	-6.994285	-7.025654	-7.045996	-7.055065	-7.064853	-7.036868	-7.043340	-7.036567	-7.050347	-7.052195	-7.032683	-15.007369	-7.037798
1081.769000	-7.246432	-7.047692	-7.046939	-6.994286	-7.025664	-7.045998	-7.055079	-7.064865	-7.036878	-7.043327	-7.036551	-7.050367	-7.052222	-7.032682	-15.007220	-7.037793
1093.963000	-7.246436	-7.047683	-7.046946	-6.994282	-7.025671	-7.045997	-7.055074	-7.064869	-7.036887	-7.043339	-7.036567	-7.050377	-7.052225	-7.032689	-15.007242	-7.037793
1106.157000	-7.246458	-7.047682	-7.046919	-6.994291	-7.025673	-7.045990	-7.055085	-7.064852	-7.036866	-7.043346	-7.036551	-7.050375	-7.052215	-7.032670	-15.007450	-7.037786
1118.346000	-7.246447	-7.047696	-7.046929	-6.994278	-7.025666	-7.046002	-7.055097	-7.064848	-7.036879	-7.043334	-7.036546	-7.050378	-7.052209	-7.032698	-15.007160	-7.037793
1130.543000	-7.246450	-7.047714	-7.046940	-6.994282	-7.025678	-7.046020	-7.055090	-7.064843	-7.036880	-7.043339	-7.036548	-7.050377	-7.052207	-7.032679	-15.007188	-7.037805
1142.737000	-7.246444	-7.047702	-7.046945	-6.994285	-7.025677	-7.046005	-7.055086	-7.064852	-7.036876	-7.043338	-7.036535	-7.050364	-7.052228	-7.032675	-15.006958	-7.037781
1154.932000	-7.246442	-7.047700	-7.046924	-6.994283	-7.025657	-7.045995	-7.055096	-7.064861	-7.036886	-7.043335	-7.036539	-7.050370	-7.052223	-7.032677	-15.006992	-7.037784
1167.113000	-7.246428	-7.047688	-7.046958	-6.994275	-7.025678	-7.046001	-7.055079	-7.064866	-7.036879	-7.043341	-7.036556	-7.050391	-7.052246	-7.032681	-15.007021	-7.037772
1179.316000	-7.246425	-7.047701	-7.046939	-6.994296	-7.025671	-7.045991	-7.055104	-7.064861	-7.036875	-7.043338	-7.036550	-7.050366	-7.052213	-7.032664	-15.007105	-7.037795
1191.511000	-7.246424	-7.047689	-7.046947	-6.994295	-7.025655	-7.046002	-7.055104	-7.064857	-7.036882	-7.043334	-7.036537	-7.050338	-7.052227	-7.032686	-15.007211	-7.037782
1203.713000	-7.246422	-7.047700	-7.046949	-6.994291	-7.025656	-7.045975	-7.055079	-7.064860	-7.037032	-7.043376	-7.036627	-7.050244	-7.052165	-7.032267	-15.007124	-7.037539
1215.926000	-7.246525	-7.047891	-7.047047	-6.994179	-7.025221	-7.045788	-7.055141	-7.064816	-7.037213	-7.043579	-7.036711	-7.050616	-7.052162	-7.032004	-15.007054	-7.037916
1228.116000	-7.246616	-7.047901	-7.047301	-6.994164	-7.025274	-7.046016	-7.055305	-7.064906	-7.037276	-7.043816	-7.036915	-7.051065	-7.052236	-7.031992	-15.007007	-7.038336
1240.285000	-7.246719	-7.048007	-7.047588	-6.994187	-7.025393	-7.046193	-7.055492	-7.065088	-7.037319	-7.043956	-7.037032	-7.051354	-7.052293	-7.032001	-15.006866	-7.038642
1252.500000	-7.246787	-7.048104	-7.047817	-6.994217	-7.025526	-7.046331	-7.055669	-7.065161	-7.037334	-7.044091	-7.037178	-7.051626	-7.052311	-7.032039	-15.006757	-7.038908
1264.693000	-7.246907	-7.048177	-7.048065	-6.994242	-7.025676	-7.046453	-7.055867	-7.065284	-7.037442	-7.044150	-7.037250	-7.051828	-7.052344	-7.032094	-15.006823	-7.039164
1276.883000	-7.246988	-7.048282	-7.048247	-6.994261	-7.025853	-7.046604	-7.056047	-7.065411	-7.037440	-7.044318	-7.037357	-7.051985	-7.052417	-7.032146	-15.006980	-7.039361
1289.074000	-7.247090	-7.048356	-7.048360	-6.994258	-7.025942	-7.046645	-7.056161	-7.065482	-7.037461	-7.044371	-7.037406	-7.052112	-7.052416	-7.032143	-15.007005	-7.039494
1301.258000	-7.247135	-7.048415	-7.048452	-6.994269	-7.026011	-7.046680	-7.056236	-7.065542	-7.037474	-7.044422	-7.037438	-7.052169	-7.052452	-7.032176	-15.006873	-7.039614
1313.464000	-7.247185	-7.048442	-7.048510	-6.994263	-7.026089	-7.046679	-7.056344	-7.065565	-7.037454	-7.044461	-7.037474	-7.052206	-7.052438	-7.032217	-15.007145	-7.039691
1325.671000	-7.247220	-7.048474	-7.048584	-6.994271	-7.026136	-7.046687	-7.056409	-7.065591	-7.037463	-7.044484	-7.037503	-7.052268	-7.052445	-7.032228	-15.006933	-7.039760
1337.873000	-7.247274	-7.048530	-7.048613	-6.994277	-7.026180	-7.046710	-7.056461	-7.065627	-7.037461	-7.044502	-7.037524	-7.052302	-7.052459	-7.032245	-15.007108	-7.039819
1350.096000	-7.247294	-7.048550	-7.048644	-6.994297	-7.026225	-7.046732	-7.056514	-7.065649	-7.037486	-7.044511	-7.037551	-7.052321	-7.052439	-7.032256	-15.006996	-7.039898
1362.282000	-7.247341	-7.048582	-7.048686	-6.994309	-7.026279	-7.046751	-7.056561	-7.065654	-7.037483	-7.044552	-7.037564	-7.052325	-7.052475	-7.032286	-15.007082	-7.039923
1374.469000	-7.247369	-7.048586	-7.048708	-6.994301	-7.026298	-7.046774	-7.056579	-7.065661	-7.037479	-7.044547	-7.037571	-7.052350	-7.052489	-7.032313	-15.007034	-7.039967
1386.661000	-7.247383	-7.048611	-7.048738	-6.994317	-7.026319	-7.046794	-7.056590	-7.065655	-7.037483	-7.044557	-7.037594	-7.052363	-7.052468	-7.032323	-15.007233	-7.039985
1398.874000	-7.247379	-7.048627	-7.048767	-6.994321	-7.026325	-7.046793	-7.056616	-7.065661	-7.037464	-7.044539	-7.037595	-7.052358	-7.052447	-7.032311	-15.007192	-7.040008
1411.090000	-7.247403	-7.048657	-7.048775	-6.994339	-7.026342	-7.046792	-7.056641	-7.065661	-7.037476	-7.044575	-7.037602	-7.052387	-7.052442	-7.032316	-15.006984	-7.040019
1423.275000	-7.247405	-7.048664	-7.048796	-6.994329	-7.026377	-7.046803	-7.056656	-7.065649	-7.037441	-7.044564	-7.037614	-7.052386	-7.052467	-7.032320	-15.006931	-7.040040
1435.471000	-7.247430	-7.048689	-7.048791	-6.994348	-7.026379	-7.046798	-7.056678	-7.065653	-7.037443	-7.044558	-7.037602	-7.052367	-7.052454	-7.032337	-15.006859	-7.040035
1447.672000	-7.247447	-7.048674	-7.048806	-6.994344	-7.026395	-7.046838	-7.056691	-7.065654	-7.037451	-7.044570	-7.037608	-7.052407	-7.052489	-7.032334	-15.006867	-7.040046
1459.866000	-7.247443	-7.048660	-7.048823	-6.994350	-7.026384	-7.046824	-7.056711	-7.065630	-7.037440	-7.044575	-7.037618	-7.052383	-7.052505	-7.032319	-15.006917	-7.040053
1472.089000	-7.247445	-7.048668	-7.048848	-6.994317	-7.026389	-7.046826	-7.056715	-7.065614	-7.037436	-7.044572	-7.037620	-7.052382	-7.052488	-7.032317	-15.006885	-7.040065
1484.261000	-7.247444	-7.048673	-7.048849	-6.994328	-7.026405	-7.046832	-7.056715	-7.065592	-7.037428	-7.044549	-7.037616	-7.052375	-7.052519	-7.032324	-15.007180	-7.040065
1496.463000	-7.247448	-7.048696	-7.048880	-6.994335	-7.026391	-7.046845	-7.056698	-7.065583	-7.037437	-7.044555	-7.037619	-7.052368	-7.052512	-7.032344	-15.007138	-7.040054
1508.682000	-7.247468	-7.048674	-7.048861	-6.994334	-7.026429	-7.046847	-7.056725	-7.065571	-7.037431	-7.044564	-7.037619	-7.052349	-7.052528	-7.032327	-15.007143	-7.040086
1520.869000	-7.247461	-7.048668	-7.048884	-6.994342	-7.026430	-7.046841	-7.056732	-7.065560	-7.037410	-7.044553	-7.037605	-7.052359	-7.052519	-7.032323	-15.007240	-7.040080
1533.052000	-7.247469	-7.048671	-7.048880	-6.994345	-7.026430	-7.046853	-7.056731	-7.065540	-7.037399	-7.044544	-7.037619	-7.052361	-7.052549	-7.032318	-15.007011	-7.040083
1545.252000	-7.247462	-7.048644	-7.048901	-6.994344	-7.026411	-7.046860	-7.056740	-7.065523	-7.037382	-7.044522	-7.037611	-7.052350	-7.052525	-7.032330	-15.007166	-7.040081
1557.444000	-7.247475	-7.048649	-7.048904	-6.994346	-7.026444	-7.046862	-7.056734	-7.065501	-7.037373	-7.044528	-7.037613	-7.052354	-7.052500	-7.032314	-15.007227	-7.040095
1569.670000	-7.247477	-7.048655	-7.048903	-6.994344	-7.026422	-7.046838	-7.056742	-7.065478	-7.037353	-7.044519	-7.037633	-7.052324	-7.052493	-7.032321	-15.007073	-7.040097
1581.873000	-7.247470	-7.048641	-7.048892	-6.994359	-7.026448	-7.046846	-7.056742	-7.065459	-7.037342	-7.044496	-7.037623	-7.052314	-7.052501	-7.032312	-15.007385	-7.040105
1594.058000	-7.247478	-7.048696	-7.048935	-6.994339	-7.026457	-7.046854	-7.056767	-7.065429	-7.037347	-7.044493	-7.037623	-7.052317	-7.052479	-7.032326	-15.006958	-7.040113
1606.256000	-7.247473	-7.048698	-7.048931	-6.994367	-7.026453	-7.046836	-7.056739	-7.065422	-7.037334	-7.044492	-7.037638	-7.052290	-7.052484	-7.032336	-15.007129	-7.040107
1618.449000	-7.247469	-7.048664	-7.048924	-6.994361	-7.026459	-7.046841	-7.056754	-7.065376	-7.037308	-7.044478	-7.037629	-7.052281	-7.052497	-7.032321	-15.007026	-7.040109
1630.634000	-7.247479	-7.048682	-7.048937	-6.994359	-7.026454	-7.046849	-7.056737	-7.065382	-7.037318	-7.044446	-7.037625	-7.052281	-7.052479	-7.032321	-15.006805	-7.040107
1642.833000	-7.247492	-7.048687	-7.048926	-6.994350	-7.026468	-7.046833	-7.056743	-7.065358	-7.037316	-7.044442	-7.037651	-7.052253	-7.052504	-7.032316	-15.006986	-7.040126
1655.005000	-7.247483	-7.048656	-7.048948	-6.994363	-7.026483	-7.046856	-7.056742	-7.065329	-7.037313	-7.044430	-7.037631	-7.052231	-7.052474	-7.032318	-15.006935	-7.040139
1667.203000	-7.247466	-7.048650	-7.048927	-6.994357	-7.026465	-7.046872	-7.056748	-7.065345	-7.037315	-7.044404	-7.037647	-7.052218	-7.052447	-7.032318	-15.006916	-7.040153
1679.404000	-7.247482	-7.048644	-7.048935	-6.994377	-7.026486	-7.046861	-7.056773	-7.065325	-7.037323	-7.044397	-7.037640	-7.052227	-7.052489	-7.032312	-15.006788	-7.040163
1691.598000	-7.247487	-7.048668	-7.048955	-6.994371	-7.026482	-7.046842	-7.056771	-7.065299	-7.037305	-7.044362	-7.037638	-7.052202	-7.052494	-7.032283	-15.006931	-7.040158
1703.787000	-7.247491	-7.048679	-7.048941	-6.994374	-7.026463	-7.046853	-7.056762	-7.065315	-7.037302	-7.044358	-7.037648	-7.052218	-7.052485	-7.032308	-15.006895	-7.040163
1716.003000	-7.247477	-7.048655	-7.048951	-6.994377	-7.026459	-7.046876	-7.056736	-7.065303	-7.037295	-7.044328	-7.037640	-7.052214	-7.052464	-7.032280	-15.006901	-7.040144
1728.226000	-7.247484	-7.048632	-7.048935	-6.994378	-7.026474	-7.046868	-7.056742	-7.065303	-7.037289	-7.044333	-7.037632	-7.052214	-7.052473	-7.032295	-15.006704	-7.040153
1740.418000	-7.247473	-7.048658	-7.048959	-6.994358	-7.026476	-7.046870	-7.056777	-7.065298	-7.037291	-7.044316	-7.037634	-7.052184	-7.052453	-7.032273	-15.006878	-7.040164
1752.597000	-7.247434	-7.048629	-7.048934	-6.994362	-7.026445	-7.046850	-7.056741	-7.065242	-7.037225	-7.044232	-7.037621	-7.052152	-7.052381	-7.032265	-15.006948	-7.040138
1764.801000	-7.247416	-7.048618	-7.048940	-6.994359	-7.026449	-7.046851	-7.056740	-7.065197	-7.037185	-7.044190	-7.037625	-7.052126	-7.052358	-7.032263	-15.006950	-7.040130
1777.012000	-7.247442	-7.048624	-7.048935	-6.994352	-7.026442	-7.046848	-7.056736	-7.065190	-7.037154	-7.044183	-7.037632	-7.052125	-7.052387	-7.032267	-15.006996	-7.040144
1789.209000	-7.247441	-7.048618	-7.048907	-6.994338	-7.026452	-7.046862	-7.056742	-7.065171	-7.037158	-7.044155	-7.037641	-7.052104	-7.052372	-7.032250	-15.006786	-7.040159
1801.407000	-7.247427	-7.048620	-7.048943	-6.994348	-7.026469	-7.046840	-7.056726	-7.065149	-7.037145	-7.044132	-7.037618	-7.052080	-7.052390	-7.032252	-15.006836	-7.040161
1813.631000	-7.247425	-7.048607	-7.048949	-6.994358	-7.026456	-7.046849	-7.056723	-7.065160	-7.037145	-7.044111	-7.037617	-7.052090	-7.052363	-7.032256	-15.007079	-7.040163
1825.812000	-7.247412	-7.048601	-7.048944	-6.994362	-7.026445	-7.046845	-7.056743	-7.065144	-7.037165	-7.044074	-7.037632	-7.052092	-7.052364	-7.032253	-15.006917	-7.040163
1838.005000	-7.247424	-7.048612	-7.048959	-6.994346	-7.026456	-7.046841	-7.056740	-7.065145	-7.037143	-7.044081	-7.037636	-7.052081	-7.052386	-7.032255	-15.006874	-7.040166
1850.200000	-7.247404	-7.048602	-7.048961	-6.994361	-7.026445	-7.046848	-7.056744	-7.065132	-7.037150	-7.044070	-7.037631	-7.052071	-7.052361	-7.032261	-15.006917	-7.040172
1862.402000	-7.247390	-7.048600	-7.048958	-6.994365	-7.026446	-7.046866	-7.056733	-7.065130	-7.037154	-7.044035	-7.037633	-7.052071	-7.052382	-7.032244	-15.006927	-7.040167
1874.592000	-7.247405	-7.048596	-7.048946	-6.994368	-7.026444	-7.046860	-7.056745	-7.065107	-7.037156	-7.044038	-7.037641	-7.052055	-7.052363	-7.032236	-15.006923	-7.040161
1886.771000	-7.247402	-7.048593	-7.048948	-6.994365	-7.026465	-7.046866	-7.056726	-7.065112	-7.037155	-7.044025	-7.037621	-7.052064	-7.052357	-7.032217	-15.006902	-7.040157
1898.974000	-7.247404	-7.048588	-7.048937	-6.994354	-7.026475	-7.046842	-7.056749	-7.065111	-7.037166	-7.044015	-7.037622	-7.052061	-7.052374	-7.032227	-15.006738	-7.040174
1911.181000	-7.247398	-7.048569	-7.048948	-6.994360	-7.026465	-7.046855	-7.056749	-7.065100	-7.037137	-7.044004	-7.037610	-7.052055	-7.052356	-7.032213	-15.006776	-7.040159
1923.383000	-7.247388	-7.048595	-7.048944	-6.994346	-7.026480	-7.046842	-7.056733	-7.065100	-7.037129	-7.043979	-7.037626	-7.052024	-7.052358	-7.032218	-15.006953	-7.040146
1935.620000	-7.247366	-7.048585	-7.048959	-6.994353	-7.026475	-7.046853	-7.056748	-7.065103	-7.037121	-7.043979	-7.037601	-7.052022	-7.052343	-7.032202	-15.006778	-7.040144
1947.840000	-7.247364	-7.048582	-7.048933	-6.994359	-7.026478	-7.046846	-7.056745	-7.065069	-7.037091	-7.043954	-7.037610	-7.052003	-7.052346	-7.032211	-15.006753	-7.040151
1960.005000	-7.247372	-7.048572	-7.048946	-6.994364	-7.026468	-7.046837	-7.056744	-7.065078	-7.037099	-7.043967	-7.037625	-7.052006	-7.052360	-7.032196	-15.006567	-7.040170
1972.207000	-7.247370	-7.048575	-7.048962	-6.994372	-7.026449	-7.046849	-7.056738	-7.065074	-7.037118	-7.043933	-7.037634	-7.052020	-7.052340	-7.032181	-15.006755	-7.040177
1984.375000	-7.247348	-7.048553	-7.048959	-6.994376	-7.026473	-7.046850	-7.056730	-7.065065	-7.037080	-7.043933	-7.037623	-7.052022	-7.052337	-7.032186	-15.006628	-7.040163
1996.564000	-7.247341	-7.048554	-7.048956	-6.994380	-7.026467	-7.046860	-7.056744	-7.065076	-7.037098	-7.043933	-7.037617	-7.052016	-7.052335	-7.032168	-15.006602	-7.040160
2008.769000	-7.247346	-7.048549	-7.048947	-6.994380	-7.026450	-7.046837	-7.056734	-7.065076	-7.037086	-7.043914	-7.037622	-7.052009	-7.052325	-7.032179	-15.006778	-7.040159
2020.961000	-7.247342	-7.048554	-7.048960	-6.994367	-7.026452	-7.046846	-7.056718	-7.065071	-7.037088	-7.043945	-7.037623	-7.052008	-7.052328	-7.032176	-15.006814	-7.040154
2033.155000	-7.247350	-7.048552	-7.048970	-6.994368	-7.026452	-7.046843	-7.056730	-7.065067	-7.037102	-7.043922	-7.037615	-7.051996	-7.052319	-7.032168	-15.006929	-7.040181
2045.360000	-7.247348	-7.048542	-7.048983	-6.994363	-7.026478	-7.046839	-7.056738	-7.065061	-7.037085	-7.043902	-7.037609	-7.051995	-7.052331	-7.032179	-15.006729	-7.040168
2057.550000	-7.247330	-7.048518	-7.048965	-6.994357	-7.026469	-7.046848	-7.056744	-7.065035	-7.037096	-7.043895	-7.037598	-7.051992	-7.052344	-7.032170	-15.006920	-7.040169
2069.770000	-7.247342	-7.048540	-7.048969	-6.994369	-7.026460	-7.046842	-7.056706	-7.065048	-7.037075	-7.043898	-7.037616	-7.051998	-7.052328	-7.032201	-15.006797	-7.040217
2081.987000	-7.247372	-7.048558	-7.048931	-6.994380	-7.026585	-7.046981	-7.056736	-7.065161	-7.037182	-7.043966	-7.037582	-7.052165	-7.052312	-7.032392	-15.006669	-7.040228
2094.179000	-7.247458	-7.048637	-7.048871	-6.994387	-7.026630	-7.046917	-7.056747	-7.065543	-7.037334	-7.044255	-7.037536	-7.052397	-7.052301	-7.032521	-15.006711	-7.040124
2106.356000	-7.247474	-7.048611	-7.048735	-6.994367	-7.026596	-7.046817	-7.056716	-7.065701	-7.037357	-7.044479	-7.037448	-7.052249	-7.052340	-7.032615	-15.006847	-7.040019
2118.572000	-7.247442	-7.048588	-7.048590	-6.994355	-7.026534	-7.046710	-7.056636	-7.065670	-7.037331	-7.044424	-7.037377	-7.052100	-7.052451	-7.032615	-15.007026	-7.039886
2130.781000	-7.247405	-7.048578	-7.048504	-6.994331	-7.026453	-7.046636	-7.056573	-7.065610	-7.037287	-7.044421	-7.037341	-7.051984	-7.052441	-7.032592	-15.006931	-7.039777
2142.982000	-7.247374	-7.048528	-7.048428	-6.994288	-7.026362	-7.046636	-7.056501	-7.065579	-7.037276	-7.044387	-7.037299	-7.051945	-7.052435	-7.032601	-15.006866	-7.039683
2155.183000	-7.247332	-7.048512	-7.048357	-6.994311	-7.026344	-7.046575	-7.056469	-7.065517	-7.037289	-7.044330	-7.037275	-7.051909	-7.052408	-7.032571	-15.006854	-7.039588
2167.380000	-7.247299	-7.048470	-7.048319	-6.994309	-7.026286	-7.046583	-7.056420	-7.065580	-7.037264	-7.044310	-7.037270	-7.051864	-7.052396	-7.032563	-15.006969	-7.039543
2179.582000	-7.247272	-7.048452	-7.048287	-6.994294	-7.026269	-7.046557	-7.056351	-7.065493	-7.037267	-7.044273	-7.037257	-7.051852	-7.052449	-7.032549	-15.006966	-7.039511
2191.783000	-7.247270	-7.048418	-7.048267	-6.994286	-7.026230	-7.046538	-7.056314	-7.065474	-7.037290	-7.044268	-7.037240	-7.051788	-7.052419	-7.032538	-15.007063	-7.039474
2204.005000	-7.247252	-7.048426	-7.048268	-6.994316	-7.026213	-7.046527	-7.056308	-7.065462	-7.037246	-7.044157	-7.037227	-7.051779	-7.052400	-7.032522	-15.006888	-7.039453
2216.208000	-7.247232	-7.048420	-7.048287	-6.994303	-7.026220	-7.046524	-7.056277	-7.065456	-7.037266	-7.044238	-7.037215	-7.051783	-7.052415	-7.032539	-15.006815	-7.039452
2228.413000	-7.247232	-7.048387	-7.048253	-6.994314	-7.026179	-7.046523	-7.056245	-7.065464	-7.037265	-7.044229	-7.037228	-7.051808	-7.052398	-7.032543	-15.006747	-7.039411
2240.607000	-7.247186	-7.048362	-7.048226	-6.994292	-7.026211	-7.046558	-7.056256	-7.065487	-7.037264	-7.044242	-7.037224	-7.051789	-7.052386	-7.032529	-15.006781	-7.039396
2252.790000	-7.247224	-7.048380	-7.048218	-6.994308	-7.026167	-7.046500	-7.056224	-7.065434	-7.037247	-7.044255	-7.037237	-7.051792	-7.052424	-7.032509	-15.006740	-7.039389
2264.987000	-7.247186	-7.048369	-7.048243	-6.994298	-7.026136	-7.046487	-7.056216	-7.065411	-7.037250	-7.044240	-7.037233	-7.051820	-7.052382	-7.032493	-15.006783	-7.039319
2277.175000	-7.247204	-7.048344	-7.048163	-6.994310	-7.026149	-7.046487	-7.056170	-7.065445	-7.037267	-7.044226	-7.037221	-7.051756	-7.052396	-7.032483	-15.006738	-7.039356
2289.368000	-7.247196	-7.048364	-7.048213	-6.994315	-7.026164	-7.046490	-7.056183	-7.065437	-7.037247	-7.044221	-7.037248	-7.051765	-7.052416	-7.032487	-15.006831	-7.039340
2301.541000	-7.247209	-7.048441	-7.048214	-6.994301	-7.026164	-7.046491	-7.056163	-7.065444	-7.037270	-7.044208	-7.037235	-7.051760	-7.052396	-7.032483	-15.006874	-7.039329
2313.735000	-7.247208	-7.048332	-7.048203	-6.994319	-7.026170	-7.046504	-7.056158	-7.065423	-7.037256	-7.044219	-7.037215	-7.051753	-7.052382	-7.032491	-15.006845	-7.039320
2325.936000	-7.247209	-7.048345	-7.048201	-6.994321	-7.026163	-7.046499	-7.056181	-7.065426	-7.037294	-7.044200	-7.037209	-7.051771	-7.052387	-7.032504	-15.006666	-7.039305
2338.136000	-7.247183	-7.048345	-7.048195	-6.994291	-7.026174	-7.046484	-7.056178	-7.065424	-7.037267	-7.044210	-7.037218	-7.051747	-7.052400	-7.032506	-15.006707	-7.039305
2350.332000	-7.247171	-7.048358	-7.048199	-6.994316	-7.026148	-7.046511	-7.056186	-7.065405	-7.037264	-7.044200	-7.037217	-7.051768	-7.052400	-7.032497	-15.006710	-7.039295
2362.517000	-7.247190	-7.048366	-7.048169	-6.994315	-7.026153	-7.046487	-7.056195	-7.065398	-7.037263	-7.044207	-7.037215	-7.051740	-7.052372	-7.032490	-15.006894	-7.039315
2374.719000	-7.247170	-7.048378	-7.048175	-6.994302	-7.026153	-7.046498	-7.056195	-7.065406	-7.037261	-7.044210	-7.037234	-7.051735	-7.052377	-7.032504	-15.006873	-7.039360
2386.919000	-7.247201	-7.048351	-7.048185	-6.994306	-7.026158	-7.046463	-7.056153	-7.065459	-7.037281	-7.044206	-7.037208	-7.051750	-7.052388	-7.032506	-15.006657	-7.039314
2399.093000	-7.247179	-7.048368	-7.048175	-6.994293	-7.026156	-7.046492	-7.056178	-7.065423	-7.037277	-7.044097	-7.037208	-7.051747	-7.052389	-7.032513	-15.006773	-7.039276
2411.298000	-7.247156	-7.048343	-7.048197	-6.994313	-7.026139	-7.046514	-7.056174	-7.065392	-7.037242	-7.044203	-7.037214	-7.051736	-7.052358	-7.032489	-15.006966	-7.039287
2423.482000	-7.247142	-7.048345	-7.048150	-6.994294	-7.026131	-7.046501	-7.056160	-7.065409	-7.037265	-7.044206	-7.037208	-7.051736	-7.052365	-7.032500	-15.006956	-7.039286
2435.667000	-7.247120	-7.048347	-7.048184	-6.994311	-7.026144	-7.046499	-7.056195	-7.065444	-7.037311	-7.044172	-7.037216	-7.051754	-7.052385	-7.032483	-15.006928	-7.039289
2447.858000	-7.247157	-7.048220	-7.048176	-6.994298	-7.026127	-7.046484	-7.056179	-7.065419	-7.037267	-7.044178	-7.037215	-7.051739	-7.052376	-7.032478	-15.007038	-7.039275
2460.042000	-7.247155	-7.048318	-7.048145	-6.994310	-7.026130	-7.046503	-7.056133	-7.065457	-7.037278	-7.044227	-7.037210	-7.051767	-7.052354	-7.032485	-15.007048	-7.039307
2472.221000	-7.247136	-7.048415	-7.048138	-6.994316	-7.026192	-7.046604	-7.056197	-7.065406	-7.037287	-7.044157	-7.037208	-7.051773	-7.052361	-7.032504	-15.006877	-7.039226
2484.410000	-7.247182	-7.048378	-7.048174	-6.994316	-7.026112	-7.046489	-7.056199	-7.065463	-7.037231	-7.044180	-7.037239	-7.051768	-7.052377	-7.032478	-15.007025	-7.039279
2496.594000	-7.247181	-7.048373	-7.048175	-6.994310	-7.026144	-7.046497	-7.056189	-7.065457	-7.037248	-7.044176	-7.037235	-7.051735	-7.052405	-7.032488	-15.006927	-7.039283
2508.780000	-7.247181	-7.048355	-7.048172	-6.994312	-7.026160	-7.046555	-7.056145	-7.065411	-7.037311	-7.044233	-7.037213	-7.051707	-7.052376	-7.032497	-15.006899	-7.039278
2520.981000	-7.247171	-7.048304	-7.048163	-6.994317	-7.026176	-7.046540	-7.056181	-7.065417	-7.037267	-7.044202	-7.037210	-7.051757	-7.052388	-7.032496	-15.006959	-7.039277
2533.168000	-7.247167	-7.048367	-7.048184	-6.994300	-7.026122	-7.046500	-7.056142	-7.065430	-7.037263	-7.044194	-7.037234	-7.051743	-7.052398	-7.032502	-15.006781	-7.039275
2545.360000	-7.247179	-7.048332	-7.048192	-6.994297	-7.026125	-7.046500	-7.056148	-7.065438	-7.037257	-7.044189	-7.037229	-7.051732	-7.052382	-7.032497	-15.007125	-7.039271
2557.567000	-7.247149	-7.048350	-7.048163	-6.994313	-7.026134	-7.046518	-7.056171	-7.065411	-7.037255	-7.044204	-7.037223	-7.051726	-7.052370	-7.032511	-15.006819	-7.039267
2569.760000	-7.247168	-7.048358	-7.048174	-6.994313	-7.026134	-7.046486	-7.056152	-7.065398	-7.037278	-7.044205	-7.037209	-7.051732	-7.052397	-7.032491	-15.006799	-7.039278
2581.949000	-7.247157	-7.048369	-7.048157	-6.994306	-7.026147	-7.046509	-7.056148	-7.065397	-7.037261	-7.044198	-7.037198	-7.051723	-7.052364	-7.032480	-15.006845	-7.039268
2594.153000	-7.247157	-7.048358	-7.048141	-6.994309	-7.026137	-7.046510	-7.056157	-7.065419	-7.037262	-7.044202	-7.037214	-7.051732	-7.052366	-7.032482	-15.006917	-7.039285
2606.346000	-7.247157	-7.048347	-7.048153	-6.994307	-7.026123	-7.046519	-7.056186	-7.065385	-7.037272	-7.044176	-7.037223	-7.051717	-7.052372	-7.032485	-15.007154	-7.039274
2618.560000	-7.247166	-7.048364	-7.048150	-6.994305	-7.026131	-7.046504	-7.056193	-7.065418	-7.037272	-7.044203	-7.037198	-7.051724	-7.052360	-7.032479	-15.006952	-7.039259
2630.744000	-7.247185	-7.048379	-7.048152	-6.994312	-7.026142	-7.046495	-7.056181	-7.065400	-7.037271	-7.044184	-7.037204	-7.051717	-7.052372	-7.032479	-15.006955	-7.039255
	-7.247157															
