4.990000	-7.230949	-7.511767	-7.234773	-7.209210	-7.203551	-7.181459	-7.239686	-7.232659	-7.170557	-7.239387	-7.254831	-7.225003	-7.254811	-7.231212	-14.995250	-12.540662
24.990000	-7.231269	-7.512701	-7.234850	-7.209313	-7.203870	-7.182059	-7.239860	-7.233144	-7.170710	-7.239680	-7.255116	-7.225546	-7.255020	-7.231335	-14.995274	-12.541182
45.030000	-7.231312	-7.513635	-7.234861	-7.209348	-7.203936	-7.182105	-7.239896	-7.233202	-7.170761	-7.239710	-7.255166	-7.225639	-7.255080	-7.231349	-14.995228	-12.541363
65.040000	-7.231332	-7.514047	-7.234857	-7.209347	-7.203988	-7.182105	-7.239901	-7.233206	-7.170753	-7.239699	-7.255191	-7.225654	-7.255059	-7.231355	-14.995270	-12.541396
85.060000	-7.231290	-7.513626	-7.234842	-7.209342	-7.203980	-7.182134	-7.239880	-7.233189	-7.170761	-7.239704	-7.255185	-7.225665	-7.255056	-7.231343	-14.995290	-12.541520
105.060000	-7.231309	-7.513730	-7.234864	-7.209373	-7.204088	-7.182177	-7.239913	-7.233257	-7.170762	-7.239777	-7.255243	-7.225677	-7.255097	-7.231384	-14.995227	-12.541648
125.020000	-7.231307	-7.513975	-7.234849	-7.209380	-7.204056	-7.182164	-7.239923	-7.233225	-7.170736	-7.239737	-7.255232	-7.225662	-7.255075	-7.231364	-14.995213	-12.541695
145.010000	-7.231327	-7.514159	-7.234878	-7.209343	-7.204048	-7.182156	-7.239919	-7.233230	-7.170737	-7.239728	-7.255206	-7.225680	-7.255105	-7.231362	-14.995215	-12.541747
164.991000	-7.231345	-7.513911	-7.234903	-7.209339	-7.204078	-7.182122	-7.239922	-7.233228	-7.170739	-7.239774	-7.255206	-7.225660	-7.255075	-7.231359	-14.995278	-12.541842
185.020000	-7.231347	-7.513994	-7.234885	-7.209342	-7.204025	-7.182141	-7.239902	-7.233214	-7.170749	-7.239776	-7.255222	-7.225673	-7.255084	-7.231386	-14.995233	-12.541857
205.020000	-7.231321	-7.513852	-7.234875	-7.209324	-7.204043	-7.182157	-7.239910	-7.233202	-7.170731	-7.239779	-7.255197	-7.225652	-7.255076	-7.231355	-14.995259	-12.541898
225.000000	-7.231338	-7.514118	-7.234866	-7.209356	-7.204077	-7.182174	-7.239932	-7.233275	-7.170764	-7.239805	-7.255197	-7.225684	-7.255081	-7.231366	-14.995273	-12.541965
244.980000	-7.231378	-7.514021	-7.234883	-7.209371	-7.204058	-7.182187	-7.239951	-7.233268	-7.170740	-7.239802	-7.255226	-7.225730	-7.255087	-7.231376	-14.995208	-12.542036
264.981000	-7.231359	-7.514346	-7.234875	-7.209344	-7.204085	-7.182186	-7.239948	-7.233254	-7.170762	-7.239802	-7.255235	-7.225700	-7.255122	-7.231370	-14.995183	-12.542114
284.950000	-7.231375	-7.514771	-7.234856	-7.209381	-7.204103	-7.182163	-7.239935	-7.233234	-7.170743	-7.239780	-7.255234	-7.225681	-7.255111	-7.231360	-14.995294	-12.542079
304.910000	-7.231374	-7.514240	-7.234861	-7.209361	-7.204067	-7.182167	-7.239926	-7.233211	-7.170765	-7.239805	-7.255206	-7.225682	-7.255101	-7.231352	-14.995275	-12.542127
324.890000	-7.231373	-7.514902	-7.234841	-7.209365	-7.204087	-7.182175	-7.239955	-7.233267	-7.170751	-7.239813	-7.255221	-7.225730	-7.255108	-7.231342	-14.995256	-12.542237
344.870000	-7.231340	-7.514574	-7.234837	-7.209343	-7.204042	-7.182133	-7.239926	-7.233254	-7.170746	-7.239812	-7.255191	-7.225682	-7.255137	-7.231350	-14.995248	-12.542202
364.863000	-7.231369	-7.514724	-7.234854	-7.209365	-7.204112	-7.182147	-7.239934	-7.233258	-7.170759	-7.239794	-7.255228	-7.225718	-7.255096	-7.231331	-14.995281	-12.542322
384.880000	-7.231405	-7.514719	-7.234856	-7.209367	-7.204119	-7.182178	-7.239950	-7.233265	-7.170736	-7.239820	-7.255237	-7.225724	-7.255130	-7.231342	-14.995262	-12.542323
404.861000	-7.231378	-7.515107	-7.234854	-7.209377	-7.204109	-7.182151	-7.239961	-7.233260	-7.170771	-7.239826	-7.255240	-7.225685	-7.255100	-7.231355	-14.995261	-12.542364
424.840000	-7.231376	-7.514589	-7.234865	-7.209368	-7.204100	-7.182160	-7.239967	-7.233294	-7.170764	-7.239835	-7.255207	-7.225685	-7.255113	-7.231351	-14.995251	-12.542363
444.820000	-7.231352	-7.514910	-7.234829	-7.209388	-7.204099	-7.182145	-7.239971	-7.233288	-7.170756	-7.239846	-7.255223	-7.225695	-7.255096	-7.231350	-14.995240	-12.542385
464.800000	-7.231349	-7.514982	-7.234836	-7.209357	-7.204081	-7.182125	-7.239985	-7.233268	-7.170736	-7.239814	-7.255223	-7.225699	-7.255078	-7.231329	-14.995206	-12.542419
484.760000	-7.231360	-7.514481	-7.234870	-7.209361	-7.204108	-7.182151	-7.239941	-7.233243	-7.170722	-7.239797	-7.255186	-7.225689	-7.255120	-7.231325	-14.995242	-12.542474
504.750000	-7.231370	-7.514293	-7.234857	-7.209362	-7.204088	-7.182141	-7.239948	-7.233254	-7.170742	-7.239810	-7.255183	-7.225686	-7.255106	-7.231334	-14.995225	-12.542545
524.720000	-7.231356	-7.514949	-7.234831	-7.209342	-7.204087	-7.182139	-7.239944	-7.233276	-7.170737	-7.239808	-7.255193	-7.225677	-7.255112	-7.231305	-14.995294	-12.542592
544.690000	-7.231343	-7.514939	-7.234831	-7.209377	-7.204079	-7.182154	-7.239953	-7.233253	-7.170711	-7.239785	-7.255205	-7.225683	-7.255100	-7.231323	-14.995192	-12.542557
564.651000	-7.231366	-7.515278	-7.234830	-7.209379	-7.204076	-7.182174	-7.239936	-7.233274	-7.170717	-7.239799	-7.255217	-7.225676	-7.255091	-7.231336	-14.995226	-12.542575
584.640000	-7.231347	-7.514888	-7.234862	-7.209377	-7.204097	-7.182178	-7.239944	-7.233285	-7.170746	-7.239815	-7.255217	-7.225670	-7.255108	-7.231324	-14.995212	-12.542678
604.611000	-7.231351	-7.514841	-7.234849	-7.209337	-7.204042	-7.182153	-7.239928	-7.233253	-7.170735	-7.239787	-7.255184	-7.225699	-7.255115	-7.231339	-14.995238	-12.542609
624.580000	-7.231393	-7.515468	-7.234864	-7.209357	-7.204093	-7.182172	-7.239940	-7.233285	-7.170779	-7.239794	-7.255217	-7.225701	-7.255124	-7.231333	-14.995188	-12.542663
644.540000	-7.231379	-7.515248	-7.234833	-7.209355	-7.204075	-7.182130	-7.239945	-7.233256	-7.170739	-7.239800	-7.255211	-7.225690	-7.255124	-7.231343	-14.995262	-12.542655
664.530000	-7.231371	-7.515358	-7.234833	-7.209341	-7.204082	-7.182132	-7.239946	-7.233239	-7.170746	-7.239792	-7.255205	-7.225696	-7.255153	-7.231321	-14.995199	-12.542675
684.550000	-7.231337	-7.515293	-7.234849	-7.209336	-7.204086	-7.182164	-7.239932	-7.233255	-7.170765	-7.239786	-7.255221	-7.225690	-7.255105	-7.231315	-14.995168	-12.542701
704.520000	-7.231379	-7.515778	-7.234856	-7.209358	-7.204099	-7.182149	-7.239953	-7.233248	-7.170765	-7.239800	-7.255182	-7.225698	-7.255090	-7.231341	-14.995175	-12.542724
724.502000	-7.231382	-7.515289	-7.234861	-7.209371	-7.204118	-7.182186	-7.239970	-7.233266	-7.170754	-7.239800	-7.255219	-7.225728	-7.255128	-7.231318	-14.995199	-12.542751
744.480000	-7.231376	-7.514991	-7.234829	-7.209366	-7.204111	-7.182194	-7.239969	-7.233276	-7.170789	-7.239819	-7.255209	-7.225702	-7.255110	-7.231328	-14.995218	-12.542755
764.470000	-7.231380	-7.514946	-7.234856	-7.209348	-7.204145	-7.182194	-7.239972	-7.233289	-7.170760	-7.239791	-7.255218	-7.225735	-7.255126	-7.231315	-14.995200	-12.542821
784.454000	-7.231375	-7.515115	-7.234817	-7.209360	-7.204109	-7.182176	-7.239941	-7.233271	-7.170734	-7.239807	-7.255234	-7.225719	-7.255128	-7.231319	-14.995230	-12.542790
804.462000	-7.231370	-7.515376	-7.234835	-7.209368	-7.204156	-7.182183	-7.240001	-7.233270	-7.170749	-7.239821	-7.255223	-7.225700	-7.255155	-7.231345	-14.995246	-12.542906
824.450000	-7.231391	-7.515678	-7.234856	-7.209382	-7.204152	-7.182208	-7.239964	-7.233304	-7.170780	-7.239836	-7.255241	-7.225759	-7.255117	-7.231357	-14.995202	-12.542891
844.450000	-7.231370	-7.515531	-7.234841	-7.209364	-7.204109	-7.182164	-7.239966	-7.233246	-7.170748	-7.239815	-7.255250	-7.225695	-7.255126	-7.231335	-14.995192	-12.542903
864.470000	-7.231399	-7.515340	-7.234849	-7.209402	-7.204134	-7.182197	-7.239964	-7.233285	-7.170783	-7.239807	-7.255255	-7.225751	-7.255143	-7.231365	-14.995206	-12.542970
884.470000	-7.231362	-7.515931	-7.234866	-7.209401	-7.204125	-7.182178	-7.239953	-7.233303	-7.170758	-7.239832	-7.255234	-7.225754	-7.255104	-7.231339	-14.995230	-12.542940
904.490000	-7.231369	-7.515193	-7.234869	-7.209377	-7.204122	-7.182179	-7.239978	-7.233283	-7.170768	-7.239807	-7.255219	-7.225718	-7.255096	-7.231369	-14.995201	-12.542996
924.500000	-7.231361	-7.515445	-7.234844	-7.209351	-7.204100	-7.182173	-7.239950	-7.233265	-7.170781	-7.239830	-7.255230	-7.225725	-7.255095	-7.231349	-14.995216	-12.543070
944.480000	-7.231359	-7.516328	-7.234841	-7.209375	-7.204099	-7.182166	-7.239960	-7.233290	-7.170756	-7.239816	-7.255211	-7.225718	-7.255102	-7.231365	-14.995190	-12.543001
964.441000	-7.231359	-7.515390	-7.234838	-7.209339	-7.204108	-7.182178	-7.239968	-7.233282	-7.170789	-7.239817	-7.255229	-7.225725	-7.255103	-7.231336	-14.995257	-12.542996
984.430000	-7.231346	-7.515409	-7.234859	-7.209369	-7.204121	-7.182176	-7.239997	-7.233272	-7.170768	-7.239808	-7.255257	-7.225720	-7.255109	-7.231348	-14.995207	-12.543053
1004.430000	-7.231382	-7.515297	-7.234869	-7.209412	-7.204180	-7.182163	-7.239991	-7.233291	-7.170763	-7.239824	-7.255262	-7.225723	-7.255104	-7.231365	-14.995225	-12.543068
1024.380000	-7.231360	-7.515615	-7.234868	-7.209362	-7.204117	-7.182190	-7.239952	-7.233297	-7.170760	-7.239824	-7.255228	-7.225742	-7.255114	-7.231347	-14.995244	-12.543129
1044.360000	-7.231361	-7.514815	-7.234859	-7.209374	-7.204125	-7.182172	-7.239958	-7.233272	-7.170777	-7.239809	-7.255256	-7.225727	-7.255156	-7.231340	-14.995210	-12.543105
1064.355000	-7.231360	-7.515181	-7.234864	-7.209393	-7.204111	-7.182193	-7.239964	-7.233286	-7.170735	-7.239819	-7.255234	-7.225721	-7.255135	-7.231354	-14.995241	-12.543087
1084.381000	-7.231366	-7.515758	-7.234885	-7.209431	-7.204108	-7.182208	-7.239968	-7.233268	-7.170752	-7.239813	-7.255201	-7.225679	-7.255128	-7.231349	-14.995252	-12.543137
1104.370000	-7.231392	-7.515256	-7.234849	-7.209383	-7.204108	-7.182174	-7.239959	-7.233262	-7.170765	-7.239793	-7.255227	-7.225700	-7.255139	-7.231347	-14.995302	-12.543164
1124.350000	-7.231392	-7.515239	-7.234865	-7.209412	-7.204138	-7.182190	-7.239992	-7.233266	-7.170760	-7.239825	-7.255252	-7.225722	-7.255127	-7.231343	-14.995223	-12.543214
1144.340000	-7.231371	-7.515614	-7.234866	-7.209362	-7.204119	-7.182163	-7.239963	-7.233270	-7.170735	-7.239810	-7.255221	-7.225714	-7.255112	-7.231339	-14.995216	-12.543194
1164.350000	-7.231400	-7.514943	-7.234835	-7.209420	-7.204144	-7.182184	-7.239991	-7.233310	-7.170760	-7.239852	-7.255240	-7.225756	-7.255151	-7.231345	-14.995249	-12.543228
1184.340000	-7.231408	-7.514463	-7.234846	-7.209396	-7.204146	-7.182194	-7.239985	-7.233277	-7.170760	-7.239837	-7.255262	-7.225762	-7.255163	-7.231368	-14.995202	-12.543210
1204.320000	-7.231384	-7.515398	-7.234824	-7.209357	-7.204124	-7.182176	-7.239945	-7.233265	-7.170748	-7.239830	-7.255257	-7.225735	-7.255120	-7.231353	-14.995215	-12.543182
1224.291000	-7.231390	-7.515269	-7.234840	-7.209382	-7.204132	-7.182167	-7.240004	-7.233257	-7.170776	-7.239857	-7.255267	-7.225718	-7.255163	-7.231357	-14.995177	-12.543291
	-7.231404															
