4.863000	-7.172820	-7.229871	-7.153230	-0.118494	-7.135712	-2.322785	NaN	-2.159120	-7.264671	-2.200507	-7.201681	-7.242691	-7.181716	-7.238264	-14.995150	-14.981734
24.864000	-7.172933	-7.229947	-7.153732	-0.118556	-7.135594	-2.334607	-12.555193	-2.157563	-7.264712	-2.199204	-7.201785	-7.242895	-7.181626	-7.238468	-14.995153	-14.981729
44.885000	-7.175943	-7.233049	-7.156597	-0.469274	-7.530538	-2.397409	-15.582105	-2.884473	-7.267215	-2.974407	-7.209846	-7.245470	-7.183732	-7.241234	-59.971876	-59.918062
64.914000	-7.175973	-7.233228	-7.156631	-0.469141	-7.806066	-2.398683	-15.789398	-2.884164	-7.267199	-2.974046	-7.209846	-7.245433	-7.183572	-7.241166	-59.971940	-59.918183
84.924000	-7.172964	-7.230132	-7.153779	-0.118498	-7.135379	-2.349712	-12.563843	-2.157566	-7.264701	-2.199254	-7.201813	-7.242920	-7.181456	-7.238556	-14.995169	-14.981771
104.941000	-7.172991	-7.230040	-7.153840	-0.118504	-7.135464	-2.345438	-12.563224	-2.157321	-7.264727	-2.199094	-7.201822	-7.242968	-7.181453	-7.238567	-14.995102	-14.981761
124.993000	-7.172967	-7.229925	-7.153737	-0.118490	-7.135716	-2.315503	-12.562724	-2.157849	-7.264687	-2.199514	-7.201779	-7.242850	-7.181625	-7.238445	-14.995171	-14.981741
145.004000	-7.172922	-7.229785	-7.153673	-0.118499	-7.136006	-2.282052	-12.562377	-2.158148	-7.264676	-2.199808	-7.201740	-7.242801	-7.181791	-7.238405	-14.995192	-14.981722
165.014000	-7.172887	-7.229658	-7.153605	-0.118508	-7.136294	-2.246627	-12.561976	-2.158461	-7.264675	-2.200094	-7.201671	-7.242714	-7.181942	-7.238313	-14.995140	-14.981761
185.055000	-7.172846	-7.229523	-7.153515	-0.118497	-7.136661	-2.208260	-12.561542	-2.158822	-7.264673	-2.200456	-7.201605	-7.242646	-7.182178	-7.238203	-14.995140	-14.981746
205.093000	-7.172817	-7.229418	-7.153450	-0.118508	-7.137113	-2.167252	-12.561161	-2.159163	-7.264639	-2.200728	-7.201578	-7.242558	-7.182424	-7.238113	-14.995119	-14.981777
225.133000	-7.172802	-7.229299	-7.153397	-0.118506	-7.137579	-2.124744	-12.560847	-2.159514	-7.264616	-2.201092	-7.201520	-7.242489	-7.182702	-7.238022	-14.995167	-14.981792
245.133000	-7.172764	-7.229204	-7.153313	-0.118485	-7.138017	-2.083172	-12.560512	-2.159819	-7.264616	-2.201368	-7.201447	-7.242437	-7.182995	-7.237941	-14.995163	-14.981741
265.164000	-7.172726	-7.229161	-7.153201	-0.118507	-7.138535	-2.042228	-12.560092	-2.160126	-7.264570	-2.201597	-7.201416	-7.242354	-7.183314	-7.237902	-14.995148	-14.981743
285.203000	-7.172668	-7.229083	-7.153145	-0.118490	-7.139009	-2.002733	-12.559782	-2.160495	-7.264572	-2.201914	-7.201374	-7.242291	-7.183639	-7.237808	-14.995180	-14.981778
305.235000	-7.172653	-7.229093	-7.153071	-0.118484	-7.139471	-1.965418	-12.559417	-2.160707	-7.264537	-2.202086	-7.201339	-7.242210	-7.183960	-7.237688	-14.995178	-14.981819
325.265000	-7.172613	-7.229055	-7.153039	-0.118476	-7.139949	-1.930682	-12.559080	-2.161032	-7.264548	-2.202358	-7.201293	-7.242144	-7.184242	-7.237627	-14.995222	-14.981788
345.254000	-7.172566	-7.229069	-7.152981	-0.118478	-7.140405	-1.899331	-12.558718	-2.161136	-7.264534	-2.202459	-7.201255	-7.242090	-7.184539	-7.237544	-14.995172	-14.981776
365.273000	-7.172558	-7.229081	-7.152904	-0.118483	-7.140804	-1.870328	-12.558399	-2.161369	-7.264526	-2.202652	-7.201237	-7.242052	-7.184855	-7.237508	-14.995165	-14.981818
385.273000	-7.172536	-7.229098	-7.152872	-0.118469	-7.141185	-1.843748	-12.558084	-2.161635	-7.264526	-2.202827	-7.201139	-7.241997	-7.185098	-7.237406	-14.995154	-14.981802
405.273000	-7.172484	-7.229110	-7.152790	-0.118445	-7.141530	-1.819620	-12.557824	-2.161839	-7.264492	-2.202997	-7.201131	-7.241923	-7.185376	-7.237366	-14.995164	-14.981790
425.268000	-7.172489	-7.229127	-7.152736	-0.118416	-7.141840	-1.797700	-12.557583	-2.162002	-7.264473	-2.203101	-7.201109	-7.241910	-7.185602	-7.237319	-14.995155	-14.981766
445.307000	-7.172446	-7.229195	-7.152694	-0.118417	-7.142178	-1.777389	-12.557412	-2.162126	-7.264514	-2.203182	-7.201036	-7.241876	-7.185825	-7.237262	-14.995156	-14.981788
465.293000	-7.172429	-7.229213	-7.152627	-0.118411	-7.142458	-1.758450	-12.557206	-2.162243	-7.264468	-2.203297	-7.201012	-7.241813	-7.186021	-7.237216	-14.995149	-14.981798
485.313000	-7.172434	-7.229197	-7.152612	-0.118395	-7.142726	-1.741849	-12.556822	-2.162398	-7.264457	-2.203422	-7.200983	-7.241796	-7.186202	-7.237184	-14.995211	-14.981821
505.303000	-7.172371	-7.229252	-7.152582	-0.118401	-7.142990	-1.725379	-12.556706	-2.162430	-7.264447	-2.203458	-7.200999	-7.241751	-7.186386	-7.237137	-14.995191	-14.981746
525.303000	-7.172384	-7.229289	-7.152550	-0.118391	-7.143216	-1.710650	-12.556458	-2.162590	-7.264483	-2.203564	-7.200970	-7.241717	-7.186603	-7.237100	-14.995159	-14.981762
545.303000	-7.172331	-7.229334	-7.152513	-0.118393	-7.143446	-1.695940	-12.556324	-2.162722	-7.264471	-2.203702	-7.200921	-7.241661	-7.186781	-7.237052	-14.995172	-14.981835
565.343000	-7.172343	-7.229325	-7.152505	-0.118375	-7.143683	-1.681867	-12.556067	-2.162755	-7.264442	-2.203705	-7.200923	-7.241677	-7.186941	-7.237033	-14.995225	-14.981789
585.337000	-7.172341	-7.229343	-7.152472	-0.118364	-7.143901	-1.668451	-12.555944	-2.162883	-7.264469	-2.203828	-7.200892	-7.241667	-7.187093	-7.237031	-14.995206	-14.981846
605.343000	-7.172286	-7.229388	-7.152478	-0.118376	-7.144140	-1.655660	-12.555801	-2.162998	-7.264450	-2.203871	-7.200866	-7.241617	-7.187262	-7.237002	-14.995207	-14.981771
625.344000	-7.172299	-7.229405	-7.152429	-0.118384	-7.144308	-1.643311	-12.555640	-2.163067	-7.264436	-2.203892	-7.200845	-7.241577	-7.187412	-7.236932	-14.995194	-14.981783
645.365000	-7.172289	-7.229462	-7.152400	-0.118379	-7.144509	-1.631913	-12.555468	-2.163101	-7.264446	-2.203921	-7.200849	-7.241525	-7.187558	-7.236937	-14.995162	-14.981759
665.373000	-7.172293	-7.229482	-7.152369	-0.118375	-7.144720	-1.620911	-12.555353	-2.163207	-7.264431	-2.203978	-7.200836	-7.241537	-7.187665	-7.236937	-14.995209	-14.981796
685.407000	-7.172259	-7.229513	-7.152363	-0.118369	-7.144822	-1.615150	-12.555195	-2.163249	-7.264443	-2.203993	-7.200842	-7.241509	-7.187751	-7.236921	-14.995202	-14.981805
705.414000	-7.172285	-7.229524	-7.152345	-0.118357	-7.144931	-1.612039	-12.555172	-2.163340	-7.264447	-2.204114	-7.200839	-7.241533	-7.187849	-7.236904	-14.995170	-14.981762
725.443000	-7.172254	-7.229521	-7.152318	-0.118365	-7.144985	-1.609917	-12.555139	-2.163303	-7.264444	-2.204094	-7.200811	-7.241504	-7.187884	-7.236891	-14.995197	-14.981769
745.473000	-7.172262	-7.229540	-7.152321	-0.118359	-7.145019	-1.608215	-12.555111	-2.163351	-7.264440	-2.204044	-7.200832	-7.241532	-7.187911	-7.236911	-14.995181	-14.981788
765.503000	-7.172250	-7.229531	-7.152301	-0.118364	-7.145015	-1.606921	-12.555032	-2.163326	-7.264425	-2.204017	-7.200819	-7.241483	-7.187942	-7.236935	-14.995187	-14.981823
785.504000	-7.172241	-7.229552	-7.152303	-0.118361	-7.145057	-1.605665	-12.554996	-2.163294	-7.264433	-2.203999	-7.200828	-7.241486	-7.187951	-7.236877	-14.995200	-14.981766
805.493000	-7.172223	-7.229535	-7.152314	-0.118347	-7.145067	-1.604854	-12.554937	-2.163353	-7.264446	-2.204045	-7.200840	-7.241497	-7.187988	-7.236876	-14.995182	-14.981721
825.494000	-7.172230	-7.229542	-7.152321	-0.118349	-7.145090	-1.603908	-12.554948	-2.163331	-7.264436	-2.204086	-7.200804	-7.241470	-7.187965	-7.236881	-14.995196	-14.981753
845.493000	-7.172234	-7.229554	-7.152309	-0.118360	-7.145090	-1.602856	-12.554992	-2.163363	-7.264406	-2.204095	-7.200791	-7.241480	-7.187998	-7.236898	-14.995156	-14.981824
865.493000	-7.172207	-7.229546	-7.152318	-0.118343	-7.145099	-1.602431	-12.554871	-2.163321	-7.264424	-2.204027	-7.200795	-7.241466	-7.188019	-7.236875	-14.995168	-14.981732
885.514000	-7.172207	-7.229527	-7.152317	-0.118351	-7.145111	-1.601857	-12.554830	-2.163348	-7.264407	-2.204006	-7.200786	-7.241475	-7.188041	-7.236863	-14.995150	-14.981711
905.533000	-7.172245	-7.229531	-7.152294	-0.118345	-7.145117	-1.601115	-12.554810	-2.163389	-7.264425	-2.204069	-7.200806	-7.241474	-7.188040	-7.236817	-14.995178	-14.981747
925.544000	-7.172239	-7.229559	-7.152280	-0.118359	-7.145146	-1.600287	-12.554807	-2.163403	-7.264426	-2.204083	-7.200790	-7.241497	-7.188064	-7.236847	-14.995142	-14.981775
945.573000	-7.172207	-7.229551	-7.152291	-0.118341	-7.145145	-1.599615	-12.554837	-2.163351	-7.264407	-2.204081	-7.200807	-7.241472	-7.188106	-7.236852	-14.995161	-14.981726
965.583000	-7.172229	-7.229571	-7.152296	-0.118341	-7.145139	-1.599341	-12.554811	-2.163285	-7.264417	-2.204007	-7.200842	-7.241498	-7.188092	-7.236831	-14.995177	-14.981727
985.603000	-7.172235	-7.229582	-7.152276	-0.118343	-7.145171	-1.598709	-12.554747	-2.163341	-7.264422	-2.204049	-7.200813	-7.241480	-7.188108	-7.236822	-14.995163	-14.981739
1005.613000	-7.172242	-7.229581	-7.152291	-0.118340	-7.145169	-1.598217	-12.554721	-2.163439	-7.264449	-2.204136	-7.200782	-7.241453	-7.188125	-7.236829	-14.995163	-14.981729
1025.604000	-7.172213	-7.229574	-7.152293	-0.118347	-7.145185	-1.598029	-12.554707	-2.163432	-7.264427	-2.204134	-7.200776	-7.241446	-7.188127	-7.236880	-14.995141	-14.981746
1045.627000	-7.172226	-7.229553	-7.152328	-0.118356	-7.145189	-1.597781	-12.554690	-2.163423	-7.264434	-2.204090	-7.200781	-7.241460	-7.188143	-7.236864	-14.995158	-14.981734
1065.593000	-7.172239	-7.229578	-7.152296	-0.118354	-7.145222	-1.597704	-12.554714	-2.163405	-7.264444	-2.204042	-7.200759	-7.241458	-7.188116	-7.236856	-14.995125	-14.981693
1085.553000	-7.172229	-7.229568	-7.152304	-0.118353	-7.145189	-1.597454	-12.554690	-2.163398	-7.264440	-2.204098	-7.200771	-7.241434	-7.188125	-7.236838	-14.995152	-14.981741
1105.613000	-7.172236	-7.229595	-7.152290	-0.118354	-7.145208	-1.597055	-12.554683	-2.163420	-7.264439	-2.204046	-7.200794	-7.241440	-7.188132	-7.236826	-14.995154	-14.981728
1125.604000	-7.172222	-7.229574	-7.152297	-0.118360	-7.145232	-1.596396	-12.554699	-2.163445	-7.264399	-2.204156	-7.200766	-7.241433	-7.188159	-7.236867	-14.995150	-14.981682
1145.614000	-7.172212	-7.229586	-7.152285	-0.118348	-7.145196	-1.596031	-12.554708	-2.163417	-7.264443	-2.204090	-7.200793	-7.241440	-7.188185	-7.236868	-14.995157	-14.981709
1165.643000	-7.172247	-7.229580	-7.152286	-0.118356	-7.145208	-1.595619	-12.554702	-2.163473	-7.264429	-2.204186	-7.200762	-7.241427	-7.188164	-7.236851	-14.995159	-14.981692
1185.673000	-7.172250	-7.229611	-7.152288	-0.118360	-7.145218	-1.595452	-12.554699	-2.163430	-7.264454	-2.204113	-7.200767	-7.241434	-7.188188	-7.236840	-14.995089	-14.981669
1205.674000	-7.172248	-7.229559	-7.152269	-0.118355	-7.145232	-1.595556	-12.554665	-2.163452	-7.264416	-2.204089	-7.200785	-7.241434	-7.188185	-7.236874	-14.995131	-14.981661
1225.693000	-7.172234	-7.229584	-7.152288	-0.118367	-7.145238	-1.594965	-12.554605	-2.163411	-7.264416	-2.204116	-7.200771	-7.241443	-7.188184	-7.236833	-14.995155	-14.981709
1245.703000	-7.172242	-7.229572	-7.152258	-0.118376	-7.145219	-1.595098	-12.554653	-2.163457	-7.264408	-2.204107	-7.200752	-7.241440	-7.188187	-7.236883	-14.995127	-14.981718
1265.744000	-7.172258	-7.229624	-7.152265	-0.118372	-7.145234	-1.595024	-12.554590	-2.163458	-7.264422	-2.204168	-7.200772	-7.241401	-7.188185	-7.236822	-14.995107	-14.981727
1285.774000	-7.172235	-7.229578	-7.152260	-0.118383	-7.145207	-1.594612	-12.554527	-2.163376	-7.264428	-2.204072	-7.200772	-7.241430	-7.188176	-7.236822	-14.995102	-14.981691
1305.799000	-7.172253	-7.229585	-7.152270	-0.118369	-7.145241	-1.594025	-12.554571	-2.163443	-7.264418	-2.204162	-7.200733	-7.241414	-7.188187	-7.236801	-14.995095	-14.981667
1325.793000	-7.172222	-7.229583	-7.152285	-0.118373	-7.145210	-1.593828	-12.554573	-2.163411	-7.264415	-2.204125	-7.200778	-7.241416	-7.188205	-7.236837	-14.995170	-14.981713
1345.823000	-7.172258	-7.229569	-7.152262	-0.118382	-7.145245	-1.593656	-12.554583	-2.163453	-7.264420	-2.204167	-7.200763	-7.241406	-7.188196	-7.236826	-14.995138	-14.981682
1365.843000	-7.172241	-7.229594	-7.152252	-0.118393	-7.145240	-1.593515	-12.554583	-2.163414	-7.264436	-2.204114	-7.200759	-7.241430	-7.188213	-7.236836	-14.995167	-14.981705
1385.883000	-7.172263	-7.229570	-7.152275	-0.118387	-7.145225	-1.593193	-12.554619	-2.163521	-7.264430	-2.204283	-7.200780	-7.241420	-7.188225	-7.236774	-14.995062	-14.981681
1405.893000	-7.172241	-7.229575	-7.152238	-0.118380	-7.145244	-1.593499	-12.554581	-2.163488	-7.264419	-2.204208	-7.200783	-7.241431	-7.188225	-7.236803	-14.995119	-14.981685
1425.923000	-7.172261	-7.229568	-7.152251	-0.118390	-7.145229	-1.593219	-12.554550	-2.163390	-7.264425	-2.204097	-7.200793	-7.241458	-7.188210	-7.236830	-14.995079	-14.981761
1445.944000	-7.172289	-7.229578	-7.152249	-0.118387	-7.145244	-1.593115	-12.554569	-2.163455	-7.264428	-2.204125	-7.200777	-7.241459	-7.188221	-7.236803	-14.995119	-14.981703
1465.954000	-7.172250	-7.229576	-7.152257	-0.118391	-7.145226	-1.592796	-12.554577	-2.163430	-7.264430	-2.204110	-7.200765	-7.241454	-7.188214	-7.236822	-14.995130	-14.981688
1485.994000	-7.172254	-7.229617	-7.152251	-0.118393	-7.145244	-1.592629	-12.554509	-2.163458	-7.264434	-2.204167	-7.200753	-7.241436	-7.188246	-7.236825	-14.995115	-14.981674
1506.013000	-7.172280	-7.229602	-7.152281	-0.118390	-7.145282	-1.592576	-12.554524	-2.163479	-7.264404	-2.204155	-7.200793	-7.241419	-7.188216	-7.236777	-14.995123	-14.981715
1526.018000	-7.172232	-7.229583	-7.152253	-0.118403	-7.145276	-1.592518	-12.554511	-2.163467	-7.264432	-2.204211	-7.200788	-7.241439	-7.188223	-7.236804	-14.995086	-14.981673
1546.025000	-7.172275	-7.229606	-7.152284	-0.118393	-7.145234	-1.592429	-12.554544	-2.163413	-7.264386	-2.204122	-7.200767	-7.241425	-7.188212	-7.236801	-14.995119	-14.981675
1566.033000	-7.172275	-7.229597	-7.152246	-0.118388	-7.145264	-1.592224	-12.554523	-2.163424	-7.264413	-2.204171	-7.200758	-7.241420	-7.188233	-7.236792	-14.995117	-14.981684
1586.033000	-7.172247	-7.229582	-7.152274	-0.118398	-7.145290	-1.591928	-12.554452	-2.163476	-7.264414	-2.204236	-7.200798	-7.241419	-7.188237	-7.236814	-14.995122	-14.981670
1606.086000	-7.172250	-7.229580	-7.152277	-0.118400	-7.145300	-1.591871	-12.554498	-2.163409	-7.264427	-2.204099	-7.200797	-7.241426	-7.188221	-7.236809	-14.995107	-14.981637
1626.113000	-7.172268	-7.229562	-7.152279	-0.118393	-7.145301	-1.592030	-12.554499	-2.163479	-7.264427	-2.204133	-7.200776	-7.241464	-7.188243	-7.236807	-14.995080	-14.981670
1646.103000	-7.172247	-7.229564	-7.152270	-0.118388	-7.145308	-1.591743	-12.554522	-2.163529	-7.264416	-2.204176	-7.200795	-7.241427	-7.188243	-7.236840	-14.995070	-14.981631
1666.105000	-7.172245	-7.229539	-7.152257	-0.118389	-7.145276	-1.591689	-12.554470	-2.163388	-7.264428	-2.204032	-7.200791	-7.241419	-7.188240	-7.236868	-14.995096	-14.981683
1686.123000	-7.172228	-7.229554	-7.152276	-0.118399	-7.145299	-1.591991	-12.554417	-2.163475	-7.264432	-2.204223	-7.200776	-7.241421	-7.188214	-7.236831	-14.995098	-14.981676
1706.133000	-7.172219	-7.229558	-7.152266	-0.118389	-7.145274	-1.591607	-12.554496	-2.163451	-7.264430	-2.204142	-7.200785	-7.241436	-7.188279	-7.236814	-14.995104	-14.981688
1726.153000	-7.172216	-7.229563	-7.152264	-0.118394	-7.145302	-1.591602	-12.554528	-2.163477	-7.264448	-2.204158	-7.200756	-7.241440	-7.188258	-7.236803	-14.995039	-14.981697
1746.183000	-7.172513	-7.229314	-7.153048	-0.118444	-7.142152	-1.879336	-12.558280	-2.161106	-7.264659	-2.202367	-7.201319	-7.242363	-7.184943	-7.237848	-14.994960	-14.981660
1766.203000	-7.172887	-7.229614	-7.153964	-0.118458	-7.136211	-2.371563	-12.561060	-2.157500	-7.264822	-2.199918	-7.201881	-7.243053	-7.182055	-7.238645	-14.994864	-14.981488
1786.234000	-7.173095	-7.230771	-7.154346	-0.118479	-7.134146	-2.591199	-12.562010	-2.155508	-7.264879	-2.198231	-7.202120	-7.243371	-7.181046	-7.238989	-14.994871	-14.981424
1806.255000	-7.173215	-7.231764	-7.154540	-0.118508	-7.133460	-2.678745	-12.562525	-2.154279	-7.264911	-2.197137	-7.202255	-7.243505	-7.180733	-7.239261	-14.994890	-14.981386
1826.313000	-7.173321	-7.232425	-7.154621	-0.118511	-7.133119	-2.708668	-12.562811	-2.153464	-7.264979	-2.196411	-7.202342	-7.243607	-7.180557	-7.239385	-14.994872	-14.981374
1846.333000	-7.173378	-7.232901	-7.154678	-0.118533	-7.132974	-2.716492	-12.563069	-2.152908	-7.264995	-2.195882	-7.202414	-7.243692	-7.180526	-7.239495	-14.994776	-14.981371
1866.354000	-7.173419	-7.233159	-7.154719	-0.118556	-7.132886	-2.716404	-12.563310	-2.152408	-7.265011	-2.195516	-7.202461	-7.243723	-7.180479	-7.239560	-14.994825	-14.981394
1886.354000	-7.173460	-7.233390	-7.154764	-0.118568	-7.132832	-2.713524	-12.563561	-2.152043	-7.265025	-2.195184	-7.202479	-7.243763	-7.180481	-7.239637	-14.994826	-14.981381
1906.363000	-7.173457	-7.233563	-7.154776	-0.118582	-7.132798	-2.709661	-12.563860	-2.151732	-7.265036	-2.194919	-7.202515	-7.243802	-7.180471	-7.239690	-14.994799	-14.981421
1926.374000	-7.173466	-7.233680	-7.154799	-0.118614	-7.132722	-2.705564	-12.564241	-2.151496	-7.265051	-2.194707	-7.202557	-7.243838	-7.180462	-7.239809	-14.994812	-14.981391
1946.403000	-7.173496	-7.233783	-7.154799	-0.118648	-7.132732	-2.702186	-12.564717	-2.151283	-7.265045	-2.194521	-7.202564	-7.243867	-7.180454	-7.239875	-14.994787	-14.981437
1966.414000	-7.173483	-7.233901	-7.154810	-0.118675	-7.132714	-2.699052	-12.565160	-2.151134	-7.265057	-2.194344	-7.202574	-7.243897	-7.180442	-7.239940	-14.994793	-14.981375
1986.444000	-7.173543	-7.233975	-7.154845	-0.118724	-7.132673	-2.696379	-12.565511	-2.150987	-7.265074	-2.194186	-7.202633	-7.243934	-7.180456	-7.240033	-14.994827	-14.981438
2006.453000	-7.173541	-7.234041	-7.154850	-0.118781	-7.132685	-2.692881	-12.565775	-2.150733	-7.265094	-2.194062	-7.202675	-7.243978	-7.180499	-7.240083	-14.994827	-14.981394
2026.424000	-7.173568	-7.234084	-7.154835	-0.118857	-7.132648	-2.690405	-12.566017	-2.150614	-7.265106	-2.193909	-7.202707	-7.243955	-7.180506	-7.240131	-14.994804	-14.981383
2046.455000	-7.173558	-7.234140	-7.154848	-0.118924	-7.132625	-2.688083	-12.566333	-2.150448	-7.265111	-2.193801	-7.202743	-7.243982	-7.180473	-7.240175	-14.994757	-14.981374
2066.475000	-7.173566	-7.234196	-7.154840	-0.118986	-7.132640	-2.685616	-12.566568	-2.150295	-7.265093	-2.193666	-7.202741	-7.244003	-7.180489	-7.240235	-14.994790	-14.981375
2086.493000	-7.173567	-7.234230	-7.154868	-0.119051	-7.132647	-2.683277	-12.566714	-2.150105	-7.265108	-2.193544	-7.202763	-7.244037	-7.180493	-7.240299	-14.994791	-14.981337
2106.493000	-7.173572	-7.234273	-7.154851	-0.119106	-7.132632	-2.681402	-12.566901	-2.150007	-7.265109	-2.193445	-7.202799	-7.244033	-7.180514	-7.240338	-14.994736	-14.981429
2126.483000	-7.173586	-7.234307	-7.154852	-0.119148	-7.132658	-2.679713	-12.567106	-2.149919	-7.265149	-2.193306	-7.202836	-7.244040	-7.180494	-7.240332	-14.994751	-14.981341
2146.503000	-7.173556	-7.234311	-7.154854	-0.119198	-7.132614	-2.678200	-12.567273	-2.149781	-7.265134	-2.193211	-7.202830	-7.244065	-7.180509	-7.240413	-14.994787	-14.981385
2166.543000	-7.173608	-7.234357	-7.154847	-0.119224	-7.132624	-2.676597	-12.567324	-2.149629	-7.265169	-2.193127	-7.202871	-7.244070	-7.180498	-7.240366	-14.994779	-14.981361
2186.604000	-7.173634	-7.234371	-7.154846	-0.119264	-7.132628	-2.675596	-12.567524	-2.149557	-7.265185	-2.193021	-7.202885	-7.244110	-7.180500	-7.240416	-14.994820	-14.981372
2206.644000	-7.173610	-7.234411	-7.154860	-0.119299	-7.132598	-2.674221	-12.567602	-2.149407	-7.265182	-2.192903	-7.202901	-7.244115	-7.180532	-7.240426	-14.994779	-14.981355
2226.654000	-7.173602	-7.234415	-7.154860	-0.119303	-7.132602	-2.672548	-12.567669	-2.149254	-7.265175	-2.192835	-7.202910	-7.244144	-7.180533	-7.240472	-14.994788	-14.981320
2246.649000	-7.173616	-7.234446	-7.154855	-0.119345	-7.132608	-2.671058	-12.567734	-2.149070	-7.265152	-2.192732	-7.202909	-7.244154	-7.180531	-7.240460	-14.994784	-14.981342
2266.674000	-7.173599	-7.234428	-7.154877	-0.119353	-7.132594	-2.669938	-12.567860	-2.148981	-7.265173	-2.192654	-7.202923	-7.244229	-7.180493	-7.240508	-14.994709	-14.981375
2286.684000	-7.173636	-7.234474	-7.154844	-0.119397	-7.132582	-2.669189	-12.567967	-2.148879	-7.265203	-2.192506	-7.202950	-7.244207	-7.180518	-7.240548	-14.994744	-14.981329
2306.704000	-7.173650	-7.234470	-7.154863	-0.119420	-7.132578	-2.668119	-12.568037	-2.148736	-7.265191	-2.192441	-7.202944	-7.244233	-7.180505	-7.240552	-14.994763	-14.981343
2326.743000	-7.173638	-7.234505	-7.154843	-0.119454	-7.132574	-2.667199	-12.568177	-2.148577	-7.265217	-2.192381	-7.202961	-7.244236	-7.180515	-7.240553	-14.994768	-14.981345
2346.794000	-7.173661	-7.234508	-7.154851	-0.119486	-7.132583	-2.666528	-12.568236	-2.148539	-7.265202	-2.192247	-7.202981	-7.244238	-7.180528	-7.240572	-14.994788	-14.981332
2366.817000	-7.173645	-7.234532	-7.154861	-0.119499	-7.132589	-2.665639	-12.568285	-2.148397	-7.265239	-2.192166	-7.202995	-7.244241	-7.180549	-7.240612	-14.994776	-14.981362
2386.874000	-7.173648	-7.234553	-7.154856	-0.119533	-7.132590	-2.665016	-12.568336	-2.148352	-7.265217	-2.192090	-7.203014	-7.244277	-7.180520	-7.240578	-14.994791	-14.981371
2406.916000	-7.173654	-7.234559	-7.154839	-0.119564	-7.132589	-2.664445	-12.568457	-2.148292	-7.265214	-2.192003	-7.203009	-7.244280	-7.180539	-7.240617	-14.994777	-14.981341
2426.943000	-7.173671	-7.234580	-7.154817	-0.119605	-7.132620	-2.664316	-12.568565	-2.148351	-7.265217	-2.191869	-7.202985	-7.244264	-7.180545	-7.240586	-14.994769	-14.981317
2446.954000	-7.173695	-7.234570	-7.154832	-0.119624	-7.132606	-2.663810	-12.568645	-2.148251	-7.265259	-2.191793	-7.203012	-7.244297	-7.180521	-7.240623	-14.994769	-14.981345
2467.003000	-7.173661	-7.234589	-7.154830	-0.119658	-7.132583	-2.663229	-12.568737	-2.148182	-7.265285	-2.191690	-7.203034	-7.244310	-7.180510	-7.240642	-14.994807	-14.981276
2487.043000	-7.173670	-7.234603	-7.154841	-0.119650	-7.132581	-2.662188	-12.568752	-2.148003	-7.265284	-2.191601	-7.203026	-7.244303	-7.180520	-7.240634	-14.994774	-14.981330
2507.047000	-7.173648	-7.234591	-7.154840	-0.119667	-7.132621	-2.661380	-12.568775	-2.147796	-7.265306	-2.191549	-7.203040	-7.244332	-7.180512	-7.240648	-14.994754	-14.981342
2527.093000	-7.173686	-7.234593	-7.154851	-0.119693	-7.132582	-2.661075	-12.568785	-2.147808	-7.265294	-2.191430	-7.203027	-7.244338	-7.180538	-7.240703	-14.994730	-14.981336
2547.123000	-7.173665	-7.234628	-7.154822	-0.119697	-7.132585	-2.660687	-12.568876	-2.147761	-7.265300	-2.191347	-7.203057	-7.244332	-7.180537	-7.240675	-14.994743	-14.981334
2567.144000	-7.173699	-7.234600	-7.154857	-0.119699	-7.132556	-2.660008	-12.568891	-2.147651	-7.265285	-2.191247	-7.203065	-7.244349	-7.180497	-7.240661	-14.994753	-14.981321
2587.193000	-7.173711	-7.234594	-7.154833	-0.119720	-7.132595	-2.659764	-12.568973	-2.147633	-7.265322	-2.191156	-7.203055	-7.244365	-7.180513	-7.240683	-14.994763	-14.981313
2607.243000	-7.173686	-7.234624	-7.154851	-0.119735	-7.132588	-2.659238	-12.568986	-2.147495	-7.265292	-2.191064	-7.203048	-7.244339	-7.180511	-7.240712	-14.994741	-14.981311
2627.304000	-7.173686	-7.234642	-7.154826	-0.119736	-7.132593	-2.658660	-12.568925	-2.147358	-7.265314	-2.190988	-7.203079	-7.244368	-7.180519	-7.240717	-14.994748	-14.981316
2647.303000	-7.173716	-7.234656	-7.154848	-0.119757	-7.132587	-2.658532	-12.569017	-2.147348	-7.265297	-2.190914	-7.203094	-7.244366	-7.180513	-7.240743	-14.994730	-14.981302
2667.324000	-7.173674	-7.234642	-7.154870	-0.119756	-7.132618	-2.657660	-12.568966	-2.147209	-7.265297	-2.190871	-7.203101	-7.244388	-7.180530	-7.240737	-14.994717	-14.981337
2687.354000	-7.173716	-7.234658	-7.154855	-0.119759	-7.132594	-2.656879	-12.568974	-2.146973	-7.265314	-2.190821	-7.203100	-7.244393	-7.180563	-7.240749	-14.994741	-14.981327
2707.394000	-7.173698	-7.234632	-7.154848	-0.119775	-7.132584	-2.656691	-12.569113	-2.146993	-7.265306	-2.190700	-7.203082	-7.244428	-7.180540	-7.240728	-14.994734	-14.981307
2727.403000	-7.173661	-7.234659	-7.154844	-0.119773	-7.132591	-2.656077	-12.569176	-2.146868	-7.265336	-2.190620	-7.203101	-7.244422	-7.180536	-7.240771	-14.994766	-14.981309
2747.396000	-7.173661	-7.234656	-7.154852	-0.119767	-7.132588	-2.655456	-12.569108	-2.146691	-7.265325	-2.190603	-7.203094	-7.244437	-7.180554	-7.240771	-14.994679	-14.981259
2767.413000	-7.173704	-7.234710	-7.154846	-0.119775	-7.132575	-2.655138	-12.569083	-2.146637	-7.265350	-2.190521	-7.203112	-7.244444	-7.180525	-7.240766	-14.994764	-14.981331
2787.483000	-7.173695	-7.234690	-7.154856	-0.119758	-7.132584	-2.654742	-12.569127	-2.146565	-7.265341	-2.190496	-7.203100	-7.244445	-7.180537	-7.240764	-14.994694	-14.981259
2807.523000	-7.173693	-7.234674	-7.154863	-0.119767	-7.132578	-2.654423	-12.569183	-2.146436	-7.265347	-2.190417	-7.203090	-7.244464	-7.180554	-7.240748	-14.994753	-14.981290
2827.543000	-7.173714	-7.234673	-7.154843	-0.119752	-7.132586	-2.653866	-12.569120	-2.146388	-7.265366	-2.190316	-7.203084	-7.244427	-7.180524	-7.240787	-14.994752	-14.981361
2847.544000	-7.173684	-7.234698	-7.154831	-0.119756	-7.132562	-2.653716	-12.569281	-2.146346	-7.265368	-2.190261	-7.203095	-7.244427	-7.180534	-7.240779	-14.994686	-14.981306
2867.544000	-7.173718	-7.234713	-7.154855	-0.119772	-7.132590	-2.653791	-12.569336	-2.146390	-7.265362	-2.190166	-7.203088	-7.244496	-7.180558	-7.240820	-14.994691	-14.981291
2887.565000	-7.173713	-7.234730	-7.154843	-0.119772	-7.132556	-2.653434	-12.569282	-2.146370	-7.265350	-2.190116	-7.203089	-7.244450	-7.180551	-7.240794	-14.994646	-14.981284
2907.584000	-7.173727	-7.234734	-7.154843	-0.119777	-7.132531	-2.653337	-12.569296	-2.146388	-7.265397	-2.190034	-7.203096	-7.244455	-7.180528	-7.240817	-14.994735	-14.981348
2927.615000	-7.173708	-7.234725	-7.154855	-0.119796	-7.132554	-2.653278	-12.569324	-2.146345	-7.265368	-2.190004	-7.203111	-7.244462	-7.180560	-7.240800	-14.994751	-14.981314
2947.653000	-7.173678	-7.234699	-7.154847	-0.119788	-7.132551	-2.652982	-12.569297	-2.146273	-7.265391	-2.189964	-7.203101	-7.244453	-7.180551	-7.240790	-14.994745	-14.981325
2967.683000	-7.173774	-7.234821	-7.154791	-0.119890	-7.132590	-2.635021	-12.569984	-2.143376	-7.265724	-2.187058	-7.203289	-7.244817	-7.180569	-7.241255	-14.994718	-14.981411
2987.733000	-7.174027	-7.235879	-7.154710	-0.121013	-7.132438	-2.493109	-12.574011	-2.126948	-7.267258	-2.173384	-7.204034	-7.246022	-7.180693	-7.242450	-14.994617	-14.981259
3007.744000	-7.174228	-7.236710	-7.154722	-0.121843	-7.132352	-2.407087	-12.576842	-2.116285	-7.268024	-2.164208	-7.204503	-7.246648	-7.180789	-7.243104	-14.994642	-14.981204
3027.774000	-7.174369	-7.237277	-7.154688	-0.122359	-7.132305	-2.366339	-12.578896	-2.109603	-7.268441	-2.157981	-7.204768	-7.247003	-7.180876	-7.243488	-14.994649	-14.981191
3047.824000	-7.174469	-7.237627	-7.154685	-0.122726	-7.132294	-2.342549	-12.580136	-2.105462	-7.268700	-2.154110	-7.204948	-7.247178	-7.180927	-7.243739	-14.994621	-14.981179
3067.844000	-7.174551	-7.237837	-7.154687	-0.122962	-7.132245	-2.329664	-12.581151	-2.102999	-7.268872	-2.151255	-7.205086	-7.247319	-7.180944	-7.243912	-14.994613	-14.981138
3087.893000	-7.174572	-7.237969	-7.154684	-0.123108	-7.132249	-2.320326	-12.581679	-2.101094	-7.268957	-2.149639	-7.205158	-7.247421	-7.180965	-7.243995	-14.994626	-14.981216
3107.970000	-7.174640	-7.238093	-7.154671	-0.123183	-7.132198	-2.313107	-12.581932	-2.099823	-7.269051	-2.148436	-7.205212	-7.247485	-7.180989	-7.244103	-14.994644	-14.981189
3128.005000	-7.174653	-7.238132	-7.154698	-0.123254	-7.132232	-2.308431	-12.582236	-2.098920	-7.269120	-2.147510	-7.205251	-7.247572	-7.181011	-7.244154	-14.994597	-14.981183
3148.073000	-7.174643	-7.238187	-7.154699	-0.122625	-7.132184	-2.303638	-12.582456	-2.098289	-7.269115	-2.146753	-7.205255	-7.247593	-7.181006	-7.244219	-14.994619	-14.981175
3168.096000	-7.174632	-7.238213	-7.154691	-0.122667	-7.132125	-2.299462	-12.582566	-2.097697	-7.269166	-2.146164	-7.205316	-7.247653	-7.181010	-7.244254	-14.994617	-14.981183
3188.257000	-7.174671	-7.238271	-7.154677	-0.122787	-7.132195	-2.296769	-12.582754	-2.097200	-7.269213	-2.145607	-7.205328	-7.247696	-7.181025	-7.244303	-14.994587	-14.981178
3208.253000	-7.174641	-7.238298	-7.154703	-0.122837	-7.132229	-2.296083	-12.582995	-2.097120	-7.269252	-2.144987	-7.205322	-7.247696	-7.181006	-7.244335	-14.994669	-14.981180
3228.236000	-7.174692	-7.238330	-7.154708	-0.122945	-7.132206	-2.294780	-12.583119	-2.096894	-7.269264	-2.144533	-7.205357	-7.247717	-7.181043	-7.244378	-14.994643	-14.981155
3248.263000	-7.174714	-7.238370	-7.154713	-0.122982	-7.132187	-2.292859	-12.583100	-2.096538	-7.269276	-2.144279	-7.205384	-7.247733	-7.181015	-7.244362	-14.994616	-14.981158
3268.297000	-7.174706	-7.238359	-7.154725	-0.123059	-7.132178	-2.291503	-12.583256	-2.096309	-7.269290	-2.144024	-7.205394	-7.247747	-7.181027	-7.244414	-14.994675	-14.981149
3288.293000	-7.174708	-7.238376	-7.154697	-0.123135	-7.132184	-2.290421	-12.583300	-2.096153	-7.269313	-2.143726	-7.205411	-7.247750	-7.181043	-7.244413	-14.994654	-14.981202
3308.303000	-7.174720	-7.238392	-7.154704	-0.123295	-7.132162	-2.289050	-12.583321	-2.095945	-7.269316	-2.143450	-7.205416	-7.247789	-7.181047	-7.244447	-14.994627	-14.981183
3328.283000	-7.174674	-7.238422	-7.154703	-0.123447	-7.132184	-2.288201	-12.583372	-2.095870	-7.269359	-2.143163	-7.205445	-7.247804	-7.181042	-7.244472	-14.994602	-14.981177
3348.283000	-7.174707	-7.238428	-7.154710	-0.123583	-7.132186	-2.286714	-12.583424	-2.095587	-7.269360	-2.143049	-7.205437	-7.247835	-7.181041	-7.244468	-14.994619	-14.981159
3368.294000	-7.174709	-7.238434	-7.154757	-0.123789	-7.132185	-2.282782	-12.583462	-2.095383	-7.269408	-2.142865	-7.205443	-7.247858	-7.181034	-7.244481	-14.994570	-14.981189
3388.313000	-7.174723	-7.238466	-7.154720	-0.123855	-7.132181	-2.283311	-12.583564	-2.095308	-7.269395	-2.142665	-7.205449	-7.247865	-7.181039	-7.244460	-14.994670	-14.981127
3408.338000	-7.174739	-7.238453	-7.154723	-0.124112	-7.132149	-2.281702	-12.583502	-2.095156	-7.269395	-2.142480	-7.205435	-7.247861	-7.181046	-7.244468	-14.994617	-14.981162
3428.353000	-7.174749	-7.238505	-7.154730	-0.124256	-7.132194	-2.282006	-12.583447	-2.094929	-7.269433	-2.142399	-7.205440	-7.247871	-7.181047	-7.244515	-14.994604	-14.981150
3448.333000	-7.174740	-7.238487	-7.154707	-0.124299	-7.132145	-2.274098	-12.583489	-2.094851	-7.269423	-2.142229	-7.205453	-7.247882	-7.181039	-7.244509	-14.994600	-14.981165
3468.363000	-7.174724	-7.238491	-7.154695	-0.124342	-7.132186	-2.271971	-12.583516	-2.094675	-7.269415	-2.142155	-7.205471	-7.247882	-7.181044	-7.244565	-14.994610	-14.981151
3488.348000	-7.174704	-7.238485	-7.154728	-0.124421	-7.132130	-2.272827	-12.583678	-2.094721	-7.269429	-2.141935	-7.205425	-7.247916	-7.181033	-7.244561	-14.994601	-14.981132
3508.393000	-7.174720	-7.238495	-7.154706	-0.124470	-7.132143	-2.266228	-12.583656	-2.094450	-7.269404	-2.141949	-7.205431	-7.247902	-7.181031	-7.244580	-14.994640	-14.981150
3528.404000	-7.174727	-7.238503	-7.154707	-0.124512	-7.132161	-2.262649	-12.583668	-2.094427	-7.269453	-2.141763	-7.205438	-7.247900	-7.181052	-7.244528	-14.994596	-14.981168
3548.423000	-7.174766	-7.238528	-7.154686	-0.124581	-7.132183	-2.266008	-12.583812	-2.094405	-7.269461	-2.141528	-7.205426	-7.247926	-7.181051	-7.244563	-14.994636	-14.981164
3568.423000	-7.174778	-7.238529	-7.154705	-0.124607	-7.132134	-2.261184	-12.583822	-2.094379	-7.269453	-2.141428	-7.205449	-7.247926	-7.181047	-7.244588	-14.994602	-14.981197
3588.434000	-7.174751	-7.238521	-7.154703	-0.124592	-7.132108	-2.254512	-12.583766	-2.094166	-7.269472	-2.141429	-7.205476	-7.247933	-7.181071	-7.244587	-14.994588	-14.981201
3608.443000	-7.174764	-7.238518	-7.154729	-0.124628	-7.132134	-2.249664	-12.583825	-2.094120	-7.269479	-2.141347	-7.205493	-7.247947	-7.181057	-7.244640	-14.994613	-14.981163
3628.443000	-7.174765	-7.238515	-7.154723	-0.124664	-7.132141	-2.248220	-12.583810	-2.094068	-7.269491	-2.141293	-7.205503	-7.247933	-7.181083	-7.244600	-14.994617	-14.981156
3648.433000	-7.174770	-7.238547	-7.154754	-0.124707	-7.132149	-2.243315	-12.583830	-2.094019	-7.269466	-2.141188	-7.205519	-7.247940	-7.181051	-7.244614	-14.994611	-14.981165
3668.453000	-7.174746	-7.238549	-7.154717	-0.124685	-7.132213	-2.239289	-12.583816	-2.093738	-7.269483	-2.141217	-7.205487	-7.247947	-7.181050	-7.244590	-14.994638	-14.981181
3688.453000	-7.174778	-7.238522	-7.154740	-0.124713	-7.132192	-2.236704	-12.583834	-2.093593	-7.269505	-2.141165	-7.205479	-7.247943	-7.181068	-7.244593	-14.994575	-14.981165
3708.443000	-7.174751	-7.238550	-7.154748	-0.124750	-7.132170	-2.236976	-12.583918	-2.093556	-7.269509	-2.141097	-7.205507	-7.247971	-7.181073	-7.244625	-14.994664	-14.981172
3728.443000	-7.174800	-7.238542	-7.154749	-0.124804	-7.132174	-2.238788	-12.583912	-2.093521	-7.269520	-2.140919	-7.205513	-7.247953	-7.181062	-7.244653	-14.994587	-14.981159
3748.464000	-7.174745	-7.238565	-7.154761	-0.124847	-7.132155	-2.239875	-12.583910	-2.093642	-7.269484	-2.140821	-7.205510	-7.247951	-7.181034	-7.244642	-14.994616	-14.981168
3768.488000	-7.174761	-7.238588	-7.154802	-0.124896	-7.132121	-2.240230	-12.583922	-2.093745	-7.269493	-2.140593	-7.205502	-7.247996	-7.181044	-7.244653	-14.994581	-14.981169
3788.463000	-7.174753	-7.238567	-7.154784	-0.124947	-7.132186	-2.239745	-12.584065	-2.093731	-7.269488	-2.140540	-7.205496	-7.247997	-7.181034	-7.244637	-14.994575	-14.981185
3808.464000	-7.174763	-7.238593	-7.154779	-0.125046	-7.132150	-2.236962	-12.584066	-2.093573	-7.269496	-2.140495	-7.205526	-7.247993	-7.181039	-7.244637	-14.994606	-14.981133
3828.474000	-7.174752	-7.238556	-7.154755	-0.125070	-7.132179	-2.236514	-12.584015	-2.093474	-7.269499	-2.140478	-7.205524	-7.247995	-7.181057	-7.244639	-14.994604	-14.981173
3848.473000	-7.174765	-7.238604	-7.154723	-0.125136	-7.132135	-2.236096	-12.584031	-2.093491	-7.269534	-2.140414	-7.205532	-7.247997	-7.181077	-7.244665	-14.994596	-14.981143
3868.446000	-7.174767	-7.238612	-7.154756	-0.125185	-7.132180	-2.238586	-12.584111	-2.093624	-7.269553	-2.140244	-7.205517	-7.248004	-7.181082	-7.244695	-14.994672	-14.981168
3888.413000	-7.174781	-7.238629	-7.154745	-0.125218	-7.132169	-2.237766	-12.584104	-2.093537	-7.269552	-2.140215	-7.205486	-7.248005	-7.181071	-7.244644	-14.994518	-14.981108
3908.433000	-7.174774	-7.238609	-7.154711	-0.125260	-7.132147	-2.234741	-12.584167	-2.093428	-7.269536	-2.140221	-7.205498	-7.247994	-7.181115	-7.244679	-14.994609	-14.981147
3928.473000	-7.174788	-7.238600	-7.154717	-0.125278	-7.132165	-2.235534	-12.584152	-2.093380	-7.269555	-2.140180	-7.205502	-7.247993	-7.181077	-7.244709	-14.994634	-14.981157
3948.483000	-7.174797	-7.238626	-7.154742	-0.125295	-7.132171	-2.231584	-12.584112	-2.093259	-7.269549	-2.140148	-7.205507	-7.247984	-7.181068	-7.244702	-14.994591	-14.981141
3968.474000	-7.174770	-7.238605	-7.154740	-0.125294	-7.132136	-2.230902	-12.584049	-2.093106	-7.269522	-2.140231	-7.205526	-7.248030	-7.181067	-7.244709	-14.994665	-14.981165
3988.464000	-7.174821	-7.238619	-7.154724	-0.125329	-7.132179	-2.229342	-12.584042	-2.093067	-7.269512	-2.140224	-7.205508	-7.248030	-7.181068	-7.244712	-14.994608	-14.981162
4008.473000	-7.174780	-7.238619	-7.154715	-0.125349	-7.132180	-2.230863	-12.584110	-2.093148	-7.269538	-2.140074	-7.205509	-7.248024	-7.181042	-7.244706	-14.994600	-14.981124
4028.443000	-7.174783	-7.238610	-7.154732	-0.125372	-7.132137	-2.232148	-12.584105	-2.093138	-7.269556	-2.140014	-7.205512	-7.248004	-7.181061	-7.244723	-14.994560	-14.981118
4048.434000	-7.174776	-7.238618	-7.154740	-0.125401	-7.132147	-2.229356	-12.584172	-2.093082	-7.269560	-2.139954	-7.205505	-7.248030	-7.181037	-7.244688	-14.994555	-14.981123
4068.403000	-7.174788	-7.238623	-7.154725	-0.125434	-7.132171	-2.228906	-12.584247	-2.093061	-7.269557	-2.139886	-7.205525	-7.248002	-7.181081	-7.244691	-14.994603	-14.981154
4088.414000	-7.174779	-7.238622	-7.154738	-0.125449	-7.132201	-2.228564	-12.584274	-2.093082	-7.269573	-2.139837	-7.205542	-7.248035	-7.181056	-7.244691	-14.994601	-14.981121
4108.414000	-7.174796	-7.238620	-7.154736	-0.125466	-7.132213	-2.226801	-12.584180	-2.092989	-7.269579	-2.139797	-7.205521	-7.248067	-7.181062	-7.244683	-14.994587	-14.981117
4128.453000	-7.174793	-7.238636	-7.154733	-0.125485	-7.132174	-2.226739	-12.584212	-2.093062	-7.269595	-2.139756	-7.205551	-7.248079	-7.181051	-7.244699	-14.994594	-14.981168
4148.473000	-7.174788	-7.238634	-7.154739	-0.125491	-7.132131	-2.239897	-12.584125	-2.094077	-7.269455	-2.140939	-7.205423	-7.247911	-7.181046	-7.244478	-14.994607	-14.980835
	-7.174168															
