8.246000	-7.018245	-7.024263	-7.020893	-7.013367	-7.023210	-7.024601	-7.010848	-7.014727	-7.032440	-7.010114	-7.026435	-7.022009	-7.037022	-7.033151	-15.004229	-7.018963
20.440000	-7.018258	-7.024258	-7.020886	-7.013401	-7.023203	-7.024602	-7.010890	-7.014768	-7.032480	-7.010164	-7.026494	-7.022069	-7.037064	-7.033247	-15.004206	-7.019048
32.651000	-7.018254	-7.024250	-7.020877	-7.013396	-7.023211	-7.024591	-7.010889	-7.014785	-7.032493	-7.010196	-7.026521	-7.022103	-7.037112	-7.033290	-15.004281	-7.019090
44.865000	-7.018254	-7.024254	-7.020865	-7.013414	-7.023200	-7.024597	-7.010900	-7.014811	-7.032504	-7.010213	-7.026545	-7.022130	-7.037122	-7.033291	-15.004160	-7.019123
57.048000	-7.018252	-7.024263	-7.020878	-7.013407	-7.023205	-7.024619	-7.010909	-7.014829	-7.032509	-7.010217	-7.026559	-7.022154	-7.037140	-7.033302	-15.004075	-7.019129
69.272000	-7.018246	-7.024263	-7.020880	-7.013401	-7.023219	-7.024622	-7.010900	-7.014821	-7.032538	-7.010232	-7.026578	-7.022156	-7.037143	-7.033304	-15.003923	-7.019161
81.459000	-7.018256	-7.024266	-7.020869	-7.013400	-7.023205	-7.024615	-7.010907	-7.014836	-7.032516	-7.010234	-7.026572	-7.022167	-7.037159	-7.033304	-15.004140	-7.019158
93.658000	-7.018268	-7.024268	-7.020875	-7.013429	-7.023199	-7.024623	-7.010921	-7.014851	-7.032522	-7.010227	-7.026581	-7.022190	-7.037175	-7.033297	-15.004290	-7.019168
105.849000	-7.018267	-7.024271	-7.020880	-7.013450	-7.023195	-7.024636	-7.010915	-7.014852	-7.032542	-7.010259	-7.026606	-7.022179	-7.037172	-7.033306	-15.004140	-7.019159
118.066000	-7.018254	-7.024273	-7.020870	-7.013428	-7.023213	-7.024629	-7.010937	-7.014863	-7.032521	-7.010264	-7.026586	-7.022200	-7.037181	-7.033298	-15.004210	-7.019180
130.262000	-7.018256	-7.024265	-7.020883	-7.013424	-7.023185	-7.024625	-7.010919	-7.014861	-7.032551	-7.010256	-7.026599	-7.022192	-7.037185	-7.033307	-15.004161	-7.019178
142.430000	-7.018237	-7.024255	-7.020876	-7.013428	-7.023195	-7.024617	-7.010936	-7.014867	-7.032541	-7.010272	-7.026609	-7.022198	-7.037179	-7.033290	-15.004136	-7.019176
154.624000	-7.018245	-7.024268	-7.020877	-7.013434	-7.023195	-7.024648	-7.010934	-7.014871	-7.032540	-7.010240	-7.026607	-7.022206	-7.037185	-7.033302	-15.004129	-7.019173
166.814000	-7.018238	-7.024271	-7.020872	-7.013427	-7.023211	-7.024626	-7.010940	-7.014872	-7.032549	-7.010254	-7.026591	-7.022203	-7.037177	-7.033287	-15.004092	-7.019189
179.013000	-7.018238	-7.024273	-7.020882	-7.013421	-7.023196	-7.024645	-7.010944	-7.014851	-7.032552	-7.010247	-7.026622	-7.022217	-7.037183	-7.033284	-15.003936	-7.019184
191.215000	-7.018263	-7.024257	-7.020877	-7.013426	-7.023216	-7.024664	-7.010931	-7.014873	-7.032526	-7.010260	-7.026630	-7.022211	-7.037185	-7.033293	-15.004114	-7.019178
203.378000	-7.018241	-7.024286	-7.020877	-7.013445	-7.023204	-7.024631	-7.010928	-7.014872	-7.032549	-7.010264	-7.026616	-7.022184	-7.037170	-7.033296	-15.004021	-7.019185
215.569000	-7.018255	-7.024265	-7.020867	-7.013427	-7.023227	-7.024643	-7.010931	-7.014875	-7.032546	-7.010265	-7.026607	-7.022199	-7.037163	-7.033280	-15.004275	-7.019186
227.734000	-7.018252	-7.024282	-7.020888	-7.013432	-7.023230	-7.024639	-7.010948	-7.014878	-7.032541	-7.010248	-7.026616	-7.022190	-7.037196	-7.033296	-15.004106	-7.019182
239.939000	-7.018256	-7.024261	-7.020876	-7.013422	-7.023218	-7.024646	-7.010941	-7.014881	-7.032551	-7.010256	-7.026601	-7.022219	-7.037205	-7.033278	-15.004151	-7.019182
252.127000	-7.018242	-7.024282	-7.020885	-7.013432	-7.023212	-7.024651	-7.010949	-7.014895	-7.032542	-7.010252	-7.026612	-7.022214	-7.037199	-7.033266	-15.004063	-7.019187
264.357000	-7.018239	-7.024280	-7.020861	-7.013449	-7.023190	-7.024637	-7.010948	-7.014868	-7.032553	-7.010261	-7.026630	-7.022211	-7.037199	-7.033262	-15.004156	-7.019180
276.525000	-7.018245	-7.024281	-7.020865	-7.013441	-7.023214	-7.024642	-7.010935	-7.014882	-7.032545	-7.010267	-7.026618	-7.022200	-7.037202	-7.033278	-15.003909	-7.019195
288.712000	-7.018231	-7.024273	-7.020884	-7.013458	-7.023196	-7.024645	-7.010940	-7.014894	-7.032552	-7.010257	-7.026620	-7.022203	-7.037212	-7.033269	-15.004061	-7.019191
300.892000	-7.018248	-7.024284	-7.020878	-7.013446	-7.023198	-7.024635	-7.010935	-7.014886	-7.032563	-7.010265	-7.026622	-7.022202	-7.037200	-7.033267	-15.004089	-7.019188
313.074000	-7.018233	-7.024288	-7.020872	-7.013458	-7.023214	-7.024636	-7.010942	-7.014886	-7.032548	-7.010257	-7.026624	-7.022230	-7.037202	-7.033267	-15.003952	-7.019211
325.276000	-7.018209	-7.024245	-7.020818	-7.013464	-7.023207	-7.024593	-7.010881	-7.014821	-7.032509	-7.010254	-7.026569	-7.022258	-7.037206	-7.033250	-15.004161	-7.019210
337.478000	-7.018192	-7.024195	-7.020865	-7.013489	-7.023152	-7.024438	-7.010809	-7.014732	-7.032409	-7.010163	-7.026473	-7.022162	-7.037144	-7.033127	-15.004312	-7.019152
349.699000	-7.018115	-7.024106	-7.020740	-7.013371	-7.023022	-7.024239	-7.010737	-7.014597	-7.032298	-7.010050	-7.026352	-7.021995	-7.037020	-7.033013	-15.004299	-7.019041
361.872000	-7.018033	-7.024042	-7.020729	-7.013259	-7.022846	-7.024066	-7.010668	-7.014441	-7.032198	-7.009930	-7.026265	-7.021852	-7.036881	-7.032876	-15.004291	-7.018933
374.046000	-7.017931	-7.023971	-7.020691	-7.013171	-7.022696	-7.023977	-7.010617	-7.014374	-7.032068	-7.009829	-7.026146	-7.021695	-7.036769	-7.032763	-15.004159	-7.018837
386.275000	-7.017855	-7.023894	-7.020647	-7.013044	-7.022531	-7.023822	-7.010500	-7.014128	-7.031986	-7.009735	-7.026061	-7.021572	-7.036653	-7.032659	-15.004383	-7.018756
398.473000	-7.017779	-7.023827	-7.020651	-7.012950	-7.022414	-7.023699	-7.010451	-7.014022	-7.031925	-7.009658	-7.025969	-7.021477	-7.036513	-7.032537	-15.004115	-7.018692
410.652000	-7.017699	-7.023763	-7.020628	-7.012855	-7.022283	-7.023644	-7.010400	-7.013904	-7.031856	-7.009568	-7.025888	-7.021361	-7.036399	-7.032427	-15.004238	-7.018602
422.830000	-7.017599	-7.023705	-7.020591	-7.012749	-7.022189	-7.023569	-7.010332	-7.013801	-7.031782	-7.009498	-7.025826	-7.021295	-7.036318	-7.032340	-15.004205	-7.018528
435.012000	-7.017548	-7.023681	-7.020588	-7.012672	-7.022127	-7.023548	-7.010288	-7.013733	-7.031756	-7.009445	-7.025786	-7.021244	-7.036248	-7.032278	-15.004236	-7.018497
447.217000	-7.017491	-7.023650	-7.020569	-7.012641	-7.022064	-7.023530	-7.010272	-7.013671	-7.031718	-7.009387	-7.025740	-7.021194	-7.036179	-7.032237	-15.004262	-7.018492
459.416000	-7.017450	-7.023657	-7.020558	-7.012612	-7.022009	-7.023498	-7.010246	-7.013643	-7.031698	-7.009351	-7.025702	-7.021150	-7.036138	-7.032187	-15.004255	-7.018452
471.584000	-7.017441	-7.023642	-7.020583	-7.012581	-7.022000	-7.023488	-7.010211	-7.013601	-7.031697	-7.009356	-7.025702	-7.021119	-7.036119	-7.032179	-15.004214	-7.018449
483.783000	-7.017416	-7.023617	-7.020583	-7.012537	-7.021994	-7.023452	-7.010193	-7.013561	-7.031680	-7.009324	-7.025683	-7.021096	-7.036077	-7.032132	-15.004399	-7.018417
495.965000	-7.017371	-7.023621	-7.020557	-7.012537	-7.021977	-7.023493	-7.010182	-7.013562	-7.031680	-7.009322	-7.025661	-7.021090	-7.036049	-7.032115	-15.004474	-7.018422
508.138000	-7.017375	-7.023599	-7.020546	-7.012543	-7.021948	-7.023467	-7.010170	-7.013547	-7.031672	-7.009290	-7.025646	-7.021079	-7.036024	-7.032127	-15.004486	-7.018416
520.348000	-7.017373	-7.023603	-7.020544	-7.012532	-7.021931	-7.023459	-7.010171	-7.013536	-7.031668	-7.009268	-7.025629	-7.021065	-7.036011	-7.032106	-15.004457	-7.018403
532.545000	-7.017370	-7.023585	-7.020548	-7.012507	-7.021929	-7.023434	-7.010158	-7.013498	-7.031653	-7.009281	-7.025656	-7.021061	-7.036006	-7.032096	-15.004535	-7.018403
544.730000	-7.017358	-7.023581	-7.020558	-7.012503	-7.021906	-7.023453	-7.010154	-7.013522	-7.031646	-7.009277	-7.025628	-7.021086	-7.035990	-7.032098	-15.004604	-7.018375
556.918000	-7.017340	-7.023576	-7.020538	-7.012501	-7.021895	-7.023424	-7.010161	-7.013492	-7.031645	-7.009245	-7.025637	-7.021079	-7.035998	-7.032098	-15.004353	-7.018379
569.108000	-7.017339	-7.023540	-7.020548	-7.012488	-7.021897	-7.023434	-7.010145	-7.013521	-7.031653	-7.009235	-7.025658	-7.021080	-7.035958	-7.032058	-15.004205	-7.018371
581.292000	-7.017289	-7.023552	-7.020499	-7.012452	-7.021909	-7.023404	-7.010148	-7.013507	-7.031620	-7.009248	-7.025603	-7.021025	-7.035983	-7.032062	-15.004277	-7.018369
593.479000	-7.017306	-7.023576	-7.020511	-7.012453	-7.021900	-7.023420	-7.010143	-7.013491	-7.031638	-7.009264	-7.025617	-7.021039	-7.035952	-7.032079	-15.004313	-7.018374
605.664000	-7.017302	-7.023550	-7.020502	-7.012466	-7.021900	-7.023407	-7.010126	-7.013499	-7.031642	-7.009249	-7.025600	-7.021039	-7.035951	-7.032070	-15.004261	-7.018381
617.877000	-7.017294	-7.023553	-7.020494	-7.012453	-7.021890	-7.023406	-7.010136	-7.013493	-7.031655	-7.009246	-7.025620	-7.021027	-7.035952	-7.032063	-15.004329	-7.018355
630.072000	-7.017282	-7.023564	-7.020487	-7.012467	-7.021889	-7.023408	-7.010126	-7.013487	-7.031656	-7.009242	-7.025606	-7.021034	-7.035956	-7.032072	-15.004439	-7.018363
642.262000	-7.017289	-7.023544	-7.020493	-7.012458	-7.021890	-7.023380	-7.010144	-7.013490	-7.031627	-7.009233	-7.025579	-7.021000	-7.035932	-7.032066	-15.004069	-7.018352
654.459000	-7.017277	-7.023564	-7.020505	-7.012451	-7.021872	-7.023402	-7.010125	-7.013457	-7.031639	-7.009252	-7.025581	-7.021020	-7.035955	-7.032048	-15.004098	-7.018361
666.661000	-7.017280	-7.023551	-7.020475	-7.012420	-7.021889	-7.023398	-7.010122	-7.013456	-7.031626	-7.009243	-7.025568	-7.021023	-7.035942	-7.032042	-15.004389	-7.018340
678.860000	-7.017283	-7.023554	-7.020479	-7.012449	-7.021896	-7.023388	-7.010109	-7.013456	-7.031640	-7.009243	-7.025568	-7.021013	-7.035933	-7.032042	-15.004406	-7.018357
691.056000	-7.017276	-7.023556	-7.020496	-7.012425	-7.021882	-7.023379	-7.010114	-7.013451	-7.031644	-7.009215	-7.025572	-7.021023	-7.035927	-7.032043	-15.004434	-7.018355
703.254000	-7.017288	-7.023552	-7.020487	-7.012429	-7.021880	-7.023384	-7.010104	-7.013446	-7.031656	-7.009227	-7.025579	-7.021007	-7.035944	-7.032044	-15.004480	-7.018338
715.457000	-7.017273	-7.023521	-7.020484	-7.012424	-7.021875	-7.023359	-7.010116	-7.013464	-7.031637	-7.009229	-7.025573	-7.021012	-7.035944	-7.032037	-15.004556	-7.018355
727.663000	-7.017261	-7.023547	-7.020488	-7.012431	-7.021874	-7.023378	-7.010118	-7.013433	-7.031648	-7.009226	-7.025559	-7.021005	-7.035926	-7.032041	-15.004551	-7.018340
739.853000	-7.017280	-7.023535	-7.020495	-7.012442	-7.021890	-7.023378	-7.010113	-7.013446	-7.031632	-7.009226	-7.025563	-7.020992	-7.035911	-7.032030	-15.004765	-7.018322
752.050000	-7.017258	-7.023542	-7.020474	-7.012430	-7.021867	-7.023377	-7.010128	-7.013462	-7.031634	-7.009218	-7.025560	-7.020980	-7.035923	-7.032042	-15.004652	-7.018344
764.248000	-7.017265	-7.023538	-7.020486	-7.012402	-7.021866	-7.023388	-7.010121	-7.013442	-7.031642	-7.009231	-7.025566	-7.020998	-7.035915	-7.032041	-15.004661	-7.018359
776.422000	-7.017273	-7.023535	-7.020499	-7.012418	-7.021873	-7.023385	-7.010110	-7.013452	-7.031631	-7.009226	-7.025559	-7.020989	-7.035907	-7.032044	-15.004569	-7.018356
788.602000	-7.017267	-7.023518	-7.020475	-7.012407	-7.021868	-7.023368	-7.010120	-7.013457	-7.031634	-7.009217	-7.025575	-7.020991	-7.035920	-7.032022	-15.004819	-7.018339
800.793000	-7.017268	-7.023544	-7.020505	-7.012408	-7.021872	-7.023365	-7.010107	-7.013447	-7.031634	-7.009220	-7.025572	-7.021001	-7.035928	-7.032027	-15.004601	-7.018336
812.981000	-7.017254	-7.023545	-7.020483	-7.012418	-7.021868	-7.023379	-7.010112	-7.013453	-7.031628	-7.009219	-7.025576	-7.020996	-7.035928	-7.032024	-15.004675	-7.018339
825.180000	-7.017272	-7.023547	-7.020489	-7.012406	-7.021854	-7.023372	-7.010116	-7.013448	-7.031625	-7.009222	-7.025561	-7.020977	-7.035920	-7.032036	-15.004488	-7.018335
837.378000	-7.017276	-7.023528	-7.020491	-7.012405	-7.021858	-7.023370	-7.010110	-7.013459	-7.031643	-7.009230	-7.025549	-7.020977	-7.035925	-7.032028	-15.004557	-7.018331
849.575000	-7.017262	-7.023546	-7.020468	-7.012387	-7.021867	-7.023385	-7.010118	-7.013444	-7.031606	-7.009214	-7.025571	-7.020975	-7.035913	-7.032021	-15.004621	-7.018320
861.752000	-7.017254	-7.023544	-7.020493	-7.012394	-7.021863	-7.023383	-7.010099	-7.013440	-7.031629	-7.009204	-7.025548	-7.020975	-7.035918	-7.032030	-15.004695	-7.018327
873.924000	-7.017274	-7.023532	-7.020487	-7.012400	-7.021861	-7.023381	-7.010102	-7.013453	-7.031625	-7.009195	-7.025563	-7.020980	-7.035924	-7.032034	-15.004656	-7.018327
886.114000	-7.017265	-7.023535	-7.020479	-7.012389	-7.021865	-7.023376	-7.010102	-7.013445	-7.031633	-7.009214	-7.025549	-7.020979	-7.035931	-7.032022	-15.004441	-7.018314
898.302000	-7.017251	-7.023518	-7.020483	-7.012395	-7.021857	-7.023370	-7.010113	-7.013439	-7.031625	-7.009223	-7.025578	-7.020995	-7.035912	-7.032000	-15.004527	-7.018324
910.499000	-7.017257	-7.023511	-7.020463	-7.012395	-7.021852	-7.023383	-7.010099	-7.013451	-7.031627	-7.009217	-7.025564	-7.020978	-7.035917	-7.032018	-15.004713	-7.018331
922.717000	-7.017247	-7.023523	-7.020485	-7.012375	-7.021848	-7.023377	-7.010105	-7.013431	-7.031624	-7.009192	-7.025564	-7.020969	-7.035933	-7.032011	-15.004596	-7.018327
934.880000	-7.017258	-7.023530	-7.020479	-7.012380	-7.021846	-7.023390	-7.010097	-7.013426	-7.031617	-7.009204	-7.025544	-7.020980	-7.035907	-7.032013	-15.004492	-7.018325
947.089000	-7.017262	-7.023529	-7.020484	-7.012393	-7.021826	-7.023373	-7.010099	-7.013424	-7.031626	-7.009188	-7.025541	-7.020991	-7.035926	-7.031999	-15.004631	-7.018312
959.275000	-7.017256	-7.023523	-7.020473	-7.012379	-7.021849	-7.023368	-7.010105	-7.013417	-7.031607	-7.009195	-7.025544	-7.020973	-7.035928	-7.031998	-15.004556	-7.018331
971.457000	-7.017259	-7.023537	-7.020487	-7.012399	-7.021831	-7.023387	-7.010098	-7.013432	-7.031630	-7.009196	-7.025550	-7.020982	-7.035917	-7.031991	-15.004447	-7.018304
983.660000	-7.017250	-7.023524	-7.020490	-7.012376	-7.021850	-7.023376	-7.010095	-7.013445	-7.031626	-7.009200	-7.025564	-7.020971	-7.035913	-7.032006	-15.004576	-7.018327
995.873000	-7.017240	-7.023534	-7.020477	-7.012384	-7.021844	-7.023388	-7.010108	-7.013446	-7.031617	-7.009213	-7.025558	-7.020970	-7.035919	-7.031986	-15.004492	-7.018314
1008.067000	-7.017248	-7.023523	-7.020459	-7.012375	-7.021850	-7.023371	-7.010098	-7.013423	-7.031620	-7.009206	-7.025566	-7.020976	-7.035909	-7.031995	-15.004571	-7.018304
1020.245000	-7.017251	-7.023522	-7.020473	-7.012375	-7.021830	-7.023381	-7.010091	-7.013436	-7.031620	-7.009193	-7.025553	-7.020968	-7.035919	-7.032002	-15.004628	-7.018312
1032.431000	-7.017256	-7.023525	-7.020487	-7.012381	-7.021834	-7.023387	-7.010076	-7.013443	-7.031629	-7.009201	-7.025569	-7.020991	-7.035900	-7.032002	-15.004610	-7.018323
1044.609000	-7.017254	-7.023535	-7.020486	-7.012390	-7.021846	-7.023377	-7.010080	-7.013445	-7.031625	-7.009211	-7.025554	-7.020963	-7.035889	-7.031995	-15.004648	-7.018312
1056.797000	-7.017248	-7.023528	-7.020470	-7.012391	-7.021847	-7.023387	-7.010096	-7.013432	-7.031620	-7.009209	-7.025550	-7.020967	-7.035907	-7.032024	-15.004656	-7.018319
1068.967000	-7.017242	-7.023534	-7.020479	-7.012398	-7.021841	-7.023380	-7.010090	-7.013414	-7.031625	-7.009194	-7.025537	-7.020974	-7.035903	-7.031999	-15.004679	-7.018303
1081.139000	-7.017240	-7.023519	-7.020485	-7.012386	-7.021853	-7.023388	-7.010097	-7.013428	-7.031607	-7.009211	-7.025542	-7.020950	-7.035892	-7.032023	-15.004651	-7.018306
1093.305000	-7.017243	-7.023530	-7.020483	-7.012385	-7.021843	-7.023368	-7.010108	-7.013426	-7.031607	-7.009197	-7.025528	-7.020953	-7.035906	-7.031995	-15.004740	-7.018317
1105.487000	-7.017233	-7.023531	-7.020471	-7.012381	-7.021830	-7.023366	-7.010100	-7.013423	-7.031612	-7.009209	-7.025549	-7.020962	-7.035896	-7.032001	-15.004797	-7.018313
1117.671000	-7.017239	-7.023520	-7.020474	-7.012362	-7.021837	-7.023362	-7.010092	-7.013426	-7.031602	-7.009190	-7.025535	-7.020963	-7.035900	-7.031997	-15.004446	-7.018313
1129.867000	-7.017246	-7.023550	-7.020469	-7.012393	-7.021839	-7.023365	-7.010098	-7.013406	-7.031601	-7.009215	-7.025546	-7.020949	-7.035910	-7.032014	-15.004537	-7.018304
1142.042000	-7.017247	-7.023521	-7.020478	-7.012371	-7.021856	-7.023381	-7.010094	-7.013428	-7.031611	-7.009209	-7.025547	-7.020964	-7.035913	-7.032009	-15.004705	-7.018302
1154.215000	-7.017252	-7.023526	-7.020470	-7.012384	-7.021854	-7.023362	-7.010100	-7.013429	-7.031613	-7.009221	-7.025562	-7.020955	-7.035902	-7.031980	-15.004751	-7.018301
1166.395000	-7.017250	-7.023537	-7.020490	-7.012382	-7.021833	-7.023375	-7.010084	-7.013413	-7.031603	-7.009189	-7.025548	-7.020950	-7.035902	-7.032012	-15.004725	-7.018291
1178.609000	-7.017254	-7.023547	-7.020465	-7.012383	-7.021837	-7.023370	-7.010083	-7.013426	-7.031615	-7.009214	-7.025548	-7.020946	-7.035900	-7.032012	-15.004506	-7.018303
1190.801000	-7.017249	-7.023534	-7.020450	-7.012369	-7.021845	-7.023363	-7.010090	-7.013448	-7.031609	-7.009211	-7.025536	-7.020949	-7.035892	-7.031998	-15.004742	-7.018297
1203.004000	-7.017232	-7.023525	-7.020463	-7.012383	-7.021841	-7.023358	-7.010097	-7.013439	-7.031611	-7.009211	-7.025539	-7.020966	-7.035898	-7.032000	-15.004888	-7.018288
1215.193000	-7.017231	-7.023525	-7.020465	-7.012377	-7.021829	-7.023360	-7.010081	-7.013429	-7.031614	-7.009203	-7.025552	-7.020960	-7.035913	-7.032003	-15.004793	-7.018299
1227.373000	-7.017244	-7.023511	-7.020469	-7.012387	-7.021835	-7.023352	-7.010087	-7.013444	-7.031602	-7.009205	-7.025543	-7.020958	-7.035890	-7.032007	-15.004809	-7.018297
1239.582000	-7.017229	-7.023521	-7.020462	-7.012372	-7.021855	-7.023374	-7.010096	-7.013437	-7.031611	-7.009230	-7.025530	-7.020945	-7.035902	-7.031991	-15.004653	-7.018290
1251.765000	-7.017241	-7.023529	-7.020461	-7.012372	-7.021840	-7.023365	-7.010102	-7.013436	-7.031608	-7.009219	-7.025546	-7.020963	-7.035905	-7.031987	-15.004705	-7.018306
1263.962000	-7.017219	-7.023524	-7.020468	-7.012378	-7.021838	-7.023365	-7.010082	-7.013433	-7.031620	-7.009231	-7.025568	-7.020958	-7.035910	-7.031976	-15.004717	-7.018308
1276.135000	-7.017231	-7.023515	-7.020445	-7.012371	-7.021848	-7.023361	-7.010101	-7.013429	-7.031603	-7.009220	-7.025561	-7.020948	-7.035903	-7.031983	-15.004770	-7.018315
1288.325000	-7.017226	-7.023528	-7.020465	-7.012382	-7.021848	-7.023368	-7.010101	-7.013424	-7.031615	-7.009215	-7.025577	-7.020957	-7.035890	-7.031962	-15.004689	-7.018198
1300.497000	-7.017264	-7.023699	-7.020693	-7.012327	-7.021795	-7.023478	-7.010251	-7.013521	-7.031763	-7.009278	-7.025780	-7.020805	-7.035903	-7.032058	-15.004548	-7.018267
1312.687000	-7.017366	-7.023819	-7.020702	-7.012430	-7.022043	-7.023926	-7.010413	-7.013766	-7.031999	-7.009549	-7.025995	-7.021177	-7.036121	-7.032352	-15.004567	-7.018519
1324.895000	-7.017552	-7.023942	-7.020774	-7.012652	-7.022411	-7.024328	-7.010562	-7.014129	-7.032236	-7.009782	-7.026218	-7.021509	-7.036360	-7.032622	-15.004512	-7.018754
1337.076000	-7.017751	-7.024097	-7.020821	-7.012885	-7.022705	-7.024612	-7.010678	-7.014441	-7.032446	-7.009994	-7.026400	-7.021822	-7.036626	-7.032842	-15.004456	-7.018930
1349.253000	-7.017914	-7.024184	-7.020902	-7.013109	-7.022965	-7.024826	-7.010803	-7.014694	-7.032609	-7.010145	-7.026541	-7.022047	-7.036838	-7.033056	-15.004418	-7.019085
1361.432000	-7.018068	-7.024277	-7.020941	-7.013295	-7.023168	-7.024997	-7.010911	-7.014906	-7.032751	-7.010268	-7.026699	-7.022245	-7.037035	-7.033204	-15.004270	-7.019198
1373.623000	-7.018202	-7.024347	-7.020956	-7.013420	-7.023343	-7.025088	-7.010981	-7.015098	-7.032836	-7.010392	-7.026795	-7.022376	-7.037161	-7.033356	-15.004229	-7.019292
1385.823000	-7.018299	-7.024404	-7.020985	-7.013553	-7.023450	-7.025141	-7.011070	-7.015236	-7.032886	-7.010467	-7.026893	-7.022485	-7.037302	-7.033461	-15.004254	-7.019362
1398.011000	-7.018377	-7.024433	-7.020990	-7.013651	-7.023556	-7.025178	-7.011101	-7.015336	-7.032937	-7.010522	-7.026981	-7.022570	-7.037419	-7.033556	-15.004455	-7.019413
1410.224000	-7.018444	-7.024467	-7.021001	-7.013705	-7.023600	-7.025216	-7.011157	-7.015429	-7.032987	-7.010576	-7.027031	-7.022649	-7.037513	-7.033629	-15.004318	-7.019466
1422.418000	-7.018511	-7.024517	-7.021015	-7.013790	-7.023674	-7.025255	-7.011195	-7.015494	-7.033032	-7.010633	-7.027098	-7.022719	-7.037576	-7.033694	-15.004472	-7.019507
1434.599000	-7.018569	-7.024565	-7.021023	-7.013853	-7.023720	-7.025283	-7.011231	-7.015552	-7.033065	-7.010679	-7.027135	-7.022795	-7.037651	-7.033756	-15.004553	-7.019540
1446.804000	-7.018634	-7.024589	-7.021035	-7.013881	-7.023769	-7.025290	-7.011282	-7.015595	-7.033088	-7.010750	-7.027209	-7.022845	-7.037696	-7.033794	-15.004415	-7.019580
1459.008000	-7.018666	-7.024604	-7.021045	-7.013920	-7.023810	-7.025305	-7.011310	-7.015629	-7.033093	-7.010759	-7.027238	-7.022876	-7.037761	-7.033830	-15.004396	-7.019610
1471.205000	-7.018698	-7.024626	-7.021056	-7.013949	-7.023838	-7.025323	-7.011328	-7.015667	-7.033125	-7.010800	-7.027271	-7.022896	-7.037796	-7.033869	-15.004369	-7.019632
1483.389000	-7.018705	-7.024659	-7.021058	-7.013983	-7.023849	-7.025323	-7.011322	-7.015695	-7.033132	-7.010813	-7.027277	-7.022927	-7.037822	-7.033890	-15.004440	-7.019646
1495.580000	-7.018734	-7.024664	-7.021083	-7.014001	-7.023893	-7.025355	-7.011362	-7.015723	-7.033144	-7.010832	-7.027289	-7.022945	-7.037842	-7.033911	-15.004350	-7.019649
1507.781000	-7.018777	-7.024677	-7.021079	-7.014033	-7.023899	-7.025362	-7.011380	-7.015718	-7.033165	-7.010825	-7.027314	-7.022977	-7.037860	-7.033918	-15.004276	-7.019665
1519.976000	-7.018768	-7.024687	-7.021091	-7.014030	-7.023902	-7.025369	-7.011396	-7.015755	-7.033169	-7.010840	-7.027310	-7.022980	-7.037881	-7.033938	-15.004281	-7.019678
1532.174000	-7.018777	-7.024684	-7.021087	-7.014055	-7.023918	-7.025382	-7.011384	-7.015754	-7.033160	-7.010867	-7.027333	-7.022993	-7.037888	-7.033946	-15.004168	-7.019678
1544.348000	-7.018794	-7.024691	-7.021087	-7.014047	-7.023938	-7.025384	-7.011409	-7.015782	-7.033155	-7.010872	-7.027324	-7.023002	-7.037894	-7.033948	-15.004354	-7.019688
1556.536000	-7.018806	-7.024703	-7.021093	-7.014060	-7.023936	-7.025390	-7.011413	-7.015788	-7.033162	-7.010879	-7.027335	-7.023006	-7.037919	-7.033962	-15.004194	-7.019699
1568.719000	-7.018810	-7.024711	-7.021090	-7.014065	-7.023946	-7.025350	-7.011424	-7.015780	-7.033177	-7.010898	-7.027353	-7.023010	-7.037906	-7.033958	-15.004349	-7.019700
1580.931000	-7.018822	-7.024710	-7.021077	-7.014071	-7.023937	-7.025368	-7.011415	-7.015803	-7.033168	-7.010881	-7.027350	-7.023022	-7.037886	-7.033959	-15.004317	-7.019721
1593.091000	-7.018824	-7.024721	-7.021076	-7.014084	-7.023945	-7.025379	-7.011421	-7.015805	-7.033176	-7.010888	-7.027354	-7.023021	-7.037886	-7.033968	-15.004127	-7.019705
1605.292000	-7.018832	-7.024726	-7.021071	-7.014101	-7.023958	-7.025369	-7.011406	-7.015797	-7.033182	-7.010899	-7.027363	-7.023023	-7.037878	-7.033973	-15.004289	-7.019702
1617.483000	-7.018834	-7.024726	-7.021087	-7.014100	-7.023959	-7.025367	-7.011424	-7.015818	-7.033183	-7.010895	-7.027376	-7.023058	-7.037881	-7.033961	-15.004505	-7.019714
1629.673000	-7.018836	-7.024733	-7.021089	-7.014117	-7.023958	-7.025378	-7.011429	-7.015810	-7.033186	-7.010899	-7.027366	-7.023053	-7.037879	-7.033971	-15.004349	-7.019712
1641.866000	-7.018848	-7.024727	-7.021089	-7.014102	-7.023968	-7.025357	-7.011422	-7.015801	-7.033179	-7.010898	-7.027375	-7.023041	-7.037867	-7.033969	-15.004400	-7.019711
1654.052000	-7.018855	-7.024741	-7.021099	-7.014111	-7.023973	-7.025366	-7.011428	-7.015816	-7.033196	-7.010915	-7.027372	-7.023065	-7.037865	-7.033963	-15.004239	-7.019722
1666.256000	-7.018864	-7.024737	-7.021097	-7.014101	-7.023987	-7.025365	-7.011446	-7.015837	-7.033176	-7.010909	-7.027364	-7.023069	-7.037849	-7.033956	-15.004206	-7.019727
1678.438000	-7.018853	-7.024734	-7.021129	-7.014103	-7.023985	-7.025357	-7.011443	-7.015828	-7.033191	-7.010918	-7.027377	-7.023089	-7.037843	-7.033964	-15.004375	-7.019710
1690.618000	-7.018854	-7.024734	-7.021128	-7.014112	-7.023996	-7.025359	-7.011438	-7.015814	-7.033193	-7.010906	-7.027384	-7.023086	-7.037859	-7.033974	-15.004334	-7.019726
1702.821000	-7.018869	-7.024732	-7.021121	-7.014121	-7.023989	-7.025358	-7.011439	-7.015820	-7.033192	-7.010919	-7.027389	-7.023069	-7.037842	-7.033953	-15.004196	-7.019734
1715.051000	-7.018852	-7.024743	-7.021129	-7.014121	-7.023999	-7.025361	-7.011445	-7.015821	-7.033200	-7.010917	-7.027384	-7.023084	-7.037832	-7.033963	-15.004331	-7.019728
1727.232000	-7.018871	-7.024743	-7.021105	-7.014103	-7.023992	-7.025369	-7.011430	-7.015821	-7.033199	-7.010924	-7.027386	-7.023070	-7.037817	-7.033970	-15.004154	-7.019722
1739.431000	-7.018867	-7.024749	-7.021114	-7.014133	-7.024009	-7.025363	-7.011443	-7.015839	-7.033192	-7.010909	-7.027397	-7.023079	-7.037841	-7.033956	-15.004262	-7.019719
1751.613000	-7.018884	-7.024762	-7.021103	-7.014097	-7.024009	-7.025370	-7.011434	-7.015836	-7.033200	-7.010920	-7.027383	-7.023078	-7.037830	-7.033971	-15.004252	-7.019727
1763.805000	-7.018869	-7.024768	-7.021111	-7.014123	-7.024015	-7.025357	-7.011453	-7.015835	-7.033202	-7.010922	-7.027392	-7.023079	-7.037804	-7.033960	-15.004329	-7.019722
1775.991000	-7.018879	-7.024735	-7.021109	-7.014117	-7.024011	-7.025367	-7.011431	-7.015851	-7.033197	-7.010909	-7.027366	-7.023094	-7.037831	-7.033953	-15.004271	-7.019710
1788.187000	-7.018883	-7.024749	-7.021100	-7.014116	-7.024012	-7.025352	-7.011445	-7.015862	-7.033201	-7.010917	-7.027391	-7.023097	-7.037824	-7.033968	-15.004321	-7.019705
1800.394000	-7.018892	-7.024769	-7.021131	-7.014121	-7.024022	-7.025349	-7.011451	-7.015839	-7.033184	-7.010928	-7.027381	-7.023086	-7.037814	-7.033970	-15.004329	-7.019722
1812.585000	-7.018880	-7.024755	-7.021115	-7.014143	-7.024022	-7.025343	-7.011454	-7.015852	-7.033196	-7.010924	-7.027376	-7.023083	-7.037802	-7.033966	-15.004351	-7.019741
1824.788000	-7.018880	-7.024767	-7.021107	-7.014126	-7.024028	-7.025346	-7.011464	-7.015846	-7.033200	-7.010924	-7.027370	-7.023090	-7.037796	-7.033952	-15.004221	-7.019738
1836.988000	-7.018902	-7.024753	-7.021109	-7.014129	-7.024017	-7.025353	-7.011441	-7.015839	-7.033195	-7.010923	-7.027388	-7.023090	-7.037809	-7.033970	-15.004400	-7.019726
1849.172000	-7.018883	-7.024766	-7.021114	-7.014100	-7.024025	-7.025328	-7.011474	-7.015830	-7.033211	-7.010923	-7.027394	-7.023098	-7.037809	-7.033970	-15.004291	-7.019728
1861.338000	-7.018895	-7.024757	-7.021117	-7.014123	-7.024004	-7.025329	-7.011461	-7.015840	-7.033213	-7.010932	-7.027395	-7.023099	-7.037809	-7.033954	-15.004290	-7.019725
1873.503000	-7.018893	-7.024758	-7.021111	-7.014127	-7.024025	-7.025337	-7.011461	-7.015855	-7.033206	-7.010922	-7.027400	-7.023081	-7.037808	-7.033951	-15.004492	-7.019726
1885.705000	-7.018889	-7.024757	-7.021130	-7.014112	-7.024024	-7.025336	-7.011467	-7.015854	-7.033209	-7.010938	-7.027395	-7.023107	-7.037803	-7.033953	-15.004208	-7.019714
1897.901000	-7.018902	-7.024766	-7.021125	-7.014106	-7.024024	-7.025342	-7.011465	-7.015852	-7.033201	-7.010934	-7.027390	-7.023109	-7.037808	-7.033965	-15.004339	-7.019710
1910.081000	-7.018876	-7.024761	-7.021130	-7.014102	-7.024033	-7.025321	-7.011444	-7.015862	-7.033208	-7.010939	-7.027404	-7.023087	-7.037792	-7.033946	-15.004244	-7.019724
1922.258000	-7.018905	-7.024780	-7.021129	-7.014118	-7.024034	-7.025350	-7.011448	-7.015851	-7.033201	-7.010930	-7.027385	-7.023098	-7.037787	-7.033951	-15.004305	-7.019716
1934.427000	-7.018902	-7.024776	-7.021121	-7.014113	-7.024034	-7.025337	-7.011465	-7.015857	-7.033210	-7.010946	-7.027397	-7.023086	-7.037820	-7.033946	-15.004251	-7.019726
1946.622000	-7.018905	-7.024778	-7.021114	-7.014124	-7.024045	-7.025346	-7.011454	-7.015843	-7.033217	-7.010941	-7.027379	-7.023084	-7.037791	-7.033942	-15.004212	-7.019732
1958.825000	-7.018893	-7.024783	-7.021121	-7.014130	-7.024047	-7.025339	-7.011455	-7.015849	-7.033207	-7.010961	-7.027382	-7.023093	-7.037774	-7.033952	-15.004367	-7.019721
1971.015000	-7.018898	-7.024776	-7.021135	-7.014117	-7.024040	-7.025331	-7.011461	-7.015853	-7.033209	-7.010952	-7.027394	-7.023102	-7.037753	-7.033952	-15.004366	-7.019737
1983.190000	-7.018926	-7.024787	-7.021126	-7.014123	-7.024040	-7.025316	-7.011441	-7.015862	-7.033209	-7.010936	-7.027400	-7.023099	-7.037760	-7.033944	-15.004555	-7.019728
1995.407000	-7.018925	-7.024799	-7.021131	-7.014117	-7.024030	-7.025328	-7.011449	-7.015867	-7.033198	-7.010933	-7.027406	-7.023093	-7.037766	-7.033951	-15.004394	-7.019736
2007.588000	-7.018902	-7.024778	-7.021127	-7.014103	-7.024028	-7.025312	-7.011453	-7.015855	-7.033214	-7.010940	-7.027397	-7.023088	-7.037769	-7.033932	-15.004519	-7.019742
2019.776000	-7.018912	-7.024787	-7.021110	-7.014126	-7.024022	-7.025318	-7.011450	-7.015844	-7.033213	-7.010939	-7.027391	-7.023072	-7.037757	-7.033943	-15.004305	-7.019737
2031.964000	-7.018911	-7.024784	-7.021112	-7.014119	-7.024034	-7.025325	-7.011468	-7.015876	-7.033219	-7.010944	-7.027412	-7.023098	-7.037767	-7.033950	-15.004362	-7.019729
2044.140000	-7.018921	-7.024794	-7.021099	-7.014121	-7.024034	-7.025337	-7.011470	-7.015874	-7.033227	-7.010926	-7.027382	-7.023096	-7.037768	-7.033950	-15.004292	-7.019733
2056.346000	-7.018896	-7.024784	-7.021127	-7.014127	-7.024028	-7.025321	-7.011454	-7.015868	-7.033217	-7.010923	-7.027394	-7.023109	-7.037748	-7.033953	-15.004167	-7.019750
2068.539000	-7.018902	-7.024795	-7.021133	-7.014103	-7.024028	-7.025328	-7.011457	-7.015859	-7.033212	-7.010928	-7.027408	-7.023092	-7.037755	-7.033958	-15.004187	-7.019741
2080.758000	-7.018915	-7.024790	-7.021125	-7.014135	-7.024032	-7.025327	-7.011450	-7.015883	-7.033205	-7.010925	-7.027386	-7.023113	-7.037742	-7.033949	-15.004045	-7.019732
2092.948000	-7.018919	-7.024799	-7.021127	-7.014121	-7.024045	-7.025311	-7.011453	-7.015864	-7.033214	-7.010922	-7.027397	-7.023098	-7.037745	-7.033954	-15.004330	-7.019727
2105.133000	-7.018919	-7.024792	-7.021123	-7.014124	-7.024052	-7.025306	-7.011451	-7.015860	-7.033218	-7.010937	-7.027391	-7.023097	-7.037743	-7.033959	-15.004035	-7.019736
2117.304000	-7.018911	-7.024793	-7.021122	-7.014122	-7.024043	-7.025324	-7.011466	-7.015856	-7.033219	-7.010945	-7.027404	-7.023113	-7.037760	-7.033945	-15.004129	-7.019730
2129.486000	-7.018920	-7.024790	-7.021119	-7.014132	-7.024052	-7.025322	-7.011460	-7.015874	-7.033226	-7.010935	-7.027415	-7.023090	-7.037739	-7.033960	-15.004142	-7.019743
2141.700000	-7.018937	-7.024798	-7.021121	-7.014147	-7.024049	-7.025318	-7.011468	-7.015855	-7.033218	-7.010931	-7.027403	-7.023119	-7.037738	-7.033943	-15.004103	-7.019748
2153.890000	-7.018927	-7.024795	-7.021112	-7.014148	-7.024055	-7.025312	-7.011465	-7.015861	-7.033214	-7.010941	-7.027404	-7.023113	-7.037755	-7.033932	-15.004031	-7.019722
2166.088000	-7.018926	-7.024810	-7.021117	-7.014135	-7.024049	-7.025307	-7.011483	-7.015866	-7.033239	-7.010936	-7.027398	-7.023123	-7.037753	-7.033941	-15.004063	-7.019730
2178.291000	-7.018910	-7.024795	-7.021092	-7.014135	-7.024054	-7.025323	-7.011478	-7.015870	-7.033229	-7.010930	-7.027396	-7.023119	-7.037743	-7.033920	-15.004109	-7.019727
2190.492000	-7.018921	-7.024799	-7.021119	-7.014131	-7.024060	-7.025332	-7.011468	-7.015862	-7.033219	-7.010930	-7.027403	-7.023115	-7.037743	-7.033930	-15.004061	-7.019744
2202.651000	-7.018917	-7.024807	-7.021101	-7.014139	-7.024049	-7.025326	-7.011468	-7.015862	-7.033203	-7.010928	-7.027417	-7.023118	-7.037740	-7.033940	-15.004108	-7.019737
2214.856000	-7.018917	-7.024773	-7.021069	-7.014142	-7.024073	-7.025360	-7.011427	-7.015848	-7.033151	-7.010926	-7.027363	-7.023145	-7.037759	-7.033949	-15.004211	-7.019776
2227.036000	-7.018911	-7.024742	-7.021037	-7.014153	-7.024016	-7.025362	-7.011383	-7.015767	-7.033065	-7.010829	-7.027292	-7.023058	-7.037815	-7.033965	-15.004255	-7.019724
2239.208000	-7.018830	-7.024660	-7.021021	-7.014070	-7.023894	-7.025168	-7.011302	-7.015638	-7.032961	-7.010732	-7.027158	-7.022902	-7.037885	-7.033914	-15.004044	-7.019632
2251.414000	-7.018735	-7.024579	-7.020969	-7.013961	-7.023734	-7.024981	-7.011224	-7.015483	-7.032851	-7.010639	-7.027052	-7.022745	-7.037790	-7.033781	-15.004148	-7.019524
2263.589000	-7.018649	-7.024479	-7.020922	-7.013843	-7.023621	-7.024879	-7.011163	-7.015341	-7.032773	-7.010569	-7.026966	-7.022626	-7.037682	-7.033672	-15.004289	-7.019456
2275.785000	-7.018574	-7.024451	-7.020914	-7.013779	-7.023519	-7.024826	-7.011118	-7.015240	-7.032710	-7.010512	-7.026884	-7.022543	-7.037609	-7.033615	-15.004245	-7.019391
2287.969000	-7.018502	-7.024421	-7.020922	-7.013705	-7.023461	-7.024780	-7.011114	-7.015161	-7.032684	-7.010452	-7.026838	-7.022465	-7.037527	-7.033537	-15.004099	-7.019346
2300.164000	-7.018472	-7.024397	-7.020911	-7.013639	-7.023384	-7.024765	-7.011068	-7.015112	-7.032646	-7.010435	-7.026801	-7.022428	-7.037472	-7.033477	-15.004363	-7.019309
2312.352000	-7.018437	-7.024383	-7.020892	-7.013617	-7.023341	-7.024731	-7.011022	-7.015062	-7.032622	-7.010412	-7.026772	-7.022382	-7.037428	-7.033427	-15.004259	-7.019296
2324.515000	-7.018409	-7.024362	-7.020913	-7.013574	-7.023305	-7.024708	-7.011003	-7.015024	-7.032615	-7.010370	-7.026733	-7.022361	-7.037397	-7.033399	-15.004380	-7.019277
2336.695000	-7.018376	-7.024343	-7.020903	-7.013551	-7.023292	-7.024724	-7.011000	-7.014989	-7.032599	-7.010346	-7.026730	-7.022324	-7.037352	-7.033373	-15.004183	-7.019253
2348.888000	-7.018350	-7.024346	-7.020903	-7.013499	-7.023289	-7.024708	-7.010998	-7.014971	-7.032610	-7.010325	-7.026700	-7.022317	-7.037349	-7.033345	-15.004170	-7.019245
2361.060000	-7.018343	-7.024351	-7.020890	-7.013500	-7.023261	-7.024711	-7.010968	-7.014959	-7.032585	-7.010329	-7.026690	-7.022307	-7.037303	-7.033325	-15.004049	-7.019231
2373.271000	-7.018335	-7.024335	-7.020908	-7.013509	-7.023247	-7.024687	-7.010971	-7.014954	-7.032587	-7.010309	-7.026678	-7.022296	-7.037292	-7.033328	-15.004311	-7.019215
2385.461000	-7.018319	-7.024336	-7.020897	-7.013483	-7.023235	-7.024695	-7.010963	-7.014931	-7.032582	-7.010312	-7.026681	-7.022300	-7.037278	-7.033304	-15.004426	-7.019220
2397.634000	-7.018309	-7.024334	-7.020900	-7.013469	-7.023217	-7.024694	-7.010962	-7.014930	-7.032570	-7.010294	-7.026670	-7.022286	-7.037258	-7.033296	-15.004415	-7.019202
2409.830000	-7.018308	-7.024318	-7.020886	-7.013474	-7.023196	-7.024692	-7.010950	-7.014917	-7.032567	-7.010302	-7.026650	-7.022282	-7.037240	-7.033287	-15.004264	-7.019202
2421.990000	-7.018298	-7.024322	-7.020889	-7.013467	-7.023199	-7.024680	-7.010955	-7.014887	-7.032568	-7.010299	-7.026662	-7.022248	-7.037254	-7.033278	-15.004184	-7.019201
2434.179000	-7.018301	-7.024326	-7.020891	-7.013470	-7.023199	-7.024686	-7.010960	-7.014897	-7.032565	-7.010291	-7.026665	-7.022260	-7.037236	-7.033271	-15.004192	-7.019209
2446.375000	-7.018299	-7.024310	-7.020893	-7.013447	-7.023193	-7.024687	-7.010933	-7.014910	-7.032557	-7.010278	-7.026646	-7.022247	-7.037238	-7.033269	-15.004286	-7.019196
2458.548000	-7.018281	-7.024319	-7.020888	-7.013447	-7.023203	-7.024687	-7.010928	-7.014897	-7.032572	-7.010282	-7.026647	-7.022256	-7.037209	-7.033269	-15.004162	-7.019211
2470.728000	-7.018295	-7.024315	-7.020900	-7.013451	-7.023203	-7.024681	-7.010935	-7.014912	-7.032574	-7.010277	-7.026645	-7.022251	-7.037213	-7.033256	-15.004359	-7.019203
2482.912000	-7.018294	-7.024304	-7.020898	-7.013443	-7.023198	-7.024677	-7.010933	-7.014908	-7.032548	-7.010280	-7.026651	-7.022240	-7.037220	-7.033275	-15.004325	-7.019189
2495.105000	-7.018295	-7.024294	-7.020910	-7.013461	-7.023183	-7.024672	-7.010928	-7.014885	-7.032545	-7.010267	-7.026651	-7.022232	-7.037207	-7.033267	-15.004407	-7.019203
2507.291000	-7.018284	-7.024296	-7.020908	-7.013459	-7.023197	-7.024655	-7.010932	-7.014893	-7.032558	-7.010275	-7.026652	-7.022241	-7.037221	-7.033271	-15.004248	-7.019213
2519.502000	-7.018290	-7.024283	-7.020891	-7.013453	-7.023197	-7.024660	-7.010930	-7.014892	-7.032552	-7.010277	-7.026656	-7.022243	-7.037219	-7.033252	-15.004402	-7.019195
2531.696000	-7.018290	-7.024317	-7.020893	-7.013446	-7.023172	-7.024673	-7.010935	-7.014879	-7.032555	-7.010283	-7.026662	-7.022230	-7.037215	-7.033261	-15.004191	-7.019182
2543.871000	-7.018282	-7.024307	-7.020897	-7.013442	-7.023174	-7.024654	-7.010935	-7.014866	-7.032552	-7.010272	-7.026645	-7.022238	-7.037199	-7.033254	-15.004411	-7.019169
	-7.018275															
