8.196000	-7.038374	-7.038522	-7.027275	-7.031069	-7.041183	-7.019444	-7.006360	-7.015917	-7.019036	-7.033790	-7.044501	-7.015567	-7.044232	-6.986338	-14.999194	-7.004528
20.412000	-7.038490	-7.038598	-7.027378	-7.031142	-7.041241	-7.019499	-7.006434	-7.015958	-7.019072	-7.033823	-7.044540	-7.015583	-7.044251	-6.987716	-14.999916	-7.004553
32.600000	-7.038534	-7.038630	-7.027407	-7.031176	-7.041260	-7.019480	-7.006446	-7.015956	-7.019095	-7.033838	-7.044590	-7.015580	-7.044260	-6.988190	-15.000233	-7.004612
44.805000	-7.038558	-7.038642	-7.027417	-7.031188	-7.041273	-7.019485	-7.006474	-7.015957	-7.019072	-7.033828	-7.044582	-7.015608	-7.044263	-6.988342	-15.000679	-7.004600
57.005000	-7.038549	-7.038647	-7.027407	-7.031201	-7.041276	-7.019500	-7.006477	-7.015973	-7.019118	-7.033848	-7.044609	-7.015628	-7.044266	-6.988488	-15.000955	-7.004603
69.201000	-7.038568	-7.038663	-7.027423	-7.031215	-7.041280	-7.019511	-7.006493	-7.015968	-7.019087	-7.033888	-7.044604	-7.015603	-7.044252	-6.988539	-15.001274	-7.004631
81.397000	-7.038557	-7.038667	-7.027426	-7.031233	-7.041280	-7.019521	-7.006506	-7.015980	-7.019121	-7.033878	-7.044625	-7.015619	-7.044264	-6.988606	-15.001233	-7.004622
93.606000	-7.038572	-7.038675	-7.027437	-7.031235	-7.041282	-7.019516	-7.006510	-7.015980	-7.019114	-7.033879	-7.044601	-7.015639	-7.044275	-6.988619	-15.001563	-7.004629
105.796000	-7.038590	-7.038700	-7.027431	-7.031250	-7.041313	-7.019526	-7.006513	-7.016000	-7.019128	-7.033901	-7.044619	-7.015646	-7.044281	-6.988650	-15.001845	-7.004629
118.011000	-7.038607	-7.038690	-7.027444	-7.031239	-7.041302	-7.019534	-7.006517	-7.015986	-7.019113	-7.033907	-7.044630	-7.015640	-7.044267	-6.988636	-15.002138	-7.004643
130.202000	-7.038596	-7.038712	-7.027457	-7.031240	-7.041305	-7.019531	-7.006524	-7.015986	-7.019133	-7.033915	-7.044625	-7.015661	-7.044273	-6.988668	-15.002268	-7.004636
142.387000	-7.038593	-7.038699	-7.027442	-7.031246	-7.041328	-7.019539	-7.006535	-7.015988	-7.019105	-7.033911	-7.044617	-7.015661	-7.044278	-6.988664	-15.002287	-7.004641
154.566000	-7.038594	-7.038705	-7.027469	-7.031228	-7.041321	-7.019556	-7.006534	-7.015987	-7.019138	-7.033912	-7.044631	-7.015655	-7.044270	-6.988652	-15.002498	-7.004638
166.757000	-7.038592	-7.038696	-7.027474	-7.031247	-7.041322	-7.019546	-7.006526	-7.016002	-7.019138	-7.033917	-7.044647	-7.015667	-7.044266	-6.988682	-15.002704	-7.004641
178.973000	-7.038592	-7.038697	-7.027453	-7.031233	-7.041330	-7.019550	-7.006557	-7.015992	-7.019133	-7.033917	-7.044643	-7.015695	-7.044274	-6.988582	-15.002515	-7.004631
191.155000	-7.038596	-7.038718	-7.027460	-7.031247	-7.041334	-7.019555	-7.006555	-7.016010	-7.019123	-7.033911	-7.044632	-7.015668	-7.044283	-6.988520	-15.002809	-7.004636
203.357000	-7.038604	-7.038711	-7.027463	-7.031258	-7.041325	-7.019561	-7.006531	-7.016014	-7.019122	-7.033910	-7.044657	-7.015696	-7.044278	-6.988458	-15.002916	-7.004634
215.545000	-7.038612	-7.038721	-7.027474	-7.031262	-7.041324	-7.019560	-7.006543	-7.016004	-7.019141	-7.033916	-7.044656	-7.015691	-7.044267	-6.988476	-15.002833	-7.004630
227.733000	-7.038609	-7.038707	-7.027464	-7.031258	-7.041334	-7.019550	-7.006546	-7.016010	-7.019119	-7.033911	-7.044666	-7.015672	-7.044278	-6.988511	-15.003045	-7.004657
239.921000	-7.038608	-7.038710	-7.027476	-7.031247	-7.041332	-7.019549	-7.006545	-7.016023	-7.019138	-7.033916	-7.044650	-7.015689	-7.044284	-6.988511	-15.003030	-7.004659
252.117000	-7.038614	-7.038715	-7.027477	-7.031247	-7.041344	-7.019547	-7.006567	-7.016028	-7.019117	-7.033910	-7.044671	-7.015689	-7.044266	-6.988505	-15.003165	-7.004647
264.286000	-7.038590	-7.038719	-7.027474	-7.031255	-7.041329	-7.019551	-7.006550	-7.016013	-7.019119	-7.033931	-7.044648	-7.015685	-7.044266	-6.988536	-15.003170	-7.004649
276.453000	-7.038613	-7.038733	-7.027470	-7.031264	-7.041347	-7.019552	-7.006552	-7.016025	-7.019140	-7.033925	-7.044665	-7.015681	-7.044268	-6.988546	-15.003116	-7.004649
288.652000	-7.038626	-7.038730	-7.027484	-7.031256	-7.041338	-7.019553	-7.006557	-7.016025	-7.019130	-7.033924	-7.044668	-7.015702	-7.044269	-6.988578	-15.003199	-7.004644
300.855000	-7.038633	-7.038722	-7.027464	-7.031246	-7.041358	-7.019542	-7.006564	-7.016023	-7.019159	-7.033933	-7.044648	-7.015685	-7.044272	-6.988549	-15.003366	-7.004629
313.033000	-7.038629	-7.038719	-7.027489	-7.031266	-7.041337	-7.019574	-7.006576	-7.016018	-7.019136	-7.033924	-7.044652	-7.015690	-7.044271	-6.988528	-15.003405	-7.004642
325.219000	-7.038624	-7.038725	-7.027472	-7.031264	-7.041360	-7.019555	-7.006559	-7.016030	-7.019150	-7.033916	-7.044640	-7.015685	-7.044281	-6.988526	-15.003380	-7.004687
337.399000	-7.038589	-7.038702	-7.027415	-7.031262	-7.041331	-7.019505	-7.006590	-7.016034	-7.019058	-7.033887	-7.044577	-7.015618	-7.044269	-6.988230	-15.003404	-7.004649
349.611000	-7.038558	-7.038638	-7.027349	-7.031225	-7.041264	-7.019427	-7.006550	-7.015970	-7.018900	-7.033801	-7.044493	-7.015567	-7.044234	-6.987858	-15.003442	-7.004589
361.794000	-7.038473	-7.038569	-7.027264	-7.031160	-7.041207	-7.019371	-7.006475	-7.015895	-7.018702	-7.033695	-7.044413	-7.015561	-7.044170	-6.987305	-15.003522	-7.004502
373.979000	-7.038391	-7.038499	-7.027161	-7.031079	-7.041093	-7.019297	-7.006381	-7.015819	-7.018543	-7.033620	-7.044324	-7.015482	-7.044113	-6.985397	-15.003506	-7.004419
386.161000	-7.038299	-7.038417	-7.027075	-7.030990	-7.040970	-7.019233	-7.006272	-7.015717	-7.018389	-7.033555	-7.044280	-7.015461	-7.044063	-6.936253	-15.003398	-7.004368
398.354000	-7.038212	-7.038349	-7.027014	-7.030911	-7.040868	-7.019176	-7.006183	-7.015659	-7.018232	-7.033502	-7.044167	-7.015445	-7.044011	-6.961165	-15.003541	-7.004288
410.533000	-7.038114	-7.038295	-7.026906	-7.030802	-7.040765	-7.019136	-7.006103	-7.015592	-7.018135	-7.033407	-7.044114	-7.015411	-7.043958	-6.953637	-15.003526	-7.004228
422.723000	-7.038028	-7.038201	-7.026827	-7.030736	-7.040685	-7.019068	-7.006025	-7.015537	-7.018036	-7.033365	-7.044057	-7.015388	-7.043905	-6.970601	-15.003463	-7.004161
434.910000	-7.037967	-7.038160	-7.026781	-7.030639	-7.040568	-7.019031	-7.005969	-7.015487	-7.017932	-7.033322	-7.044034	-7.015385	-7.043859	-6.956284	-15.003663	-7.004106
447.103000	-7.037912	-7.038120	-7.026740	-7.030563	-7.040489	-7.019024	-7.005897	-7.015467	-7.017878	-7.033282	-7.044018	-7.015355	-7.043847	-6.957735	-15.003582	-7.004054
459.303000	-7.037847	-7.038072	-7.026697	-7.030505	-7.040432	-7.018993	-7.005851	-7.015411	-7.017832	-7.033243	-7.043948	-7.015338	-7.043796	-6.956551	-15.003867	-7.004018
471.510000	-7.037801	-7.038021	-7.026663	-7.030463	-7.040391	-7.018978	-7.005823	-7.015392	-7.017794	-7.033209	-7.043932	-7.015348	-7.043793	-6.957423	-15.003772	-7.003993
483.694000	-7.037787	-7.038015	-7.026637	-7.030401	-7.040355	-7.018976	-7.005799	-7.015360	-7.017753	-7.033213	-7.043910	-7.015325	-7.043784	-6.961553	-15.003711	-7.003961
495.881000	-7.037735	-7.037983	-7.026620	-7.030372	-7.040312	-7.018946	-7.005783	-7.015350	-7.017757	-7.033197	-7.043929	-7.015321	-7.043767	-6.959694	-15.003754	-7.003942
508.065000	-7.037719	-7.037989	-7.026619	-7.030337	-7.040296	-7.018959	-7.005760	-7.015351	-7.017730	-7.033203	-7.043918	-7.015308	-7.043744	-6.956631	-15.003843	-7.003926
520.260000	-7.037697	-7.037983	-7.026608	-7.030338	-7.040317	-7.018946	-7.005773	-7.015357	-7.017752	-7.033200	-7.043917	-7.015316	-7.043746	-6.955366	-15.003769	-7.003948
532.449000	-7.037689	-7.037950	-7.026603	-7.030317	-7.040271	-7.018949	-7.005756	-7.015328	-7.017725	-7.033178	-7.043894	-7.015308	-7.043730	-6.954233	-15.003852	-7.003930
544.624000	-7.037692	-7.037957	-7.026592	-7.030315	-7.040277	-7.018949	-7.005765	-7.015349	-7.017735	-7.033149	-7.043916	-7.015344	-7.043723	-6.954392	-15.003940	-7.003923
556.813000	-7.037668	-7.037947	-7.026567	-7.030292	-7.040244	-7.018939	-7.005721	-7.015329	-7.017711	-7.033138	-7.043890	-7.015295	-7.043712	-6.956457	-15.003782	-7.003898
568.993000	-7.037650	-7.037948	-7.026564	-7.030284	-7.040248	-7.018936	-7.005726	-7.015322	-7.017692	-7.033153	-7.043884	-7.015306	-7.043707	-6.954127	-15.004128	-7.003905
581.196000	-7.037655	-7.037945	-7.026562	-7.030276	-7.040225	-7.018919	-7.005707	-7.015328	-7.017677	-7.033140	-7.043883	-7.015289	-7.043716	-6.959978	-15.003954	-7.003916
593.388000	-7.037647	-7.037935	-7.026569	-7.030262	-7.040213	-7.018930	-7.005702	-7.015312	-7.017724	-7.033135	-7.043894	-7.015276	-7.043725	-6.960226	-15.003949	-7.003917
605.558000	-7.037622	-7.037942	-7.026557	-7.030250	-7.040213	-7.018926	-7.005700	-7.015301	-7.017665	-7.033126	-7.043892	-7.015284	-7.043718	-6.960219	-15.004033	-7.003904
617.749000	-7.037636	-7.037945	-7.026557	-7.030233	-7.040199	-7.018912	-7.005682	-7.015304	-7.017702	-7.033156	-7.043897	-7.015301	-7.043718	-6.960393	-15.003900	-7.003943
629.957000	-7.037622	-7.037936	-7.026554	-7.030242	-7.040191	-7.018918	-7.005712	-7.015318	-7.017692	-7.033154	-7.043897	-7.015305	-7.043708	-6.958983	-15.004077	-7.003915
642.161000	-7.037626	-7.037941	-7.026565	-7.030217	-7.040186	-7.018915	-7.005714	-7.015315	-7.017693	-7.033147	-7.043864	-7.015289	-7.043706	-6.959083	-15.004021	-7.003930
654.354000	-7.037622	-7.037950	-7.026554	-7.030222	-7.040203	-7.018905	-7.005696	-7.015312	-7.017692	-7.033152	-7.043890	-7.015292	-7.043706	-6.958251	-15.004216	-7.003937
666.549000	-7.037635	-7.037932	-7.026549	-7.030231	-7.040200	-7.018904	-7.005679	-7.015301	-7.017692	-7.033146	-7.043887	-7.015282	-7.043711	-6.958413	-15.004112	-7.003927
678.738000	-7.037605	-7.037924	-7.026548	-7.030218	-7.040186	-7.018902	-7.005677	-7.015306	-7.017669	-7.033117	-7.043886	-7.015268	-7.043709	-6.965719	-15.003951	-7.003909
690.929000	-7.037626	-7.037953	-7.026561	-7.030218	-7.040206	-7.018908	-7.005684	-7.015296	-7.017657	-7.033139	-7.043875	-7.015276	-7.043713	-6.955976	-15.003789	-7.003918
703.134000	-7.037620	-7.037924	-7.026537	-7.030203	-7.040177	-7.018891	-7.005665	-7.015288	-7.017665	-7.033127	-7.043891	-7.015263	-7.043711	-6.967517	-15.004202	-7.003908
715.306000	-7.037633	-7.037926	-7.026524	-7.030187	-7.040180	-7.018899	-7.005674	-7.015288	-7.017660	-7.033121	-7.043891	-7.015284	-7.043713	-6.967559	-15.004142	-7.003901
727.516000	-7.037605	-7.037910	-7.026545	-7.030202	-7.040192	-7.018896	-7.005689	-7.015286	-7.017676	-7.033137	-7.043900	-7.015294	-7.043721	-6.957931	-15.003967	-7.003887
739.712000	-7.037609	-7.037918	-7.026533	-7.030195	-7.040184	-7.018906	-7.005680	-7.015281	-7.017667	-7.033129	-7.043893	-7.015266	-7.043723	-6.964028	-15.004042	-7.003911
751.900000	-7.037620	-7.037942	-7.026539	-7.030176	-7.040186	-7.018909	-7.005688	-7.015286	-7.017658	-7.033117	-7.043890	-7.015271	-7.043710	-6.957148	-15.004031	-7.003894
764.103000	-7.037613	-7.037927	-7.026537	-7.030187	-7.040194	-7.018904	-7.005713	-7.015296	-7.017673	-7.033120	-7.043906	-7.015273	-7.043718	-6.957477	-15.004111	-7.003897
776.313000	-7.037616	-7.037922	-7.026540	-7.030195	-7.040191	-7.018897	-7.005679	-7.015276	-7.017661	-7.033116	-7.043887	-7.015287	-7.043707	-6.963703	-15.004227	-7.003897
788.521000	-7.037593	-7.037929	-7.026524	-7.030168	-7.040184	-7.018899	-7.005674	-7.015275	-7.017642	-7.033115	-7.043883	-7.015279	-7.043701	-6.959610	-15.004034	-7.003894
800.702000	-7.037609	-7.037922	-7.026539	-7.030182	-7.040180	-7.018896	-7.005690	-7.015281	-7.017647	-7.033125	-7.043877	-7.015278	-7.043710	-6.962860	-15.004104	-7.003910
812.876000	-7.037601	-7.037926	-7.026543	-7.030208	-7.040161	-7.018906	-7.005679	-7.015254	-7.017651	-7.033128	-7.043872	-7.015273	-7.043692	-6.965706	-15.004135	-7.003901
825.085000	-7.037614	-7.037940	-7.026538	-7.030178	-7.040195	-7.018895	-7.005673	-7.015269	-7.017653	-7.033120	-7.043885	-7.015265	-7.043707	-6.971450	-15.004102	-7.003889
837.282000	-7.037596	-7.037934	-7.026537	-7.030154	-7.040179	-7.018891	-7.005664	-7.015248	-7.017647	-7.033125	-7.043884	-7.015271	-7.043709	-6.973854	-15.004231	-7.003876
849.494000	-7.037570	-7.037936	-7.026540	-7.030179	-7.040172	-7.018903	-7.005665	-7.015263	-7.017647	-7.033139	-7.043882	-7.015263	-7.043712	-6.973966	-15.004099	-7.003888
861.677000	-7.037579	-7.037935	-7.026536	-7.030169	-7.040157	-7.018891	-7.005659	-7.015271	-7.017650	-7.033130	-7.043882	-7.015283	-7.043700	-6.974077	-15.004469	-7.003875
873.873000	-7.037580	-7.037945	-7.026526	-7.030163	-7.040154	-7.018899	-7.005660	-7.015249	-7.017645	-7.033122	-7.043884	-7.015270	-7.043688	-6.974196	-15.004299	-7.003883
886.063000	-7.037577	-7.037925	-7.026537	-7.030172	-7.040161	-7.018892	-7.005661	-7.015255	-7.017651	-7.033118	-7.043883	-7.015275	-7.043708	-6.974436	-15.004369	-7.003882
898.270000	-7.037574	-7.037939	-7.026541	-7.030169	-7.040155	-7.018905	-7.005672	-7.015258	-7.017637	-7.033124	-7.043887	-7.015289	-7.043675	-6.974300	-15.004389	-7.003891
910.467000	-7.037577	-7.037949	-7.026521	-7.030181	-7.040154	-7.018918	-7.005655	-7.015264	-7.017634	-7.033104	-7.043889	-7.015270	-7.043694	-6.974207	-15.004411	-7.003883
922.674000	-7.037583	-7.037920	-7.026519	-7.030157	-7.040148	-7.018884	-7.005656	-7.015265	-7.017656	-7.033111	-7.043909	-7.015279	-7.043706	-6.974379	-15.004298	-7.003882
934.861000	-7.037581	-7.037928	-7.026528	-7.030158	-7.040155	-7.018893	-7.005648	-7.015261	-7.017644	-7.033118	-7.043871	-7.015267	-7.043706	-6.974273	-15.004300	-7.003894
947.047000	-7.037563	-7.037931	-7.026523	-7.030157	-7.040144	-7.018886	-7.005643	-7.015261	-7.017647	-7.033122	-7.043889	-7.015280	-7.043705	-6.974292	-15.004317	-7.003889
959.233000	-7.037566	-7.037935	-7.026533	-7.030153	-7.040142	-7.018900	-7.005642	-7.015255	-7.017660	-7.033123	-7.043871	-7.015268	-7.043695	-6.974505	-15.004526	-7.003884
971.416000	-7.037578	-7.037917	-7.026522	-7.030156	-7.040151	-7.018883	-7.005651	-7.015269	-7.017657	-7.033111	-7.043865	-7.015262	-7.043693	-6.974428	-15.004383	-7.003874
983.613000	-7.037566	-7.037939	-7.026520	-7.030161	-7.040154	-7.018891	-7.005648	-7.015259	-7.017636	-7.033104	-7.043894	-7.015267	-7.043689	-6.974511	-15.004345	-7.003879
995.811000	-7.037581	-7.037940	-7.026525	-7.030160	-7.040149	-7.018893	-7.005671	-7.015261	-7.017639	-7.033112	-7.043871	-7.015250	-7.043682	-6.974411	-15.004443	-7.003897
1007.983000	-7.037566	-7.037921	-7.026528	-7.030151	-7.040144	-7.018885	-7.005673	-7.015242	-7.017616	-7.033105	-7.043869	-7.015248	-7.043703	-6.974542	-15.004386	-7.003885
1020.165000	-7.037553	-7.037921	-7.026534	-7.030168	-7.040159	-7.018890	-7.005659	-7.015256	-7.017617	-7.033113	-7.043891	-7.015272	-7.043710	-6.974569	-15.004565	-7.003856
1032.352000	-7.037550	-7.037934	-7.026517	-7.030172	-7.040154	-7.018901	-7.005647	-7.015243	-7.017626	-7.033111	-7.043867	-7.015258	-7.043709	-6.974409	-15.004459	-7.003871
1044.545000	-7.037552	-7.037925	-7.026513	-7.030175	-7.040176	-7.018888	-7.005657	-7.015229	-7.017627	-7.033115	-7.043875	-7.015275	-7.043706	-6.974468	-15.004319	-7.003873
1056.728000	-7.037562	-7.037923	-7.026506	-7.030165	-7.040166	-7.018893	-7.005646	-7.015247	-7.017632	-7.033106	-7.043864	-7.015280	-7.043697	-6.974530	-15.004345	-7.003898
1068.918000	-7.037546	-7.037913	-7.026531	-7.030147	-7.040157	-7.018888	-7.005665	-7.015254	-7.017631	-7.033118	-7.043872	-7.015265	-7.043711	-6.974392	-15.004330	-7.003885
1081.112000	-7.037568	-7.037909	-7.026518	-7.030138	-7.040155	-7.018896	-7.005657	-7.015253	-7.017624	-7.033122	-7.043895	-7.015268	-7.043699	-6.974426	-15.004563	-7.003885
1093.301000	-7.037583	-7.037916	-7.026533	-7.030157	-7.040144	-7.018902	-7.005654	-7.015246	-7.017609	-7.033110	-7.043872	-7.015270	-7.043701	-6.974285	-15.004487	-7.003879
1105.529000	-7.037585	-7.037936	-7.026525	-7.030150	-7.040135	-7.018882	-7.005657	-7.015256	-7.017631	-7.033108	-7.043878	-7.015272	-7.043691	-6.974381	-15.004326	-7.003889
1117.713000	-7.037553	-7.037907	-7.026547	-7.030167	-7.040141	-7.018877	-7.005666	-7.015251	-7.017623	-7.033115	-7.043893	-7.015283	-7.043710	-6.974508	-15.004441	-7.003888
1129.924000	-7.037563	-7.037905	-7.026533	-7.030157	-7.040150	-7.018873	-7.005648	-7.015246	-7.017622	-7.033110	-7.043885	-7.015273	-7.043690	-6.974364	-15.004340	-7.003880
1142.138000	-7.037556	-7.037906	-7.026525	-7.030145	-7.040153	-7.018882	-7.005659	-7.015239	-7.017629	-7.033100	-7.043904	-7.015282	-7.043704	-6.974348	-15.004422	-7.003889
1154.366000	-7.037554	-7.037914	-7.026528	-7.030137	-7.040158	-7.018897	-7.005649	-7.015251	-7.017600	-7.033111	-7.043889	-7.015287	-7.043699	-6.974414	-15.004481	-7.003891
1166.557000	-7.037566	-7.037917	-7.026533	-7.030143	-7.040126	-7.018899	-7.005646	-7.015243	-7.017634	-7.033124	-7.043894	-7.015297	-7.043710	-6.974818	-15.004415	-7.003873
1178.758000	-7.037581	-7.037913	-7.026519	-7.030150	-7.040140	-7.018902	-7.005640	-7.015237	-7.017622	-7.033103	-7.043888	-7.015288	-7.043702	-6.974813	-15.004532	-7.003877
1190.941000	-7.037569	-7.037911	-7.026522	-7.030162	-7.040143	-7.018899	-7.005641	-7.015248	-7.017616	-7.033089	-7.043902	-7.015299	-7.043694	-6.974399	-15.004244	-7.003862
1203.121000	-7.037559	-7.037921	-7.026531	-7.030163	-7.040147	-7.018887	-7.005648	-7.015249	-7.017631	-7.033108	-7.043895	-7.015263	-7.043694	-6.974427	-15.004430	-7.003892
1215.305000	-7.037573	-7.037914	-7.026514	-7.030119	-7.040152	-7.018897	-7.005661	-7.015253	-7.017629	-7.033115	-7.043890	-7.015292	-7.043703	-6.974213	-15.004560	-7.003872
1227.493000	-7.037559	-7.037918	-7.026541	-7.030131	-7.040125	-7.018885	-7.005665	-7.015250	-7.017599	-7.033098	-7.043871	-7.015282	-7.043709	-6.974765	-15.004635	-7.003880
1239.687000	-7.037566	-7.037911	-7.026537	-7.030163	-7.040141	-7.018890	-7.005650	-7.015233	-7.017625	-7.033101	-7.043883	-7.015298	-7.043699	-6.974135	-15.004471	-7.003875
1251.868000	-7.037560	-7.037919	-7.026539	-7.030144	-7.040131	-7.018874	-7.005663	-7.015241	-7.017619	-7.033083	-7.043891	-7.015290	-7.043704	-6.974476	-15.004492	-7.003887
1264.048000	-7.037562	-7.037905	-7.026543	-7.030161	-7.040123	-7.018885	-7.005664	-7.015254	-7.017607	-7.033090	-7.043890	-7.015291	-7.043684	-6.974636	-15.004495	-7.003876
1276.233000	-7.037556	-7.037917	-7.026522	-7.030132	-7.040135	-7.018892	-7.005645	-7.015250	-7.017603	-7.033101	-7.043904	-7.015285	-7.043688	-6.974413	-15.004471	-7.003872
1288.428000	-7.037571	-7.037926	-7.026546	-7.030145	-7.040150	-7.018886	-7.005663	-7.015243	-7.017608	-7.033089	-7.043899	-7.015277	-7.043689	-6.974272	-15.004421	-7.003873
1300.618000	-7.037564	-7.037916	-7.026541	-7.030173	-7.040146	-7.018882	-7.005667	-7.015253	-7.017606	-7.033101	-7.043892	-7.015276	-7.043696	-6.974283	-15.004536	-7.003876
1312.790000	-7.037561	-7.037907	-7.026531	-7.030153	-7.040158	-7.018880	-7.005651	-7.015248	-7.017608	-7.033101	-7.043884	-7.015293	-7.043703	-6.974170	-15.004530	-7.003873
1324.970000	-7.037580	-7.037911	-7.026549	-7.030172	-7.040158	-7.018993	-7.005635	-7.015230	-7.017685	-7.033139	-7.043959	-7.015269	-7.043665	-6.949666	-15.004550	-7.003688
1337.142000	-7.037767	-7.038182	-7.026857	-7.030279	-7.040323	-7.019202	-7.005723	-7.015305	-7.018032	-7.033341	-7.044181	-7.015437	-7.043694	-6.946765	-15.004327	-7.003931
1349.337000	-7.038000	-7.038298	-7.027008	-7.030447	-7.040537	-7.019329	-7.005908	-7.015496	-7.018496	-7.033520	-7.044390	-7.015576	-7.043856	-6.975260	-15.004284	-7.004171
1361.549000	-7.038189	-7.038449	-7.027220	-7.030666	-7.040793	-7.019462	-7.006150	-7.015704	-7.018884	-7.033695	-7.044566	-7.015684	-7.043996	-6.976041	-15.004477	-7.004370
1373.742000	-7.038377	-7.038578	-7.027408	-7.030885	-7.041010	-7.019573	-7.006341	-7.015875	-7.019184	-7.033847	-7.044718	-7.015772	-7.044144	-6.977169	-15.004434	-7.004553
1385.947000	-7.038541	-7.038688	-7.027574	-7.031057	-7.041202	-7.019687	-7.006492	-7.016021	-7.019406	-7.033967	-7.044852	-7.015826	-7.044237	-6.981558	-15.004289	-7.004671
1398.146000	-7.038663	-7.038808	-7.027700	-7.031221	-7.041374	-7.019771	-7.006637	-7.016134	-7.019599	-7.034108	-7.044951	-7.015862	-7.044318	-6.980346	-15.004330	-7.004772
1410.358000	-7.038765	-7.038895	-7.027791	-7.031356	-7.041520	-7.019820	-7.006743	-7.016248	-7.019649	-7.034175	-7.045021	-7.015896	-7.044381	-6.983291	-15.004099	-7.004854
1422.548000	-7.038836	-7.038974	-7.027877	-7.031467	-7.041637	-7.019861	-7.006825	-7.016312	-7.019776	-7.034262	-7.045043	-7.015920	-7.044435	-6.976659	-15.004131	-7.004908
1434.737000	-7.038940	-7.039030	-7.027934	-7.031535	-7.041708	-7.019877	-7.006900	-7.016363	-7.019860	-7.034310	-7.045099	-7.015947	-7.044470	-6.983181	-15.004096	-7.004977
1446.904000	-7.039007	-7.039084	-7.027977	-7.031613	-7.041784	-7.019899	-7.006945	-7.016421	-7.019909	-7.034345	-7.045134	-7.015965	-7.044505	-6.984408	-15.004335	-7.004989
1459.091000	-7.039065	-7.039121	-7.028014	-7.031685	-7.041821	-7.019911	-7.006970	-7.016450	-7.019951	-7.034377	-7.045153	-7.015941	-7.044521	-6.984926	-15.004214	-7.005041
1471.286000	-7.039115	-7.039159	-7.028036	-7.031708	-7.041867	-7.019948	-7.007018	-7.016480	-7.019974	-7.034399	-7.045181	-7.015954	-7.044532	-6.985038	-15.004091	-7.005055
1483.487000	-7.039132	-7.039181	-7.028044	-7.031762	-7.041918	-7.019949	-7.007040	-7.016488	-7.019990	-7.034438	-7.045200	-7.015970	-7.044555	-6.984907	-15.004359	-7.005072
1495.676000	-7.039147	-7.039202	-7.028094	-7.031804	-7.041919	-7.019965	-7.007064	-7.016516	-7.020010	-7.034457	-7.045187	-7.015981	-7.044559	-6.984776	-15.004340	-7.005090
1507.883000	-7.039213	-7.039232	-7.028097	-7.031813	-7.041937	-7.019975	-7.007097	-7.016536	-7.020032	-7.034470	-7.045203	-7.015960	-7.044589	-6.984861	-15.004162	-7.005109
1520.053000	-7.039193	-7.039258	-7.028101	-7.031835	-7.041961	-7.019977	-7.007103	-7.016548	-7.020040	-7.034475	-7.045211	-7.015933	-7.044585	-6.984652	-15.004091	-7.005106
1532.273000	-7.039235	-7.039256	-7.028124	-7.031875	-7.041961	-7.019976	-7.007114	-7.016553	-7.020030	-7.034491	-7.045216	-7.015962	-7.044619	-6.984541	-15.003971	-7.005120
1544.468000	-7.039245	-7.039275	-7.028137	-7.031881	-7.041987	-7.019962	-7.007109	-7.016570	-7.020064	-7.034487	-7.045221	-7.015948	-7.044614	-6.984684	-15.004134	-7.005139
1556.687000	-7.039264	-7.039258	-7.028160	-7.031886	-7.041978	-7.019956	-7.007130	-7.016572	-7.020089	-7.034498	-7.045258	-7.015960	-7.044608	-6.984738	-15.004188	-7.005132
1568.890000	-7.039277	-7.039286	-7.028160	-7.031898	-7.042015	-7.019961	-7.007135	-7.016572	-7.020093	-7.034499	-7.045271	-7.015946	-7.044626	-6.984822	-15.004342	-7.005133
1581.088000	-7.039290	-7.039297	-7.028156	-7.031928	-7.042012	-7.019961	-7.007146	-7.016595	-7.020088	-7.034493	-7.045260	-7.015940	-7.044653	-6.984748	-15.004315	-7.005153
1593.277000	-7.039298	-7.039306	-7.028181	-7.031931	-7.042009	-7.019984	-7.007149	-7.016593	-7.020102	-7.034503	-7.045249	-7.015928	-7.044623	-6.984841	-15.004171	-7.005143
1605.517000	-7.039301	-7.039290	-7.028167	-7.031942	-7.042031	-7.019986	-7.007135	-7.016599	-7.020108	-7.034517	-7.045250	-7.015945	-7.044629	-6.984883	-15.004421	-7.005166
1617.716000	-7.039316	-7.039303	-7.028187	-7.031952	-7.042015	-7.019984	-7.007155	-7.016617	-7.020117	-7.034523	-7.045266	-7.015932	-7.044640	-6.984957	-15.004390	-7.005169
1629.901000	-7.039330	-7.039298	-7.028188	-7.031957	-7.042015	-7.019968	-7.007158	-7.016638	-7.020128	-7.034505	-7.045266	-7.015941	-7.044642	-6.984987	-15.004385	-7.005150
1642.094000	-7.039339	-7.039297	-7.028183	-7.031975	-7.042008	-7.019982	-7.007163	-7.016624	-7.020121	-7.034519	-7.045272	-7.015937	-7.044648	-6.985077	-15.004261	-7.005161
1654.303000	-7.039340	-7.039305	-7.028175	-7.031963	-7.042026	-7.019979	-7.007153	-7.016633	-7.020128	-7.034525	-7.045267	-7.015920	-7.044639	-6.985143	-15.004112	-7.005156
1666.482000	-7.039327	-7.039314	-7.028194	-7.031966	-7.042028	-7.019973	-7.007154	-7.016620	-7.020162	-7.034533	-7.045270	-7.015916	-7.044638	-6.985091	-15.004073	-7.005163
1678.672000	-7.039343	-7.039311	-7.028194	-7.031987	-7.042031	-7.019970	-7.007176	-7.016641	-7.020141	-7.034495	-7.045265	-7.015891	-7.044653	-6.985179	-15.004185	-7.005172
1690.871000	-7.039342	-7.039306	-7.028195	-7.031982	-7.042026	-7.019961	-7.007162	-7.016638	-7.020131	-7.034515	-7.045278	-7.015914	-7.044656	-6.985216	-15.004332	-7.005169
1703.059000	-7.039346	-7.039324	-7.028197	-7.031978	-7.042011	-7.019977	-7.007178	-7.016628	-7.020121	-7.034516	-7.045275	-7.015908	-7.044645	-6.985302	-15.004407	-7.005171
1715.247000	-7.039364	-7.039304	-7.028202	-7.031998	-7.042024	-7.019970	-7.007185	-7.016632	-7.020147	-7.034513	-7.045292	-7.015895	-7.044659	-6.985314	-15.004223	-7.005186
1727.438000	-7.039380	-7.039308	-7.028215	-7.032001	-7.042013	-7.019975	-7.007183	-7.016635	-7.020136	-7.034546	-7.045260	-7.015891	-7.044664	-6.985358	-15.004364	-7.005164
1739.642000	-7.039378	-7.039331	-7.028213	-7.032010	-7.042016	-7.019970	-7.007178	-7.016640	-7.020154	-7.034515	-7.045265	-7.015879	-7.044657	-6.985372	-15.004304	-7.005168
1751.825000	-7.039378	-7.039300	-7.028231	-7.031988	-7.042012	-7.019960	-7.007172	-7.016648	-7.020142	-7.034506	-7.045278	-7.015866	-7.044666	-6.985385	-15.004234	-7.005197
1764.029000	-7.039374	-7.039311	-7.028208	-7.031981	-7.042015	-7.019965	-7.007181	-7.016640	-7.020124	-7.034516	-7.045285	-7.015866	-7.044647	-6.985415	-15.004318	-7.005182
1776.235000	-7.039379	-7.039301	-7.028224	-7.031992	-7.042010	-7.019957	-7.007199	-7.016655	-7.020145	-7.034498	-7.045267	-7.015843	-7.044662	-6.985428	-15.004191	-7.005184
1788.407000	-7.039387	-7.039315	-7.028204	-7.031999	-7.042019	-7.019954	-7.007212	-7.016646	-7.020158	-7.034526	-7.045281	-7.015842	-7.044667	-6.985437	-15.004300	-7.005195
1800.582000	-7.039389	-7.039322	-7.028222	-7.031988	-7.042006	-7.019947	-7.007184	-7.016652	-7.020179	-7.034517	-7.045277	-7.015837	-7.044666	-6.985454	-15.004087	-7.005185
1812.764000	-7.039396	-7.039325	-7.028241	-7.031995	-7.041976	-7.019954	-7.007191	-7.016646	-7.020178	-7.034496	-7.045288	-7.015839	-7.044683	-6.985475	-15.004161	-7.005177
1824.955000	-7.039395	-7.039321	-7.028224	-7.031989	-7.041980	-7.019961	-7.007196	-7.016652	-7.020177	-7.034495	-7.045290	-7.015818	-7.044670	-6.985492	-15.004051	-7.005184
1837.164000	-7.039398	-7.039318	-7.028222	-7.031986	-7.041993	-7.019946	-7.007197	-7.016652	-7.020167	-7.034484	-7.045270	-7.015814	-7.044686	-6.985475	-15.003927	-7.005197
1849.367000	-7.039412	-7.039329	-7.028232	-7.032001	-7.041985	-7.019935	-7.007201	-7.016653	-7.020155	-7.034477	-7.045283	-7.015810	-7.044700	-6.985494	-15.003933	-7.005179
1861.567000	-7.039377	-7.039319	-7.028227	-7.032009	-7.041967	-7.019954	-7.007198	-7.016647	-7.020161	-7.034505	-7.045285	-7.015810	-7.044687	-6.985503	-15.004287	-7.005163
1873.753000	-7.039388	-7.039312	-7.028246	-7.032004	-7.041960	-7.019939	-7.007207	-7.016657	-7.020153	-7.034503	-7.045283	-7.015795	-7.044691	-6.985493	-15.004185	-7.005177
1885.961000	-7.039398	-7.039317	-7.028239	-7.031998	-7.041967	-7.019936	-7.007211	-7.016641	-7.020135	-7.034506	-7.045281	-7.015790	-7.044686	-6.985522	-15.004221	-7.005171
1898.138000	-7.039385	-7.039326	-7.028238	-7.032011	-7.041963	-7.019937	-7.007200	-7.016654	-7.020171	-7.034487	-7.045287	-7.015781	-7.044674	-6.985544	-15.004485	-7.005179
1910.326000	-7.039413	-7.039314	-7.028250	-7.032011	-7.041942	-7.019916	-7.007211	-7.016672	-7.020168	-7.034496	-7.045308	-7.015777	-7.044689	-6.985513	-15.004406	-7.005159
1922.513000	-7.039400	-7.039302	-7.028246	-7.032021	-7.041937	-7.019922	-7.007196	-7.016659	-7.020139	-7.034481	-7.045302	-7.015778	-7.044684	-6.985542	-15.004310	-7.005190
1934.721000	-7.039395	-7.039306	-7.028240	-7.032003	-7.041941	-7.019897	-7.007203	-7.016647	-7.020168	-7.034519	-7.045283	-7.015776	-7.044681	-6.985543	-15.004434	-7.005189
1946.894000	-7.039402	-7.039293	-7.028262	-7.032016	-7.041931	-7.019901	-7.007197	-7.016662	-7.020173	-7.034488	-7.045291	-7.015767	-7.044677	-6.985558	-15.004368	-7.005193
1959.075000	-7.039380	-7.039303	-7.028241	-7.032027	-7.041913	-7.019912	-7.007191	-7.016674	-7.020156	-7.034497	-7.045307	-7.015765	-7.044686	-6.985563	-15.004281	-7.005188
1971.282000	-7.039399	-7.039306	-7.028259	-7.032013	-7.041914	-7.019900	-7.007206	-7.016668	-7.020164	-7.034489	-7.045294	-7.015777	-7.044701	-6.985578	-15.004354	-7.005188
1983.473000	-7.039393	-7.039301	-7.028238	-7.032014	-7.041914	-7.019900	-7.007175	-7.016672	-7.020175	-7.034481	-7.045303	-7.015768	-7.044694	-6.985564	-15.004325	-7.005189
1995.677000	-7.039389	-7.039301	-7.028258	-7.032018	-7.041909	-7.019894	-7.007197	-7.016681	-7.020162	-7.034485	-7.045294	-7.015763	-7.044710	-6.985572	-15.004475	-7.005176
2007.853000	-7.039392	-7.039309	-7.028258	-7.032031	-7.041916	-7.019888	-7.007204	-7.016653	-7.020146	-7.034474	-7.045311	-7.015766	-7.044710	-6.985569	-15.004428	-7.005179
2020.046000	-7.039394	-7.039287	-7.028263	-7.032029	-7.041886	-7.019895	-7.007193	-7.016657	-7.020170	-7.034482	-7.045299	-7.015772	-7.044689	-6.985574	-15.004421	-7.005198
2032.222000	-7.039397	-7.039321	-7.028271	-7.032029	-7.041912	-7.019875	-7.007195	-7.016653	-7.020177	-7.034478	-7.045299	-7.015775	-7.044697	-6.985578	-15.004451	-7.005177
2044.430000	-7.039416	-7.039309	-7.028267	-7.032037	-7.041891	-7.019884	-7.007185	-7.016651	-7.020180	-7.034451	-7.045314	-7.015768	-7.044683	-6.985593	-15.004397	-7.005196
2056.654000	-7.039403	-7.039303	-7.028290	-7.032048	-7.041890	-7.019892	-7.007198	-7.016649	-7.020168	-7.034472	-7.045296	-7.015775	-7.044700	-6.985625	-15.004370	-7.005185
2068.843000	-7.039418	-7.039305	-7.028283	-7.032044	-7.041896	-7.019893	-7.007230	-7.016646	-7.020181	-7.034472	-7.045294	-7.015765	-7.044690	-6.985610	-15.004337	-7.005172
2081.055000	-7.039418	-7.039303	-7.028287	-7.032025	-7.041896	-7.019877	-7.007221	-7.016639	-7.020184	-7.034476	-7.045308	-7.015757	-7.044700	-6.985592	-15.004336	-7.005193
2093.234000	-7.039424	-7.039314	-7.028275	-7.032029	-7.041892	-7.019888	-7.007229	-7.016663	-7.020166	-7.034473	-7.045298	-7.015737	-7.044682	-6.985611	-15.004298	-7.005191
2105.421000	-7.039408	-7.039295	-7.028269	-7.032034	-7.041896	-7.019880	-7.007231	-7.016657	-7.020178	-7.034475	-7.045291	-7.015736	-7.044685	-6.985597	-15.004322	-7.005169
2117.615000	-7.039423	-7.039301	-7.028282	-7.032034	-7.041899	-7.019889	-7.007218	-7.016658	-7.020185	-7.034471	-7.045286	-7.015735	-7.044695	-6.985598	-15.004428	-7.005197
2129.832000	-7.039426	-7.039287	-7.028272	-7.032047	-7.041900	-7.019869	-7.007208	-7.016664	-7.020176	-7.034474	-7.045314	-7.015725	-7.044682	-6.985614	-15.004241	-7.005195
2142.031000	-7.039418	-7.039299	-7.028286	-7.032059	-7.041886	-7.019888	-7.007227	-7.016649	-7.020187	-7.034448	-7.045298	-7.015747	-7.044687	-6.985604	-15.004309	-7.005191
2154.237000	-7.039419	-7.039299	-7.028265	-7.032041	-7.041886	-7.019879	-7.007200	-7.016655	-7.020174	-7.034461	-7.045315	-7.015731	-7.044678	-6.985612	-15.004258	-7.005176
2166.444000	-7.039437	-7.039300	-7.028266	-7.032050	-7.041881	-7.019870	-7.007212	-7.016649	-7.020182	-7.034441	-7.045316	-7.015733	-7.044667	-6.985638	-15.004268	-7.005192
2178.622000	-7.039428	-7.039308	-7.028281	-7.032048	-7.041853	-7.019855	-7.007217	-7.016655	-7.020166	-7.034441	-7.045312	-7.015743	-7.044682	-6.985581	-15.004071	-7.005181
2190.813000	-7.039409	-7.039298	-7.028281	-7.032041	-7.041882	-7.019873	-7.007215	-7.016656	-7.020169	-7.034426	-7.045304	-7.015739	-7.044693	-6.985601	-15.004087	-7.005175
2202.991000	-7.039440	-7.039291	-7.028283	-7.032044	-7.041884	-7.019861	-7.007204	-7.016665	-7.020168	-7.034441	-7.045311	-7.015752	-7.044684	-6.985598	-15.004268	-7.005198
2215.170000	-7.039426	-7.039292	-7.028270	-7.032044	-7.041885	-7.019855	-7.007210	-7.016663	-7.020181	-7.034424	-7.045334	-7.015751	-7.044688	-6.985618	-15.004131	-7.005184
2227.381000	-7.039421	-7.039288	-7.028275	-7.032042	-7.041870	-7.019860	-7.007193	-7.016663	-7.020177	-7.034443	-7.045321	-7.015725	-7.044692	-6.985655	-15.004201	-7.005180
2239.584000	-7.039424	-7.039285	-7.028250	-7.032049	-7.041864	-7.019837	-7.007214	-7.016659	-7.020159	-7.034445	-7.045300	-7.015751	-7.044710	-6.985525	-15.004269	-7.005228
2251.794000	-7.039389	-7.039291	-7.028178	-7.032048	-7.041916	-7.019905	-7.007230	-7.016666	-7.020087	-7.034492	-7.045195	-7.015885	-7.044690	-6.985221	-15.004272	-7.005169
2263.986000	-7.039332	-7.039320	-7.028109	-7.032010	-7.042045	-7.019923	-7.007165	-7.016572	-7.019910	-7.034425	-7.045105	-7.015871	-7.044612	-6.985033	-15.004466	-7.005082
2276.194000	-7.039263	-7.039256	-7.028004	-7.031926	-7.041994	-7.019866	-7.007074	-7.016459	-7.019718	-7.034337	-7.045023	-7.015806	-7.044554	-6.986144	-15.004415	-7.005014
2288.421000	-7.039160	-7.039177	-7.027910	-7.031838	-7.041891	-7.019830	-7.006971	-7.016364	-7.019567	-7.034258	-7.044954	-7.015783	-7.044514	-6.985899	-15.004452	-7.004957
2300.619000	-7.039084	-7.039121	-7.027857	-7.031767	-7.041802	-7.019762	-7.006893	-7.016289	-7.019462	-7.034190	-7.044884	-7.015749	-7.044473	-6.983913	-15.004390	-7.004894
2312.796000	-7.039029	-7.039070	-7.027786	-7.031672	-7.041713	-7.019730	-7.006822	-7.016231	-7.019395	-7.034148	-7.044853	-7.015734	-7.044442	-6.982269	-15.004350	-7.004839
2324.985000	-7.038963	-7.039034	-7.027751	-7.031628	-7.041645	-7.019728	-7.006786	-7.016183	-7.019344	-7.034107	-7.044829	-7.015722	-7.044403	-6.981079	-15.003983	-7.004813
2337.191000	-7.038914	-7.038988	-7.027713	-7.031562	-7.041578	-7.019701	-7.006735	-7.016143	-7.019324	-7.034076	-7.044804	-7.015725	-7.044385	-6.980366	-15.004009	-7.004787
2349.351000	-7.038873	-7.038944	-7.027691	-7.031507	-7.041536	-7.019674	-7.006714	-7.016124	-7.019283	-7.034061	-7.044784	-7.015712	-7.044373	-6.979876	-15.004240	-7.004769
2361.528000	-7.038842	-7.038894	-7.027679	-7.031488	-7.041516	-7.019657	-7.006693	-7.016098	-7.019267	-7.034031	-7.044791	-7.015708	-7.044375	-6.979546	-15.004172	-7.004750
2373.728000	-7.038821	-7.038923	-7.027665	-7.031462	-7.041471	-7.019665	-7.006673	-7.016092	-7.019234	-7.033997	-7.044762	-7.015722	-7.044363	-6.979325	-15.004347	-7.004732
2385.919000	-7.038796	-7.038901	-7.027648	-7.031440	-7.041454	-7.019659	-7.006654	-7.016099	-7.019234	-7.033991	-7.044764	-7.015691	-7.044334	-6.979065	-15.004288	-7.004735
2398.134000	-7.038784	-7.038878	-7.027637	-7.031435	-7.041437	-7.019643	-7.006646	-7.016098	-7.019215	-7.034020	-7.044783	-7.015709	-7.044338	-6.978916	-15.004309	-7.004738
2410.321000	-7.038770	-7.038883	-7.027646	-7.031401	-7.041421	-7.019639	-7.006650	-7.016078	-7.019212	-7.034015	-7.044772	-7.015720	-7.044337	-6.978802	-15.004199	-7.004730
2422.501000	-7.038768	-7.038877	-7.027616	-7.031390	-7.041417	-7.019647	-7.006636	-7.016079	-7.019203	-7.033988	-7.044751	-7.015709	-7.044328	-6.978689	-15.004273	-7.004715
2434.691000	-7.038758	-7.038865	-7.027622	-7.031391	-7.041408	-7.019636	-7.006630	-7.016080	-7.019199	-7.033989	-7.044766	-7.015726	-7.044313	-6.978613	-15.004266	-7.004706
2446.887000	-7.038743	-7.038850	-7.027615	-7.031376	-7.041392	-7.019632	-7.006632	-7.016079	-7.019178	-7.033974	-7.044738	-7.015700	-7.044317	-6.978568	-15.004306	-7.004717
2459.090000	-7.038745	-7.038858	-7.027620	-7.031376	-7.041410	-7.019634	-7.006635	-7.016086	-7.019169	-7.033998	-7.044740	-7.015706	-7.044300	-6.978510	-15.004339	-7.004714
2471.292000	-7.038725	-7.038848	-7.027600	-7.031368	-7.041390	-7.019614	-7.006608	-7.016087	-7.019177	-7.033982	-7.044735	-7.015702	-7.044314	-6.978477	-15.004335	-7.004702
2483.474000	-7.038741	-7.038834	-7.027604	-7.031373	-7.041381	-7.019611	-7.006608	-7.016062	-7.019149	-7.033977	-7.044741	-7.015715	-7.044317	-6.978428	-15.004202	-7.004699
2495.657000	-7.038730	-7.038810	-7.027595	-7.031368	-7.041381	-7.019632	-7.006603	-7.016074	-7.019165	-7.033973	-7.044750	-7.015707	-7.044304	-6.978389	-15.004338	-7.004687
2507.829000	-7.038740	-7.038827	-7.027591	-7.031358	-7.041375	-7.019628	-7.006632	-7.016071	-7.019178	-7.033980	-7.044752	-7.015697	-7.044295	-6.978374	-15.004358	-7.004688
2520.026000	-7.038729	-7.038834	-7.027601	-7.031348	-7.041372	-7.019616	-7.006602	-7.016074	-7.019172	-7.033968	-7.044743	-7.015712	-7.044318	-6.978305	-15.004341	-7.004683
2532.231000	-7.038722	-7.038833	-7.027590	-7.031368	-7.041363	-7.019605	-7.006609	-7.016069	-7.019170	-7.033974	-7.044760	-7.015694	-7.044293	-6.978328	-15.004153	-7.004681
2544.428000	-7.038728	-7.038835	-7.027597	-7.031337	-7.041350	-7.019608	-7.006604	-7.016049	-7.019174	-7.033979	-7.044750	-7.015691	-7.044303	-6.978282	-15.004366	-7.004670
2556.649000	-7.038720	-7.038838	-7.027579	-7.031370	-7.041347	-7.019618	-7.006605	-7.016083	-7.019153	-7.033970	-7.044741	-7.015690	-7.044302	-6.978341	-15.004212	-7.004682
2568.841000	-7.038713	-7.038844	-7.027584	-7.031356	-7.041347	-7.019605	-7.006604	-7.016070	-7.019175	-7.033971	-7.044739	-7.015706	-7.044286	-6.978369	-15.004224	-7.004687
2581.037000	-7.038716	-7.038844	-7.027583	-7.031338	-7.041351	-7.019601	-7.006594	-7.016043	-7.019170	-7.033974	-7.044736	-7.015709	-7.044290	-6.978269	-15.004073	-7.004676
2593.231000	-7.038712	-7.038856	-7.027593	-7.031337	-7.041367	-7.019611	-7.006594	-7.016063	-7.019169	-7.033984	-7.044730	-7.015698	-7.044292	-6.978245	-15.004216	-7.004700
2605.437000	-7.038716	-7.038839	-7.027578	-7.031352	-7.041365	-7.019631	-7.006585	-7.016068	-7.019173	-7.033972	-7.044759	-7.015707	-7.044289	-6.978248	-15.004392	-7.004680
2617.623000	-7.038724	-7.038842	-7.027568	-7.031350	-7.041349	-7.019596	-7.006575	-7.016060	-7.019165	-7.033968	-7.044736	-7.015702	-7.044295	-6.978201	-15.004410	-7.004689
2629.828000	-7.038730	-7.038836	-7.027577	-7.031341	-7.041359	-7.019608	-7.006551	-7.016050	-7.019180	-7.033970	-7.044733	-7.015705	-7.044280	-6.978228	-15.004591	-7.004677
2642.024000	-7.038724	-7.038841	-7.027583	-7.031347	-7.041351	-7.019629	-7.006584	-7.016049	-7.019164	-7.033965	-7.044724	-7.015707	-7.044296	-6.978227	-15.004547	-7.004684
2654.246000	-7.038725	-7.038846	-7.027579	-7.031340	-7.041346	-7.019623	-7.006590	-7.016051	-7.019156	-7.033952	-7.044725	-7.015704	-7.044307	-6.978169	-15.004541	-7.004689
2666.445000	-7.038711	-7.038842	-7.027591	-7.031342	-7.041335	-7.019600	-7.006576	-7.016048	-7.019176	-7.033966	-7.044736	-7.015698	-7.044298	-6.978154	-15.004349	-7.004671
2678.644000	-7.038701	-7.038824	-7.027585	-7.031344	-7.041334	-7.019619	-7.006582	-7.016051	-7.019183	-7.033974	-7.044736	-7.015699	-7.044292	-6.978146	-15.004421	-7.004675
2690.831000	-7.038716	-7.038835	-7.027574	-7.031348	-7.041333	-7.019606	-7.006593	-7.016059	-7.019164	-7.033972	-7.044755	-7.015697	-7.044293	-6.978139	-15.004446	-7.004692
2703.048000	-7.038710	-7.038842	-7.027574	-7.031320	-7.041333	-7.019608	-7.006596	-7.016067	-7.019159	-7.033955	-7.044739	-7.015711	-7.044289	-6.978146	-15.004542	-7.004684
2715.230000	-7.038701	-7.038820	-7.027586	-7.031328	-7.041345	-7.019602	-7.006591	-7.016054	-7.019176	-7.033946	-7.044754	-7.015724	-7.044305	-6.978121	-15.004502	-7.004706
2727.443000	-7.038701	-7.038827	-7.027595	-7.031342	-7.041336	-7.019597	-7.006608	-7.016057	-7.019179	-7.033944	-7.044735	-7.015716	-7.044290	-6.978114	-15.004256	-7.004692
2739.653000	-7.038688	-7.038831	-7.027584	-7.031351	-7.041321	-7.019628	-7.006606	-7.016056	-7.019153	-7.033959	-7.044734	-7.015725	-7.044302	-6.978103	-15.004459	-7.004693
2751.855000	-7.038698	-7.038827	-7.027591	-7.031346	-7.041336	-7.019595	-7.006596	-7.016050	-7.019184	-7.033967	-7.044737	-7.015735	-7.044292	-6.978087	-15.004491	-7.004684
2764.046000	-7.038694	-7.038827	-7.027574	-7.031338	-7.041336	-7.019594	-7.006600	-7.016048	-7.019170	-7.033949	-7.044755	-7.015734	-7.044297	-6.978086	-15.004292	-7.004675
2776.233000	-7.038683	-7.038838	-7.027595	-7.031331	-7.041338	-7.019586	-7.006594	-7.016041	-7.019181	-7.033940	-7.044728	-7.015718	-7.044303	-6.978065	-15.004261	-7.004677
2788.420000	-7.038682	-7.038823	-7.027590	-7.031332	-7.041327	-7.019589	-7.006588	-7.016046	-7.019177	-7.033951	-7.044739	-7.015713	-7.044295	-6.978047	-15.004322	-7.004675
2800.611000	-7.038687	-7.038830	-7.027580	-7.031344	-7.041337	-7.019606	-7.006569	-7.016054	-7.019149	-7.033965	-7.044752	-7.015703	-7.044301	-6.978049	-15.004385	-7.004673
2812.796000	-7.038685	-7.038834	-7.027593	-7.031326	-7.041340	-7.019615	-7.006587	-7.016054	-7.019176	-7.033955	-7.044740	-7.015697	-7.044297	-6.978006	-15.004401	-7.004686
2825.002000	-7.038687	-7.038828	-7.027576	-7.031339	-7.041339	-7.019613	-7.006580	-7.016058	-7.019163	-7.033954	-7.044744	-7.015708	-7.044296	-6.978016	-15.004358	-7.004685
2837.201000	-7.038693	-7.038812	-7.027571	-7.031341	-7.041333	-7.019598	-7.006587	-7.016042	-7.019162	-7.033947	-7.044734	-7.015701	-7.044297	-6.978037	-15.004415	-7.004683
2849.398000	-7.038694	-7.038818	-7.027600	-7.031343	-7.041321	-7.019598	-7.006593	-7.016049	-7.019165	-7.033950	-7.044726	-7.015704	-7.044291	-6.978045	-15.004326	-7.004669
2861.577000	-7.038703	-7.038814	-7.027581	-7.031339	-7.041339	-7.019588	-7.006593	-7.016058	-7.019192	-7.033945	-7.044739	-7.015728	-7.044277	-6.977996	-15.004128	-7.004700
2873.750000	-7.038690	-7.038817	-7.027575	-7.031338	-7.041345	-7.019615	-7.006570	-7.016054	-7.019165	-7.033944	-7.044741	-7.015739	-7.044296	-6.977974	-15.004328	-7.004694
2885.940000	-7.038707	-7.038818	-7.027578	-7.031337	-7.041333	-7.019612	-7.006581	-7.016042	-7.019181	-7.033947	-7.044731	-7.015719	-7.044301	-6.977988	-15.004466	-7.004689
2898.124000	-7.038689	-7.038822	-7.027573	-7.031340	-7.041326	-7.019608	-7.006575	-7.016047	-7.019178	-7.033928	-7.044721	-7.015710	-7.044294	-6.978039	-15.004406	-7.004687
2910.324000	-7.038697	-7.038806	-7.027570	-7.031347	-7.041304	-7.019592	-7.006588	-7.016041	-7.019145	-7.033943	-7.044743	-7.015698	-7.044280	-6.977991	-15.004376	-7.004685
	-7.038692	-7.038825	-7.027569	-7.031323												
