20.944000	-7.200126	-7.137294	-7.150630	-7.153960	-7.203809	-7.115195	-7.190023	-7.143146	-7.166732	-7.172435	-7.173721	-7.128487	-7.202305	-7.193409	-14.995669	-7.183973
61.898000	-7.199699	-7.136726	-7.150051	-7.153616	-7.204566	-7.114513	-7.189449	-7.142771	-7.168304	-7.171548	-7.173209	-7.128269	-7.201547	-7.192573	-14.995728	-7.185211
102.838000	-7.199464	-7.136455	-7.149666	-7.153263	-7.205849	-7.114022	-7.189018	-7.142367	-7.170258	-7.170971	-7.172794	-7.128081	-7.200979	-7.191948	-14.995766	-7.186787
143.781000	-7.199146	-7.136113	-7.149356	-7.153052	-7.207147	-7.113683	-7.188688	-7.142095	-7.171934	-7.170414	-7.172313	-7.127896	-7.200582	-7.191586	-14.995797	-7.188018
184.733000	-7.199020	-7.135918	-7.149163	-7.152813	-7.207835	-7.113457	-7.188549	-7.142001	-7.172642	-7.170269	-7.172294	-7.127842	-7.200493	-7.191409	-14.995799	-7.188465
225.681000	-7.199012	-7.135898	-7.149201	-7.152790	-7.208115	-7.113338	-7.188401	-7.141909	-7.172860	-7.170223	-7.172217	-7.127779	-7.200405	-7.191308	-14.995802	-7.188665
266.630000	-7.198954	-7.135899	-7.149065	-7.152751	-7.208279	-7.113379	-7.188331	-7.141871	-7.173035	-7.170105	-7.172162	-7.127791	-7.200282	-7.191289	-14.995802	-7.188844
307.579000	-7.198919	-7.135848	-7.149034	-7.152873	-7.208344	-7.113304	-7.188329	-7.141908	-7.173206	-7.170075	-7.172142	-7.127760	-7.200319	-7.191243	-14.995786	-7.188911
348.527000	-7.198957	-7.135865	-7.148979	-7.152868	-7.208435	-7.113169	-7.188288	-7.141909	-7.173281	-7.169971	-7.172136	-7.127742	-7.200256	-7.191152	-14.995761	-7.189018
389.474000	-7.198914	-7.135906	-7.149078	-7.152863	-7.208527	-7.113088	-7.188309	-7.141891	-7.173331	-7.170094	-7.172171	-7.127720	-7.200305	-7.191183	-14.995799	-7.189076
430.428000	-7.198945	-7.135873	-7.148982	-7.152875	-7.208595	-7.113074	-7.188330	-7.141820	-7.173411	-7.170021	-7.172103	-7.127782	-7.200311	-7.191156	-14.995855	-7.189153
471.377000	-7.198875	-7.135816	-7.149083	-7.152801	-7.208660	-7.112955	-7.188323	-7.141813	-7.173458	-7.169855	-7.172076	-7.127719	-7.200420	-7.191184	-14.995834	-7.189218
512.330000	-7.198861	-7.135813	-7.149050	-7.152873	-7.208691	-7.113036	-7.188384	-7.141776	-7.173576	-7.169924	-7.172133	-7.127764	-7.200299	-7.191155	-14.995850	-7.189234
553.275000	-7.198822	-7.135782	-7.148933	-7.152825	-7.208753	-7.113019	-7.188252	-7.141775	-7.173616	-7.169868	-7.172106	-7.127724	-7.200427	-7.191140	-14.995813	-7.189271
594.226000	-7.198922	-7.135784	-7.148918	-7.152835	-7.208793	-7.113031	-7.188321	-7.141826	-7.173629	-7.169802	-7.172121	-7.127750	-7.200382	-7.191084	-14.995729	-7.189291
635.184000	-7.198918	-7.135791	-7.148941	-7.152823	-7.208827	-7.112957	-7.188198	-7.141751	-7.173678	-7.169867	-7.172007	-7.127737	-7.200461	-7.191128	-14.995811	-7.189316
676.131000	-7.198979	-7.135685	-7.148940	-7.152861	-7.208848	-7.112921	-7.188297	-7.141733	-7.173713	-7.169896	-7.172167	-7.127800	-7.200402	-7.191125	-14.995761	-7.189383
717.081000	-7.198926	-7.135761	-7.148823	-7.152903	-7.208887	-7.112931	-7.188324	-7.141693	-7.173765	-7.169921	-7.172069	-7.127745	-7.200511	-7.191255	-14.995777	-7.189398
758.029000	-7.198829	-7.135673	-7.148884	-7.152910	-7.208934	-7.112855	-7.188267	-7.141674	-7.173768	-7.169896	-7.172131	-7.127730	-7.200512	-7.191234	-14.995801	-7.189449
798.992000	-7.198844	-7.135683	-7.148813	-7.152924	-7.208962	-7.112871	-7.188251	-7.141623	-7.173803	-7.169979	-7.172087	-7.127713	-7.200534	-7.191176	-14.995763	-7.189438
839.939000	-7.198897	-7.135692	-7.148752	-7.152905	-7.208963	-7.112945	-7.188165	-7.141687	-7.173836	-7.169911	-7.172102	-7.127694	-7.200570	-7.191123	-14.995775	-7.189434
880.879000	-7.198800	-7.135665	-7.148818	-7.152877	-7.208928	-7.112873	-7.188178	-7.141638	-7.173838	-7.169952	-7.172239	-7.127787	-7.200573	-7.191253	-14.995788	-7.189459
921.830000	-7.198872	-7.135663	-7.148703	-7.152901	-7.209007	-7.112905	-7.188275	-7.141711	-7.173879	-7.170108	-7.172234	-7.127750	-7.200676	-7.191334	-14.995780	-7.189453
962.761000	-7.198853	-7.135635	-7.148686	-7.152900	-7.208970	-7.112823	-7.188258	-7.141624	-7.173856	-7.170029	-7.172038	-7.127726	-7.200557	-7.191293	-14.995799	-7.189462
1003.703000	-7.198889	-7.135608	-7.148703	-7.152936	-7.209004	-7.112931	-7.188218	-7.141747	-7.173887	-7.170131	-7.172032	-7.127712	-7.200542	-7.191244	-14.995751	-7.189500
1044.634000	-7.198798	-7.135560	-7.148611	-7.152788	-7.209035	-7.112945	-7.188323	-7.141597	-7.173880	-7.170121	-7.171976	-7.127718	-7.200502	-7.191205	-14.995833	-7.189527
1085.568000	-7.198883	-7.135553	-7.148619	-7.152804	-7.209048	-7.112939	-7.188313	-7.141683	-7.173931	-7.169994	-7.172020	-7.127726	-7.200593	-7.191287	-14.995796	-7.189454
1126.506000	-7.198846	-7.135569	-7.148659	-7.152842	-7.209065	-7.112976	-7.188173	-7.141583	-7.173883	-7.170159	-7.172058	-7.127677	-7.200680	-7.191227	-14.995774	-7.189491
1167.435000	-7.198824	-7.135679	-7.148752	-7.152853	-7.209042	-7.112954	-7.188243	-7.141605	-7.173911	-7.170090	-7.172165	-7.127800	-7.200631	-7.191282	-14.995776	-7.189523
1208.383000	-7.198801	-7.135657	-7.148711	-7.152901	-7.209066	-7.113012	-7.188182	-7.141519	-7.173941	-7.170127	-7.172111	-7.127726	-7.200500	-7.191253	-14.995776	-7.189513
1249.331000	-7.198840	-7.135594	-7.148673	-7.152936	-7.209081	-7.113072	-7.188243	-7.141671	-7.173975	-7.169967	-7.172042	-7.127751	-7.200531	-7.191213	-14.995748	-7.189524
1290.264000	-7.198816	-7.135628	-7.148671	-7.152965	-7.209031	-7.112988	-7.188203	-7.141674	-7.173969	-7.170032	-7.172021	-7.127639	-7.200456	-7.191227	-14.995816	-7.189558
1331.198000	-7.198736	-7.135642	-7.148653	-7.153013	-7.209044	-7.112992	-7.188249	-7.141575	-7.174040	-7.170010	-7.172050	-7.127683	-7.200404	-7.191244	-14.995753	-7.189544
1372.136000	-7.198797	-7.135686	-7.148525	-7.152967	-7.209053	-7.113065	-7.188221	-7.141510	-7.173979	-7.169942	-7.172118	-7.127717	-7.200534	-7.191255	-14.995826	-7.189505
1413.076000	-7.198818	-7.135663	-7.148578	-7.152939	-7.209032	-7.113024	-7.188173	-7.141625	-7.173994	-7.169920	-7.172084	-7.127705	-7.200484	-7.191317	-14.995809	-7.189543
1454.012000	-7.198829	-7.135715	-7.148547	-7.152938	-7.209096	-7.113046	-7.188188	-7.141520	-7.174035	-7.170019	-7.172066	-7.127687	-7.200519	-7.191238	-14.995787	-7.189499
1494.940000	-7.198847	-7.135710	-7.148519	-7.152952	-7.209051	-7.113055	-7.188118	-7.141487	-7.174035	-7.170015	-7.172043	-7.127762	-7.200526	-7.191286	-14.995820	-7.189499
1535.877000	-7.198866	-7.135667	-7.148499	-7.153028	-7.209027	-7.113073	-7.188207	-7.141598	-7.174018	-7.170061	-7.172106	-7.127622	-7.200572	-7.191275	-14.995805	-7.189540
1576.809000	-7.198872	-7.135656	-7.148597	-7.153014	-7.209024	-7.112965	-7.188175	-7.141587	-7.174026	-7.170072	-7.172038	-7.127614	-7.200583	-7.191268	-14.995765	-7.189485
1617.752000	-7.198815	-7.135701	-7.148588	-7.153061	-7.209050	-7.112992	-7.188208	-7.141597	-7.174058	-7.169939	-7.171930	-7.127648	-7.200522	-7.191280	-14.995776	-7.189534
1658.696000	-7.198848	-7.135691	-7.148580	-7.153032	-7.209007	-7.112882	-7.188190	-7.141570	-7.174039	-7.169963	-7.172037	-7.127586	-7.200592	-7.191270	-14.995800	-7.189580
1699.662000	-7.206147	-7.151294	-7.166675	-7.166116	-7.210008	-7.133891	-7.198522	-7.161285	-7.175168	-7.178850	-7.185935	-7.147252	-7.207436	-7.202692	-14.995805	-7.189798
1740.619000	-7.208163	-7.154192	-7.168497	-7.168300	-7.210182	-7.135163	-7.200064	-7.162900	-7.175247	-7.180206	-7.187124	-7.147985	-7.208555	-7.203567	-14.995846	-7.189971
1781.580000	-7.208273	-7.154338	-7.168488	-7.168511	-7.210209	-7.135247	-7.200191	-7.163009	-7.175291	-7.180322	-7.187194	-7.148035	-7.208682	-7.203652	-14.995792	-7.189923
1822.547000	-7.208296	-7.154403	-7.168564	-7.168617	-7.210260	-7.135213	-7.200226	-7.163009	-7.175298	-7.180336	-7.187203	-7.148019	-7.208701	-7.203627	-14.995781	-7.189958
1863.532000	-7.208324	-7.154367	-7.168558	-7.168553	-7.210222	-7.135240	-7.200201	-7.162999	-7.175314	-7.180363	-7.187253	-7.148093	-7.208697	-7.203647	-14.995792	-7.190001
1904.523000	-7.208401	-7.154451	-7.168622	-7.168650	-7.210211	-7.135237	-7.200207	-7.163038	-7.175303	-7.180363	-7.187237	-7.148080	-7.208706	-7.203644	-14.995761	-7.189977
1945.493000	-7.208394	-7.154439	-7.168618	-7.168656	-7.210251	-7.135266	-7.200187	-7.163053	-7.175319	-7.180401	-7.187249	-7.148131	-7.208735	-7.203608	-14.995795	-7.189911
1986.536000	-7.208403	0.802259	0.803575	0.803451	0.805146	0.796722	0.794511	0.618818	0.533657	0.647435	0.798551	0.798172	0.796504	0.797217	14.990917	0.799274
2027.574000	0.802166	0.803663	0.804440	0.804302	0.805752	0.797200	0.794987	0.618500	0.533942	0.647344	0.799013	0.798475	0.796669	0.797655	14.990930	0.799448
2068.623000	0.801937	0.803426	0.804357	0.804131	0.805809	0.797266	0.795005	0.618563	0.534037	0.647579	0.799189	0.798581	0.796626	0.797914	14.990894	0.799508
2109.664000	0.802088	0.803658	0.804532	0.804351	0.805886	0.797346	0.795178	0.618755	0.534054	0.647537	0.799340	0.798717	0.796648	0.798018	14.990915	0.799721
2150.713000	0.801898	0.803477	0.804400	0.804079	0.805908	0.797345	0.795165	0.619025	0.534082	0.647645	0.799351	0.798684	0.796682	0.798084	14.990921	0.799777
2191.758000	0.802121	0.803701	0.804577	0.804350	0.805948	0.797424	0.795199	0.619096	0.534105	0.647855	0.799334	0.798728	0.796674	0.798210	14.990913	0.800035
2232.828000	0.802094	0.803735	0.804600	0.804409	0.805953	0.797406	0.795134	0.619321	0.534122	0.648157	0.799301	0.798683	0.796606	0.798295	14.990879	0.800006
2273.868000	0.801989	0.803626	0.804547	0.804203	0.805957	0.797416	0.795092	0.619418	0.534194	0.648103	0.799549	0.798813	0.796619	0.798409	14.990904	0.800126
2314.928000	0.801987	0.803652	0.804584	0.804329	0.805966	0.797458	0.795167	0.619432	0.534193	0.648187	0.799626	0.798876	0.796619	0.798408	14.990925	0.800148
2356.002000	0.522859	0.525268	0.515521	0.520471	0.546690	0.502097	0.501973	0.502026	0.511870	0.497584	0.503990	0.484339	0.522517	0.456512	14.990736	0.528038
2397.069000	0.519797	0.521012	0.512828	0.518375	0.546316	0.501291	0.500200	0.501060	0.510821	0.496710	0.503863	0.484452	0.522434	0.449121	14.990697	0.526982
2438.113000	0.519756	0.521172	0.512871	0.518761	0.546506	0.501339	0.500240	0.500977	0.510627	0.496824	0.503780	0.484478	0.522265	0.448338	14.990676	0.526934
2479.151000	0.519772	0.521215	0.512870	0.518423	0.546258	0.501417	0.500187	0.501022	0.510600	0.496730	0.503454	0.484405	0.522025	0.448490	14.990677	0.526794
2520.190000	0.519742	0.521264	0.512860	0.518475	0.544863	0.501392	0.500210	0.501033	0.510573	0.496769	0.503135	0.484358	0.522130	0.448641	14.990708	0.526771
2561.245000	0.519752	0.521355	0.513001	0.518557	0.544655	0.501528	0.500258	0.501051	0.510571	0.496918	0.503122	0.484446	0.522163	0.448664	14.990757	0.526847
2602.294000	0.519752	0.521327	0.512960	0.518238	0.545183	0.501394	0.500152	0.501321	0.510612	0.496392	0.503030	0.484131	0.521877	0.449263	14.990722	0.526724
2643.333000	0.519678	0.521319	0.513010	0.518218	0.546294	0.501473	0.500119	0.501167	0.510534	0.496772	0.503226	0.484295	0.521894	0.448767	14.990697	0.526642
2684.301000	-7.199112	-7.135758	-7.148903	-7.153218	-1.859346	-7.113926	-7.188804	-7.142213	-7.168684	-7.171692	-7.173574	-7.128477	-7.202348	-7.193416	-14.995515	-7.183716
2725.256000	-7.200397	-7.137745	-7.151205	-7.154667	-7.204041	-7.116260	-7.190702	-7.143424	-7.165328	-7.174098	-7.175076	-7.129268	-7.203941	-7.195448	-14.995467	-7.183727
2766.200000	-7.200789	-7.138315	-7.151616	-7.154947	-7.204902	-7.116972	-7.191202	-7.143767	-7.165631	-7.174815	-7.175350	-7.129489	-7.204331	-7.196017	-14.995438	-7.184149
2807.196000	-7.201068	-7.138420	-7.151923	-7.155088	-7.205197	-7.117007	-7.191388	-7.143930	-7.165769	-7.175165	-7.175581	-7.129824	-7.204633	-7.196370	-14.995437	-7.184524
2848.162000	-7.201120	-7.138653	-7.151917	-7.155146	-7.205496	-7.117171	-7.191387	-7.143998	-7.165943	-7.175189	-7.175781	-7.129751	-7.204662	-7.196420	-14.995416	-7.184734
2889.132000	-7.201127	-7.138650	-7.152013	-7.155221	-7.205703	-7.117466	-7.191504	-7.144060	-7.166080	-7.175364	-7.175746	-7.129738	-7.204922	-7.196651	-14.995367	-7.184812
2930.090000	-7.201164	-7.138754	-7.152038	-7.155203	-7.205714	-7.117375	-7.191572	-7.144134	-7.166190	-7.175404	-7.175841	-7.129759	-7.204864	-7.196786	-14.995439	-7.184871
2971.113000	-7.201169	-7.138938	-7.152035	-7.155290	-7.205921	-7.117371	-7.191537	-7.144257	-7.166158	-7.175509	-7.175843	-7.129795	-7.204920	-7.196845	-14.995427	-7.184983
3012.065000	-7.201206	-7.138782	-7.152047	-7.155238	-7.205815	-7.117462	-7.191591	-7.144126	-7.166198	-7.175561	-7.175874	-7.129653	-7.204877	-7.197009	-14.995412	-7.184998
3053.031000	-7.201240	-7.138780	-7.152027	-7.155343	-7.205824	-7.117509	-7.191568	-7.144203	-7.166188	-7.175664	-7.175749	-7.129755	-7.205027	-7.196828	-14.995412	-7.185076
3093.991000	-7.201219	-7.138886	-7.151960	-7.155339	-7.205986	-7.117478	-7.191688	-7.144147	-7.166204	-7.175587	-7.175832	-7.129847	-7.205106	-7.196977	-14.995403	-7.185122
3134.955000	-7.201251	-7.138782	-7.151985	-7.155297	-7.206020	-7.117446	-7.191840	-7.144229	-7.166282	-7.175648	-7.175976	-7.129785	-7.205186	-7.196956	-14.995368	-7.185155
3175.925000	-7.201283	-7.138813	-7.151935	-7.155338	-7.206098	-7.117454	-7.191721	-7.144249	-7.166209	-7.175617	-7.175903	-7.129813	-7.205174	-7.197072	-14.995407	-7.185284
3216.897000	-7.201366	-7.138850	-7.152117	-7.155386	-7.206199	-7.117618	-7.191645	-7.144258	-7.166128	-7.175679	-7.175893	-7.129832	-7.205279	-7.197170	-14.995419	-7.185221
3257.851000	-7.201291	-7.138901	-7.152179	-7.155451	-7.206204	-7.117575	-7.191750	-7.144346	-7.166185	-7.175749	-7.175912	-7.129846	-7.205265	-7.197094	-14.995425	-7.185272
3298.815000	-7.201284	-7.138862	-7.152159	-7.155444	-7.206135	-7.117508	-7.191634	-7.144324	-7.166250	-7.175829	-7.175873	-7.129889	-7.205302	-7.197161	-14.995379	-7.185272
3339.772000	-7.201269	-7.138842	-7.152126	-7.155495	-7.206171	-7.117621	-7.191675	-7.144328	-7.166186	-7.175812	-7.175846	-7.129860	-7.205393	-7.197112	-14.995382	-7.185295
3380.744000	-7.201244	-7.138807	-7.152076	-7.155479	-7.206319	-7.117654	-7.191747	-7.144349	-7.166101	-7.175812	-7.175937	-7.129760	-7.205434	-7.197285	-14.995415	-7.185277
3421.689000	-7.201320	-7.138792	-7.152139	-7.155531	-7.206308	-7.117577	-7.191634	-7.144252	-7.166211	-7.175726	-7.176055	-7.129914	-7.205356	-7.197349	-14.995388	-7.185306
3462.641000	-7.201294	-7.138815	-7.152036	-7.155422	-7.206345	-7.117518	-7.191728	-7.144408	-7.166143	-7.175720	-7.175950	-7.129845	-7.205392	-7.197310	-14.995408	-7.185218
3503.597000	-7.201336	-7.138811	-7.152165	-7.155467	-7.206289	-7.117734	-7.191788	-7.144391	-7.166272	-7.175648	-7.175953	-7.129908	-7.205469	-7.197314	-14.995403	-7.185282
3544.549000	-7.201380	-7.138773	-7.152152	-7.155437	-7.206353	-7.117612	-7.191753	-7.144396	-7.166193	-7.175237	-7.175989	-7.130432	-7.204959	-7.196395	-14.995364	-7.185333
3585.493000	-7.200670	-7.139394	-7.152627	-7.155318	-7.205879	-7.117934	-7.190768	-7.144884	-7.165944	-7.174493	-7.175938	-7.130531	-7.204742	-7.196129	-14.995364	-7.185356
3626.463000	-7.200665	-7.139392	-7.152524	-7.155292	-7.205881	-7.117881	-7.190755	-7.144883	-7.166016	-7.174491	-7.175933	-7.130478	-7.204754	-7.196110	-14.995404	-7.185314
3667.450000	-7.200618	-7.139416	-7.152644	-7.155412	-7.205658	-7.117896	-7.190684	-7.144808	-7.166071	-7.174581	-7.175988	-7.130598	-7.204776	-7.196069	-14.995419	-7.185365
3708.449000	-7.200578	-7.139390	-7.152592	-7.155373	-7.205846	-7.117937	-7.190670	-7.144805	-7.165982	-7.174501	-7.175918	-7.130559	-7.204882	-7.196084	-14.995409	-7.185356
3749.424000	-7.200620	-7.139451	-7.152662	-7.155218	-7.205799	-7.117920	-7.190630	-7.144787	-7.166044	-7.174548	-7.176034	-7.130593	-7.204819	-7.196072	-14.995421	-7.185384
3790.397000	-7.200662	-7.139384	-7.152598	-7.155252	-7.205720	-7.117899	-7.190727	-7.144798	-7.166138	-7.174505	-7.176011	-7.130500	-7.204863	-7.195987	-14.995468	-7.185374
3831.361000	-7.200620	-7.139441	-7.152612	-7.155318	-7.205812	-7.117854	-7.190736	-7.144813	-7.166058	-7.174551	-7.175857	-7.130454	-7.204837	-7.195998	-14.995454	-7.185358
3872.320000	-7.200668	-7.139452	-7.152655	-7.155394	-7.205777	-7.117892	-7.190755	-7.144754	-7.166048	-7.174572	-7.176065	-7.130490	-7.204908	-7.196087	-14.995428	-7.185367
3913.325000	-7.200655	-7.139482	-7.152690	-7.155273	-7.205791	-7.117929	-7.190755	-7.144796	-7.165939	-7.174505	-7.176049	0.512156	0.512958	0.512464	14.990115	0.513711
3954.389000	0.519155	0.518266	0.518621	0.519689	0.520065	0.512065	0.511668	0.510903	0.509793	0.510178	0.513735	0.513589	0.513633	0.512995	14.990096	0.514118
3995.444000	0.519034	0.518213	0.518578	0.519591	0.519998	0.512021	0.511630	0.510842	0.509777	0.510040	0.513645	0.513495	0.513402	0.512836	14.990073	0.513973
4036.500000	0.518895	0.518057	0.518445	0.519462	0.519837	0.511890	0.511507	0.510729	0.509692	0.509887	0.513529	0.513386	0.513313	0.512738	14.990078	0.513890
4077.558000	0.518753	0.517939	0.518309	0.519294	0.519719	0.511737	0.511361	0.510616	0.509613	0.509793	0.513426	0.513305	0.513100	0.512584	14.990030	0.513753
4118.620000	0.518622	0.517871	0.518234	0.519219	0.519711	0.511661	0.511288	0.510499	0.509497	0.509676	0.513289	0.513182	0.513088	0.512530	14.990068	0.513708
4159.682000	0.518508	0.517737	0.518121	0.519079	0.519576	0.511571	0.511170	0.510424	0.509437	0.509577	0.513212	0.513082	0.512949	0.512415	14.990084	0.513575
4200.736000	0.518384	0.517668	0.518044	0.518987	0.519465	0.511454	0.511086	0.510284	0.509301	0.509485	0.513093	0.512965	0.512848	0.512320	14.990080	0.513495
4241.785000	0.518314	0.517588	0.517942	0.518927	0.519377	0.511403	0.510993	0.510212	0.509268	0.509421	0.513012	0.512902	0.512821	0.512248	14.990084	0.513413
4282.822000	0.491620	0.483836	0.478509	0.492609	0.506179	0.476281	0.468115	0.475360	0.497793	0.471818	0.488017	0.477875	0.494612	0.461257	14.990026	0.515565
4323.879000	0.489081	0.483824	0.478483	0.491356	0.504757	0.476168	0.468101	0.475114	0.497175	0.471836	0.487171	0.477789	0.493914	0.461172	14.990047	0.515362
4364.936000	0.488755	0.483918	0.478498	0.491246	0.504661	0.476218	0.468123	0.475063	0.497043	0.471803	0.486967	0.477750	0.493704	0.461223	14.990034	0.515226
4406.008000	0.488612	0.483927	0.478476	0.491143	0.504493	0.476245	0.468127	0.475072	0.496989	0.471835	0.486903	0.477769	0.493687	0.461368	14.990033	0.515191
4447.066000	0.488509	0.483851	0.478481	0.491031	0.504397	0.476268	0.468119	0.475082	0.496954	0.471797	0.486875	0.477776	0.493407	0.461304	14.990129	0.515073
4488.130000	0.488489	0.483984	0.478424	0.491027	0.504335	0.476239	0.468111	0.475060	0.496916	0.471857	0.486818	0.477732	0.493429	0.461358	14.990122	0.515017
4529.202000	0.488350	0.484019	0.478434	0.490886	0.504270	0.476201	0.468185	0.475080	0.496857	0.471900	0.486721	0.477675	0.493500	0.461399	14.990138	0.515032
4570.289000	0.488326	0.484034	0.478486	0.490963	0.504327	0.476207	0.468215	0.475054	0.496818	0.471882	0.486683	0.477664	0.493377	0.461378	14.990139	0.514957
4611.290000	0.488268	0.484035	0.478498	0.490927	0.504216	-7.117634	-7.191670	-7.144027	-7.166095	-7.175862	-7.176397	-7.129983	-7.205468	-7.197034	-14.995443	-7.185658
4652.247000	-7.202486	-7.138971	-7.152740	-7.155895	-7.208633	-7.119203	-7.193533	-7.145255	-7.168652	-7.178498	-7.177624	-7.131111	-7.208281	-7.199309	-14.995446	-7.187759
4693.207000	-7.204273	-7.139474	-7.153759	-7.157309	-7.210331	-7.120828	-7.195550	-7.147045	-7.170380	-7.180517	-7.178702	-7.131755	-7.209669	-7.200440	-14.995401	-7.188540
4734.164000	-7.205342	-7.139811	-7.154189	-7.157932	-7.210997	-7.121542	-7.196523	-7.148086	-7.171043	-7.181309	-7.179415	-7.132206	-7.210285	-7.200969	-14.995402	-7.188963
4775.126000	-7.205879	-7.140106	-7.154485	-7.158598	-7.211269	-7.122105	-7.197076	-7.148460	-7.171364	-7.181840	-7.179556	-7.132344	-7.210785	-7.201320	-14.995418	-7.189161
4816.084000	-7.206279	-7.140369	-7.154746	-7.158796	-7.211561	-7.122406	-7.197152	-7.148707	-7.171717	-7.181993	-7.179746	-7.132703	-7.211099	-7.201611	-14.995456	-7.189276
4857.053000	-7.206414	-7.140281	-7.154828	-7.158946	-7.211641	-7.122479	-7.197329	-7.148968	-7.171920	-7.182391	-7.179934	-7.132672	-7.211226	-7.201950	-14.995473	-7.189298
4898.044000	-7.206508	-7.140462	-7.154772	-7.159013	-7.211662	-7.122720	-7.197571	-7.149140	-7.172170	-7.182481	-7.180103	-7.132635	-7.211257	-7.201950	-14.995479	-7.189225
4939.006000	-7.206681	-7.140418	-7.154961	-7.159238	-7.211784	-7.122786	-7.197528	-7.149145	-7.172311	-7.182622	-7.180152	-7.132818	-7.211319	-7.202098	-14.995484	-7.189382
4979.968000	-7.206811	-7.140530	-7.155000	-7.159177	-7.211947	-7.122938	-7.197608	-7.149130	-7.172382	-7.182784	-7.180082	-7.132738	-7.211502	-7.202149	-14.995484	-7.189446
5020.912000	-7.206849	-7.140617	-7.155023	-7.159079	-7.211978	-7.123129	-7.197775	-7.149169	-7.172526	-7.182946	-7.180321	-7.132787	-7.211493	-7.202248	-14.995500	-7.189506
5061.870000	-7.206912	-7.140617	-7.155099	-7.159079	-7.211991	-7.123026	-7.197678	-7.149334	-7.172376	-7.182994	-7.180389	-7.132648	-7.211398	-7.202300	-14.995528	-7.189460
5102.816000	-7.207099	-7.140810	-7.155192	-7.159052	-7.211972	-7.122947	-7.198027	-7.149151	-7.172498	-7.183052	-7.180404	-7.132810	-7.211405	-7.202244	-14.995492	-7.189572
5143.761000	-7.207133	-7.140786	-7.154969	-7.159153	-7.211936	-7.123163	-7.197858	-7.149191	-7.172494	-7.183284	-7.180470	-7.133134	-7.211402	-7.202419	-14.995525	-7.189646
5184.717000	-7.207096	-7.140583	-7.154929	-7.159157	-7.212000	-7.122941	-7.197943	-7.149186	-7.172539	-7.183119	-7.180544	-7.133070	-7.211517	-7.202417	-14.995530	-7.189619
5225.672000	-7.207177	-7.140641	-7.154966	-7.159119	-7.212082	-7.122894	-7.197967	-7.149049	-7.172684	-7.183012	-7.180184	-7.133061	-7.211436	-7.202553	-14.995482	-7.189722
5266.618000	-7.207154	-7.140591	-7.154952	-7.159064	-7.211983	-7.123019	-7.198232	-7.149121	-7.172708	-7.183023	-7.180332	-7.132863	-7.211444	-7.202777	-14.995499	-7.189579
5307.577000	-7.207207	-7.140826	-7.154944	-7.159256	-7.212183	-7.123252	-7.198340	-7.149278	-7.172635	-7.183192	-7.180406	-7.133096	-7.211354	-7.202524	-14.995497	-7.189555
5348.524000	-7.207371	-7.140755	-7.154830	-7.159301	-7.212031	-7.123375	-7.198264	-7.149308	-7.172485	-7.183216	-7.180361	-7.132967	-7.211508	-7.202422	-14.995527	-7.189623
5389.491000	-7.207403	-7.140638	-7.154814	-7.159376	-7.212028	-7.123278	-7.198452	-7.149354	-7.172600	-7.183185	-7.180418	-7.132955	-7.211482	-7.202505	-14.995556	-7.189776
5430.441000	-7.207444	-7.140649	-7.154861	-7.159250	-7.212046	-7.123200	-7.198614	-7.149344	-7.172546	-7.183211	-7.180442	-7.132927	-7.211679	-7.202656	-14.995559	-7.189878
5471.403000	-7.207387	-7.140585	-7.154869	-7.159413	-7.212143	-7.123422	-7.198396	-7.149375	-7.172743	-7.183296	-7.180548	-7.133032	-7.211608	-7.202656	-14.995493	-7.189879
5512.354000	-7.205235	-7.139789	-7.153573	-7.157369	-7.210679	-7.120800	-7.195412	-7.146651	-7.171130	-7.179801	-7.178399	-7.130898	-7.209424	-7.200092	-14.995517	-7.189844
5553.309000	-7.204851	-7.139691	-7.153393	-7.157210	-7.210451	-7.120629	-7.194948	-7.146343	-7.171104	-7.179721	-7.178341	-7.130886	-7.209354	-7.199964	-14.995562	-7.189935
5594.256000	-7.204644	-7.139774	-7.153395	-7.157139	-7.210439	-7.120466	-7.194901	-7.146471	-7.171185	-7.179643	-7.178258	-7.130919	-7.209383	-7.199944	-14.995544	-7.189845
5635.219000	-7.204672	-7.139647	-7.153397	-7.157177	-7.210416	-7.120464	-7.195021	-7.146382	-7.171125	-7.179732	-7.178302	-7.130862	-7.209336	-7.200019	-14.995513	-7.189924
5676.188000	-7.204690	-7.139621	-7.153446	-7.157032	-7.210544	-7.120546	-7.194887	-7.146316	-7.171149	-7.179606	-7.178220	-7.130748	-7.209388	-7.199942	-14.995511	-7.189987
5717.155000	-7.204601	-7.139602	-7.153434	-7.157059	-7.210509	-7.120627	-7.194931	-7.146294	-7.170930	-7.179686	-7.178347	-7.130732	-7.209406	-7.199863	-14.995550	-7.189890
5758.121000	-7.204666	-7.139518	-7.153342	-7.157156	-7.210542	-7.120625	-7.194906	-7.146419	-7.171012	-7.179612	-7.178293	-7.130709	-7.209366	-7.199771	-14.995456	-7.189966
5799.188000	0.439067	0.437374	0.437137	0.439872	0.439023	0.431647	0.432433	0.431694	0.431206	0.431657	0.434296	0.434228	0.435101	0.434527	14.990219	0.435185
5840.249000	0.439920	0.438089	0.437695	0.440308	0.439446	0.431956	0.432699	0.431978	0.431412	0.431802	0.434481	0.434360	0.435152	0.434599	14.990240	0.435268
5881.300000	0.439848	0.437983	0.437635	0.440295	0.439414	0.432025	0.432668	0.431994	0.431481	0.431733	0.434480	0.434335	0.435035	0.434517	14.990251	0.435215
5922.366000	0.439748	0.437957	0.437627	0.440185	0.439378	0.431933	0.432645	0.431907	0.431421	0.431707	0.434428	0.434291	0.434976	0.434541	14.990215	0.435220
5963.428000	0.439710	0.437990	0.437613	0.440157	0.439375	0.431891	0.432580	0.431888	0.431341	0.431695	0.434396	0.434280	0.434917	0.434449	14.990172	0.435157
6004.480000	0.439582	0.437865	0.437558	0.440059	0.439297	0.431866	0.432488	0.431823	0.431304	0.431577	0.434333	0.434188	0.434700	0.434337	14.990240	0.435099
6045.530000	0.439595	0.437871	0.437534	0.440156	0.439277	0.431856	0.432550	0.431851	0.431357	0.431616	0.434324	0.434218	0.434812	0.434393	14.990237	0.435131
6086.586000	0.439562	0.437811	0.437516	0.440034	0.439253	0.431838	0.432480	0.431835	0.431308	0.431593	0.434275	0.434141	0.434762	0.434333	14.990260	0.435037
6127.640000	0.439499	0.437820	0.437455	0.440038	0.439169	0.431772	0.432455	0.431768	0.431264	0.431568	0.434242	0.434137	0.434626	0.434307	14.990218	0.435021
6168.685000	0.439478	0.437739	0.437399	0.439997	0.439053	0.431709	0.432436	0.431734	0.431209	0.431571	0.434226	0.434106	0.434664	0.434300	14.990178	0.435007
6209.743000	0.439404	0.437729	0.437382	0.439948	0.439120	0.431742	0.432416	0.431741	0.431259	0.431499	0.434183	0.434077	0.434542	0.434194	14.990243	0.434976
6250.799000	0.439347	0.437721	0.437437	0.439883	0.439120	0.431731	0.432423	0.431690	0.431208	0.431497	0.434150	0.434047	0.434529	0.434199	14.990173	0.434953
6291.858000	0.439293	0.437697	0.437508	0.439854	0.439181	0.431809	0.432404	0.431754	0.431300	0.431445	0.434191	0.434085	0.434495	0.434155	14.990141	0.434957
6332.902000	0.439330	0.437680	0.437390	0.439847	0.439079	0.431679	0.432330	0.431664	0.431168	0.431401	0.434075	0.433988	0.434406	0.434097	14.990123	0.434905
6373.963000	0.439249	0.437631	0.437402	0.439780	0.439106	0.431710	0.432345	0.431677	0.431230	0.431368	0.434060	0.434013	0.434367	0.434093	14.990127	0.434901
6415.038000	0.439191	0.437613	0.437393	0.439784	0.439098	0.431664	0.432344	0.431663	0.431180	0.431375	0.434050	0.433947	0.434356	0.434046	14.990056	0.434847
6456.112000	0.439205	0.437561	0.437259	0.439820	0.438948	0.431620	0.432329	0.431609	0.431154	0.431434	0.434020	0.433927	0.434404	0.434054	14.990077	0.434794
6497.158000	0.439172	0.437631	0.437413	0.439772	0.439133	0.431712	0.432311	0.431661	0.431214	0.431373	0.434025	0.433965	0.434357	0.434040	14.990076	0.434826
6538.200000	0.439117	0.437563	0.437371	0.439695	0.439001	0.431608	0.432276	0.431579	0.431160	0.431362	0.433986	0.433918	0.434208	0.433927	14.990044	0.434765
6579.274000	0.439063	0.437501	0.437278	0.439682	0.438958	0.431576	0.432281	0.431563	0.431142	0.431299	0.433952	0.433911	0.434203	0.433961	14.990066	0.434769
6620.321000	0.439050	0.437484	0.437247	0.439696	0.438919	0.431539	0.432284	0.431526	0.431082	0.431314	0.433915	0.433867	0.434211	0.433887	14.990006	0.434699
6661.392000	0.439044	0.437505	0.437312	0.439636	0.439027	0.431600	0.432240	0.431561	0.431160	0.431244	0.433943	0.433847	0.434099	0.433840	14.990024	0.434670
6702.426000	0.439012	0.437503	0.437280	0.439635	0.438934	0.431567	0.432192	0.431535	0.431107	0.431180	0.433890	0.433841	0.434157	0.433883	14.990040	0.434673
6743.458000	0.438929	0.437432	0.437182	0.439615	0.438903	0.431536	0.432223	0.431521	0.431074	0.431277	0.433879	0.433824	0.434165	0.433869	14.990049	0.434654
6784.494000	0.438893	0.437401	0.437144	0.439568	0.438854	0.431488	0.432135	0.431483	0.431060	0.431193	0.433835	0.433778	0.434060	0.433804	14.989983	0.434632
6825.517000	0.438884	0.437434	0.437172	0.439563	0.438849	0.431487	0.432167	0.431507	0.431075	0.431188	0.433846	0.433785	0.434064	0.433787	14.990001	0.434633
6866.546000	0.438884	0.437382	0.437161	0.439534	0.438870	0.431496	0.432188	0.431455	0.431037	0.431134	0.433809	0.433725	0.433958	0.433717	14.989984	0.434576
6907.579000	0.438897	0.437423	0.437197	0.439555	0.438896	0.431506	0.432162	0.431452	0.431058	0.431124	0.433814	0.433741	0.434000	0.433732	14.989974	0.434554
6948.609000	0.438815	0.437318	0.437124	0.439436	0.438783	0.431417	0.432078	0.431408	0.431006	0.431141	0.433769	0.433722	0.433985	0.433723	14.990003	0.434595
6989.637000	0.438810	0.437309	0.437113	0.439464	0.438804	0.431417	0.432106	0.431441	0.431016	0.431197	0.433800	0.433748	0.434080	0.433783	14.989976	0.434602
7030.671000	0.438747	0.437324	0.437108	0.439450	0.438805	0.431461	0.432078	0.431434	0.431074	0.431072	0.433770	0.433721	0.433954	0.433703	14.989960	0.434552
7071.708000	0.438718	0.437362	0.437160	0.439387	0.438866	0.431437	0.432098	0.431439	0.431027	0.431111	0.433795	0.433744	0.433934	0.433698	14.989957	0.434601
7112.748000	0.438747	0.437302	0.437167	0.439340	0.438834	0.431452	0.432062	0.431409	0.431025	0.431066	0.433744	0.433695	0.433946	0.433682	14.989951	0.434559
7153.786000	0.438726	0.437307	0.437125	0.439372	0.438838	0.431464	0.432057	0.431438	0.431057	0.431079	0.433770	0.433734	0.433903	0.433649	14.989973	0.434539
7194.816000	0.438647	0.437283	0.437130	0.439349	0.438816	0.431446	0.432054	0.431394	0.431006	0.431069	0.433707	0.433687	0.433947	0.433652	14.989941	0.434499
7235.855000	0.438691	0.437311	0.437108	0.439383	0.438786	0.431424	0.432071	0.431374	0.431011	0.431033	0.433737	0.433692	0.433898	0.433650	14.989988	0.434520
7276.893000	0.438635	0.437287	0.437162	0.439325	0.438851	0.431452	0.432056	0.431397	0.431039	0.431086	0.433730	0.433681	0.433860	0.433644	14.989958	0.434495
7317.936000	0.438688	0.437338	0.437176	0.439430	0.438884	0.431522	0.432097	0.431442	0.431087	0.431020	0.433741	0.433723	0.433951	0.433706	14.989951	0.434562
7358.972000	0.438610	0.437259	0.437104	0.439334	0.438822	0.431433	0.432061	0.431404	0.431037	0.430962	0.433706	0.433639	0.433777	0.433564	14.989929	0.434451
7400.000000	0.438609	0.437271	0.437135	0.439344	0.438831	0.431421	0.432035	0.431384	0.431003	0.431038	0.433717	0.433680	0.433863	0.433592	14.989927	0.434497
7441.027000	0.438649	0.437276	0.437139	0.439352	0.438854	0.431468	0.432084	0.431428	0.431067	0.430992	0.433719	0.433675	0.433861	0.433626	14.989935	0.434540
7482.071000	0.438648	0.437274	0.437079	0.439416	0.438782	0.431455	0.432073	0.431436	0.431050	0.430968	0.433710	0.433668	0.433826	0.433597	14.989943	0.434493
7523.103000	0.438650	0.437270	0.437074	0.439393	0.438802	0.431471	0.432113	0.431445	0.431091	0.431008	0.433750	0.433701	0.433774	0.433590	14.989918	0.434499
7564.148000	0.438597	0.437270	0.437105	0.439347	0.438849	0.431506	0.432088	0.431426	0.431118	0.430918	0.433720	0.433670	0.433699	0.433532	14.989890	0.434467
7605.229000	0.438620	0.437248	0.437107	0.439340	0.438817	0.431477	0.427413	0.415610	0.425874	0.415816	0.416408	0.412688	0.376367	0.413443	14.989892	0.439092
7646.321000	0.412912	0.419725	0.416562	0.412354	0.426605	0.405726	0.409265	0.401888	0.421468	0.407073	0.408598	0.406620	0.370403	0.409008	14.989917	0.438886
7687.405000	0.411784	0.418614	0.415715	0.411374	0.425938	0.405214	0.408642	0.401289	0.421204	0.406682	0.408025	0.406303	0.370247	0.408841	14.989847	0.438828
7728.466000	0.411610	0.418450	0.415707	0.411313	0.426024	0.405217	0.408570	0.401144	0.421196	0.406520	0.408000	0.406226	0.370067	0.408774	14.989911	0.438812
7769.531000	0.411578	0.418491	0.415739	0.411318	0.425946	0.405177	0.408521	0.401170	0.421203	0.406541	0.407958	0.406266	0.370122	0.408815	14.989912	0.438798
7810.578000	0.411586	0.418538	0.415837	0.411377	0.426110	0.405288	0.408530	0.401184	0.421222	0.406537	0.407988	0.406269	0.370147	0.408817	14.989880	0.438794
7851.643000	0.411530	0.418409	0.415652	0.411200	0.425890	0.405172	0.408541	0.401220	0.421198	0.406570	0.407983	0.406245	0.369954	0.408791	14.989864	0.438801
7892.705000	0.411554	0.418381	0.415666	0.411240	0.425948	0.405163	0.408536	0.401179	0.421218	0.406477	0.407990	0.406237	0.369700	0.408666	14.989882	0.438796
7933.757000	0.411575	0.418471	0.415676	0.411332	0.425974	0.405222	0.408567	0.401196	0.421277	0.406501	0.408009	0.406297	0.369849	0.408804	14.989877	0.438798
7974.810000	0.411588	0.418414	0.415710	0.411277	0.425879	0.405177	0.408542	0.401223	0.421211	0.406556	0.407957	0.406259	0.370021	0.408770	14.989935	0.438777
8015.857000	0.411607	0.418505	0.415841	0.411405	0.426056	0.405271	0.408548	0.401218	0.421244	0.406554	0.408002	0.406234	0.369889	0.408747	14.989846	0.438784
8056.928000	0.411583	0.418565	0.415802	0.411351	0.425986	0.405237	0.408565	0.401231	0.421259	0.406584	0.408020	0.406292	0.369861	0.408741	14.989883	0.438795
8097.998000	0.411584	0.418511	0.415745	0.411326	0.425948	0.405247	0.408599	0.401303	0.421253	0.406595	0.408026	0.406302	0.369937	0.408768	14.989860	0.438814
8139.052000	0.411526	0.418420	0.415718	0.411303	0.425930	0.405189	0.408537	0.401233	0.421252	0.406491	0.408009	0.406292	0.369776	0.408698	14.989853	0.438786
8180.122000	0.411564	0.418436	0.415737	0.411258	0.425927	0.405259	0.408566	0.401277	0.421277	0.406576	0.408013	0.406280	0.369904	0.408784	14.989930	0.438802
8221.180000	0.411579	0.418510	0.415746	0.411342	0.425927	0.405281	0.408591	0.401320	0.421283	0.406619	0.408034	0.406314	0.369926	0.408797	14.989813	0.438802
8262.258000	0.411635	0.418512	0.415735	0.411390	0.425951	0.405279	0.408634	0.401291	0.421288	0.406634	0.408075	0.406302	0.369750	0.408722	14.989848	0.438783
8303.330000	0.411557	0.418492	0.415798	0.411369	0.425994	0.405308	0.408583	0.401316	0.421298	0.406609	0.408045	0.406315	0.369906	0.408779	14.989821	0.438771
8344.389000	0.411509	0.418510	0.415798	0.411294	0.425982	0.405265	0.408584	0.401311	0.421260	0.406557	0.408065	0.406317	0.369763	0.408752	14.989862	0.438821
8385.436000	0.411621	0.418587	0.415916	0.411486	0.426187	0.405422	0.408685	0.401362	0.421394	0.406646	0.408157	0.406378	0.369719	0.408762	14.989813	0.438834
8426.505000	0.411680	0.418614	0.415886	0.411469	0.426047	0.405411	0.408678	0.401386	0.421385	0.406647	0.408131	0.406381	0.369867	0.408861	14.989802	0.438867
8467.563000	0.411615	0.418573	0.415838	0.411425	0.426016	0.405268	0.408655	0.401327	0.421317	0.406636	0.408076	0.406334	0.369919	0.408880	14.989869	0.438824
8508.614000	0.411631	0.418654	0.415968	0.411485	0.426225	0.405492	0.408685	0.401385	0.421407	0.406733	0.408206	0.406439	0.369934	0.408878	14.989832	0.438885
8549.643000	0.411622	0.418552	0.415859	0.411409	0.426111	0.405453	0.408655	0.401435	0.421403	0.406722	0.408152	0.406451	0.370023	0.408903	14.989788	0.438865
8590.681000	0.411636	0.418656	0.416003	0.411588	0.426273	0.405548	0.408695	0.401411	0.421475	0.406656	0.408211	0.406413	0.369789	0.408766	14.989818	0.438827
8631.702000	0.411639	0.418607	0.415869	0.411531	0.426181	0.405473	0.408684	0.401370	0.421393	0.406616	0.408113	0.406365	0.369705	0.408737	14.989810	0.438789
8672.733000	0.411626	0.418592	0.415935	0.411460	0.426199	0.405507	0.408704	0.401415	0.421422	0.406656	0.408206	0.406451	0.369755	0.408806	14.989789	0.438891
8713.763000	0.411685	0.418752	0.416095	0.411689	0.426334	0.405599	0.408769	0.401454	0.421525	0.406655	0.408236	0.406481	0.369624	0.408728	14.989827	0.438865
8754.797000	0.411650	0.418693	0.415981	0.411559	0.426260	0.405556	0.408787	0.401477	0.421486	0.406689	0.408291	0.406484	0.369739	0.408820	14.989832	0.438852
8795.863000	0.411773	0.418806	0.416111	0.411735	0.426381	0.405657	0.408783	0.401453	0.421570	0.406649	0.408226	0.406434	0.369709	-7.201568	-14.995352	-7.189553
8836.827000	-7.203151	-7.138277	-7.151808	-7.155906	-7.206887	-7.117260	-7.191036	-7.143863	-7.165371	-7.175069	-7.176413	-7.129066	-7.204767	-7.195936	-14.995486	-7.184145
8877.801000	-7.200884	-7.137347	-7.150593	-7.154912	-7.204541	-7.116198	-7.190139	-7.143242	-7.164709	-7.173890	-7.175609	-7.128715	-7.203920	-7.194964	-14.995451	-7.183472
8918.775000	-7.200554	-7.137035	-7.150364	-7.154661	-7.204127	-7.115991	-7.189991	-7.143113	-7.164774	-7.173445	-7.175360	-7.128605	-7.203656	-7.194601	-14.995448	-7.183298
8959.765000	-7.200607	-7.136903	-7.150399	-7.154595	-7.204043	-7.115954	-7.189906	-7.143031	-7.164820	-7.173347	-7.175276	-7.128532	-7.203595	-7.194463	-14.995476	-7.183256
9000.739000	-7.200472	-7.136852	-7.150284	-7.154477	-7.203999	-7.115825	-7.189830	-7.142987	-7.164851	-7.173305	-7.175261	-7.128499	-7.203432	-7.194301	-14.995441	-7.183233
9041.712000	-7.200474	-7.136788	-7.150380	-7.154538	-7.203920	-7.115787	-7.189726	-7.142965	-7.164883	-7.173128	-7.175217	-7.128406	-7.203378	-7.194375	-14.995476	-7.183164
9082.679000	-7.200427	-7.136755	-7.150285	-7.154456	-7.203919	-7.115801	-7.189712	-7.142944	-7.164919	-7.173167	-7.175202	-7.128448	-7.203301	-7.194179	-14.995468	-7.183180
9123.656000	-7.200370	-7.136744	-7.150232	-7.154439	-7.203920	-7.115730	-7.189720	-7.142894	-7.164889	-7.173044	-7.175140	-7.128441	-7.203361	-7.194224	-14.995517	-7.183217
9164.637000	-7.200358	-7.136718	-7.150157	-7.154391	-7.203901	-7.115602	-7.189728	-7.142912	-7.164916	-7.173071	-7.175116	-7.128429	-7.203295	-7.194178	-14.995501	-7.183186
9205.587000	-7.200411	-7.136728	-7.150183	-7.154419	-7.203899	-7.115666	-7.189651	-7.142864	-7.164910	-7.173011	-7.175068	-7.128500	-7.203265	-7.194125	-14.995523	-7.183193
9246.534000	-7.200311	-7.136706	-7.150137	-7.154452	-7.203875	-7.115669	-7.189647	-7.142880	-7.164919	-7.172986	-7.175078	-7.128448	-7.203229	-7.194091	-14.995493	-7.183164
9287.486000	-7.200307	-7.136722	-7.150029	-7.154395	-7.203834	-7.115675	-7.189611	-7.142870	-7.164891	-7.172995	-7.175060	-7.128404	-7.203210	-7.194000	-14.995443	-7.183206
9328.464000	-7.200310	-7.136735	-7.150069	-7.154345	-7.203865	-7.115653	-7.189654	-7.142936	-7.164947	-7.172948	-7.175086	-7.128397	-7.203192	-7.194089	-14.995464	-7.183206
9369.442000	-7.200329	-7.136720	-7.150184	-7.154378	-7.203887	-7.115609	-7.189577	-7.142974	-7.164913	-7.172992	-7.175053	-7.128400	-7.203141	-7.194072	-14.995502	-7.183194
9410.405000	-7.200354	-7.136711	-7.150098	-7.154362	-7.203909	-7.115600	-7.189534	-7.142893	-7.164926	-7.172938	-7.175085	-7.128379	-7.203109	-7.194076	-14.995509	-7.183221
9451.368000	-7.200314	-7.136680	-7.150154	-7.154380	-7.203900	-7.115662	-7.189543	-7.142983	-7.164977	-7.172850	-7.175066	-7.128335	-7.203097	-7.194006	-14.995506	-7.183160
9492.388000	-7.200318	-7.136676	-7.150116	-7.154367	0.617732	0.484785	0.479071	0.483529	0.611522	0.480042	0.499456	0.488473	0.497590	0.473366	14.990186	0.628949
9533.446000	0.501451	0.495835	0.488415	0.500001	0.619509	0.484784	0.479103	0.483536	0.612390	0.480015	0.499445	0.488440	0.498114	0.473881	14.990227	0.629496
9574.498000	0.501465	0.495841	0.488403	0.499996	0.619857	0.484777	0.479104	0.483584	0.612787	0.479998	0.499451	0.488443	0.498724	0.474367	14.990241	0.629823
9615.552000	0.501427	0.495801	0.488396	0.499871	0.620124	0.484721	0.479039	0.483532	0.613091	0.479965	0.499429	0.488433	0.500260	0.474459	14.990187	0.630162
9656.621000	0.501404	0.495809	0.488311	0.499841	0.620475	0.484757	0.479096	0.483595	0.613421	0.479972	0.499444	0.488442	0.500750	0.474858	14.990242	0.630481
9697.668000	0.501378	0.495799	0.488316	0.499833	0.620662	0.484761	0.479121	0.483566	0.613706	0.479984	0.499432	0.488405	0.501124	0.474997	14.990223	0.630790
9738.737000	0.501406	0.495785	0.488336	0.499842	0.620922	0.484758	0.479144	0.483641	0.614000	0.479949	0.499431	0.488438	0.501524	0.474693	14.990203	0.631064
9779.794000	0.501449	0.495823	0.488366	0.499835	0.621189	0.484754	0.479094	0.483587	0.614246	0.479971	0.499431	0.488455	0.502031	0.474750	14.990197	0.631329
9820.844000	0.501408	0.495762	0.488336	0.499851	0.621286	0.484770	0.479145	0.483602	0.614487	0.479991	0.499471	0.488494	0.502184	0.474786	14.990167	0.631554
9861.910000	0.501439	0.495904	0.488398	0.499870	0.621638	0.484838	0.479191	0.483661	0.614715	0.479969	0.499536	0.488464	0.502077	0.474389	14.990170	0.631795
9902.955000	0.501431	0.495862	0.488384	0.499824	0.621885	0.484840	0.479243	0.483680	0.614910	0.479977	0.499543	0.488526	0.502418	0.474339	14.990179	0.631982
9944.034000	0.501432	0.495855	0.488384	0.499863	0.622156	0.484873	0.479196	0.483734	0.615086	0.479966	0.499496	0.488573	0.502477	0.474291	14.990192	0.632160
9985.095000	0.501464	0.495889	0.488450	0.499861	0.622351	0.484843	0.479189	0.483687	0.615245	0.480029	0.499532	0.488562	0.502311	0.474714	14.990200	0.632334
10026.135000	0.501486	0.495898	0.488438	0.499894	0.622601	0.484913	0.479304	0.483758	0.615442	0.480045	0.499516	0.488605	0.502079	0.474903	14.990232	0.632515
10067.192000	0.501498	0.495941	0.488426	0.499841	0.622741	0.484944	0.479306	0.483777	0.615581	0.480070	0.499565	0.488659	0.501965	0.474731	14.990208	0.632672
10108.236000	0.501537	0.495925	0.488484	0.499828	0.622923	0.484945	0.479306	0.483760	0.615707	0.480078	0.499595	0.488600	0.501843	0.474979	14.990233	0.632799
10149.304000	0.501578	0.495987	0.488487	0.499860	0.623231	0.484935	0.479297	0.483819	0.615868	0.480136	0.499620	0.488668	0.501630	0.475089	14.990182	0.632948
10190.348000	0.501579	0.496076	0.488548	0.499885	0.623428	0.484984	0.479390	0.483788	0.616017	0.480136	0.499624	0.488676	0.501389	0.475019	14.990118	0.633064
10231.322000	-7.201465	-7.137899	-7.151403	-7.155469	-7.204837	-7.116806	-7.190854	-7.144104	-7.165999	-7.174423	-7.176416	-7.129659	-7.204459	-7.195403	-59.966846	-7.184262
10272.294000	-7.201529	-7.137945	-7.151433	-7.155490	-7.204915	-7.116755	-7.190921	-7.144084	-7.165977	-7.174398	-7.176452	-7.129654	-7.204514	-7.195432	-59.966790	-7.184255
10313.248000	-7.201555	-7.137944	-7.151479	-7.155536	-7.204915	-7.116761	-7.190971	-7.144060	-7.165984	-7.174491	-7.176468	-7.129663	-7.204543	-7.195450	-59.966854	-7.184304
10354.200000	-7.201522	-7.137988	-7.151452	-7.155506	-7.204897	-7.116786	-7.191024	-7.144165	-7.166006	-7.174494	-7.176513	-7.129715	-7.204483	-7.195529	-59.966834	-7.184276
10395.170000	-7.201503	-7.138003	-7.151523	-7.155575	-7.204935	-7.116832	-7.190934	-7.144184	-7.165994	-7.174395	-7.176568	-7.129654	-7.204542	-7.195476	-59.966810	-7.184296
	-7.201538	-7.138045	-7.151545	-7.155566	-7.204944	-7.116859	-7.190992	-7.144187	-7.165998	-7.174492	-7.176569	-7.129625				
