8.222000	-7.193536	-7.188655	-7.228351	-7.185269	-7.216433	-7.223762	-7.169136	-7.171730	-7.185876	-7.080938	-7.204510	-7.183865	-7.201225	-7.176486	-15.005140	-7.202633
20.414000	-7.193615	-7.188687	-7.228408	-7.185315	-7.216458	-7.223815	-7.169192	-7.171765	-7.185920	-7.084866	-7.204547	-7.183901	-7.201250	-7.176528	-15.005097	-7.202640
32.580000	-7.193646	-7.188690	-7.228420	-7.185343	-7.216456	-7.223827	-7.169186	-7.171759	-7.185910	-7.088954	-7.204562	-7.183929	-7.201264	-7.176536	-15.005242	-7.202656
44.760000	-7.193664	-7.188699	-7.228428	-7.185351	-7.216450	-7.223845	-7.169214	-7.171772	-7.185908	-7.090316	-7.204555	-7.183902	-7.201255	-7.176538	-15.005258	-7.202668
56.955000	-7.193686	-7.188703	-7.228446	-7.185338	-7.216465	-7.223855	-7.169205	-7.171772	-7.185908	-7.091821	-7.204568	-7.183923	-7.201287	-7.176556	-15.005260	-7.202671
69.107000	-7.193692	-7.188719	-7.228450	-7.185350	-7.216452	-7.223870	-7.169202	-7.171785	-7.185907	-7.092679	-7.204584	-7.183917	-7.201279	-7.176551	-15.005280	-7.202672
81.297000	-7.193699	-7.188719	-7.228460	-7.185343	-7.216460	-7.223857	-7.169224	-7.171770	-7.185906	-7.094243	-7.204584	-7.183946	-7.201292	-7.176568	-15.005310	-7.202671
93.501000	-7.193712	-7.188724	-7.228443	-7.185360	-7.216467	-7.223867	-7.169234	-7.171784	-7.185899	-7.093599	-7.204584	-7.183941	-7.201295	-7.176571	-15.005315	-7.202683
105.700000	-7.193720	-7.188717	-7.228451	-7.185374	-7.216475	-7.223872	-7.169233	-7.171771	-7.185912	-7.094656	-7.204585	-7.183963	-7.201284	-7.176566	-15.005423	-7.202682
117.894000	-7.193731	-7.188736	-7.228456	-7.185365	-7.216472	-7.223881	-7.169232	-7.171780	-7.185902	-7.094663	-7.204593	-7.183962	-7.201293	-7.176568	-15.005359	-7.202657
130.098000	-7.193743	-7.188720	-7.228443	-7.185361	-7.216481	-7.223887	-7.169232	-7.171779	-7.185901	-7.095309	-7.204597	-7.183953	-7.201300	-7.176578	-15.005565	-7.202667
142.292000	-7.193714	-7.188721	-7.228464	-7.185355	-7.216468	-7.223881	-7.169242	-7.171790	-7.185915	-7.096218	-7.204586	-7.183967	-7.201297	-7.176591	-15.005366	-7.202724
154.487000	-7.193689	-7.188691	-7.228381	-7.185391	-7.216433	-7.223759	-7.169234	-7.171862	-7.185852	-7.095849	-7.204518	-7.183884	-7.201312	-7.176539	-15.005534	-7.202730
166.675000	-7.193569	-7.188658	-7.228198	-7.185387	-7.216343	-7.223564	-7.169186	-7.171871	-7.185694	-7.100546	-7.204359	-7.183605	-7.201231	-7.176396	-15.005545	-7.202617
178.892000	-7.193361	-7.188595	-7.227947	-7.185338	-7.216240	-7.223320	-7.169067	-7.171830	-7.185490	-7.107375	-7.204130	-7.183263	-7.201098	-7.176216	-15.005687	-7.202493
191.076000	-7.193122	-7.188510	-7.227656	-7.185259	-7.216117	-7.223036	-7.168875	-7.171727	-7.185303	-7.115155	-7.203904	-7.182916	-7.200955	-7.176003	-15.005851	-7.202336
203.254000	-7.192872	-7.188427	-7.227380	-7.185175	-7.216003	-7.222813	-7.168680	-7.171626	-7.185113	-7.120882	-7.203670	-7.182576	-7.200788	-7.175781	-15.005981	-7.202214
215.459000	-7.192597	-7.188345	-7.227111	-7.185067	-7.215869	-7.222609	-7.168434	-7.171500	-7.184960	-7.130718	-7.203465	-7.182260	-7.200615	-7.175591	-15.005813	-7.202091
227.640000	-7.192317	-7.188263	-7.226855	-7.184956	-7.215763	-7.222428	-7.168281	-7.171386	-7.184823	-7.139951	-7.203265	-7.182000	-7.200452	-7.175400	-15.006001	-7.201977
239.921000	-7.192070	-7.188181	-7.226658	-7.184829	-7.215652	-7.222235	-7.168075	-7.171286	-7.184710	-7.147124	-7.203093	-7.181771	-7.200333	-7.175222	-15.005925	-7.201828
252.115000	-7.191842	-7.188111	-7.226497	-7.184713	-7.215552	-7.222102	-7.167906	-7.171174	-7.184624	-7.153557	-7.202960	-7.181588	-7.200189	-7.175074	-15.005828	-7.201770
264.303000	-7.191640	-7.188042	-7.226362	-7.184615	-7.215484	-7.221992	-7.167765	-7.171109	-7.184554	-7.158789	-7.202837	-7.181440	-7.200107	-7.174973	-15.006047	-7.201708
276.506000	-7.191467	-7.187985	-7.226266	-7.184520	-7.215412	-7.221895	-7.167652	-7.171047	-7.184518	-7.162853	-7.202749	-7.181334	-7.200015	-7.174895	-15.006018	-7.201648
288.697000	-7.191338	-7.187954	-7.226198	-7.184460	-7.215349	-7.221828	-7.167577	-7.170987	-7.184481	-7.166292	-7.202687	-7.181249	-7.199935	-7.174827	-15.006003	-7.201615
300.910000	-7.191215	-7.187901	-7.226173	-7.184386	-7.215321	-7.221773	-7.167485	-7.170967	-7.184462	-7.168729	-7.202651	-7.181219	-7.199882	-7.174788	-15.005925	-7.201592
313.113000	-7.191144	-7.187877	-7.226112	-7.184340	-7.215287	-7.221752	-7.167418	-7.170955	-7.184433	-7.170544	-7.202630	-7.181147	-7.199845	-7.174744	-15.005997	-7.201562
325.320000	-7.191091	-7.187849	-7.226086	-7.184317	-7.215246	-7.221715	-7.167390	-7.170917	-7.184412	-7.171931	-7.202604	-7.181133	-7.199811	-7.174698	-15.005886	-7.201522
337.514000	-7.191024	-7.187843	-7.226041	-7.184292	-7.215219	-7.221688	-7.167349	-7.170915	-7.184423	-7.173110	-7.202580	-7.181128	-7.199775	-7.174705	-15.005839	-7.201503
349.681000	-7.190985	-7.187843	-7.226010	-7.184272	-7.215197	-7.221660	-7.167320	-7.170913	-7.184395	-7.174074	-7.202548	-7.181103	-7.199759	-7.174678	-15.005933	-7.201497
361.859000	-7.190954	-7.187813	-7.226004	-7.184258	-7.215196	-7.221652	-7.167293	-7.170895	-7.184382	-7.174909	-7.202542	-7.181075	-7.199721	-7.174650	-15.006287	-7.201486
374.041000	-7.190919	-7.187811	-7.225986	-7.184221	-7.215187	-7.221634	-7.167283	-7.170882	-7.184374	-7.175724	-7.202510	-7.181059	-7.199728	-7.174654	-15.006140	-7.201473
386.292000	-7.190892	-7.187815	-7.225977	-7.184210	-7.215179	-7.221628	-7.167261	-7.170877	-7.184367	-7.176302	-7.202494	-7.181038	-7.199715	-7.174649	-15.006211	-7.201472
398.485000	-7.190885	-7.187794	-7.225958	-7.184207	-7.215185	-7.221600	-7.167253	-7.170864	-7.184365	-7.176742	-7.202493	-7.181020	-7.199702	-7.174622	-15.006092	-7.201489
410.714000	-7.190859	-7.187786	-7.225946	-7.184190	-7.215171	-7.221591	-7.167226	-7.170868	-7.184334	-7.176960	-7.202470	-7.181010	-7.199679	-7.174639	-15.006266	-7.201465
422.923000	-7.190869	-7.187788	-7.225947	-7.184188	-7.215165	-7.221581	-7.167228	-7.170855	-7.184341	-7.177457	-7.202456	-7.180995	-7.199656	-7.174617	-15.006208	-7.201462
435.137000	-7.190846	-7.187787	-7.225929	-7.184177	-7.215159	-7.221556	-7.167223	-7.170868	-7.184327	-7.177678	-7.202443	-7.180968	-7.199659	-7.174609	-15.005997	-7.201458
447.333000	-7.190835	-7.187774	-7.225916	-7.184166	-7.215149	-7.221545	-7.167224	-7.170856	-7.184338	-7.177764	-7.202448	-7.180957	-7.199635	-7.174616	-15.005941	-7.201474
459.535000	-7.190831	-7.187789	-7.225917	-7.184161	-7.215143	-7.221555	-7.167201	-7.170859	-7.184309	-7.178170	-7.202427	-7.180943	-7.199644	-7.174598	-15.006029	-7.201464
471.729000	-7.190806	-7.187783	-7.225903	-7.184162	-7.215134	-7.221546	-7.167190	-7.170869	-7.184288	-7.178018	-7.202404	-7.180950	-7.199629	-7.174601	-15.005935	-7.201452
483.925000	-7.190801	-7.187766	-7.225874	-7.184159	-7.215129	-7.221532	-7.167210	-7.170860	-7.184303	-7.178122	-7.202410	-7.180928	-7.199638	-7.174587	-15.005834	-7.201445
496.137000	-7.190802	-7.187767	-7.225889	-7.184145	-7.215146	-7.221527	-7.167195	-7.170852	-7.184263	-7.178408	-7.202415	-7.180926	-7.199612	-7.174603	-15.005768	-7.201425
508.326000	-7.190800	-7.187772	-7.225874	-7.184151	-7.215137	-7.221532	-7.167207	-7.170859	-7.184278	-7.178367	-7.202416	-7.180891	-7.199598	-7.174610	-15.006016	-7.201428
520.513000	-7.190781	-7.187775	-7.225863	-7.184151	-7.215128	-7.221514	-7.167197	-7.170845	-7.184285	-7.178462	-7.202395	-7.180912	-7.199586	-7.174599	-15.005778	-7.201441
532.708000	-7.190762	-7.187795	-7.225873	-7.184156	-7.215122	-7.221504	-7.167188	-7.170843	-7.184295	-7.178867	-7.202393	-7.180893	-7.199604	-7.174595	-15.005906	-7.201449
544.910000	-7.190764	-7.187777	-7.225868	-7.184151	-7.215116	-7.221503	-7.167183	-7.170837	-7.184300	-7.178885	-7.202385	-7.180900	-7.199605	-7.174593	-15.005965	-7.201435
557.095000	-7.190759	-7.187753	-7.225859	-7.184139	-7.215128	-7.221502	-7.167172	-7.170840	-7.184288	-7.178903	-7.202380	-7.180888	-7.199598	-7.174578	-15.006064	-7.201445
569.281000	-7.190772	-7.187762	-7.225866	-7.184120	-7.215120	-7.221496	-7.167179	-7.170843	-7.184270	-7.179157	-7.202396	-7.180874	-7.199592	-7.174600	-15.006179	-7.201429
581.479000	-7.190740	-7.187746	-7.225852	-7.184132	-7.215132	-7.221490	-7.167171	-7.170835	-7.184271	-7.179031	-7.202372	-7.180880	-7.199597	-7.174571	-15.006083	-7.201415
593.651000	-7.190748	-7.187751	-7.225838	-7.184117	-7.215118	-7.221488	-7.167166	-7.170827	-7.184263	-7.179111	-7.202386	-7.180873	-7.199574	-7.174583	-15.005945	-7.201427
605.829000	-7.190740	-7.187739	-7.225846	-7.184123	-7.215122	-7.221483	-7.167178	-7.170830	-7.184257	-7.179240	-7.202383	-7.180862	-7.199569	-7.174577	-15.005931	-7.201433
618.026000	-7.190743	-7.187737	-7.225844	-7.184117	-7.215110	-7.221488	-7.167158	-7.170846	-7.184268	-7.179374	-7.202354	-7.180863	-7.199571	-7.174577	-15.005964	-7.201419
630.231000	-7.190762	-7.187740	-7.225825	-7.184123	-7.215112	-7.221489	-7.167149	-7.170832	-7.184260	-7.179489	-7.202362	-7.180854	-7.199565	-7.174577	-15.005818	-7.201432
642.412000	-7.190749	-7.187733	-7.225836	-7.184144	-7.215112	-7.221485	-7.167144	-7.170844	-7.184268	-7.179578	-7.202358	-7.180846	-7.199571	-7.174577	-15.005994	-7.201432
654.616000	-7.190736	-7.187728	-7.225820	-7.184108	-7.215102	-7.221478	-7.167147	-7.170840	-7.184268	-7.179672	-7.202357	-7.180850	-7.199548	-7.174570	-15.006127	-7.201412
666.815000	-7.190729	-7.187738	-7.225829	-7.184108	-7.215115	-7.221467	-7.167133	-7.170848	-7.184256	-7.179895	-7.202358	-7.180842	-7.199555	-7.174574	-15.006030	-7.201415
679.007000	-7.190724	-7.187733	-7.225825	-7.184123	-7.215120	-7.221482	-7.167131	-7.170831	-7.184277	-7.179748	-7.202353	-7.180853	-7.199551	-7.174565	-15.006052	-7.201433
691.242000	-7.190728	-7.187740	-7.225798	-7.184131	-7.215119	-7.221473	-7.167140	-7.170821	-7.184259	-7.179757	-7.202354	-7.180843	-7.199540	-7.174568	-15.005900	-7.201420
703.428000	-7.190727	-7.187736	-7.225819	-7.184105	-7.215105	-7.221454	-7.167144	-7.170829	-7.184253	-7.179890	-7.202342	-7.180828	-7.199557	-7.174579	-15.006005	-7.201413
715.649000	-7.190706	-7.187728	-7.225801	-7.184098	-7.215115	-7.221472	-7.167138	-7.170831	-7.184255	-7.179874	-7.202336	-7.180828	-7.199544	-7.174559	-15.005988	-7.201424
727.850000	-7.190711	-7.187728	-7.225814	-7.184118	-7.215121	-7.221448	-7.167136	-7.170831	-7.184262	-7.179935	-7.202328	-7.180840	-7.199556	-7.174566	-15.006044	-7.201411
740.044000	-7.190698	-7.187730	-7.225799	-7.184109	-7.215097	-7.221443	-7.167130	-7.170837	-7.184258	-7.179876	-7.202340	-7.180842	-7.199546	-7.174567	-15.006083	-7.201418
752.232000	-7.190693	-7.187734	-7.225790	-7.184111	-7.215117	-7.221458	-7.167117	-7.170824	-7.184258	-7.179832	-7.202309	-7.180850	-7.199543	-7.174564	-15.006186	-7.201417
764.420000	-7.190689	-7.187716	-7.225816	-7.184098	-7.215110	-7.221454	-7.167135	-7.170833	-7.184259	-7.179827	-7.202322	-7.180853	-7.199537	-7.174562	-15.006057	-7.201416
776.621000	-7.190702	-7.187720	-7.225783	-7.184110	-7.215114	-7.221448	-7.167127	-7.170833	-7.184258	-7.179963	-7.202326	-7.180837	-7.199551	-7.174576	-15.006080	-7.201416
788.831000	-7.190703	-7.187723	-7.225787	-7.184102	-7.215102	-7.221452	-7.167130	-7.170824	-7.184252	-7.179936	-7.202311	-7.180833	-7.199524	-7.174569	-15.006081	-7.201408
801.040000	-7.190699	-7.187719	-7.225776	-7.184117	-7.215104	-7.221452	-7.167135	-7.170834	-7.184241	-7.180234	-7.202309	-7.180831	-7.199536	-7.174554	-15.006065	-7.201424
813.250000	-7.190683	-7.187720	-7.225801	-7.184115	-7.215109	-7.221440	-7.167140	-7.170832	-7.184243	-7.180006	-7.202306	-7.180836	-7.199523	-7.174571	-15.005963	-7.201402
825.461000	-7.190682	-7.187721	-7.225791	-7.184102	-7.215096	-7.221445	-7.167129	-7.170811	-7.184241	-7.180026	-7.202310	-7.180820	-7.199515	-7.174562	-15.005825	-7.201414
837.656000	-7.190698	-7.187737	-7.225778	-7.184096	-7.215083	-7.221435	-7.167121	-7.170808	-7.184243	-7.179936	-7.202312	-7.180816	-7.199514	-7.174571	-15.005936	-7.201404
849.858000	-7.190693	-7.187728	-7.225790	-7.184101	-7.215097	-7.221429	-7.167117	-7.170821	-7.184230	-7.180016	-7.202327	-7.180828	-7.199512	-7.174563	-15.006004	-7.201394
862.095000	-7.190689	-7.187718	-7.225802	-7.184117	-7.215105	-7.221433	-7.167121	-7.170817	-7.184226	-7.180006	-7.202316	-7.180826	-7.199531	-7.174559	-15.006125	-7.201407
874.310000	-7.190683	-7.187722	-7.225773	-7.184102	-7.215097	-7.221441	-7.167128	-7.170822	-7.184246	-7.180158	-7.202320	-7.180827	-7.199519	-7.174558	-15.005826	-7.201394
886.514000	-7.190681	-7.187737	-7.225771	-7.184104	-7.215089	-7.221441	-7.167124	-7.170809	-7.184240	-7.180165	-7.202309	-7.180823	-7.199522	-7.174565	-15.005835	-7.201417
898.707000	-7.190686	-7.187725	-7.225784	-7.184094	-7.215093	-7.221435	-7.167124	-7.170807	-7.184230	-7.179929	-7.202308	-7.180813	-7.199524	-7.174572	-15.005856	-7.201391
910.880000	-7.190690	-7.187711	-7.225777	-7.184100	-7.215090	-7.221432	-7.167115	-7.170814	-7.184233	-7.179927	-7.202296	-7.180818	-7.199514	-7.174583	-15.005872	-7.201417
923.081000	-7.190691	-7.187734	-7.225780	-7.184107	-7.215095	-7.221426	-7.167118	-7.170806	-7.184242	-7.180077	-7.202293	-7.180813	-7.199523	-7.174557	-15.005826	-7.201418
935.284000	-7.190687	-7.187710	-7.225760	-7.184087	-7.215086	-7.221424	-7.167117	-7.170818	-7.184224	-7.180010	-7.202308	-7.180823	-7.199527	-7.174567	-15.005765	-7.201423
947.488000	-7.190673	-7.187718	-7.225760	-7.184100	-7.215095	-7.221416	-7.167114	-7.170812	-7.184222	-7.180064	-7.202305	-7.180801	-7.199522	-7.174564	-15.006082	-7.201431
959.675000	-7.190668	-7.187716	-7.225767	-7.184093	-7.215091	-7.221426	-7.167116	-7.170794	-7.184241	-7.180302	-7.202315	-7.180816	-7.199518	-7.174567	-15.006035	-7.201439
971.860000	-7.190683	-7.187720	-7.225760	-7.184105	-7.215080	-7.221418	-7.167117	-7.170809	-7.184223	-7.180124	-7.202310	-7.180814	-7.199511	-7.174575	-15.005992	-7.201409
984.068000	-7.190692	-7.187711	-7.225747	-7.184093	-7.215086	-7.221428	-7.167107	-7.170809	-7.184222	-7.180372	-7.202311	-7.180808	-7.199511	-7.174578	-15.006028	-7.201410
996.263000	-7.190673	-7.187723	-7.225754	-7.184097	-7.215094	-7.221423	-7.167116	-7.170814	-7.184235	-7.180550	-7.202305	-7.180795	-7.199507	-7.174557	-15.005958	-7.201400
1008.450000	-7.190680	-7.187718	-7.225765	-7.184093	-7.215103	-7.221430	-7.167118	-7.170812	-7.184228	-7.180155	-7.202294	-7.180812	-7.199507	-7.174560	-15.006075	-7.201403
1020.646000	-7.190685	-7.187705	-7.225749	-7.184095	-7.215090	-7.221411	-7.167122	-7.170807	-7.184237	-7.180221	-7.202306	-7.180820	-7.199511	-7.174563	-15.006019	-7.201403
1032.834000	-7.190678	-7.187718	-7.225746	-7.184104	-7.215098	-7.221410	-7.167105	-7.170804	-7.184218	-7.180325	-7.202299	-7.180816	-7.199498	-7.174560	-15.006041	-7.201417
1045.032000	-7.190678	-7.187708	-7.225753	-7.184103	-7.215087	-7.221403	-7.167115	-7.170798	-7.184220	-7.180169	-7.202296	-7.180818	-7.199505	-7.174560	-15.005810	-7.201418
1057.211000	-7.190669	-7.187709	-7.225754	-7.184100	-7.215076	-7.221401	-7.167111	-7.170810	-7.184212	-7.180110	-7.202298	-7.180786	-7.199503	-7.174555	-15.005848	-7.201411
1069.418000	-7.190662	-7.187702	-7.225750	-7.184101	-7.215074	-7.221403	-7.167086	-7.170792	-7.184230	-7.180415	-7.202301	-7.180796	-7.199504	-7.174552	-15.005823	-7.201417
1081.629000	-7.190666	-7.187706	-7.225738	-7.184086	-7.215078	-7.221394	-7.167096	-7.170801	-7.184220	-7.180187	-7.202296	-7.180800	-7.199505	-7.174567	-15.005778	-7.201413
1093.839000	-7.190662	-7.187708	-7.225734	-7.184102	-7.215073	-7.221402	-7.167106	-7.170795	-7.184223	-7.180199	-7.202286	-7.180812	-7.199496	-7.174560	-15.005771	-7.201409
1106.030000	-7.190647	-7.187698	-7.225740	-7.184084	-7.215053	-7.221402	-7.167101	-7.170794	-7.184221	-7.180192	-7.202290	-7.180810	-7.199502	-7.174548	-15.005882	-7.201432
1118.230000	-7.190661	-7.187701	-7.225730	-7.184092	-7.215078	-7.221410	-7.167097	-7.170781	-7.184208	-7.180383	-7.202280	-7.180805	-7.199499	-7.174550	-15.005891	-7.201424
1130.406000	-7.190731	-7.187837	-7.226005	-7.184055	-7.215244	-7.221802	-7.167120	-7.170564	-7.184413	-7.179510	-7.202510	-7.180971	-7.199416	-7.174573	-15.005754	-7.201252
1142.599000	-7.191131	-7.187978	-7.226628	-7.184035	-7.215471	-7.222300	-7.167328	-7.170575	-7.184918	-7.173086	-7.203114	-7.181862	-7.199695	-7.175061	-15.005617	-7.201619
1154.804000	-7.191663	-7.188140	-7.227332	-7.184229	-7.215739	-7.222887	-7.167775	-7.170833	-7.185413	-7.161327	-7.203703	-7.182763	-7.200098	-7.175564	-15.005761	-7.201975
1167.004000	-7.192243	-7.188323	-7.227913	-7.184475	-7.216006	-7.223398	-7.168218	-7.171131	-7.185782	-7.147477	-7.204177	-7.183486	-7.200470	-7.175976	-15.005750	-7.202279
1179.201000	-7.192753	-7.188474	-7.228401	-7.184696	-7.216221	-7.223806	-7.168611	-7.171386	-7.186073	-7.132568	-7.204541	-7.183984	-7.200783	-7.176321	-15.005481	-7.202492
1191.404000	-7.193174	-7.188596	-7.228772	-7.184895	-7.216392	-7.224108	-7.168954	-7.171601	-7.186270	-7.116783	-7.204817	-7.184367	-7.201036	-7.176629	-15.005775	-7.202671
1203.587000	-7.193540	-7.188730	-7.229033	-7.185090	-7.216550	-7.224356	-7.169264	-7.171782	-7.186420	-7.103357	-7.205024	-7.184658	-7.201284	-7.176850	-15.005818	-7.202816
1215.779000	-7.193873	-7.188824	-7.229240	-7.185247	-7.216692	-7.224551	-7.169506	-7.171915	-7.186532	-7.090326	-7.205180	-7.184903	-7.201475	-7.177020	-15.005700	-7.202936
1228.000000	-7.194147	-7.188901	-7.229386	-7.185394	-7.216787	-7.224698	-7.169698	-7.172010	-7.186609	-7.077346	-7.205325	-7.185070	-7.201593	-7.177136	-15.005664	-7.203020
1240.210000	-7.194384	-7.188972	-7.229496	-7.185536	-7.216898	-7.224823	-7.169856	-7.172074	-7.186647	-7.065575	-7.205417	-7.185185	-7.201705	-7.177265	-15.005576	-7.203091
1252.406000	-7.194558	-7.189035	-7.229606	-7.185634	-7.216972	-7.224904	-7.169965	-7.172138	-7.186709	-7.054653	-7.205495	-7.185279	-7.201806	-7.177334	-15.005609	-7.203144
1264.595000	-7.194712	-7.189074	-7.229681	-7.185716	-7.217044	-7.224971	-7.170056	-7.172194	-7.186742	-7.043345	-7.205551	-7.185375	-7.201866	-7.177390	-15.005596	-7.203187
1276.777000	-7.194839	-7.189111	-7.229751	-7.185770	-7.217077	-7.225041	-7.170132	-7.172237	-7.186792	-7.036572	-7.205610	-7.185447	-7.201910	-7.177437	-15.005557	-7.203222
1288.985000	-7.194956	-7.189142	-7.229805	-7.185837	-7.217120	-7.225086	-7.170189	-7.172263	-7.186815	-7.030263	-7.205643	-7.185495	-7.201981	-7.177502	-15.005405	-7.203249
1301.156000	-7.195035	-7.189161	-7.229850	-7.185882	-7.217138	-7.225123	-7.170250	-7.172296	-7.186826	-7.024335	-7.205691	-7.185547	-7.202005	-7.177538	-15.005462	-7.203298
1313.344000	-7.195117	-7.189205	-7.229900	-7.185933	-7.217163	-7.225168	-7.170275	-7.172303	-7.186853	-7.018655	-7.205701	-7.185588	-7.202050	-7.177548	-15.005525	-7.203310
1325.541000	-7.195176	-7.189225	-7.229929	-7.185975	-7.217207	-7.225210	-7.170331	-7.172343	-7.186859	-7.015435	-7.205740	-7.185631	-7.202073	-7.177586	-15.005421	-7.203333
1337.726000	-7.195205	-7.189256	-7.229960	-7.185991	-7.217247	-7.225228	-7.170352	-7.172351	-7.186885	-7.011019	-7.205762	-7.185656	-7.202097	-7.177601	-15.005507	-7.203343
1349.912000	-7.195265	-7.189261	-7.229980	-7.186016	-7.217248	-7.225248	-7.170379	-7.172376	-7.186894	-7.008035	-7.205764	-7.185684	-7.202145	-7.177621	-15.005449	-7.203361
1362.099000	-7.195292	-7.189286	-7.230018	-7.186040	-7.217257	-7.225275	-7.170387	-7.172374	-7.186906	-7.005463	-7.205790	-7.185711	-7.202165	-7.177640	-15.005602	-7.203364
1374.274000	-7.195340	-7.189308	-7.230037	-7.186046	-7.217286	-7.225279	-7.170411	-7.172382	-7.186925	-7.003096	-7.205818	-7.185750	-7.202191	-7.177651	-15.005518	-7.203385
1386.478000	-7.195360	-7.189314	-7.230077	-7.186057	-7.217295	-7.225314	-7.170432	-7.172388	-7.186932	-7.001989	-7.205813	-7.185764	-7.202200	-7.177658	-15.005703	-7.203408
1398.687000	-7.195406	-7.189330	-7.230101	-7.186078	-7.217311	-7.225322	-7.170435	-7.172410	-7.186933	-6.999038	-7.205846	-7.185768	-7.202220	-7.177686	-15.005724	-7.203425
1410.904000	-7.195425	-7.189342	-7.230123	-7.186096	-7.217316	-7.225335	-7.170440	-7.172410	-7.186942	-6.999531	-7.205843	-7.185796	-7.202250	-7.177681	-15.005679	-7.203440
1423.075000	-7.195430	-7.189347	-7.230140	-7.186116	-7.217343	-7.225352	-7.170441	-7.172419	-7.186936	-6.996364	-7.205844	-7.185833	-7.202264	-7.177702	-15.005536	-7.203445
1435.276000	-7.195459	-7.189350	-7.230142	-7.186123	-7.217363	-7.225342	-7.170452	-7.172434	-7.186957	-6.994294	-7.205863	-7.185843	-7.202278	-7.177712	-15.005698	-7.203437
1447.497000	-7.195460	-7.189360	-7.230169	-7.186141	-7.217378	-7.225369	-7.170470	-7.172437	-7.186954	-6.996159	-7.205877	-7.185840	-7.202302	-7.177720	-15.005734	-7.203428
1459.699000	-7.195489	-7.189365	-7.230178	-7.186130	-7.217399	-7.225376	-7.170459	-7.172432	-7.186954	-6.994341	-7.205889	-7.185859	-7.202295	-7.177719	-15.005623	-7.203470
1471.908000	-7.195508	-7.189367	-7.230187	-7.186137	-7.217403	-7.225390	-7.170457	-7.172436	-7.186958	-6.995064	-7.205885	-7.185864	-7.202316	-7.177712	-15.005740	-7.203472
1484.100000	-7.195521	-7.189381	-7.230205	-7.186148	-7.217412	-7.225403	-7.170467	-7.172441	-7.186974	-6.992556	-7.205892	-7.185871	-7.202316	-7.177737	-15.005437	-7.203476
1496.305000	-7.195513	-7.189396	-7.230219	-7.186169	-7.217441	-7.225398	-7.170467	-7.172446	-7.186957	-6.993899	-7.205913	-7.185881	-7.202312	-7.177735	-15.005496	-7.203476
1508.521000	-7.195539	-7.189394	-7.230223	-7.186173	-7.217452	-7.225403	-7.170467	-7.172452	-7.186978	-6.992896	-7.205916	-7.185915	-7.202332	-7.177751	-15.005757	-7.203474
1520.721000	-7.195551	-7.189404	-7.230251	-7.186173	-7.217451	-7.225415	-7.170490	-7.172457	-7.186982	-6.991419	-7.205926	-7.185921	-7.202338	-7.177748	-15.005688	-7.203482
1532.911000	-7.195551	-7.189417	-7.230269	-7.186172	-7.217491	-7.225413	-7.170501	-7.172456	-7.186979	-6.991554	-7.205919	-7.185926	-7.202344	-7.177750	-15.005566	-7.203497
1545.105000	-7.195560	-7.189420	-7.230287	-7.186180	-7.217487	-7.225432	-7.170496	-7.172464	-7.186993	-6.991960	-7.205926	-7.185940	-7.202349	-7.177770	-15.005647	-7.203497
1557.286000	-7.195579	-7.189436	-7.230303	-7.186174	-7.217498	-7.225430	-7.170506	-7.172462	-7.187001	-6.990886	-7.205938	-7.185954	-7.202372	-7.177777	-15.005842	-7.203499
1569.455000	-7.195589	-7.189439	-7.230318	-7.186178	-7.217507	-7.225420	-7.170500	-7.172469	-7.186988	-6.993242	-7.205929	-7.185947	-7.202379	-7.177779	-15.006029	-7.203491
1581.649000	-7.195603	-7.189428	-7.230317	-7.186179	-7.217517	-7.225437	-7.170502	-7.172472	-7.186987	-6.991997	-7.205940	-7.185958	-7.202378	-7.177792	-15.005990	-7.203498
1593.843000	-7.195612	-7.189448	-7.230339	-7.186182	-7.217512	-7.225442	-7.170505	-7.172465	-7.187006	-6.992398	-7.205941	-7.185967	-7.202380	-7.177769	-15.005895	-7.203510
1606.028000	-7.195611	-7.189445	-7.230342	-7.186201	-7.217526	-7.225442	-7.170496	-7.172475	-7.187011	-6.992223	-7.205950	-7.185979	-7.202381	-7.177793	-15.005791	-7.203507
1618.214000	-7.195613	-7.189448	-7.230359	-7.186213	-7.217542	-7.225450	-7.170507	-7.172481	-7.187012	-6.994010	-7.205971	-7.185979	-7.202399	-7.177793	-15.005787	-7.203519
1630.393000	-7.195627	-7.189450	-7.230381	-7.186192	-7.217547	-7.225470	-7.170494	-7.172489	-7.187017	-6.992649	-7.205961	-7.186001	-7.202394	-7.177778	-15.005712	-7.203527
1642.603000	-7.195629	-7.189468	-7.230410	-7.186212	-7.217557	-7.225471	-7.170520	-7.172478	-7.187001	-6.993379	-7.205962	-7.185988	-7.202391	-7.177781	-15.005795	-7.203512
1654.777000	-7.195629	-7.189475	-7.230417	-7.186219	-7.217569	-7.225460	-7.170533	-7.172483	-7.187016	-6.989480	-7.205969	-7.185986	-7.202415	-7.177813	-15.005687	-7.203529
1666.968000	-7.195638	-7.189466	-7.230425	-7.186218	-7.217566	-7.225466	-7.170504	-7.172488	-7.187018	-6.991084	-7.205970	-7.186003	-7.202414	-7.177807	-15.005663	-7.203525
1679.145000	-7.195664	-7.189477	-7.230434	-7.186222	-7.217575	-7.225481	-7.170512	-7.172479	-7.187017	-6.989659	-7.205985	-7.186002	-7.202411	-7.177810	-15.005711	-7.203534
1691.334000	-7.195653	-7.189482	-7.230454	-7.186224	-7.217565	-7.225488	-7.170531	-7.172481	-7.187000	-6.987072	-7.205976	-7.186001	-7.202435	-7.177817	-15.005873	-7.203542
1703.512000	-7.195650	-7.189487	-7.230460	-7.186216	-7.217568	-7.225486	-7.170541	-7.172494	-7.187014	-6.989602	-7.205977	-7.186015	-7.202434	-7.177826	-15.005839	-7.203546
1715.691000	-7.195665	-7.189505	-7.230465	-7.186238	-7.217581	-7.225475	-7.170529	-7.172482	-7.187014	-6.988457	-7.205980	-7.186016	-7.202443	-7.177818	-15.005714	-7.203545
1727.884000	-7.195668	-7.189513	-7.230471	-7.186238	-7.217588	-7.225485	-7.170530	-7.172488	-7.187006	-6.989722	-7.205990	-7.186024	-7.202442	-7.177826	-15.005863	-7.203532
1740.086000	-7.195682	-7.189512	-7.230495	-7.186238	-7.217597	-7.225470	-7.170506	-7.172511	-7.187037	-6.989661	-7.205998	-7.186018	-7.202439	-7.177811	-15.005589	-7.203548
1752.254000	-7.195669	-7.189529	-7.230521	-7.186241	-7.217615	-7.225479	-7.170526	-7.172504	-7.187028	-6.989087	-7.206002	-7.186040	-7.202442	-7.177812	-15.005685	-7.203559
1764.458000	-7.195676	-7.189533	-7.230504	-7.186239	-7.217621	-7.225487	-7.170532	-7.172503	-7.187028	-6.990217	-7.205987	-7.186035	-7.202453	-7.177805	-15.005717	-7.203556
1776.696000	-7.195676	-7.189530	-7.230513	-7.186248	-7.217614	-7.225475	-7.170538	-7.172500	-7.187030	-6.991643	-7.205993	-7.186047	-7.202455	-7.177816	-15.005487	-7.203549
1788.881000	-7.195685	-7.189547	-7.230535	-7.186227	-7.217611	-7.225499	-7.170521	-7.172499	-7.187020	-6.990922	-7.206006	-7.186049	-7.202462	-7.177815	-15.005699	-7.203551
1801.078000	-7.195691	-7.189546	-7.230544	-7.186249	-7.217618	-7.225486	-7.170547	-7.172513	-7.187024	-6.989379	-7.206025	-7.186053	-7.202464	-7.177813	-15.005399	-7.203555
1813.265000	-7.195696	-7.189541	-7.230548	-7.186250	-7.217624	-7.225487	-7.170559	-7.172511	-7.187022	-6.989967	-7.206012	-7.186054	-7.202461	-7.177817	-15.005594	-7.203561
1825.443000	-7.195717	-7.189562	-7.230556	-7.186259	-7.217628	-7.225497	-7.170544	-7.172512	-7.187011	-6.989336	-7.206003	-7.186058	-7.202468	-7.177822	-15.005419	-7.203573
1837.676000	-7.195726	-7.189555	-7.230565	-7.186242	-7.217642	-7.225502	-7.170547	-7.172519	-7.187026	-6.988494	-7.206017	-7.186045	-7.202478	-7.177839	-15.005645	-7.203563
1849.877000	-7.195723	-7.189576	-7.230581	-7.186265	-7.217636	-7.225498	-7.170530	-7.172519	-7.187029	-6.988309	-7.206018	-7.186063	-7.202472	-7.177832	-15.005514	-7.203574
1862.075000	-7.195718	-7.189578	-7.230582	-7.186250	-7.217627	-7.225503	-7.170549	-7.172525	-7.187046	-6.988038	-7.206017	-7.186038	-7.202459	-7.177833	-15.005744	-7.203577
1874.255000	-7.195739	-7.189586	-7.230578	-7.186261	-7.217634	-7.225496	-7.170531	-7.172513	-7.187025	-6.993218	-7.206020	-7.186031	-7.202459	-7.177825	-15.005462	-7.203575
1886.446000	-7.195752	-7.189588	-7.230596	-7.186265	-7.217645	-7.225511	-7.170545	-7.172514	-7.187028	-6.992054	-7.206019	-7.186058	-7.202461	-7.177834	-15.005641	-7.203570
1898.623000	-7.195745	-7.189586	-7.230611	-7.186256	-7.217642	-7.225515	-7.170545	-7.172521	-7.187048	-6.994035	-7.206024	-7.186061	-7.202485	-7.177841	-15.005718	-7.203570
1910.817000	-7.195752	-7.189590	-7.230615	-7.186266	-7.217650	-7.225512	-7.170547	-7.172531	-7.187025	-6.993583	-7.206025	-7.186068	-7.202479	-7.177845	-15.005668	-7.203581
1923.025000	-7.195755	-7.189606	-7.230610	-7.186265	-7.217668	-7.225511	-7.170557	-7.172517	-7.187030	-6.991368	-7.206042	-7.186059	-7.202475	-7.177845	-15.005767	-7.203571
1935.216000	-7.195742	-7.189611	-7.230636	-7.186280	-7.217667	-7.225529	-7.170565	-7.172520	-7.187039	-6.991538	-7.206023	-7.186076	-7.202493	-7.177847	-15.005698	-7.203592
1947.426000	-7.195746	-7.189603	-7.230632	-7.186270	-7.217671	-7.225527	-7.170544	-7.172527	-7.187045	-6.992059	-7.206035	-7.186072	-7.202483	-7.177844	-15.005717	-7.203596
1959.608000	-7.195759	-7.189614	-7.230641	-7.186267	-7.217677	-7.225524	-7.170550	-7.172538	-7.187036	-6.991799	-7.206039	-7.186062	-7.202485	-7.177858	-15.005811	-7.203586
1971.804000	-7.195759	-7.189604	-7.230638	-7.186276	-7.217681	-7.225532	-7.170552	-7.172532	-7.187053	-6.992390	-7.206030	-7.186070	-7.202492	-7.177860	-15.005498	-7.203573
1983.978000	-7.195756	-7.189625	-7.230661	-7.186264	-7.217667	-7.225530	-7.170559	-7.172527	-7.187055	-6.992440	-7.206057	-7.186078	-7.202498	-7.177856	-15.005626	-7.203598
1996.182000	-7.195749	-7.189635	-7.230665	-7.186259	-7.217662	-7.225526	-7.170570	-7.172519	-7.187056	-6.992485	-7.206029	-7.186090	-7.202491	-7.177862	-15.005771	-7.203590
2008.365000	-7.195767	-7.189638	-7.230662	-7.186269	-7.217669	-7.225535	-7.170556	-7.172531	-7.187045	-6.991638	-7.206050	-7.186080	-7.202489	-7.177868	-15.005737	-7.203586
2020.562000	-7.195761	-7.189632	-7.230666	-7.186288	-7.217689	-7.225521	-7.170566	-7.172539	-7.187037	-6.989597	-7.206060	-7.186096	-7.202489	-7.177847	-15.005662	-7.203599
2032.840000	-7.195761	-7.189645	-7.230677	-7.186290	-7.217686	-7.225541	-7.170559	-7.172541	-7.187042	-6.991476	-7.206060	-7.186122	-7.202494	-7.177847	-15.005833	-7.203604
2045.049000	-7.195765	-7.189635	-7.230622	-7.186283	-7.217656	-7.225431	-7.170543	-7.172564	-7.186984	-6.992111	-7.205993	-7.186062	-7.202483	-7.177843	-15.005849	-7.203635
2057.275000	-7.195652	-7.189518	-7.230290	-7.186263	-7.217554	-7.225241	-7.170538	-7.172556	-7.186818	-6.993771	-7.205801	-7.185757	-7.202412	-7.177717	-15.005591	-7.203515
2069.466000	-7.195428	-7.189337	-7.229817	-7.186191	-7.217333	-7.224991	-7.170499	-7.172474	-7.186620	-6.995735	-7.205604	-7.185388	-7.202259	-7.177531	-15.005632	-7.203370
2081.671000	-7.195165	-7.189212	-7.229498	-7.186065	-7.217120	-7.224759	-7.170389	-7.172357	-7.186457	-7.005682	-7.205385	-7.185081	-7.202116	-7.177357	-15.005669	-7.203236
2093.865000	-7.194924	-7.189125	-7.229254	-7.185978	-7.216988	-7.224577	-7.170190	-7.172253	-7.186320	-7.019745	-7.205229	-7.184840	-7.201983	-7.177181	-15.005724	-7.203142
2106.065000	-7.194746	-7.189050	-7.229085	-7.185882	-7.216896	-7.224434	-7.169999	-7.172163	-7.186222	-7.032304	-7.205074	-7.184656	-7.201866	-7.177073	-15.005811	-7.203054
2118.238000	-7.194580	-7.188985	-7.228943	-7.185802	-7.216809	-7.224331	-7.169863	-7.172072	-7.186173	-7.041064	-7.204995	-7.184530	-7.201783	-7.176979	-15.005702	-7.202980
2130.417000	-7.194452	-7.188952	-7.228859	-7.185726	-7.216746	-7.224240	-7.169742	-7.172027	-7.186127	-7.049388	-7.204910	-7.184439	-7.201692	-7.176890	-15.005789	-7.202948
2142.605000	-7.194329	-7.188913	-7.228792	-7.185673	-7.216699	-7.224169	-7.169649	-7.171978	-7.186073	-7.057819	-7.204837	-7.184368	-7.201633	-7.176825	-15.005780	-7.202903
2154.847000	-7.194226	-7.188886	-7.228741	-7.185607	-7.216662	-7.224117	-7.169577	-7.171940	-7.186052	-7.064583	-7.204798	-7.184308	-7.201587	-7.176785	-15.005847	-7.202889
2167.040000	-7.194146	-7.188874	-7.228707	-7.185581	-7.216627	-7.224078	-7.169505	-7.171910	-7.186037	-7.069468	-7.204779	-7.184274	-7.201558	-7.176764	-15.005943	-7.202858
2179.242000	-7.194091	-7.188868	-7.228664	-7.185545	-7.216609	-7.224038	-7.169472	-7.171891	-7.186025	-7.072462	-7.204746	-7.184224	-7.201522	-7.176733	-15.005604	-7.202863
2191.466000	-7.194034	-7.188840	-7.228642	-7.185512	-7.216581	-7.224008	-7.169423	-7.171891	-7.186009	-7.076150	-7.204725	-7.184198	-7.201492	-7.176703	-15.005917	-7.202828
2203.666000	-7.193980	-7.188834	-7.228608	-7.185473	-7.216572	-7.223997	-7.169391	-7.171875	-7.186000	-7.078034	-7.204707	-7.184173	-7.201460	-7.176693	-15.005791	-7.202808
2215.889000	-7.193960	-7.188804	-7.228601	-7.185449	-7.216566	-7.223988	-7.169398	-7.171849	-7.185997	-7.080725	-7.204690	-7.184171	-7.201435	-7.176663	-15.005806	-7.202811
2228.087000	-7.193923	-7.188802	-7.228596	-7.185447	-7.216556	-7.223964	-7.169355	-7.171835	-7.185980	-7.082385	-7.204697	-7.184165	-7.201433	-7.176652	-15.006032	-7.202805
2240.304000	-7.193894	-7.188791	-7.228586	-7.185422	-7.216539	-7.223959	-7.169351	-7.171846	-7.185988	-7.083197	-7.204677	-7.184133	-7.201435	-7.176649	-15.005895	-7.202772
2252.496000	-7.193904	-7.188792	-7.228564	-7.185420	-7.216528	-7.223975	-7.169329	-7.171832	-7.186001	-7.085024	-7.204664	-7.184129	-7.201401	-7.176647	-15.005849	-7.202777
2264.701000	-7.193877	-7.188776	-7.228561	-7.185427	-7.216518	-7.223945	-7.169325	-7.171833	-7.185979	-7.085990	-7.204659	-7.184111	-7.201408	-7.176625	-15.005883	-7.202788
2276.897000	-7.193871	-7.188781	-7.228567	-7.185391	-7.216518	-7.223953	-7.169304	-7.171826	-7.185978	-7.086221	-7.204663	-7.184099	-7.201400	-7.176625	-15.005806	-7.202764
2289.088000	-7.193864	-7.188784	-7.228552	-7.185389	-7.216505	-7.223947	-7.169314	-7.171831	-7.185977	-7.087892	-7.204677	-7.184082	-7.201400	-7.176623	-15.005749	-7.202755
2301.278000	-7.193834	-7.188787	-7.228537	-7.185391	-7.216528	-7.223952	-7.169283	-7.171817	-7.185968	-7.088984	-7.204659	-7.184063	-7.201382	-7.176629	-15.005806	-7.202747
2313.476000	-7.193825	-7.188775	-7.228527	-7.185388	-7.216506	-7.223921	-7.169297	-7.171822	-7.185958	-7.089294	-7.204658	-7.184069	-7.201380	-7.176623	-15.005969	-7.202758
2325.677000	-7.193815	-7.188782	-7.228532	-7.185390	-7.216521	-7.223928	-7.169292	-7.171824	-7.185967	-7.090340	-7.204648	-7.184050	-7.201377	-7.176613	-15.005842	-7.202755
2337.895000	-7.193812	-7.188766	-7.228530	-7.185383	-7.216511	-7.223927	-7.169278	-7.171817	-7.185970	-7.090729	-7.204634	-7.184065	-7.201363	-7.176608	-15.005799	-7.202750
2350.096000	-7.193812	-7.188759	-7.228534	-7.185386	-7.216508	-7.223934	-7.169277	-7.171823	-7.185947	-7.090598	-7.204646	-7.184058	-7.201357	-7.176605	-15.006060	-7.202750
2362.275000	-7.193797	-7.188762	-7.228528	-7.185393	-7.216507	-7.223914	-7.169278	-7.171818	-7.185952	-7.090454	-7.204625	-7.184054	-7.201340	-7.176598	-15.005948	-7.202736
2374.449000	-7.193789	-7.188756	-7.228518	-7.185384	-7.216509	-7.223927	-7.169272	-7.171826	-7.185953	-7.090181	-7.204623	-7.184049	-7.201349	-7.176588	-15.005743	-7.202753
2386.661000	-7.193795	-7.188772	-7.228520	-7.185365	-7.216499	-7.223924	-7.169265	-7.171821	-7.185947	-7.092195	-7.204626	-7.184034	-7.201332	-7.176604	-15.005730	-7.202748
2398.857000	-7.193793	-7.188758	-7.228510	-7.185366	-7.216495	-7.223922	-7.169258	-7.171809	-7.185949	-7.091420	-7.204627	-7.184052	-7.201328	-7.176566	-15.005751	-7.202735
2411.060000	-7.193786	-7.188769	-7.228503	-7.185370	-7.216498	-7.223907	-7.169264	-7.171812	-7.185957	-7.092251	-7.204614	-7.184038	-7.201345	-7.176580	-15.005636	-7.202725
2423.245000	-7.193792	-7.188775	-7.228498	-7.185374	-7.216508	-7.223907	-7.169259	-7.171816	-7.185956	-7.091323	-7.204605	-7.184015	-7.201325	-7.176582	-15.005728	-7.202736
2435.449000	-7.193798	-7.188764	-7.228515	-7.185371	-7.216501	-7.223918	-7.169248	-7.171813	-7.185946	-7.091825	-7.204608	-7.184017	-7.201335	-7.176597	-15.005804	-7.202743
2447.653000	-7.193786	-7.188766	-7.228504	-7.185375	-7.216497	-7.223917	-7.169255	-7.171802	-7.185946	-7.091922	-7.204621	-7.184019	-7.201309	-7.176600	-15.005758	-7.202728
2459.838000	-7.193781	-7.188760	-7.228494	-7.185378	-7.216487	-7.223906	-7.169252	-7.171817	-7.185942	-7.091659	-7.204615	-7.184015	-7.201340	-7.176591	-15.005648	-7.202732
2472.051000	-7.193771	-7.188771	-7.228505	-7.185366	-7.216478	-7.223908	-7.169236	-7.171802	-7.185943	-7.092026	-7.204621	-7.184019	-7.201333	-7.176576	-15.005914	-7.202730
2484.238000	-7.193768	-7.188772	-7.228512	-7.185378	-7.216503	-7.223919	-7.169243	-7.171810	-7.185940	-7.092476	-7.204603	-7.184024	-7.201324	-7.176581	-15.005693	-7.202725
2496.449000	-7.193757	-7.188761	-7.228507	-7.185362	-7.216492	-7.223918	-7.169256	-7.171812	-7.185940	-7.092359	-7.204617	-7.184003	-7.201336	-7.176583	-15.005642	-7.202740
2508.656000	-7.193769	-7.188769	-7.228496	-7.185381	-7.216487	-7.223901	-7.169238	-7.171804	-7.185945	-7.092574	-7.204601	-7.183998	-7.201325	-7.176576	-15.005611	-7.202718
2520.860000	-7.193778	-7.188779	-7.228505	-7.185376	-7.216488	-7.223905	-7.169243	-7.171802	-7.185925	-7.092457	-7.204612	-7.184004	-7.201312	-7.176573	-15.005570	-7.202729
2533.062000	-7.193756	-7.188761	-7.228501	-7.185377	-7.216485	-7.223910	-7.169230	-7.171801	-7.185926	-7.092252	-7.204613	-7.183995	-7.201326	-7.176568	-15.005681	-7.202720
2545.281000	-7.193738	-7.188744	-7.228510	-7.185367	-7.216499	-7.223905	-7.169226	-7.171821	-7.185926	-7.092715	-7.204602	-7.183996	-7.201326	-7.176554	-15.005520	-7.202726
2557.515000	-7.193744	-7.188767	-7.228505	-7.185366	-7.216494	-7.223902	-7.169228	-7.171809	-7.185938	-7.092419	-7.204607	-7.183993	-7.201313	-7.176578	-15.005690	-7.202710
2569.708000	-7.193752	-7.188772	-7.228509	-7.185376	-7.216489	-7.223894	-7.169246	-7.171809	-7.185951	-7.093237	-7.204612	-7.183994	-7.201311	-7.176571	-15.005523	-7.202710
2581.908000	-7.193760	-7.188761	-7.228490	-7.185374	-7.216487	-7.223870	-7.169245	-7.171807	-7.185943	-7.092345	-7.204591	-7.183993	-7.201297	-7.176567	-15.005686	-7.202711
2594.103000	-7.193761	-7.188752	-7.228512	-7.185370	-7.216483	-7.223883	-7.169235	-7.171811	-7.185923	-7.091715	-7.204605	-7.184017	-7.201302	-7.176565	-15.005588	-7.202725
2606.282000	-7.193759	-7.188756	-7.228525	-7.185364	-7.216476	-7.223905	-7.169227	-7.171798	-7.185914	-7.093313	-7.204598	-7.184003	-7.201308	-7.176567	-15.005721	-7.202711
2618.470000	-7.193757	-7.188763	-7.228490	-7.185385	-7.216495	-7.223886	-7.169252	-7.171780	-7.185933	-7.093210	-7.204582	-7.183984	-7.201310	-7.176574	-15.005712	-7.202721
2630.661000	-7.193753	-7.188743	-7.228496	-7.185374	-7.216484	-7.223878	-7.169233	-7.171804	-7.185920	-7.094140	-7.204591	-7.183992	-7.201315	-7.176570	-15.005912	-7.202711
2642.872000	-7.193746	-7.188762	-7.228488	-7.185377	-7.216493	-7.223878	-7.169230	-7.171797	-7.185938	-7.093996	-7.204591	-7.183978	-7.201306	-7.176564	-15.005792	-7.202715
2655.052000	-7.193751	-7.188761	-7.228498	-7.185382	-7.216486	-7.223869	-7.169224	-7.171793	-7.185937	-7.093389	-7.204607	-7.183985	-7.201309	-7.176562	-15.005638	-7.202718
2667.260000	-7.193751	-7.188759	-7.228487	-7.185366	-7.216494	-7.223873	-7.169224	-7.171797	-7.185933	-7.093590	-7.204591	-7.183981	-7.201305	-7.176573	-15.005644	-7.202726
2679.442000	-7.193736	-7.188761	-7.228490	-7.185366	-7.216485	-7.223883	-7.169231	-7.171796	-7.185939	-7.093749	-7.204596	-7.183984	-7.201302	-7.176573	-15.005723	-7.202732
2691.653000	-7.193738	-7.188767	-7.228487	-7.185381	-7.216487	-7.223867	-7.169220	-7.171803	-7.185947	-7.093840	-7.204599	-7.183984	-7.201304	-7.176570	-15.005633	-7.202736
2703.862000	-7.193741	-7.188755	-7.228479	-7.185357	-7.216478	-7.223860	-7.169200	-7.171790	-7.185940	-7.093970	-7.204586	-7.183983	-7.201309	-7.176573	-15.005571	-7.202719
2716.080000	-7.193738	-7.188759	-7.228489	-7.185364	-7.216486	-7.223869	-7.169209	-7.171786	-7.185939	-7.094025	-7.204579	-7.183989	-7.201288	-7.176567	-15.005726	-7.202723
2728.277000	-7.193739	-7.188758	-7.228505	-7.185357	-7.216477	-7.223887	-7.169214	-7.171781	-7.185940	-7.092117	-7.204589	-7.183994	-7.201309	-7.176546	-15.005527	-7.202732
2740.500000	-7.193744	-7.188771	-7.228500	-7.185366	-7.216474	-7.223874	-7.169224	-7.171794	-7.185950	-7.093279	-7.204605	-7.183967	-7.201296	-7.176540	-15.005543	-7.202706
2752.686000	-7.193733	-7.188764	-7.228501	-7.185384	-7.216476	-7.223898	-7.169232	-7.171789	-7.185943	-7.093777	-7.204593	-7.183984	-7.201287	-7.176548	-15.005831	-7.202724
2764.896000	-7.193744	-7.188756	-7.228510	-7.185377	-7.216480	-7.223874	-7.169237	-7.171794	-7.185931	-7.093036	-7.204585	-7.183987	-7.201284	-7.176559	-15.005720	-7.202721
	-7.193728															
