8.190000	-7.158152	-7.226863	-7.230733	-7.201061	-7.166578	-7.212324	-7.197693	-7.186016	-7.206613	-7.174903	-7.172707	-7.199419	-7.219170	-7.195756	-15.002870	-7.202987
20.364000	-7.158180	-7.226872	-7.230712	-7.201097	-7.166578	-7.212286	-7.197709	-7.186016	-7.206568	-7.174899	-7.172726	-7.199387	-7.219165	-7.195738	-15.003212	-7.202991
32.543000	-7.158186	-7.226879	-7.230713	-7.201073	-7.166571	-7.212261	-7.197705	-7.186003	-7.206536	-7.174894	-7.172708	-7.199384	-7.219162	-7.195712	-15.003440	-7.202978
44.771000	-7.158217	-7.226878	-7.230724	-7.201045	-7.166557	-7.212258	-7.197698	-7.186010	-7.206513	-7.174883	-7.172713	-7.199381	-7.219153	-7.195705	-15.003455	-7.202976
56.971000	-7.158207	-7.226867	-7.230713	-7.201028	-7.166556	-7.212269	-7.197694	-7.186011	-7.206504	-7.174889	-7.172720	-7.199384	-7.219152	-7.195721	-15.003651	-7.202979
69.145000	-7.158194	-7.226857	-7.230742	-7.201015	-7.166552	-7.212260	-7.197688	-7.186020	-7.206501	-7.174883	-7.172727	-7.199388	-7.219148	-7.195704	-15.004083	-7.202977
81.366000	-7.158209	-7.226867	-7.230731	-7.201004	-7.166559	-7.212278	-7.197693	-7.186034	-7.206514	-7.174897	-7.172702	-7.199378	-7.219154	-7.195706	-15.004090	-7.202991
93.557000	-7.158199	-7.226879	-7.230710	-7.200990	-7.166572	-7.212271	-7.197702	-7.186034	-7.206509	-7.174896	-7.172714	-7.199397	-7.219165	-7.195704	-15.004160	-7.202978
105.754000	-7.158201	-7.226876	-7.230720	-7.200985	-7.166575	-7.212266	-7.197702	-7.186031	-7.206520	-7.174895	-7.172705	-7.199388	-7.219151	-7.195717	-15.004295	-7.202981
117.925000	-7.158207	-7.226891	-7.230739	-7.200979	-7.166564	-7.212273	-7.197703	-7.186017	-7.206524	-7.174901	-7.172724	-7.199402	-7.219169	-7.195712	-15.004451	-7.202988
130.118000	-7.158208	-7.226887	-7.230742	-7.200976	-7.166557	-7.212276	-7.197703	-7.186017	-7.206536	-7.174905	-7.172717	-7.199401	-7.219169	-7.195718	-15.004518	-7.202982
142.309000	-7.158212	-7.226883	-7.230720	-7.200956	-7.166572	-7.212281	-7.197705	-7.186023	-7.206536	-7.174901	-7.172731	-7.199442	-7.219185	-7.195750	-15.004427	-7.202974
154.515000	-7.158195	-7.226839	-7.230616	-7.200927	-7.166575	-7.212169	-7.197750	-7.186001	-7.206385	-7.174807	-7.172712	-7.199382	-7.219163	-7.195734	-15.004701	-7.202908
166.723000	-7.158106	-7.226740	-7.230488	-7.200834	-7.166495	-7.212007	-7.197681	-7.185960	-7.206130	-7.174640	-7.172653	-7.199268	-7.219065	-7.195573	-15.004794	-7.202698
178.905000	-7.158006	-7.226607	-7.230345	-7.200244	-7.166351	-7.211815	-7.197539	-7.185893	-7.205799	-7.174408	-7.172549	-7.199093	-7.218956	-7.195330	-15.004988	-7.202487
191.102000	-7.157863	-7.226455	-7.230206	-7.199800	-7.166150	-7.211618	-7.197352	-7.185932	-7.205509	-7.174196	-7.172416	-7.198933	-7.218813	-7.195075	-15.004893	-7.202248
203.296000	-7.157718	-7.226290	-7.230085	-7.199622	-7.165938	-7.211411	-7.197129	-7.186166	-7.205212	-7.174027	-7.172265	-7.198798	-7.218642	-7.194776	-15.005225	-7.202034
215.484000	-7.157553	-7.226134	-7.229942	-7.199542	-7.165702	-7.211242	-7.196903	-7.186497	-7.204958	-7.173860	-7.172110	-7.198656	-7.218494	-7.194530	-15.005128	-7.201831
227.676000	-7.157397	-7.225966	-7.229833	-7.199447	-7.165483	-7.211079	-7.196684	-7.187011	-7.204699	-7.173681	-7.171970	-7.198540	-7.218354	-7.194278	-15.005108	-7.201632
239.877000	-7.157254	-7.225825	-7.229744	-7.199271	-7.165270	-7.210952	-7.196467	-7.187603	-7.204528	-7.173513	-7.171856	-7.198445	-7.218215	-7.194033	-15.005170	-7.201417
252.079000	-7.157124	-7.225696	-7.229670	-7.199053	-7.165081	-7.210842	-7.196274	-7.188236	-7.204371	-7.173385	-7.171736	-7.198365	-7.218090	-7.193830	-15.005292	-7.201265
264.260000	-7.156980	-7.225565	-7.229620	-7.198870	-7.164922	-7.210751	-7.196117	-7.188842	-7.204267	-7.173289	-7.171673	-7.198317	-7.217991	-7.193680	-15.005297	-7.201137
276.442000	-7.156870	-7.225463	-7.229586	-7.198725	-7.164773	-7.210693	-7.195969	-7.189397	-7.204173	-7.173210	-7.171646	-7.198277	-7.217912	-7.193542	-15.005286	-7.201044
288.639000	-7.156790	-7.225373	-7.229559	-7.198579	-7.164676	-7.210639	-7.195877	-7.189866	-7.204096	-7.173143	-7.171582	-7.198255	-7.217862	-7.193443	-15.005229	-7.200969
300.834000	-7.156720	-7.225329	-7.229535	-7.198452	-7.164598	-7.210612	-7.195787	-7.190314	-7.204048	-7.173088	-7.171576	-7.198221	-7.217794	-7.193371	-15.005339	-7.200901
313.032000	-7.156664	-7.225260	-7.229504	-7.198354	-7.164531	-7.210591	-7.195725	-7.190641	-7.204004	-7.173059	-7.171534	-7.198204	-7.217764	-7.193309	-15.005520	-7.200850
325.231000	-7.156639	-7.225198	-7.229506	-7.198279	-7.164488	-7.210573	-7.195662	-7.190897	-7.203968	-7.173032	-7.171522	-7.198199	-7.217715	-7.193279	-15.005555	-7.200814
337.428000	-7.156603	-7.225185	-7.229481	-7.198200	-7.164456	-7.210552	-7.195620	-7.191094	-7.203958	-7.173009	-7.171497	-7.198181	-7.217696	-7.193210	-15.005541	-7.200789
349.635000	-7.156578	-7.225162	-7.229488	-7.198182	-7.164415	-7.210521	-7.195590	-7.191252	-7.203921	-7.172999	-7.171490	-7.198162	-7.217675	-7.193193	-15.005564	-7.200766
361.822000	-7.156539	-7.225149	-7.229475	-7.198161	-7.164388	-7.210519	-7.195583	-7.191393	-7.203904	-7.172989	-7.171457	-7.198169	-7.217644	-7.193168	-15.005530	-7.200760
373.997000	-7.156523	-7.225121	-7.229463	-7.198133	-7.164382	-7.210488	-7.195554	-7.191496	-7.203879	-7.172978	-7.171477	-7.198172	-7.217644	-7.193172	-15.005599	-7.200740
386.207000	-7.156502	-7.225116	-7.229477	-7.198084	-7.164364	-7.210486	-7.195527	-7.191560	-7.203862	-7.172959	-7.171452	-7.198148	-7.217631	-7.193162	-15.005451	-7.200738
398.407000	-7.156509	-7.225082	-7.229473	-7.198079	-7.164336	-7.210478	-7.195521	-7.191648	-7.203860	-7.172951	-7.171458	-7.198162	-7.217609	-7.193144	-15.005724	-7.200716
410.605000	-7.156495	-7.225079	-7.229457	-7.198045	-7.164325	-7.210460	-7.195502	-7.191715	-7.203833	-7.172952	-7.171461	-7.198149	-7.217597	-7.193143	-15.005657	-7.200698
422.786000	-7.156480	-7.225068	-7.229435	-7.198058	-7.164321	-7.210437	-7.195484	-7.191778	-7.203832	-7.172922	-7.171463	-7.198137	-7.217590	-7.193126	-15.005624	-7.200688
434.980000	-7.156484	-7.225027	-7.229442	-7.197992	-7.164315	-7.210443	-7.195487	-7.191823	-7.203807	-7.172916	-7.171460	-7.198148	-7.217570	-7.193120	-15.005791	-7.200676
447.180000	-7.156461	-7.225054	-7.229422	-7.197964	-7.164298	-7.210437	-7.195457	-7.191857	-7.203809	-7.172917	-7.171451	-7.198129	-7.217566	-7.193129	-15.005674	-7.200662
459.395000	-7.156455	-7.225044	-7.229420	-7.197955	-7.164282	-7.210443	-7.195452	-7.191884	-7.203808	-7.172905	-7.171457	-7.198140	-7.217544	-7.193097	-15.005739	-7.200669
471.591000	-7.156465	-7.225049	-7.229407	-7.197953	-7.164283	-7.210417	-7.195447	-7.191912	-7.203804	-7.172889	-7.171461	-7.198141	-7.217537	-7.193085	-15.005769	-7.200671
483.771000	-7.156460	-7.225025	-7.229403	-7.197958	-7.164286	-7.210433	-7.195431	-7.191913	-7.203787	-7.172892	-7.171455	-7.198147	-7.217533	-7.193087	-15.005728	-7.200663
495.958000	-7.156451	-7.225014	-7.229406	-7.197914	-7.164263	-7.210433	-7.195422	-7.191939	-7.203785	-7.172893	-7.171455	-7.198146	-7.217522	-7.193090	-15.005727	-7.200643
508.162000	-7.156440	-7.225009	-7.229403	-7.197885	-7.164282	-7.210427	-7.195435	-7.191966	-7.203770	-7.172895	-7.171446	-7.198120	-7.217509	-7.193089	-15.005660	-7.200642
520.339000	-7.156419	-7.225031	-7.229411	-7.197897	-7.164275	-7.210409	-7.195419	-7.191992	-7.203766	-7.172875	-7.171443	-7.198122	-7.217507	-7.193089	-15.005786	-7.200644
532.540000	-7.156418	-7.225012	-7.229400	-7.197898	-7.164251	-7.210408	-7.195409	-7.192005	-7.203754	-7.172879	-7.171444	-7.198128	-7.217496	-7.193070	-15.005917	-7.200633
544.738000	-7.156435	-7.225028	-7.229385	-7.197894	-7.164252	-7.210413	-7.195402	-7.192015	-7.203770	-7.172877	-7.171442	-7.198109	-7.217492	-7.193067	-15.005806	-7.200626
556.923000	-7.156424	-7.225019	-7.229396	-7.197858	-7.164246	-7.210408	-7.195399	-7.192036	-7.203750	-7.172862	-7.171443	-7.198123	-7.217489	-7.193049	-15.005896	-7.200622
569.093000	-7.156437	-7.225016	-7.229396	-7.197855	-7.164248	-7.210410	-7.195379	-7.192048	-7.203751	-7.172855	-7.171435	-7.198109	-7.217482	-7.193052	-15.005722	-7.200623
581.284000	-7.156424	-7.225011	-7.229399	-7.197837	-7.164224	-7.210400	-7.195380	-7.192061	-7.203752	-7.172869	-7.171439	-7.198113	-7.217473	-7.193066	-15.005875	-7.200628
593.465000	-7.156422	-7.225007	-7.229391	-7.197824	-7.164239	-7.210395	-7.195381	-7.192089	-7.203751	-7.172862	-7.171443	-7.198115	-7.217464	-7.193037	-15.005837	-7.200612
605.644000	-7.156435	-7.225006	-7.229393	-7.197820	-7.164226	-7.210392	-7.195375	-7.192100	-7.203743	-7.172879	-7.171440	-7.198101	-7.217466	-7.193046	-15.005999	-7.200616
617.856000	-7.156424	-7.224996	-7.229396	-7.197800	-7.164234	-7.210384	-7.195382	-7.192090	-7.203744	-7.172868	-7.171429	-7.198113	-7.217483	-7.193030	-15.006035	-7.200602
630.051000	-7.156422	-7.225009	-7.229406	-7.197829	-7.164226	-7.210398	-7.195359	-7.192089	-7.203728	-7.172853	-7.171435	-7.198118	-7.217455	-7.193039	-15.005967	-7.200616
642.246000	-7.156415	-7.224986	-7.229401	-7.197795	-7.164216	-7.210383	-7.195348	-7.192101	-7.203732	-7.172861	-7.171419	-7.198130	-7.217471	-7.193036	-15.005899	-7.200596
654.453000	-7.156415	-7.225004	-7.229401	-7.197767	-7.164223	-7.210383	-7.195360	-7.192126	-7.203728	-7.172841	-7.171419	-7.198130	-7.217463	-7.193039	-15.006013	-7.200608
666.648000	-7.156402	-7.224993	-7.229389	-7.197771	-7.164214	-7.210400	-7.195359	-7.192123	-7.203723	-7.172828	-7.171414	-7.198124	-7.217462	-7.193019	-15.005952	-7.200602
678.830000	-7.156405	-7.224985	-7.229395	-7.197776	-7.164210	-7.210393	-7.195357	-7.192141	-7.203729	-7.172840	-7.171421	-7.198112	-7.217449	-7.193010	-15.006010	-7.200581
691.015000	-7.156400	-7.224977	-7.229380	-7.197803	-7.164222	-7.210397	-7.195357	-7.192138	-7.203720	-7.172828	-7.171410	-7.198121	-7.217454	-7.193002	-15.005979	-7.200580
703.230000	-7.156403	-7.224979	-7.229386	-7.197800	-7.164216	-7.210403	-7.195344	-7.192146	-7.203706	-7.172834	-7.171422	-7.198127	-7.217449	-7.193017	-15.006076	-7.200589
715.429000	-7.156398	-7.224985	-7.229392	-7.197747	-7.164212	-7.210392	-7.195359	-7.192152	-7.203714	-7.172828	-7.171422	-7.198112	-7.217449	-7.193020	-15.005838	-7.200592
727.616000	-7.156401	-7.224978	-7.229374	-7.197762	-7.164221	-7.210375	-7.195364	-7.192163	-7.203719	-7.172825	-7.171433	-7.198116	-7.217441	-7.192999	-15.005846	-7.200606
739.821000	-7.156395	-7.224986	-7.229380	-7.197786	-7.164217	-7.210372	-7.195352	-7.192180	-7.203705	-7.172816	-7.171410	-7.198117	-7.217437	-7.193010	-15.005919	-7.200591
752.004000	-7.156394	-7.224987	-7.229401	-7.197750	-7.164202	-7.210371	-7.195346	-7.192191	-7.203702	-7.172807	-7.171410	-7.198101	-7.217448	-7.193018	-15.005950	-7.200604
764.208000	-7.156395	-7.224989	-7.229385	-7.197742	-7.164214	-7.210379	-7.195327	-7.192183	-7.203693	-7.172825	-7.171415	-7.198096	-7.217442	-7.193001	-15.006011	-7.200593
776.401000	-7.156403	-7.224986	-7.229393	-7.197736	-7.164209	-7.210365	-7.195341	-7.192189	-7.203708	-7.172822	-7.171413	-7.198099	-7.217454	-7.192991	-15.005910	-7.200570
788.601000	-7.156403	-7.224992	-7.229402	-7.197727	-7.164211	-7.210366	-7.195348	-7.192190	-7.203684	-7.172798	-7.171419	-7.198115	-7.217438	-7.192997	-15.006229	-7.200574
800.780000	-7.156412	-7.224993	-7.229379	-7.197735	-7.164193	-7.210362	-7.195356	-7.192192	-7.203692	-7.172806	-7.171413	-7.198093	-7.217430	-7.192987	-15.006230	-7.200593
812.961000	-7.156398	-7.224952	-7.229375	-7.197739	-7.164206	-7.210357	-7.195341	-7.192205	-7.203685	-7.172816	-7.171403	-7.198085	-7.217430	-7.192990	-15.006158	-7.200590
825.160000	-7.156404	-7.224955	-7.229391	-7.197731	-7.164207	-7.210369	-7.195336	-7.192223	-7.203693	-7.172798	-7.171405	-7.198105	-7.217429	-7.192979	-15.006120	-7.200589
837.335000	-7.156403	-7.224969	-7.229391	-7.197733	-7.164206	-7.210374	-7.195337	-7.192201	-7.203687	-7.172792	-7.171393	-7.198085	-7.217425	-7.192983	-15.006079	-7.200592
849.518000	-7.156399	-7.224966	-7.229384	-7.197730	-7.164217	-7.210356	-7.195334	-7.192215	-7.203692	-7.172809	-7.171404	-7.198106	-7.217429	-7.193009	-15.006110	-7.200581
861.699000	-7.156415	-7.224974	-7.229388	-7.197743	-7.164214	-7.210372	-7.195320	-7.192221	-7.203699	-7.172806	-7.171403	-7.198098	-7.217405	-7.192970	-15.006031	-7.200577
873.896000	-7.156393	-7.224971	-7.229390	-7.197715	-7.164212	-7.210364	-7.195321	-7.192213	-7.203698	-7.172811	-7.171421	-7.198100	-7.217414	-7.192972	-15.006036	-7.200586
886.092000	-7.156389	-7.224966	-7.229383	-7.197725	-7.164198	-7.210360	-7.195331	-7.192220	-7.203687	-7.172809	-7.171415	-7.198098	-7.217417	-7.192972	-15.005977	-7.200588
898.279000	-7.156389	-7.224948	-7.229386	-7.197702	-7.164203	-7.210358	-7.195311	-7.192226	-7.203687	-7.172796	-7.171410	-7.198089	-7.217421	-7.192978	-15.005931	-7.200577
910.471000	-7.156393	-7.224952	-7.229404	-7.197681	-7.164208	-7.210354	-7.195311	-7.192256	-7.203674	-7.172811	-7.171385	-7.198089	-7.217435	-7.192982	-15.005900	-7.200584
922.668000	-7.156374	-7.224955	-7.229385	-7.197677	-7.164208	-7.210361	-7.195311	-7.192243	-7.203674	-7.172792	-7.171400	-7.198098	-7.217431	-7.192983	-15.005994	-7.200571
934.861000	-7.156378	-7.224960	-7.229378	-7.197692	-7.164207	-7.210343	-7.195300	-7.192245	-7.203676	-7.172801	-7.171405	-7.198090	-7.217419	-7.192984	-15.006099	-7.200568
947.057000	-7.156373	-7.224953	-7.229361	-7.197698	-7.164192	-7.210343	-7.195317	-7.192259	-7.203676	-7.172795	-7.171415	-7.198107	-7.217438	-7.192991	-15.006161	-7.200555
959.248000	-7.156379	-7.224934	-7.229394	-7.197672	-7.164185	-7.210355	-7.195299	-7.192245	-7.203687	-7.172797	-7.171415	-7.198095	-7.217418	-7.192964	-15.005985	-7.200560
971.435000	-7.156390	-7.224945	-7.229373	-7.197666	-7.164193	-7.210351	-7.195309	-7.192259	-7.203684	-7.172794	-7.171411	-7.198088	-7.217430	-7.192972	-15.006067	-7.200552
983.615000	-7.156382	-7.224959	-7.229358	-7.197663	-7.164177	-7.210339	-7.195316	-7.192267	-7.203673	-7.172787	-7.171403	-7.198106	-7.217436	-7.192977	-15.005871	-7.200552
995.826000	-7.156366	-7.224945	-7.229362	-7.197674	-7.164186	-7.210353	-7.195306	-7.192260	-7.203682	-7.172802	-7.171406	-7.198099	-7.217398	-7.192991	-15.005900	-7.200551
1008.026000	-7.156372	-7.224944	-7.229369	-7.197689	-7.164175	-7.210340	-7.195299	-7.192271	-7.203659	-7.172787	-7.171423	-7.198092	-7.217405	-7.192978	-15.006046	-7.200569
1020.219000	-7.156388	-7.224958	-7.229373	-7.197677	-7.164182	-7.210365	-7.195302	-7.192263	-7.203669	-7.172785	-7.171418	-7.198078	-7.217412	-7.192968	-15.005950	-7.200547
1032.403000	-7.156377	-7.224953	-7.229379	-7.197682	-7.164182	-7.210352	-7.195279	-7.192260	-7.203668	-7.172782	-7.171416	-7.198082	-7.217415	-7.192971	-15.005999	-7.200549
1044.588000	-7.156384	-7.224933	-7.229383	-7.197671	-7.164175	-7.210351	-7.195280	-7.192288	-7.203675	-7.172784	-7.171406	-7.198078	-7.217427	-7.192960	-15.005869	-7.200548
1056.766000	-7.156379	-7.224950	-7.229376	-7.197657	-7.164171	-7.210352	-7.195300	-7.192277	-7.203667	-7.172779	-7.171413	-7.198106	-7.217418	-7.192951	-15.005833	-7.200537
1068.950000	-7.156379	-7.224945	-7.229373	-7.197673	-7.164189	-7.210351	-7.195300	-7.192276	-7.203669	-7.172789	-7.171401	-7.198086	-7.217405	-7.192958	-15.005892	-7.200538
1081.124000	-7.156369	-7.224948	-7.229359	-7.197655	-7.164186	-7.210336	-7.195315	-7.192286	-7.203661	-7.172786	-7.171413	-7.198088	-7.217421	-7.192965	-15.005914	-7.200545
1093.319000	-7.156374	-7.224950	-7.229379	-7.197665	-7.164190	-7.210349	-7.195303	-7.192276	-7.203674	-7.172769	-7.171415	-7.198085	-7.217420	-7.192954	-15.006029	-7.200537
1105.522000	-7.156360	-7.224956	-7.229368	-7.197660	-7.164170	-7.210356	-7.195301	-7.192288	-7.203663	-7.172780	-7.171413	-7.198097	-7.217415	-7.192951	-15.006080	-7.200533
1117.711000	-7.156377	-7.224951	-7.229374	-7.197661	-7.164157	-7.210336	-7.195303	-7.192301	-7.203667	-7.172776	-7.171399	-7.198091	-7.217420	-7.192964	-15.006228	-7.200550
1129.920000	-7.156374	-7.224954	-7.229372	-7.197654	-7.164178	-7.210347	-7.195298	-7.192310	-7.203679	-7.172789	-7.171364	-7.197991	-7.217380	-7.192751	-15.006055	-7.200420
1142.127000	-7.156543	-7.225256	-7.229889	-7.197421	-7.164254	-7.210853	-7.195197	-7.191497	-7.204245	-7.173169	-7.171443	-7.198263	-7.217536	-7.192998	-15.005922	-7.200896
1154.314000	-7.156851	-7.225580	-7.230203	-7.197960	-7.164694	-7.211368	-7.195614	-7.189691	-7.205137	-7.173689	-7.171772	-7.198704	-7.217887	-7.193684	-15.005830	-7.201510
1166.520000	-7.157201	-7.225958	-7.230486	-7.198498	-7.165188	-7.211827	-7.196182	-7.187970	-7.205824	-7.174168	-7.172118	-7.199047	-7.218263	-7.194344	-15.005806	-7.202040
1178.708000	-7.157517	-7.226285	-7.230709	-7.199132	-7.165694	-7.212176	-7.196708	-7.186849	-7.206362	-7.174573	-7.172424	-7.199342	-7.218577	-7.194922	-15.005717	-7.202505
1190.892000	-7.157792	-7.226564	-7.230894	-7.199776	-7.166113	-7.212454	-7.197156	-7.186345	-7.206751	-7.174902	-7.172657	-7.199566	-7.218831	-7.195419	-15.005923	-7.202895
1203.114000	-7.158024	-7.226798	-7.231046	-7.200499	-7.166469	-7.212662	-7.197558	-7.186251	-7.207034	-7.175172	-7.172858	-7.199716	-7.219053	-7.195807	-15.005799	-7.203210
1215.325000	-7.158230	-7.227022	-7.231135	-7.201340	-7.166753	-7.212813	-7.197861	-7.186424	-7.207268	-7.175357	-7.172995	-7.199804	-7.219227	-7.196127	-15.005669	-7.203464
1227.530000	-7.158403	-7.227200	-7.231210	-7.202190	-7.167003	-7.212942	-7.198105	-7.186674	-7.207438	-7.175511	-7.173100	-7.199891	-7.219371	-7.196363	-15.005777	-7.203668
1239.718000	-7.158572	-7.227363	-7.231273	-7.202683	-7.167189	-7.213027	-7.198306	-7.186979	-7.207586	-7.175623	-7.173179	-7.199940	-7.219495	-7.196567	-15.005836	-7.203818
1251.900000	-7.158678	-7.227471	-7.231321	-7.202841	-7.167341	-7.213114	-7.198461	-7.187277	-7.207702	-7.175730	-7.173250	-7.199999	-7.219610	-7.196703	-15.006015	-7.203953
1264.105000	-7.158784	-7.227580	-7.231359	-7.203064	-7.167471	-7.213160	-7.198579	-7.187544	-7.207769	-7.175823	-7.173300	-7.200043	-7.219695	-7.196835	-15.005926	-7.204064
1276.294000	-7.158873	-7.227650	-7.231397	-7.203098	-7.167575	-7.213204	-7.198689	-7.187738	-7.207830	-7.175881	-7.173344	-7.200076	-7.219751	-7.196914	-15.005902	-7.204135
1288.480000	-7.158952	-7.227733	-7.231430	-7.203048	-7.167670	-7.213248	-7.198764	-7.187923	-7.207889	-7.175942	-7.173376	-7.200096	-7.219820	-7.196987	-15.005849	-7.204199
1300.674000	-7.159003	-7.227773	-7.231463	-7.202970	-7.167723	-7.213307	-7.198829	-7.188068	-7.207944	-7.175991	-7.173418	-7.200124	-7.219868	-7.197043	-15.005875	-7.204251
1312.855000	-7.159033	-7.227837	-7.231492	-7.202928	-7.167787	-7.213319	-7.198891	-7.188178	-7.207967	-7.176016	-7.173433	-7.200144	-7.219901	-7.197084	-15.006031	-7.204314
1325.031000	-7.159079	-7.227886	-7.231530	-7.202894	-7.167808	-7.213349	-7.198956	-7.188306	-7.208011	-7.176061	-7.173458	-7.200162	-7.219943	-7.197161	-15.005870	-7.204343
1337.226000	-7.159138	-7.227913	-7.231541	-7.202901	-7.167868	-7.213373	-7.198986	-7.188399	-7.208049	-7.176090	-7.173465	-7.200184	-7.219970	-7.197187	-15.005977	-7.204370
1349.420000	-7.159168	-7.227954	-7.231562	-7.202901	-7.167889	-7.213400	-7.199026	-7.188479	-7.208073	-7.176116	-7.173492	-7.200207	-7.220009	-7.197212	-15.006094	-7.204401
1361.615000	-7.159190	-7.227993	-7.231576	-7.202907	-7.167924	-7.213414	-7.199044	-7.188548	-7.208091	-7.176140	-7.173492	-7.200225	-7.220039	-7.197225	-15.005844	-7.204435
1373.818000	-7.159207	-7.228005	-7.231588	-7.202943	-7.167945	-7.213433	-7.199074	-7.188614	-7.208104	-7.176156	-7.173513	-7.200242	-7.220060	-7.197263	-15.005944	-7.204439
1386.020000	-7.159226	-7.228025	-7.231613	-7.202978	-7.167953	-7.213455	-7.199102	-7.188658	-7.208124	-7.176171	-7.173531	-7.200239	-7.220085	-7.197296	-15.005914	-7.204464
1398.207000	-7.159250	-7.228059	-7.231617	-7.203017	-7.167974	-7.213438	-7.199139	-7.188703	-7.208140	-7.176190	-7.173536	-7.200253	-7.220090	-7.197290	-15.005825	-7.204496
1410.411000	-7.159261	-7.228070	-7.231661	-7.203078	-7.167992	-7.213474	-7.199147	-7.188720	-7.208154	-7.176202	-7.173545	-7.200284	-7.220119	-7.197314	-15.005689	-7.204486
1422.605000	-7.159270	-7.228086	-7.231688	-7.203108	-7.167995	-7.213474	-7.199156	-7.188757	-7.208175	-7.176220	-7.173549	-7.200313	-7.220127	-7.197324	-15.005797	-7.204519
1434.793000	-7.159276	-7.228110	-7.231705	-7.203161	-7.168032	-7.213490	-7.199161	-7.188782	-7.208163	-7.176235	-7.173553	-7.200321	-7.220143	-7.197337	-15.005864	-7.204540
1446.979000	-7.159273	-7.228104	-7.231705	-7.203181	-7.168031	-7.213490	-7.199191	-7.188829	-7.208179	-7.176250	-7.173547	-7.200302	-7.220159	-7.197354	-15.005840	-7.204557
1459.157000	-7.159317	-7.228126	-7.231736	-7.203249	-7.168031	-7.213518	-7.199225	-7.188844	-7.208204	-7.176255	-7.173555	-7.200330	-7.220156	-7.197371	-15.005794	-7.204571
1471.363000	-7.159311	-7.228155	-7.231773	-7.203279	-7.168055	-7.213528	-7.199226	-7.188852	-7.208219	-7.176276	-7.173561	-7.200322	-7.220178	-7.197393	-15.005783	-7.204594
1483.552000	-7.159323	-7.228150	-7.231794	-7.203337	-7.168047	-7.213523	-7.199234	-7.188863	-7.208221	-7.176279	-7.173567	-7.200339	-7.220186	-7.197387	-15.005735	-7.204603
1495.759000	-7.159323	-7.228175	-7.231813	-7.203360	-7.168049	-7.213544	-7.199258	-7.188892	-7.208226	-7.176290	-7.173563	-7.200364	-7.220186	-7.197402	-15.005718	-7.204609
1507.949000	-7.159339	-7.228183	-7.231829	-7.203373	-7.168087	-7.213542	-7.199272	-7.188879	-7.208244	-7.176323	-7.173570	-7.200383	-7.220199	-7.197422	-15.005803	-7.204612
1520.143000	-7.159352	-7.228201	-7.231858	-7.203415	-7.168076	-7.213546	-7.199266	-7.188911	-7.208243	-7.176322	-7.173578	-7.200389	-7.220233	-7.197419	-15.005598	-7.204628
1532.330000	-7.159344	-7.228211	-7.231882	-7.203447	-7.168078	-7.213550	-7.199279	-7.188916	-7.208257	-7.176344	-7.173590	-7.200405	-7.220224	-7.197432	-15.005737	-7.204645
1544.527000	-7.159333	-7.228224	-7.231903	-7.203466	-7.168091	-7.213545	-7.199310	-7.188949	-7.208254	-7.176355	-7.173592	-7.200435	-7.220231	-7.197446	-15.005886	-7.204651
1556.738000	-7.159360	-7.228223	-7.231922	-7.203485	-7.168092	-7.213573	-7.199313	-7.188956	-7.208275	-7.176373	-7.173572	-7.200456	-7.220244	-7.197442	-15.005910	-7.204663
1568.950000	-7.159342	-7.228228	-7.231943	-7.203498	-7.168098	-7.213564	-7.199315	-7.188971	-7.208270	-7.176369	-7.173602	-7.200459	-7.220239	-7.197444	-15.005842	-7.204666
1581.130000	-7.159368	-7.228248	-7.231953	-7.203522	-7.168106	-7.213582	-7.199330	-7.188977	-7.208264	-7.176391	-7.173601	-7.200482	-7.220247	-7.197450	-15.006029	-7.204691
1593.323000	-7.159376	-7.228262	-7.231972	-7.203524	-7.168115	-7.213573	-7.199343	-7.189004	-7.208270	-7.176400	-7.173623	-7.200480	-7.220266	-7.197461	-15.005766	-7.204699
1605.526000	-7.159381	-7.228279	-7.231991	-7.203557	-7.168103	-7.213586	-7.199358	-7.188989	-7.208258	-7.176424	-7.173616	-7.200499	-7.220257	-7.197479	-15.005875	-7.204704
1617.728000	-7.159380	-7.228289	-7.232006	-7.203576	-7.168124	-7.213586	-7.199369	-7.189010	-7.208279	-7.176432	-7.173595	-7.200517	-7.220267	-7.197475	-15.006010	-7.204721
1629.928000	-7.159374	-7.228308	-7.232018	-7.203595	-7.168105	-7.213598	-7.199381	-7.189019	-7.208290	-7.176440	-7.173607	-7.200538	-7.220272	-7.197476	-15.005740	-7.204722
1642.147000	-7.159386	-7.228290	-7.232035	-7.203613	-7.168131	-7.213585	-7.199387	-7.189021	-7.208306	-7.176439	-7.173611	-7.200535	-7.220278	-7.197477	-15.005659	-7.204732
1654.363000	-7.159380	-7.228314	-7.232051	-7.203620	-7.168114	-7.213601	-7.199395	-7.189020	-7.208311	-7.176455	-7.173622	-7.200566	-7.220286	-7.197486	-15.005642	-7.204746
1666.573000	-7.159375	-7.228340	-7.232058	-7.203653	-7.168148	-7.213605	-7.199403	-7.189030	-7.208309	-7.176450	-7.173628	-7.200580	-7.220293	-7.197489	-15.005906	-7.204754
1678.780000	-7.159393	-7.228327	-7.232060	-7.203649	-7.168142	-7.213611	-7.199410	-7.189038	-7.208318	-7.176467	-7.173627	-7.200590	-7.220279	-7.197493	-15.005893	-7.204752
1690.963000	-7.159394	-7.228338	-7.232088	-7.203659	-7.168141	-7.213614	-7.199426	-7.189033	-7.208316	-7.176475	-7.173636	-7.200587	-7.220302	-7.197497	-15.006058	-7.204761
1703.162000	-7.159408	-7.228357	-7.232103	-7.203672	-7.168151	-7.213612	-7.199435	-7.189055	-7.208326	-7.176471	-7.173648	-7.200613	-7.220296	-7.197513	-15.005930	-7.204763
1715.351000	-7.159400	-7.228362	-7.232097	-7.203690	-7.168148	-7.213606	-7.199447	-7.189058	-7.208323	-7.176492	-7.173646	-7.200621	-7.220303	-7.197523	-15.005955	-7.204776
1727.539000	-7.159403	-7.228356	-7.232109	-7.203703	-7.168135	-7.213617	-7.199458	-7.189049	-7.208336	-7.176490	-7.173633	-7.200618	-7.220313	-7.197511	-15.005780	-7.204788
1739.734000	-7.159395	-7.228364	-7.232115	-7.203697	-7.168150	-7.213617	-7.199463	-7.189062	-7.208331	-7.176485	-7.173634	-7.200638	-7.220307	-7.197517	-15.006080	-7.204795
1751.959000	-7.159402	-7.228370	-7.232132	-7.203700	-7.168148	-7.213631	-7.199469	-7.189065	-7.208335	-7.176494	-7.173648	-7.200662	-7.220321	-7.197518	-15.005795	-7.204794
1764.142000	-7.159407	-7.228389	-7.232140	-7.203714	-7.168161	-7.213635	-7.199488	-7.189065	-7.208347	-7.176482	-7.173649	-7.200646	-7.220327	-7.197517	-15.005868	-7.204801
1776.329000	-7.159398	-7.228399	-7.232121	-7.203722	-7.168137	-7.213613	-7.199495	-7.189073	-7.208352	-7.176493	-7.173650	-7.200661	-7.220322	-7.197532	-15.005572	-7.204812
1788.534000	-7.159404	-7.228415	-7.232146	-7.203728	-7.168144	-7.213643	-7.199503	-7.189078	-7.208349	-7.176491	-7.173646	-7.200676	-7.220325	-7.197526	-15.005786	-7.204804
1800.733000	-7.159411	-7.228421	-7.232153	-7.203743	-7.168157	-7.213634	-7.199520	-7.189080	-7.208348	-7.176510	-7.173654	-7.200677	-7.220327	-7.197537	-15.005794	-7.204822
1812.936000	-7.159415	-7.228410	-7.232154	-7.203755	-7.168151	-7.213639	-7.199528	-7.189100	-7.208347	-7.176516	-7.173649	-7.200705	-7.220327	-7.197541	-15.005731	-7.204837
1825.135000	-7.159407	-7.228428	-7.232164	-7.203744	-7.168163	-7.213634	-7.199539	-7.189095	-7.208346	-7.176523	-7.173651	-7.200721	-7.220327	-7.197537	-15.005749	-7.204842
1837.340000	-7.159422	-7.228427	-7.232180	-7.203774	-7.168151	-7.213645	-7.199541	-7.189096	-7.208360	-7.176512	-7.173650	-7.200705	-7.220334	-7.197540	-15.005783	-7.204839
1849.573000	-7.159415	-7.228435	-7.232180	-7.203772	-7.168172	-7.213652	-7.199535	-7.189101	-7.208360	-7.176539	-7.173655	-7.200714	-7.220337	-7.197548	-15.005782	-7.204849
1861.764000	-7.159426	-7.228436	-7.232195	-7.203784	-7.168140	-7.213655	-7.199539	-7.189101	-7.208353	-7.176524	-7.173664	-7.200728	-7.220340	-7.197553	-15.005752	-7.204846
1873.930000	-7.159427	-7.228443	-7.232205	-7.203785	-7.168154	-7.213648	-7.199548	-7.189122	-7.208357	-7.176535	-7.173643	-7.200739	-7.220347	-7.197548	-15.005889	-7.204848
1886.120000	-7.159419	-7.228461	-7.232198	-7.203792	-7.168153	-7.213672	-7.199560	-7.189124	-7.208370	-7.176537	-7.173654	-7.200736	-7.220347	-7.197554	-15.005886	-7.204862
1898.293000	-7.159432	-7.228461	-7.232218	-7.203807	-7.168158	-7.213663	-7.199554	-7.189124	-7.208359	-7.176536	-7.173658	-7.200759	-7.220353	-7.197562	-15.005838	-7.204874
1910.470000	-7.159434	-7.228471	-7.232231	-7.203817	-7.168164	-7.213672	-7.199575	-7.189134	-7.208356	-7.176536	-7.173669	-7.200754	-7.220347	-7.197559	-15.005658	-7.204884
1922.665000	-7.159434	-7.228484	-7.232228	-7.203820	-7.168144	-7.213676	-7.199568	-7.189132	-7.208359	-7.176557	-7.173671	-7.200763	-7.220352	-7.197561	-15.005590	-7.204869
1934.859000	-7.159431	-7.228477	-7.232226	-7.203820	-7.168171	-7.213683	-7.199589	-7.189123	-7.208370	-7.176555	-7.173663	-7.200768	-7.220362	-7.197563	-15.005535	-7.204886
1947.039000	-7.159435	-7.228471	-7.232230	-7.203833	-7.168168	-7.213671	-7.199562	-7.189132	-7.208379	-7.176552	-7.173656	-7.200775	-7.220372	-7.197568	-15.005699	-7.204883
1959.213000	-7.159436	-7.228498	-7.232245	-7.203820	-7.168168	-7.213671	-7.199589	-7.189136	-7.208380	-7.176562	-7.173659	-7.200775	-7.220355	-7.197574	-15.005628	-7.204895
1971.398000	-7.159440	-7.228477	-7.232245	-7.203823	-7.168162	-7.213670	-7.199591	-7.189137	-7.208376	-7.176551	-7.173655	-7.200797	-7.220367	-7.197567	-15.005510	-7.204904
1983.615000	-7.159434	-7.228483	-7.232254	-7.203844	-7.168170	-7.213666	-7.199609	-7.189135	-7.208371	-7.176558	-7.173663	-7.200805	-7.220357	-7.197567	-15.005806	-7.204897
1995.810000	-7.159440	-7.228511	-7.232242	-7.203854	-7.168180	-7.213673	-7.199606	-7.189135	-7.208396	-7.176570	-7.173661	-7.200820	-7.220359	-7.197580	-15.005848	-7.204909
2007.999000	-7.159426	-7.228492	-7.232253	-7.203849	-7.168171	-7.213686	-7.199612	-7.189151	-7.208393	-7.176566	-7.173671	-7.200817	-7.220376	-7.197586	-15.005932	-7.204900
2020.178000	-7.159444	-7.228497	-7.232255	-7.203845	-7.168177	-7.213671	-7.199639	-7.189148	-7.208399	-7.176555	-7.173665	-7.200816	-7.220365	-7.197586	-15.005808	-7.204925
2032.381000	-7.159434	-7.228513	-7.232257	-7.203851	-7.168174	-7.213676	-7.199624	-7.189169	-7.208398	-7.176562	-7.173672	-7.200806	-7.220375	-7.197571	-15.005649	-7.204939
2044.570000	-7.159444	-7.228511	-7.232257	-7.203852	-7.168173	-7.213658	-7.199625	-7.189149	-7.208399	-7.176569	-7.173669	-7.200822	-7.220387	-7.197631	-15.005518	-7.204936
2056.771000	-7.159392	-7.228436	-7.232057	-7.203748	-7.168191	-7.213515	-7.199632	-7.189090	-7.208232	-7.176439	-7.173657	-7.200593	-7.220325	-7.197566	-15.005703	-7.204722
2068.972000	-7.159339	-7.228223	-7.231571	-7.203419	-7.168117	-7.213286	-7.199456	-7.188777	-7.207921	-7.176213	-7.173535	-7.200162	-7.220200	-7.197324	-15.005912	-7.204431
2081.168000	-7.159211	-7.227964	-7.231266	-7.203267	-7.167932	-7.213082	-7.199168	-7.188363	-7.207611	-7.175924	-7.173389	-7.199956	-7.220049	-7.197046	-15.005716	-7.204153
2093.359000	-7.159058	-7.227753	-7.231122	-7.203561	-7.167707	-7.212908	-7.198934	-7.187923	-7.207355	-7.175708	-7.173270	-7.199804	-7.219913	-7.196791	-15.005726	-7.203933
2105.550000	-7.158938	-7.227596	-7.231018	-7.203205	-7.167506	-7.212768	-7.198700	-7.187501	-7.207181	-7.175532	-7.173157	-7.199709	-7.219796	-7.196589	-15.005723	-7.203750
2117.772000	-7.158820	-7.227457	-7.230949	-7.203014	-7.167341	-7.212680	-7.198530	-7.187160	-7.207051	-7.175426	-7.173071	-7.199644	-7.219691	-7.196425	-15.005762	-7.203618
2129.966000	-7.158723	-7.227350	-7.230914	-7.202619	-7.167205	-7.212612	-7.198395	-7.186889	-7.206952	-7.175331	-7.173008	-7.199597	-7.219611	-7.196290	-15.005560	-7.203513
2142.143000	-7.158628	-7.227288	-7.230861	-7.202245	-7.167097	-7.212551	-7.198250	-7.186671	-7.206891	-7.175255	-7.172945	-7.199571	-7.219547	-7.196199	-15.005708	-7.203432
2154.346000	-7.158565	-7.227196	-7.230853	-7.201953	-7.167004	-7.212504	-7.198192	-7.186522	-7.206822	-7.175215	-7.172914	-7.199540	-7.219496	-7.196121	-15.005663	-7.203393
2166.529000	-7.158508	-7.227155	-7.230829	-7.201706	-7.166935	-7.212479	-7.198102	-7.186425	-7.206786	-7.175173	-7.172890	-7.199528	-7.219462	-7.196047	-15.005550	-7.203333
2178.699000	-7.158466	-7.227118	-7.230812	-7.201549	-7.166866	-7.212456	-7.198044	-7.186327	-7.206759	-7.175132	-7.172856	-7.199517	-7.219421	-7.196002	-15.005513	-7.203290
2190.889000	-7.158430	-7.227086	-7.230807	-7.201429	-7.166840	-7.212433	-7.197990	-7.186254	-7.206733	-7.175105	-7.172847	-7.199498	-7.219418	-7.195984	-15.005718	-7.203246
2203.086000	-7.158401	-7.227056	-7.230801	-7.201345	-7.166798	-7.212432	-7.197968	-7.186200	-7.206713	-7.175080	-7.172822	-7.199495	-7.219368	-7.195951	-15.005550	-7.203215
2215.280000	-7.158378	-7.227039	-7.230793	-7.201242	-7.166772	-7.212416	-7.197943	-7.186171	-7.206705	-7.175062	-7.172833	-7.199488	-7.219346	-7.195918	-15.005680	-7.203194
2227.467000	-7.158345	-7.227026	-7.230800	-7.201193	-7.166725	-7.212392	-7.197924	-7.186145	-7.206689	-7.175049	-7.172815	-7.199480	-7.219330	-7.195895	-15.005586	-7.203198
2239.675000	-7.158355	-7.227004	-7.230782	-7.201139	-7.166727	-7.212385	-7.197904	-7.186120	-7.206675	-7.175036	-7.172800	-7.199456	-7.219320	-7.195900	-15.005819	-7.203180
2251.847000	-7.158338	-7.227001	-7.230777	-7.201115	-7.166711	-7.212385	-7.197874	-7.186109	-7.206657	-7.175005	-7.172807	-7.199438	-7.219317	-7.195860	-15.005871	-7.203168
2264.058000	-7.158318	-7.226983	-7.230774	-7.201082	-7.166690	-7.212374	-7.197881	-7.186086	-7.206637	-7.175000	-7.172796	-7.199444	-7.219302	-7.195848	-15.005733	-7.203137
2276.246000	-7.158289	-7.226971	-7.230778	-7.201047	-7.166693	-7.212381	-7.197866	-7.186088	-7.206644	-7.175006	-7.172772	-7.199459	-7.219295	-7.195827	-15.005600	-7.203128
2288.448000	-7.158287	-7.226971	-7.230751	-7.201084	-7.166678	-7.212388	-7.197856	-7.186064	-7.206645	-7.174988	-7.172765	-7.199452	-7.219300	-7.195838	-15.005752	-7.203108
2300.661000	-7.158286	-7.226945	-7.230760	-7.201064	-7.166661	-7.212368	-7.197858	-7.186054	-7.206648	-7.174985	-7.172775	-7.199464	-7.219277	-7.195815	-15.005593	-7.203124
2312.857000	-7.158272	-7.226953	-7.230751	-7.200978	-7.166662	-7.212374	-7.197854	-7.186072	-7.206630	-7.174985	-7.172777	-7.199424	-7.219279	-7.195833	-15.005840	-7.203136
2325.064000	-7.158273	-7.226944	-7.230766	-7.200955	-7.166652	-7.212355	-7.197838	-7.186060	-7.206611	-7.174967	-7.172787	-7.199447	-7.219279	-7.195821	-15.005901	-7.203145
2337.260000	-7.158272	-7.226933	-7.230744	-7.200939	-7.166668	-7.212357	-7.197828	-7.186045	-7.206605	-7.174975	-7.172775	-7.199431	-7.219258	-7.195808	-15.005860	-7.203123
2349.448000	-7.158271	-7.226941	-7.230757	-7.200936	-7.166654	-7.212358	-7.197836	-7.186054	-7.206614	-7.174957	-7.172758	-7.199445	-7.219253	-7.195804	-15.005729	-7.203143
2361.649000	-7.158251	-7.226927	-7.230742	-7.200904	-7.166655	-7.212356	-7.197832	-7.186056	-7.206624	-7.174976	-7.172759	-7.199429	-7.219246	-7.195805	-15.005777	-7.203113
2373.837000	-7.158257	-7.226939	-7.230738	-7.200917	-7.166641	-7.212332	-7.197824	-7.186052	-7.206607	-7.174961	-7.172757	-7.199426	-7.219245	-7.195800	-15.005806	-7.203109
2386.043000	-7.158251	-7.226917	-7.230740	-7.200894	-7.166629	-7.212347	-7.197819	-7.186034	-7.206593	-7.174957	-7.172748	-7.199425	-7.219225	-7.195808	-15.005823	-7.203092
2398.250000	-7.158259	-7.226914	-7.230740	-7.200857	-7.166620	-7.212341	-7.197813	-7.186047	-7.206604	-7.174971	-7.172763	-7.199432	-7.219222	-7.195776	-15.005778	-7.203106
2410.420000	-7.158239	-7.226923	-7.230758	-7.200883	-7.166631	-7.212328	-7.197811	-7.186050	-7.206600	-7.174956	-7.172769	-7.199428	-7.219225	-7.195779	-15.005677	-7.203092
2422.604000	-7.158246	-7.226939	-7.230768	-7.200877	-7.166619	-7.212320	-7.197820	-7.186040	-7.206612	-7.174951	-7.172749	-7.199418	-7.219224	-7.195796	-15.005821	-7.203105
2434.776000	-7.158254	-7.226915	-7.230746	-7.200863	-7.166614	-7.212325	-7.197796	-7.186035	-7.206595	-7.174956	-7.172761	-7.199430	-7.219228	-7.195781	-15.005716	-7.203075
2446.963000	-7.158238	-7.226939	-7.230753	-7.200860	-7.166623	-7.212320	-7.197802	-7.186031	-7.206583	-7.174956	-7.172751	-7.199415	-7.219219	-7.195767	-15.005796	-7.203088
2459.152000	-7.158258	-7.226936	-7.230751	-7.200826	-7.166618	-7.212321	-7.197808	-7.186023	-7.206589	-7.174956	-7.172767	-7.199417	-7.219222	-7.195793	-15.005782	-7.203083
2471.346000	-7.158235	-7.226923	-7.230745	-7.200840	-7.166629	-7.212319	-7.197807	-7.186028	-7.206595	-7.174944	-7.172749	-7.199412	-7.219214	-7.195781	-15.005706	-7.203076
2483.529000	-7.158234	-7.226908	-7.230741	-7.200825	-7.166618	-7.212323	-7.197796	-7.186039	-7.206587	-7.174934	-7.172737	-7.199421	-7.219210	-7.195778	-15.005693	-7.203065
2495.705000	-7.158246	-7.226912	-7.230734	-7.200827	-7.166622	-7.212342	-7.197790	-7.186030	-7.206591	-7.174952	-7.172745	-7.199414	-7.219207	-7.195781	-15.005637	-7.203062
2507.902000	-7.158228	-7.226911	-7.230734	-7.200799	-7.166618	-7.212325	-7.197790	-7.186033	-7.206580	-7.174935	-7.172740	-7.199411	-7.219216	-7.195759	-15.005636	-7.203077
2520.093000	-7.158239	-7.226915	-7.230731	-7.200795	-7.166622	-7.212325	-7.197784	-7.186029	-7.206578	-7.174942	-7.172744	-7.199415	-7.219213	-7.195784	-15.005639	-7.203072
2532.293000	-7.158228	-7.226885	-7.230735	-7.200817	-7.166620	-7.212330	-7.197797	-7.186032	-7.206573	-7.174947	-7.172755	-7.199406	-7.219218	-7.195777	-15.005938	-7.203072
2544.498000	-7.158244	-7.226900	-7.230726	-7.200802	-7.166617	-7.212328	-7.197781	-7.186030	-7.206578	-7.174954	-7.172735	-7.199412	-7.219211	-7.195779	-15.005903	-7.203075
2556.688000	-7.158234	-7.226910	-7.230728	-7.200790	-7.166615	-7.212320	-7.197791	-7.186034	-7.206584	-7.174949	-7.172735	-7.199413	-7.219207	-7.195777	-15.006101	-7.203074
2568.915000	-7.158232	-7.226909	-7.230735	-7.200792	-7.166609	-7.212317	-7.197800	-7.186024	-7.206561	-7.174936	-7.172739	-7.199403	-7.219225	-7.195773	-15.006109	-7.203064
2581.107000	-7.158217	-7.226896	-7.230728	-7.200789	-7.166619	-7.212311	-7.197790	-7.186034	-7.206566	-7.174944	-7.172740	-7.199405	-7.219237	-7.195768	-15.006049	-7.203059
2593.300000	-7.158225	-7.226905	-7.230724	-7.200783	-7.166620	-7.212335	-7.197772	-7.186039	-7.206546	-7.174956	-7.172743	-7.199399	-7.219213	-7.195779	-15.005942	-7.203066
2605.483000	-7.158240	-7.226903	-7.230725	-7.200791	-7.166606	-7.212316	-7.197782	-7.186037	-7.206560	-7.174938	-7.172733	-7.199413	-7.219209	-7.195774	-15.005813	-7.203071
2617.696000	-7.158231	-7.226899	-7.230695	-7.200762	-7.166597	-7.212316	-7.197783	-7.186049	-7.206555	-7.174941	-7.172724	-7.199406	-7.219200	-7.195766	-15.005746	-7.203076
2629.904000	-7.158225	-7.226909	-7.230711	-7.200788	-7.166602	-7.212329	-7.197770	-7.186020	-7.206564	-7.174950	-7.172721	-7.199422	-7.219215	-7.195761	-15.005796	-7.203065
2642.099000	-7.158246	-7.226906	-7.230712	-7.200798	-7.166599	-7.212324	-7.197776	-7.186003	-7.206546	-7.174941	-7.172742	-7.199406	-7.219206	-7.195758	-15.005746	-7.203061
2654.283000	-7.158229	-7.226896	-7.230729	-7.200793	-7.166588	-7.212299	-7.197776	-7.186035	-7.206571	-7.174932	-7.172746	-7.199404	-7.219220	-7.195761	-15.005774	-7.203048
2666.462000	-7.158232	-7.226910	-7.230728	-7.200764	-7.166627	-7.212325	-7.197785	-7.186020	-7.206559	-7.174937	-7.172749	-7.199400	-7.219202	-7.195745	-15.005892	-7.203078
2678.680000	-7.158215	-7.226900	-7.230731	-7.200761	-7.166619	-7.212291	-7.197793	-7.186028	-7.206550	-7.174951	-7.172749	-7.199421	-7.219202	-7.195747	-15.005905	-7.203058
2690.877000	-7.158213	-7.226908	-7.230720	-7.200770	-7.166615	-7.212297	-7.197782	-7.186025	-7.206553	-7.174934	-7.172752	-7.199411	-7.219214	-7.195751	-15.005957	-7.203047
2703.088000	-7.158218	-7.226896	-7.230736	-7.200771	-7.166601	-7.212322	-7.197781	-7.186021	-7.206538	-7.174940	-7.172752	-7.199391	-7.219196	-7.195747	-15.005878	-7.203046
2715.303000	-7.158219	-7.226907	-7.230736	-7.200763	-7.166609	-7.212306	-7.197767	-7.186034	-7.206549	-7.174928	-7.172750	-7.199401	-7.219202	-7.195747	-15.005855	-7.203051
2727.487000	-7.158225	-7.226895	-7.230731	-7.200767	-7.166598	-7.212318	-7.197782	-7.186010	-7.206537	-7.174918	-7.172739	-7.199418	-7.219197	-7.195737	-15.005867	-7.203048
2739.675000	-7.158220	-7.226906	-7.230719	-7.200756	-7.166599	-7.212322	-7.197768	-7.186029	-7.206545	-7.174932	-7.172746	-7.199404	-7.219197	-7.195732	-15.005947	-7.203044
2751.863000	-7.158225	-7.226911	-7.230740	-7.200757	-7.166619	-7.212320	-7.197777	-7.186019	-7.206544	-7.174927	-7.172750	-7.199392	-7.219203	-7.195747	-15.005870	-7.203050
2764.056000	-7.158219	-7.226892	-7.230742	-7.200753	-7.166622	-7.212307	-7.197779	-7.186024	-7.206551	-7.174929	-7.172749	-7.199411	-7.219199	-7.195736	-15.005941	-7.203064
2776.263000	-7.158216	-7.226905	-7.230722	-7.200768	-7.166612	-7.212310	-7.197781	-7.186021	-7.206554	-7.174929	-7.172753	-7.199409	-7.219200	-7.195744	-15.005680	-7.203057
2788.473000	-7.158227	-7.226896	-7.230739	-7.200769	-7.166611	-7.212310	-7.197779	-7.186027	-7.206564	-7.174919	-7.172737	-7.199417	-7.219206	-7.195746	-15.005777	-7.203052
2800.672000	-7.158221	-7.226903	-7.230742	-7.200769	-7.166612	-7.212305	-7.197778	-7.186021	-7.206550	-7.174932	-7.172719	-7.199401	-7.219188	-7.195745	-15.005673	-7.203055
2812.872000	-7.158216	-7.226911	-7.230745	-7.200769	-7.166606	-7.212320	-7.197781	-7.186020	-7.206566	-7.174918	-7.172740	-7.199405	-7.219193	-7.195744	-15.005749	-7.203059
2825.073000	-7.158226	-7.226907	-7.230719	-7.200771	-7.166619	-7.212317	-7.197784	-7.186012	-7.206569	-7.174920	-7.172744	-7.199399	-7.219197	-7.195731	-15.006067	-7.203057
2837.282000	-7.158238	-7.226914	-7.230731	-7.200774	-7.166619	-7.212325	-7.197770	-7.186009	-7.206564	-7.174920	-7.172738	-7.199410	-7.219182	-7.195757	-15.005900	-7.203049
2849.488000	-7.158237	-7.226905	-7.230729	-7.200756	-7.166616	-7.212324	-7.197771	-7.186024	-7.206549	-7.174923	-7.172734	-7.199408	-7.219177	-7.195746	-15.005930	-7.203059
2861.678000	-7.158238	-7.226901	-7.230714	-7.200754	-7.166625	-7.212322	-7.197760	-7.186000	-7.206548	-7.174928	-7.172717	-7.199404	-7.219178	-7.195756	-15.006162	-7.203059
2873.872000	-7.158228	-7.226897	-7.230712	-7.200768	-7.166597	-7.212310	-7.197775	-7.186034	-7.206544	-7.174936	-7.172736	-7.199397	-7.219186	-7.195728	-15.006136	-7.203044
2886.056000	-7.158225	-7.226903	-7.230736	-7.200756	-7.166609	-7.212307	-7.197746	-7.186034	-7.206551	-7.174926	-7.172737	-7.199414	-7.219186	-7.195723	-15.005954	-7.203058
2898.277000	-7.158218	-7.226900	-7.230718	-7.200756	-7.166610	-7.212319	-7.197764	-7.186024	-7.206560	-7.174943	-7.172724	-7.199385	-7.219186	-7.195732	-15.005936	-7.203037
2910.465000	-7.158235	-7.226899	-7.230732	-7.200764	-7.166609	-7.212317	-7.197757	-7.186022	-7.206543	-7.174951	-7.172739	-7.199408	-7.219178	-7.195753	-15.005719	-7.203036
2922.654000	-7.158216	-7.226915	-7.230734	-7.200747	-7.166606	-7.212321	-7.197757	-7.186026	-7.206552	-7.174929	-7.172732	-7.199390	-7.219183	-7.195732	-15.005870	-7.203047
2934.836000	-7.158220	-7.226916	-7.230723	-7.200777	-7.166598	-7.212308	-7.197760	-7.186020	-7.206543	-7.174934	-7.172727	-7.199395	-7.219175	-7.195742	-15.005768	-7.203042
2947.033000	-7.158207	-7.226911	-7.230737	-7.200742	-7.166603	-7.212317	-7.197765	-7.186009	-7.206558	-7.174926	-7.172730	-7.199386	-7.219186	-7.195733	-15.005825	-7.203048
2959.267000	-7.158214	-7.226875	-7.230742	-7.200749	-7.166607	-7.212320	-7.197774	-7.186004	-7.206550	-7.174923	-7.172743	-7.199381	-7.219192	-7.195735	-15.005748	-7.203042
2971.457000	-7.158214	-7.226903	-7.230732	-7.200753	-7.166597	-7.212312	-7.197756	-7.186017	-7.206543	-7.174938	-7.172748	-7.199383	-7.219188	-7.195743	-15.005819	-7.203049
2983.673000	-7.158215	-7.226903	-7.230733	-7.200750	-7.166611	-7.212322	-7.197773	-7.186017	-7.206544	-7.174935	-7.172730	-7.199382	-7.219188	-7.195726	-15.005908	-7.203037
2995.878000	-7.158215	-7.226901	-7.230739	-7.200739	-7.166608	-7.212310	-7.197765	-7.186020	-7.206527	-7.174930	-7.172723	-7.199399	-7.219202	-7.195729	-15.005824	-7.203038
3008.063000	-7.158226	-7.226887	-7.230721	-7.200753	-7.166599	-7.212324	-7.197762	-7.186023	-7.206536	-7.174927	-7.172737	-7.199390	-7.219182	-7.195730	-15.005801	-7.203051
3020.257000	-7.158217	-7.226889	-7.230728	-7.200775	-7.166612	-7.212304	-7.197780	-7.186021	-7.206542	-7.174928	-7.172730	-7.199381	-7.219192	-7.195740	-15.005857	-7.203041
3032.472000	-7.158223	-7.226898	-7.230727	-7.200762	-7.166607	-7.212297	-7.197772	-7.185999	-7.206553	-7.174913	-7.172723	-7.199382	-7.219184	-7.195744	-15.006056	-7.203054
3044.661000	-7.158210	-7.226902	-7.230735	-7.200764	-7.166596	-7.212302	-7.197770	-7.186014	-7.206545	-7.174932	-7.172728	-7.199382	-7.219184	-7.195723	-15.005807	-7.203029
3056.847000	-7.158218	-7.226892	-7.230737	-7.200765	-7.166601	-7.212297	-7.197767	-7.186013	-7.206536	-7.174935	-7.172734	-7.199384	-7.219194	-7.195734	-15.005835	-7.203028
3069.027000	-7.158215	-7.226896	-7.230727	-7.200756	-7.166603	-7.212323	-7.197774	-7.186014	-7.206552	-7.174926	-7.172748	-7.199387	-7.219187	-7.195729	-15.005797	-7.203057
3081.217000	-7.158215	-7.226897	-7.230736	-7.200757	-7.166609	-7.212319	-7.197779	-7.186018	-7.206532	-7.174921	-7.172736	-7.199398	-7.219190	-7.195737	-15.005800	-7.203047
3093.415000	-7.158215	-7.226886	-7.230725	-7.200743	-7.166610	-7.212303	-7.197777	-7.186013	-7.206548	-7.174928	-7.172726	-7.199394	-7.219202	-7.195733	-15.005837	-7.203038
3105.615000	-7.158223	-7.226883	-7.230725	-7.200760	-7.166605	-7.212306	-7.197759	-7.186018	-7.206515	-7.174936	-7.172729	-7.199387	-7.219214	-7.195749	-15.005778	-7.203054
3117.803000	-7.158205	-7.226901	-7.230725	-7.200740	-7.166612	-7.212301	-7.197777	-7.186021	-7.206535	-7.174939	-7.172726	-7.199387	-7.219178	-7.195733	-15.005677	-7.203035
3130.013000	-7.158234	-7.226905	-7.230734	-7.200744	-7.166597	-7.212293	-7.197785	-7.186018	-7.206538	-7.174926	-7.172733	-7.199395	-7.219182	-7.195711	-15.005702	-7.203050
3142.208000	-7.158215	-7.226909	-7.230727	-7.200750	-7.166599	-7.212309	-7.197771	-7.186010	-7.206551	-7.174931	-7.172717	-7.199387	-7.219174	-7.195726	-15.005747	-7.203049
3154.392000	-7.158224	-7.226891	-7.230734	-7.200736	-7.166585	-7.212299	-7.197767	-7.186015	-7.206543	-7.174932	-7.172725	-7.199387	-7.219179	-7.195728	-15.005774	-7.203046
3166.568000	-7.158210	-7.226900	-7.230734	-7.200733	-7.166611	-7.212303	-7.197781	-7.186009	-7.206548	-7.174904	-7.172709	-7.199379	-7.219198	-7.195725	-15.005845	-7.203045
3178.777000	-7.158220	-7.226897	-7.230736	-7.200741	-7.166585	-7.212317	-7.197782	-7.186015	-7.206533	-7.174923	-7.172729	-7.199382	-7.219202	-7.195713	-15.006023	-7.203032
3190.988000	-7.158216	-7.226892	-7.230751	-7.200726	-7.166594	-7.212314	-7.197784	-7.186009	-7.206525	-7.174923	-7.172715	-7.199393	-7.219184	-7.195716	-15.005727	-7.203038
3203.165000	-7.158216	-7.226889	-7.230723	-7.200726	-7.166588	-7.212292	-7.197773	-7.186017	-7.206542	-7.174919	-7.172719	-7.199398	-7.219184	-7.195714	-15.005655	-7.203047
3215.375000	-7.158230	-7.226890	-7.230736	-7.200736	-7.166600	-7.212306	-7.197780	-7.186019	-7.206543	-7.174920	-7.172715	-7.199384	-7.219192	-7.195730	-15.005816	-7.203047
3227.566000	-7.158217	-7.226877	-7.230738	-7.200716	-7.166584	-7.212291	-7.197783	-7.186008	-7.206543	-7.174926	-7.172725	-7.199399	-7.219184	-7.195718	-15.005756	-7.203043
3239.763000	-7.158216	-7.226884	-7.230735	-7.200733	-7.166593	-7.212298	-7.197758	-7.185999	-7.206549	-7.174931	-7.172722	-7.199391	-7.219188	-7.195723	-15.005789	-7.203028
3251.966000	-7.158205	-7.226891	-7.230727	-7.200728	-7.166603	-7.212306	-7.197777	-7.186017	-7.206546	-7.174935	-7.172726	-7.199391	-7.219200	-7.195727	-15.005807	-7.203029
3264.145000	-7.158216	-7.226901	-7.230738	-7.200735	-7.166601	-7.212282	-7.197766	-7.186016	-7.206543	-7.174926	-7.172730	-7.199383	-7.219193	-7.195735	-15.005510	-7.203028
3276.309000	-7.158215	-7.226904	-7.230734	-7.200723	-7.166589	-7.212299	-7.197775	-7.186009	-7.206539	-7.174928	-7.172719	-7.199395	-7.219175	-7.195734	-15.005422	-7.203036
3288.514000	-7.158215	-7.226890	-7.230743	-7.200713	-7.166581	-7.212298	-7.197792	-7.186014	-7.206526	-7.174930	-7.172721	-7.199383	-7.219175	-7.195720	-15.005537	-7.203052
3300.711000	-7.158213	-7.226897	-7.230746	-7.200731	-7.166587	-7.212307	-7.197775	-7.186016	-7.206526	-7.174916	-7.172720	-7.199388	-7.219179	-7.195718	-15.005671	-7.203034
3312.908000	-7.158212	-7.226910	-7.230738	-7.200755	-7.166592	-7.212295	-7.197763	-7.186023	-7.206534	-7.174931	-7.172717	-7.199387	-7.219173	-7.195722	-15.005687	-7.203034
3325.104000	-7.158212	-7.226900	-7.230733	-7.200721	-7.166584	-7.212307	-7.197767	-7.186014	-7.206532	-7.174921	-7.172731	-7.199386	-7.219151	-7.195723	-15.005758	-7.203034
3337.295000	-7.158197	-7.226905	-7.230735	-7.200732	-7.166605	-7.212309	-7.197754	-7.186010	-7.206519	-7.174927	-7.172738	-7.199386	-7.219172	-7.195735	-15.005689	-7.203030
3349.469000	-7.158209	-7.226907	-7.230721	-7.200749	-7.166583	-7.212304	-7.197771	-7.186010	-7.206534	-7.174918	-7.172725	-7.199402	-7.219177	-7.195725	-15.005915	-7.203020
3361.643000	-7.158203	-7.226907	-7.230731	-7.200738	-7.166613	-7.212314	-7.197756	-7.186010	-7.206518	-7.174923	-7.172735	-7.199380	-7.219176	-7.195718	-15.005633	-7.203049
3373.849000	-7.158208	-7.226908	-7.230731	-7.200724	-7.166590	-7.212307	-7.197767	-7.186018	-7.206538	-7.174925	-7.172726	-7.199387	-7.219188	-7.195740	-15.005795	-7.203043
3386.027000	-7.158208	-7.226902	-7.230728	-7.200734	-7.166600	-7.212303	-7.197767	-7.186013	-7.206530	-7.174921	-7.172726	-7.199362	-7.219178	-7.195712	-15.005703	-7.203035
3398.229000	-7.158213	-7.226904	-7.230737	-7.200722	-7.166589	-7.212309	-7.197760	-7.186007	-7.206537	-7.174930	-7.172729	-7.199380	-7.219183	-7.195721	-15.005796	-7.203021
3410.422000	-7.158211	-7.226894	-7.230725	-7.200719	-7.166598	-7.212310	-7.197760	-7.186008	-7.206531	-7.174927	-7.172725	-7.199372	-7.219185	-7.195715	-15.005788	-7.203039
3422.639000	-7.158217	-7.226906	-7.230748	-7.200703	-7.166581	-7.212307	-7.197750	-7.186014	-7.206537	-7.174911	-7.172732	-7.199377	-7.219179	-7.195719	-15.005791	-7.203023
3434.833000	-7.158217	-7.226893	-7.230716	-7.200717	-7.166586	-7.212305	-7.197769	-7.185997	-7.206547	-7.174911	-7.172731	-7.199382	-7.219163	-7.195717	-15.005593	-7.203020
3447.022000	-7.158216	-7.226908	-7.230721	-7.200703	-7.166588	-7.212309	-7.197757	-7.186013	-7.206542	-7.174918	-7.172714	-7.199380	-7.219185	-7.195728	-15.005804	-7.203018
3459.208000	-7.158217	-7.226900	-7.230730	-7.200712	-7.166586	-7.212295	-7.197768	-7.186018	-7.206541	-7.174919	-7.172738	-7.199366	-7.219177	-7.195741	-15.005625	-7.203044
3471.398000	-7.158219	-7.226891	-7.230710	-7.200723	-7.166580	-7.212318	-7.197741	-7.185993	-7.206529	-7.174904	-7.172748	-7.199392	-7.219173	-7.195725	-15.005790	-7.203050
3483.581000	-7.158212	-7.226892	-7.230734	-7.200694	-7.166576	-7.212295	-7.197768	-7.186014	-7.206521	-7.174901	-7.172730	-7.199382	-7.219182	-7.195738	-15.005702	-7.203019
3495.780000	-7.158204	-7.226893	-7.230719	-7.200730	-7.166586	-7.212313	-7.197765	-7.186012	-7.206529	-7.174914	-7.172727	-7.199370	-7.219193	-7.195738	-15.005734	-7.203028
3507.957000	-7.158199	-7.226897	-7.230722	-7.200735	-7.166595	-7.212298	-7.197774	-7.186006	-7.206519	-7.174910	-7.172727	-7.199375	-7.219179	-7.195749	-15.005380	-7.203019
3520.143000	-7.158210	-7.226892	-7.230751	-7.200726	-7.166581	-7.212308	-7.197781	-7.186016	-7.206545	-7.174903	-7.172739	-7.199363	-7.219187	-7.195712	-15.005669	-7.203011
3532.306000	-7.158216	-7.226890	-7.230743	-7.200718	-7.166590	-7.212296	-7.197758	-7.186012	-7.206536	-7.174909	-7.172744	-7.199390	-7.219192	-7.195723	-15.006025	-7.203015
3544.505000	-7.158210	-7.226883	-7.230738	-7.200705	-7.166587	-7.212298	-7.197773	-7.186011	-7.206532	-7.174915	-7.172734	-7.199378	-7.219171	-7.195737	-15.005867	-7.203024
3556.690000	-7.158225	-7.226886	-7.230732	-7.200709	-7.166585	-7.212307	-7.197765	-7.186021	-7.206533	-7.174905	-7.172722	-7.199376	-7.219180	-7.195723	-15.005619	-7.203023
3568.878000	-7.158198	-7.226891	-7.230721	-7.200692	-7.166572	-7.212286	-7.197769	-7.186009	-7.206529	-7.174918	-7.172733	-7.199379	-7.219193	-7.195717	-15.005726	-7.203023
3581.067000	-7.158215	-7.226888	-7.230711	-7.200719	-7.166582	-7.212287	-7.197744	-7.186007	-7.206525	-7.174915	-7.172724	-7.199377	-7.219198	-7.195719	-15.005598	-7.203047
3593.282000	-7.158210	-7.226878	-7.230717	-7.200694	-7.166570	-7.212306	-7.197745	-7.186005	-7.206535	-7.174903	-7.172729	-7.199385	-7.219184	-7.195728	-15.005658	-7.203025
3605.479000	-7.158203	-7.226899	-7.230721	-7.200721	-7.166581	-7.212288	-7.197753	-7.186022	-7.206550	-7.174918	-7.172743	-7.199380	-7.219190	-7.195732	-15.005797	-7.202995
3617.660000	-7.158220	-7.226876	-7.230728	-7.200693	-7.166591	-7.212288	-7.197762	-7.186001	-7.206552	-7.174911	-7.172738	-7.199382	-7.219183	-7.195726	-15.005751	-7.203017
3629.853000	-7.158205	-7.226878	-7.230714	-7.200702	-7.166572	-7.212294	-7.197756	-7.186010	-7.206555	-7.174909	-7.172738	-7.199377	-7.219183	-7.195715	-15.005825	-7.203010
3642.049000	-7.158205	-7.226883	-7.230712	-7.200716	-7.166581	-7.212288	-7.197755	-7.186013	-7.206538	-7.174900	-7.172735	-7.199370	-7.219192	-7.195723	-15.005758	-7.203027
3654.247000	-7.158211	-7.226887	-7.230716	-7.200705	-7.166592	-7.212297	-7.197745	-7.186008	-7.206543	-7.174893	-7.172737	-7.199377	-7.219176	-7.195716	-15.005819	-7.203021
3666.464000	-7.158205	-7.226878	-7.230735	-7.200708	-7.166583	-7.212301	-7.197745	-7.186021	-7.206537	-7.174894	-7.172738	-7.199380	-7.219191	-7.195727	-15.005705	-7.203025
3678.641000	-7.158211	-7.226897	-7.230726	-7.200698	-7.166579	-7.212287	-7.197740	-7.186019	-7.206549	-7.174911	-7.172730	-7.199373	-7.219176	-7.195707	-15.005740	-7.203015
3690.826000	-7.158228	-7.226879	-7.230731	-7.200704	-7.166588	-7.212287	-7.197745	-7.186012	-7.206540	-7.174910	-7.172730	-7.199386	-7.219169	-7.195728	-15.005781	-7.203020
3703.040000	-7.158229	-7.226886	-7.230737	-7.200699	-7.166589	-7.212307	-7.197738	-7.186008	-7.206531	-7.174916	-7.172743	-7.199373	-7.219179	-7.195720	-15.005715	-7.203022
3715.254000	-7.158223	-7.226864	-7.230731	-7.200699	-7.166589	-7.212302	-7.197745	-7.186013	-7.206543	-7.174914	-7.172733	-7.199394	-7.219192	-7.195723	-15.005709	-7.203024
3727.444000	-7.158218	-7.226887	-7.230732	-7.200704	-7.166588	-7.212308	-7.197739	-7.186010	-7.206546	-7.174906	-7.172729	-7.199392	-7.219182	-7.195715	-15.005633	-7.203024
3739.638000	-7.158218	-7.226881	-7.230743	-7.200686	-7.166592	-7.212312	-7.197754	-7.186026	-7.206532	-7.174901	-7.172737	-7.199383	-7.219187	-7.195716	-15.005647	-7.203024
3751.818000	-7.158212	-7.226888	-7.230734	-7.200693	-7.166584	-7.212304	-7.197753	-7.186014	-7.206522	-7.174895	-7.172730	-7.199391	-7.219183	-7.195713	-15.005713	-7.203023
3764.003000	-7.158216	-7.226882	-7.230742	-7.200712	-7.166599	-7.212301	-7.197746	-7.186019	-7.206532	-7.174909	-7.172727	-7.199391	-7.219191	-7.195712	-15.005713	-7.203023
3776.194000	-7.158202	-7.226896	-7.230732	-7.200696	-7.166579	-7.212288	-7.197761	-7.186009	-7.206530	-7.174909	-7.172730	-7.199393	-7.219184	-7.195710	-15.005764	-7.203017
3788.381000	-7.158203	-7.226887	-7.230733	-7.200696	-7.166579	-7.212290	-7.197763	-7.185999	-7.206533	-7.174914	-7.172743	-7.199381	-7.219175	-7.195717	-15.005639	-7.203015
3800.591000	-7.158211	-7.226894	-7.230742	-7.200707	-7.166576	-7.212315	-7.197760	-7.185992	-7.206529	-7.174901	-7.172735	-7.199385	-7.219197	-7.195725	-15.005723	-7.203019
3812.769000	-7.158205	-7.226891	-7.230748	-7.200717	-7.166584	-7.212318	-7.197750	-7.186008	-7.206539	-7.174905	-7.172738	-7.199379	-7.219179	-7.195725	-15.005739	-7.203021
3824.946000	-7.158209	-7.226877	-7.230724	-7.200705	-7.166580	-7.212309	-7.197760	-7.186008	-7.206540	-7.174907	-7.172735	-7.199380	-7.219175	-7.195708	-15.005810	-7.203012
3837.142000	-7.158210	-7.226872	-7.230748	-7.200714	-7.166584	-7.212303	-7.197749	-7.185992	-7.206537	-7.174912	-7.172737	-7.199386	-7.219170	-7.195732	-15.005731	-7.203022
3849.337000	-7.158197	-7.226874	-7.230744	-7.200702	-7.166601	-7.212308	-7.197750	-7.186021	-7.206533	-7.174915	-7.172731	-7.199383	-7.219173	-7.195746	-15.005856	-7.203033
3861.524000	-7.158215	-7.226892	-7.230737	-7.200707	-7.166587	-7.212315	-7.197748	-7.186013	-7.206538	-7.174916	-7.172723	-7.199404	-7.219175	-7.195733	-15.005949	-7.203039
3873.712000	-7.158220	-7.226885	-7.230712	-7.200700	-7.166587	-7.212315	-7.197746	-7.186017	-7.206533	-7.174917	-7.172733	-7.199375	-7.219184	-7.195724	-15.005813	-7.203023
3885.906000	-7.158207	-7.226894	-7.230739	-7.200712	-7.166592	-7.212308	-7.197750	-7.186006	-7.206536	-7.174904	-7.172750	-7.199392	-7.219185	-7.195717	-15.005656	-7.203022
3898.083000	-7.158216	-7.226882	-7.230728	-7.200711	-7.166587	-7.212293	-7.197746	-7.186019	-7.206549	-7.174909	-7.172734	-7.199378	-7.219182	-7.195724	-15.005794	-7.203020
3910.286000	-7.158206	-7.226876	-7.230732	-7.200726	-7.166597	-7.212311	-7.197741	-7.186005	-7.206540	-7.174912	-7.172736	-7.199395	-7.219171	-7.195743	-15.005720	-7.203011
3922.472000	-7.158202	-7.226866	-7.230739	-7.200706	-7.166594	-7.212312	-7.197758	-7.186002	-7.206550	-7.174907	-7.172731	-7.199379	-7.219180	-7.195732	-15.005804	-7.203003
3934.665000	-7.158207	-7.226897	-7.230725	-7.200700	-7.166591	-7.212291	-7.197746	-7.186018	-7.206540	-7.174919	-7.172727	-7.199400	-7.219172	-7.195728	-15.005649	-7.203017
3946.873000	-7.158206	-7.226889	-7.230724	-7.200686	-7.166589	-7.212304	-7.197756	-7.186003	-7.206534	-7.174896	-7.172752	-7.199409	-7.219176	-7.195738	-15.005733	-7.203006
3959.068000	-7.158201	-7.226891	-7.230726	-7.200707	-7.166577	-7.212296	-7.197750	-7.186014	-7.206531	-7.174901	-7.172743	-7.199397	-7.219196	-7.195717	-15.005725	-7.203030
3971.281000	-7.158218	-7.226889	-7.230736	-7.200709	-7.166584	-7.212311	-7.197742	-7.186010	-7.206532	-7.174903	-7.172750	-7.199390	-7.219177	-7.195722	-15.005731	-7.203013
3983.466000	-7.158223	-7.226887	-7.230743	-7.200718	-7.166588	-7.212309	-7.197757	-7.186017	-7.206532	-7.174913	-7.172735	-7.199395	-7.219182	-7.195710	-15.005766	-7.203016
3995.655000	-7.158213	-7.226884	-7.230732	-7.200698	-7.166598	-7.212302	-7.197747	-7.186007	-7.206537	-7.174912	-7.172746	-7.199394	-7.219184	-7.195727	-15.005625	-7.203028
4007.835000	-7.158217	-7.226887	-7.230725	-7.200704	-7.166600	-7.212296	-7.197744	-7.186009	-7.206532	-7.174913	-7.172745	-7.199395	-7.219187	-7.195724	-15.005854	-7.203026
4020.017000	-7.158212	-7.226895	-7.230725	-7.200723	-7.166590	-7.212316	-7.197752	-7.186023	-7.206538	-7.174908	-7.172737	-7.199394	-7.219186	-7.195703	-15.005877	-7.203015
4032.200000	-7.158208	-7.226883	-7.230737	-7.200698	-7.166585	-7.212285	-7.197754	-7.186009	-7.206527	-7.174919	-7.172736	-7.199400	-7.219182	-7.195728	-15.005870	-7.203026
4044.405000	-7.158209	-7.226900	-7.230729	-7.200690	-7.166579	-7.212289	-7.197735	-7.186005	-7.206528	-7.174912	-7.172740	-7.199398	-7.219175	-7.195725	-15.005672	-7.203023
4056.594000	-7.158215	-7.226873	-7.230735	-7.200720	-7.166578	-7.212289	-7.197746	-7.186013	-7.206530	-7.174909	-7.172719	-7.199391	-7.219174	-7.195727	-15.005824	-7.203012
4068.769000	-7.158233	-7.226882	-7.230724	-7.200695	-7.166592	-7.212294	-7.197752	-7.186024	-7.206533	-7.174908	-7.172716	-7.199398	-7.219174	-7.195741	-15.005640	-7.203001
4080.968000	-7.158228	-7.226879	-7.230735	-7.200707	-7.166588	-7.212307	-7.197755	-7.186023	-7.206529	-7.174912	-7.172738	-7.199396	-7.219175	-7.195737	-15.005768	-7.203020
4093.149000	-7.158206	-7.226893	-7.230749	-7.200691	-7.166590	-7.212318	-7.197742	-7.186020	-7.206537	-7.174916	-7.172738	-7.199393	-7.219164	-7.195733	-15.005561	-7.203009
4105.345000	-7.158208	-7.226891	-7.230728	-7.200720	-7.166594	-7.212304	-7.197754	-7.186013	-7.206530	-7.174915	-7.172726	-7.199390	-7.219151	-7.195729	-15.005480	-7.203001
4117.542000	-7.158215	-7.226870	-7.230734	-7.200714	-7.166590	-7.212309	-7.197759	-7.186017	-7.206530	-7.174897	-7.172712	-7.199405	-7.219172	-7.195733	-15.005735	-7.203014
4129.744000	-7.158225	-7.226894	-7.230735	-7.200704	-7.166588	-7.212299	-7.197748	-7.186004	-7.206524	-7.174916	-7.172715	-7.199377	-7.219169	-7.195732	-15.005768	-7.203011
4141.924000	-7.158213	-7.226887	-7.230721	-7.200696	-7.166594	-7.212320	-7.197749	-7.186006	-7.206540	-7.174910	-7.172723	-7.199395	-7.219170	-7.195728	-15.005785	-7.203013
4154.115000	-7.158204	-7.226894	-7.230730	-7.200709	-7.166594	-7.212298	-7.197742	-7.186021	-7.206528	-7.174923	-7.172713	-7.199387	-7.219178	-7.195740	-15.005761	-7.203010
4166.336000	-7.158197	-7.226886	-7.230728	-7.200679	-7.166594	-7.212313	-7.197766	-7.186014	-7.206531	-7.174910	-7.172726	-7.199390	-7.219179	-7.195730	-15.005538	-7.203006
4178.531000	-7.158224	-7.226883	-7.230731	-7.200686	-7.166587	-7.212290	-7.197762	-7.186011	-7.206536	-7.174920	-7.172715	-7.199394	-7.219173	-7.195720	-15.005760	-7.203004
4190.741000	-7.158216	-7.226898	-7.230722	-7.200693	-7.166596	-7.212294	-7.197759	-7.186018	-7.206535	-7.174922	-7.172739	-7.199386	-7.219179	-7.195724	-15.005596	-7.203002
4202.952000	-7.158217	-7.226868	-7.230729	-7.200704	-7.166581	-7.212312	-7.197760	-7.186015	-7.206537	-7.174912	-7.172724	-7.199398	-7.219176	-7.195722	-15.005668	-7.203010
4215.159000	-7.158233	-7.226882	-7.230725	-7.200674	-7.166580	-7.212300	-7.197750	-7.186019	-7.206534	-7.174921	-7.172721	-7.199389	-7.219171	-7.195719	-15.005805	-7.203022
4227.344000	-7.158211	-7.226904	-7.230721	-7.200687	-7.166592	-7.212291	-7.197741	-7.186007	-7.206529	-7.174929	-7.172730	-7.199371	-7.219182	-7.195719	-15.005682	-7.203023
