8.208000	-7.208735	-7.185272	-7.209618	-7.189062	-7.209926	-7.227699	-7.208048	-7.201689	-7.210481	-7.184039	-7.229430	-7.197051	-7.194734	-7.178922	-15.003957	-7.164041
20.393000	-7.208700	-7.185257	-7.209586	-7.189070	-7.209898	-7.227609	-7.208007	-7.201632	-7.210454	-7.184014	-7.229389	-7.197052	-7.194691	-7.178907	-15.004328	-7.163994
32.607000	-7.208666	-7.185231	-7.209565	-7.189048	-7.209886	-7.227573	-7.208002	-7.201607	-7.210423	-7.184004	-7.229364	-7.197028	-7.194673	-7.178888	-15.004395	-7.163974
44.819000	-7.208652	-7.185221	-7.209548	-7.189042	-7.209876	-7.227555	-7.207986	-7.201580	-7.210407	-7.184002	-7.229347	-7.197021	-7.194650	-7.178881	-15.004571	-7.163968
57.007000	-7.208624	-7.185217	-7.209546	-7.189052	-7.209880	-7.227544	-7.207953	-7.201593	-7.210426	-7.183978	-7.229330	-7.197012	-7.194636	-7.178870	-15.004545	-7.163930
69.191000	-7.208603	-7.185216	-7.209547	-7.189052	-7.209870	-7.227536	-7.207958	-7.201576	-7.210417	-7.183972	-7.229322	-7.197018	-7.194635	-7.178881	-15.004745	-7.163934
81.373000	-7.208618	-7.185208	-7.209549	-7.189042	-7.209871	-7.227544	-7.207963	-7.201582	-7.210417	-7.183974	-7.229317	-7.197013	-7.194628	-7.178872	-15.004913	-7.163933
93.562000	-7.208606	-7.185211	-7.209525	-7.189047	-7.209870	-7.227520	-7.207972	-7.201576	-7.210420	-7.183975	-7.229305	-7.197016	-7.194618	-7.178859	-15.004941	-7.163929
105.760000	-7.208608	-7.185198	-7.209539	-7.189035	-7.209887	-7.227525	-7.207960	-7.201565	-7.210408	-7.183975	-7.229313	-7.197022	-7.194627	-7.178851	-15.004802	-7.163946
117.945000	-7.208626	-7.185194	-7.209553	-7.189053	-7.209896	-7.227525	-7.207950	-7.201566	-7.210423	-7.183986	-7.229311	-7.197014	-7.194630	-7.178867	-15.004943	-7.163937
130.132000	-7.208620	-7.185228	-7.209550	-7.189043	-7.209868	-7.227538	-7.207968	-7.201591	-7.210409	-7.183976	-7.229308	-7.197012	-7.194645	-7.178901	-15.005053	-7.163959
142.338000	-7.208613	-7.185166	-7.209480	-7.189024	-7.209856	-7.227275	-7.207904	-7.201575	-7.210365	-7.183873	-7.229124	-7.196889	-7.194642	-7.178884	-15.005076	-7.163865
154.531000	-7.208502	-7.185100	-7.209354	-7.188982	-7.209788	-7.226913	-7.207744	-7.201452	-7.210199	-7.183708	-7.228802	-7.196713	-7.194554	-7.178814	-15.005161	-7.163625
166.734000	-7.208357	-7.184972	-7.209221	-7.188875	-7.209654	-7.226541	-7.207483	-7.201267	-7.210008	-7.183517	-7.228459	-7.196510	-7.194389	-7.178695	-15.005091	-7.163392
178.953000	-7.208156	-7.184835	-7.209052	-7.188739	-7.209478	-7.226171	-7.207184	-7.201062	-7.209829	-7.183306	-7.228124	-7.196344	-7.194168	-7.178619	-15.005258	-7.163154
191.153000	-7.207961	-7.184686	-7.208874	-7.188613	-7.209306	-7.225821	-7.206918	-7.200868	-7.209645	-7.183090	-7.227805	-7.196184	-7.193936	-7.178497	-15.005270	-7.162935
203.340000	-7.207785	-7.184547	-7.208724	-7.188482	-7.209117	-7.225510	-7.206625	-7.200670	-7.209508	-7.182943	-7.227522	-7.196028	-7.193707	-7.178380	-15.005628	-7.162726
215.523000	-7.207596	-7.184409	-7.208573	-7.188344	-7.208925	-7.225230	-7.206401	-7.200481	-7.209357	-7.182743	-7.227237	-7.195881	-7.193473	-7.178282	-15.005611	-7.162519
227.708000	-7.207400	-7.184287	-7.208431	-7.188230	-7.208758	-7.225013	-7.206173	-7.200338	-7.209236	-7.182597	-7.226999	-7.195765	-7.193270	-7.178179	-15.005537	-7.162319
239.896000	-7.207250	-7.184188	-7.208335	-7.188108	-7.208618	-7.224840	-7.205977	-7.200187	-7.209155	-7.182481	-7.226829	-7.195672	-7.193070	-7.178118	-15.005461	-7.162134
252.065000	-7.207106	-7.184095	-7.208213	-7.188014	-7.208507	-7.224704	-7.205807	-7.200094	-7.209074	-7.182365	-7.226681	-7.195605	-7.192873	-7.178034	-15.005644	-7.162005
264.267000	-7.206979	-7.184005	-7.208155	-7.187934	-7.208422	-7.224624	-7.205681	-7.200022	-7.209058	-7.182312	-7.226587	-7.195561	-7.192710	-7.177975	-15.005774	-7.161895
276.465000	-7.206895	-7.183973	-7.208111	-7.187902	-7.208340	-7.224549	-7.205609	-7.199970	-7.209006	-7.182240	-7.226506	-7.195520	-7.192599	-7.177942	-15.005634	-7.161824
288.695000	-7.206830	-7.183924	-7.208083	-7.187842	-7.208299	-7.224501	-7.205515	-7.199932	-7.208977	-7.182189	-7.226444	-7.195492	-7.192499	-7.177900	-15.005557	-7.161773
300.888000	-7.206758	-7.183900	-7.208063	-7.187805	-7.208267	-7.224433	-7.205459	-7.199898	-7.208954	-7.182173	-7.226401	-7.195480	-7.192440	-7.177887	-15.005577	-7.161705
313.113000	-7.206712	-7.183877	-7.208034	-7.187767	-7.208238	-7.224409	-7.205407	-7.199867	-7.208940	-7.182131	-7.226368	-7.195456	-7.192366	-7.177881	-15.005534	-7.161657
325.277000	-7.206685	-7.183854	-7.208017	-7.187731	-7.208191	-7.224386	-7.205387	-7.199862	-7.208922	-7.182125	-7.226348	-7.195447	-7.192330	-7.177857	-15.005697	-7.161636
337.482000	-7.206657	-7.183838	-7.207997	-7.187725	-7.208157	-7.224362	-7.205358	-7.199829	-7.208913	-7.182111	-7.226326	-7.195438	-7.192289	-7.177846	-15.005774	-7.161625
349.687000	-7.206615	-7.183819	-7.207994	-7.187722	-7.208152	-7.224358	-7.205332	-7.199831	-7.208902	-7.182076	-7.226318	-7.195448	-7.192257	-7.177839	-15.005881	-7.161599
361.897000	-7.206603	-7.183810	-7.207980	-7.187709	-7.208136	-7.224336	-7.205335	-7.199824	-7.208880	-7.182055	-7.226300	-7.195431	-7.192230	-7.177835	-15.005817	-7.161583
374.088000	-7.206579	-7.183783	-7.207971	-7.187689	-7.208130	-7.224312	-7.205296	-7.199835	-7.208890	-7.182067	-7.226288	-7.195441	-7.192217	-7.177833	-15.005677	-7.161571
386.288000	-7.206568	-7.183798	-7.207967	-7.187680	-7.208119	-7.224300	-7.205270	-7.199823	-7.208886	-7.182054	-7.226273	-7.195408	-7.192193	-7.177831	-15.005656	-7.161571
398.475000	-7.206552	-7.183780	-7.207965	-7.187678	-7.208093	-7.224292	-7.205273	-7.199796	-7.208881	-7.182064	-7.226275	-7.195389	-7.192193	-7.177817	-15.005524	-7.161544
410.677000	-7.206541	-7.183773	-7.207959	-7.187649	-7.208078	-7.224281	-7.205244	-7.199793	-7.208868	-7.182043	-7.226262	-7.195396	-7.192172	-7.177831	-15.005522	-7.161560
422.871000	-7.206517	-7.183783	-7.207952	-7.187647	-7.208077	-7.224269	-7.205243	-7.199778	-7.208852	-7.182044	-7.226255	-7.195389	-7.192155	-7.177815	-15.005679	-7.161538
435.062000	-7.206530	-7.183779	-7.207949	-7.187637	-7.208084	-7.224278	-7.205248	-7.199770	-7.208864	-7.182029	-7.226257	-7.195393	-7.192130	-7.177816	-15.005634	-7.161544
447.243000	-7.206510	-7.183763	-7.207952	-7.187628	-7.208070	-7.224257	-7.205234	-7.199745	-7.208851	-7.182033	-7.226238	-7.195379	-7.192125	-7.177809	-15.005860	-7.161528
459.447000	-7.206501	-7.183771	-7.207935	-7.187630	-7.208061	-7.224263	-7.205224	-7.199766	-7.208853	-7.182026	-7.226244	-7.195385	-7.192104	-7.177809	-15.005839	-7.161519
471.634000	-7.206496	-7.183761	-7.207921	-7.187621	-7.208048	-7.224247	-7.205223	-7.199758	-7.208840	-7.182010	-7.226242	-7.195392	-7.192109	-7.177810	-15.005902	-7.161514
483.829000	-7.206490	-7.183754	-7.207928	-7.187625	-7.208053	-7.224242	-7.205211	-7.199757	-7.208847	-7.182009	-7.226219	-7.195387	-7.192094	-7.177812	-15.006016	-7.161506
496.017000	-7.206474	-7.183745	-7.207922	-7.187610	-7.208071	-7.224240	-7.205211	-7.199756	-7.208847	-7.182006	-7.226226	-7.195384	-7.192070	-7.177800	-15.005786	-7.161513
508.234000	-7.206493	-7.183740	-7.207926	-7.187610	-7.208062	-7.224223	-7.205203	-7.199762	-7.208827	-7.182008	-7.226233	-7.195377	-7.192078	-7.177820	-15.005734	-7.161507
520.418000	-7.206489	-7.183754	-7.207927	-7.187595	-7.208052	-7.224218	-7.205193	-7.199754	-7.208835	-7.182006	-7.226223	-7.195385	-7.192060	-7.177810	-15.005850	-7.161491
532.611000	-7.206471	-7.183741	-7.207917	-7.187609	-7.208053	-7.224208	-7.205183	-7.199760	-7.208820	-7.181987	-7.226209	-7.195380	-7.192048	-7.177816	-15.005878	-7.161499
544.787000	-7.206476	-7.183731	-7.207919	-7.187609	-7.208041	-7.224198	-7.205171	-7.199752	-7.208825	-7.181995	-7.226226	-7.195395	-7.192060	-7.177806	-15.005814	-7.161487
556.975000	-7.206466	-7.183734	-7.207901	-7.187612	-7.208038	-7.224208	-7.205190	-7.199739	-7.208829	-7.181997	-7.226204	-7.195385	-7.192038	-7.177808	-15.005956	-7.161483
569.176000	-7.206470	-7.183716	-7.207920	-7.187608	-7.208050	-7.224211	-7.205173	-7.199750	-7.208827	-7.181985	-7.226203	-7.195381	-7.192041	-7.177790	-15.005920	-7.161478
581.348000	-7.206455	-7.183738	-7.207919	-7.187601	-7.208028	-7.224188	-7.205173	-7.199750	-7.208825	-7.181989	-7.226219	-7.195377	-7.192044	-7.177811	-15.005962	-7.161489
593.554000	-7.206446	-7.183725	-7.207900	-7.187595	-7.208045	-7.224201	-7.205184	-7.199744	-7.208820	-7.181980	-7.226200	-7.195384	-7.192015	-7.177810	-15.005787	-7.161483
605.740000	-7.206435	-7.183718	-7.207902	-7.187591	-7.208056	-7.224205	-7.205177	-7.199746	-7.208815	-7.181983	-7.226206	-7.195369	-7.192017	-7.177785	-15.005811	-7.161463
617.920000	-7.206436	-7.183737	-7.207899	-7.187581	-7.208047	-7.224186	-7.205165	-7.199763	-7.208813	-7.181987	-7.226201	-7.195372	-7.192012	-7.177787	-15.005734	-7.161481
630.086000	-7.206432	-7.183738	-7.207902	-7.187586	-7.208047	-7.224179	-7.205157	-7.199740	-7.208817	-7.181989	-7.226192	-7.195380	-7.192011	-7.177785	-15.005790	-7.161471
642.274000	-7.206424	-7.183727	-7.207896	-7.187598	-7.208029	-7.224179	-7.205162	-7.199751	-7.208825	-7.181987	-7.226210	-7.195388	-7.192005	-7.177782	-15.005791	-7.161473
654.465000	-7.206419	-7.183728	-7.207907	-7.187595	-7.208032	-7.224171	-7.205158	-7.199734	-7.208819	-7.181990	-7.226201	-7.195371	-7.192004	-7.177788	-15.005740	-7.161469
666.660000	-7.206422	-7.183723	-7.207898	-7.187587	-7.208016	-7.224185	-7.205170	-7.199742	-7.208822	-7.181963	-7.226194	-7.195376	-7.191995	-7.177775	-15.005827	-7.161471
678.867000	-7.206418	-7.183728	-7.207909	-7.187583	-7.208013	-7.224181	-7.205157	-7.199731	-7.208799	-7.181982	-7.226181	-7.195377	-7.192016	-7.177790	-15.005973	-7.161475
691.058000	-7.206421	-7.183729	-7.207889	-7.187592	-7.208026	-7.224182	-7.205166	-7.199738	-7.208802	-7.181973	-7.226182	-7.195379	-7.192014	-7.177797	-15.005893	-7.161475
703.256000	-7.206406	-7.183718	-7.207885	-7.187580	-7.208031	-7.224168	-7.205168	-7.199723	-7.208795	-7.181974	-7.226182	-7.195368	-7.192002	-7.177791	-15.005896	-7.161453
715.455000	-7.206408	-7.183712	-7.207884	-7.187593	-7.208025	-7.224173	-7.205168	-7.199734	-7.208796	-7.181964	-7.226187	-7.195374	-7.191994	-7.177769	-15.005934	-7.161455
727.646000	-7.206417	-7.183715	-7.207878	-7.187599	-7.208023	-7.224166	-7.205157	-7.199741	-7.208806	-7.181973	-7.226170	-7.195373	-7.191993	-7.177786	-15.006008	-7.161456
739.827000	-7.206408	-7.183703	-7.207886	-7.187592	-7.208016	-7.224154	-7.205163	-7.199728	-7.208802	-7.181974	-7.226159	-7.195358	-7.192004	-7.177789	-15.005954	-7.161458
752.017000	-7.206415	-7.183702	-7.207895	-7.187595	-7.208024	-7.224180	-7.205158	-7.199729	-7.208785	-7.181963	-7.226187	-7.195355	-7.191985	-7.177789	-15.005916	-7.161451
764.199000	-7.206416	-7.183705	-7.207873	-7.187604	-7.208014	-7.224145	-7.205157	-7.199731	-7.208785	-7.181959	-7.226166	-7.195353	-7.192012	-7.177788	-15.005773	-7.161458
776.400000	-7.206397	-7.183712	-7.207891	-7.187582	-7.208029	-7.224161	-7.205153	-7.199724	-7.208784	-7.181978	-7.226185	-7.195360	-7.191981	-7.177787	-15.005821	-7.161447
788.593000	-7.206405	-7.183706	-7.207872	-7.187598	-7.208024	-7.224130	-7.205159	-7.199724	-7.208795	-7.181967	-7.226195	-7.195351	-7.191987	-7.177778	-15.005927	-7.161455
800.786000	-7.206400	-7.183689	-7.207884	-7.187585	-7.208024	-7.224125	-7.205157	-7.199707	-7.208811	-7.181971	-7.226173	-7.195347	-7.191978	-7.177787	-15.006013	-7.161447
812.976000	-7.206419	-7.183694	-7.207891	-7.187580	-7.208024	-7.224141	-7.205165	-7.199713	-7.208800	-7.181970	-7.226178	-7.195359	-7.191973	-7.177777	-15.006122	-7.161456
825.169000	-7.206403	-7.183692	-7.207876	-7.187592	-7.208024	-7.224150	-7.205152	-7.199701	-7.208802	-7.181949	-7.226184	-7.195365	-7.191970	-7.177795	-15.005957	-7.161449
837.346000	-7.206405	-7.183693	-7.207884	-7.187591	-7.208008	-7.224140	-7.205145	-7.199703	-7.208795	-7.181958	-7.226188	-7.195360	-7.191986	-7.177787	-15.005971	-7.161448
849.527000	-7.206393	-7.183694	-7.207897	-7.187584	-7.208011	-7.224130	-7.205147	-7.199713	-7.208782	-7.181965	-7.226198	-7.195379	-7.191973	-7.177797	-15.005992	-7.161441
861.708000	-7.206402	-7.183690	-7.207878	-7.187580	-7.208010	-7.224139	-7.205158	-7.199690	-7.208813	-7.181956	-7.226184	-7.195367	-7.191970	-7.177781	-15.006190	-7.161440
873.872000	-7.206409	-7.183702	-7.207880	-7.187584	-7.207999	-7.224120	-7.205152	-7.199709	-7.208805	-7.181968	-7.226186	-7.195373	-7.191975	-7.177789	-15.005977	-7.161444
886.083000	-7.206406	-7.183697	-7.207881	-7.187579	-7.207982	-7.224133	-7.205141	-7.199713	-7.208801	-7.181954	-7.226186	-7.195363	-7.191968	-7.177780	-15.005858	-7.161443
898.285000	-7.206389	-7.183691	-7.207867	-7.187574	-7.207990	-7.224134	-7.205136	-7.199701	-7.208800	-7.181949	-7.226190	-7.195366	-7.191973	-7.177770	-15.005866	-7.161463
910.471000	-7.206394	-7.183685	-7.207883	-7.187569	-7.207988	-7.224132	-7.205128	-7.199715	-7.208801	-7.181949	-7.226177	-7.195364	-7.191991	-7.177791	-15.005856	-7.161445
922.654000	-7.206395	-7.183696	-7.207872	-7.187578	-7.207993	-7.224124	-7.205111	-7.199707	-7.208784	-7.181967	-7.226186	-7.195349	-7.191977	-7.177783	-15.005934	-7.161432
934.854000	-7.206401	-7.183694	-7.207889	-7.187579	-7.207992	-7.224128	-7.205115	-7.199709	-7.208787	-7.181957	-7.226191	-7.195359	-7.191984	-7.177790	-15.006003	-7.161439
947.032000	-7.206413	-7.183691	-7.207883	-7.187584	-7.208007	-7.224117	-7.205128	-7.199701	-7.208785	-7.181954	-7.226182	-7.195360	-7.191990	-7.177780	-15.005803	-7.161436
959.224000	-7.206406	-7.183684	-7.207874	-7.187588	-7.207979	-7.224123	-7.205136	-7.199705	-7.208788	-7.181955	-7.226191	-7.195355	-7.191971	-7.177776	-15.005827	-7.161438
971.406000	-7.206404	-7.183682	-7.207864	-7.187589	-7.207993	-7.224110	-7.205141	-7.199689	-7.208777	-7.181948	-7.226197	-7.195353	-7.191968	-7.177797	-15.005900	-7.161444
983.604000	-7.206404	-7.183689	-7.207888	-7.187578	-7.207997	-7.224124	-7.205143	-7.199708	-7.208786	-7.181953	-7.226174	-7.195357	-7.191951	-7.177780	-15.005940	-7.161441
995.790000	-7.206392	-7.183699	-7.207868	-7.187562	-7.207994	-7.224115	-7.205107	-7.199687	-7.208777	-7.181954	-7.226171	-7.195370	-7.191976	-7.177772	-15.005984	-7.161445
1007.973000	-7.206399	-7.183698	-7.207886	-7.187592	-7.207989	-7.224114	-7.205133	-7.199696	-7.208766	-7.181943	-7.226175	-7.195366	-7.191996	-7.177787	-15.005954	-7.161442
1020.172000	-7.206392	-7.183704	-7.207879	-7.187581	-7.207982	-7.224102	-7.205120	-7.199684	-7.208800	-7.181958	-7.226195	-7.195362	-7.191984	-7.177790	-15.006205	-7.161440
1032.372000	-7.206396	-7.183709	-7.207886	-7.187580	-7.207986	-7.224118	-7.205131	-7.199692	-7.208767	-7.181937	-7.226196	-7.195352	-7.191980	-7.177785	-15.006019	-7.161445
1044.552000	-7.206383	-7.183702	-7.207886	-7.187582	-7.207983	-7.224095	-7.205118	-7.199696	-7.208773	-7.181955	-7.226165	-7.195353	-7.191964	-7.177783	-15.006136	-7.161419
1056.725000	-7.206404	-7.183709	-7.207877	-7.187579	-7.207985	-7.224117	-7.205111	-7.199694	-7.208791	-7.181955	-7.226182	-7.195358	-7.191985	-7.177777	-15.006243	-7.161430
1068.908000	-7.206373	-7.183714	-7.207875	-7.187576	-7.207990	-7.224116	-7.205115	-7.199694	-7.208788	-7.181942	-7.226159	-7.195346	-7.191949	-7.177793	-15.006084	-7.161431
1081.129000	-7.206378	-7.183682	-7.207877	-7.187579	-7.208005	-7.224088	-7.205111	-7.199697	-7.208771	-7.181955	-7.226183	-7.195345	-7.191948	-7.177787	-15.005911	-7.161427
1093.336000	-7.206375	-7.183699	-7.207868	-7.187567	-7.207971	-7.224104	-7.205111	-7.199676	-7.208775	-7.181960	-7.226161	-7.195348	-7.191960	-7.177769	-15.006092	-7.161430
1105.513000	-7.206374	-7.183691	-7.207871	-7.187572	-7.207986	-7.224094	-7.205110	-7.199706	-7.208764	-7.181953	-7.226170	-7.195358	-7.191966	-7.177795	-15.005943	-7.161431
1117.712000	-7.206402	-7.183693	-7.207871	-7.187580	-7.207992	-7.224121	-7.205126	-7.199701	-7.208758	-7.181946	-7.226202	-7.195366	-7.191905	-7.177694	-15.006155	-7.161198
1129.924000	-7.206526	-7.183884	-7.208162	-7.187684	-7.208120	-7.225185	-7.205458	-7.199750	-7.209031	-7.182359	-7.227040	-7.195888	-7.191884	-7.177785	-15.005873	-7.161684
1142.117000	-7.206907	-7.184172	-7.208502	-7.187966	-7.208463	-7.226148	-7.206116	-7.200249	-7.209522	-7.182921	-7.227934	-7.196375	-7.192345	-7.178094	-15.005785	-7.162411
1154.312000	-7.207379	-7.184487	-7.208900	-7.188280	-7.208933	-7.226988	-7.206783	-7.200744	-7.209950	-7.183392	-7.228674	-7.196745	-7.192954	-7.178351	-15.005715	-7.163015
1166.492000	-7.207784	-7.184764	-7.209229	-7.188569	-7.209308	-7.227610	-7.207338	-7.201170	-7.210296	-7.183782	-7.229254	-7.197055	-7.193499	-7.178620	-15.005835	-7.163580
1178.703000	-7.208157	-7.185028	-7.209512	-7.188792	-7.209628	-7.228084	-7.207823	-7.201522	-7.210535	-7.184082	-7.229701	-7.197284	-7.193967	-7.178845	-15.005860	-7.164005
1190.893000	-7.208463	-7.185219	-7.209740	-7.189011	-7.209907	-7.228424	-7.208236	-7.201795	-7.210737	-7.184318	-7.230014	-7.197450	-7.194354	-7.179007	-15.005512	-7.164368
1203.078000	-7.208719	-7.185395	-7.209893	-7.189185	-7.210126	-7.228664	-7.208531	-7.201995	-7.210885	-7.184503	-7.230291	-7.197580	-7.194674	-7.179143	-15.005619	-7.164829
1215.280000	-7.208939	-7.185519	-7.210023	-7.189304	-7.210306	-7.228830	-7.208758	-7.202163	-7.211004	-7.184634	-7.230509	-7.197675	-7.194936	-7.179242	-15.005754	-7.165279
1227.464000	-7.209129	-7.185621	-7.210112	-7.189431	-7.210440	-7.228961	-7.208950	-7.202274	-7.211073	-7.184732	-7.230660	-7.197776	-7.195111	-7.179295	-15.005891	-7.165596
1239.680000	-7.209277	-7.185699	-7.210213	-7.189517	-7.210549	-7.229073	-7.209086	-7.202367	-7.211151	-7.184814	-7.230780	-7.197828	-7.195287	-7.179355	-15.005914	-7.165724
1251.863000	-7.209376	-7.185760	-7.210281	-7.189571	-7.210641	-7.229165	-7.209170	-7.202438	-7.211200	-7.184881	-7.230854	-7.197870	-7.195427	-7.179401	-15.005687	-7.165730
1264.077000	-7.209466	-7.185814	-7.210302	-7.189633	-7.210704	-7.229222	-7.209269	-7.202491	-7.211240	-7.184926	-7.230953	-7.197911	-7.195526	-7.179446	-15.005633	-7.165703
1276.275000	-7.209560	-7.185861	-7.210351	-7.189686	-7.210757	-7.229282	-7.209335	-7.202541	-7.211282	-7.184967	-7.231019	-7.197955	-7.195617	-7.179476	-15.005748	-7.165680
1288.490000	-7.209614	-7.185893	-7.210374	-7.189729	-7.210795	-7.229335	-7.209405	-7.202592	-7.211321	-7.185003	-7.231060	-7.197974	-7.195689	-7.179498	-15.005936	-7.165660
1300.664000	-7.209656	-7.185923	-7.210414	-7.189769	-7.210841	-7.229374	-7.209447	-7.202619	-7.211346	-7.185038	-7.231094	-7.198006	-7.195749	-7.179521	-15.006010	-7.165659
1312.866000	-7.209705	-7.185939	-7.210447	-7.189786	-7.210879	-7.229409	-7.209501	-7.202647	-7.211372	-7.185056	-7.231140	-7.198032	-7.195810	-7.179530	-15.005736	-7.165648
1325.081000	-7.209761	-7.185973	-7.210459	-7.189827	-7.210910	-7.229454	-7.209555	-7.202679	-7.211400	-7.185072	-7.231159	-7.198034	-7.195852	-7.179545	-15.005702	-7.165676
1337.267000	-7.209804	-7.185979	-7.210477	-7.189864	-7.210933	-7.229470	-7.209583	-7.202686	-7.211433	-7.185104	-7.231195	-7.198074	-7.195904	-7.179556	-15.005766	-7.165651
1349.456000	-7.209799	-7.185997	-7.210502	-7.189863	-7.210977	-7.229499	-7.209601	-7.202710	-7.211460	-7.185126	-7.231212	-7.198085	-7.195947	-7.179576	-15.005832	-7.165650
1361.679000	-7.209844	-7.186014	-7.210509	-7.189887	-7.210987	-7.229521	-7.209635	-7.202722	-7.211475	-7.185130	-7.231221	-7.198112	-7.195969	-7.179570	-15.005868	-7.165665
1373.862000	-7.209847	-7.186017	-7.210528	-7.189898	-7.211010	-7.229544	-7.209674	-7.202742	-7.211487	-7.185161	-7.231250	-7.198125	-7.196007	-7.179592	-15.005791	-7.165677
1386.066000	-7.209869	-7.186017	-7.210540	-7.189919	-7.211018	-7.229570	-7.209691	-7.202747	-7.211503	-7.185165	-7.231274	-7.198149	-7.196044	-7.179589	-15.005783	-7.165690
1398.278000	-7.209887	-7.186023	-7.210552	-7.189936	-7.211023	-7.229581	-7.209699	-7.202759	-7.211520	-7.185165	-7.231293	-7.198153	-7.196059	-7.179608	-15.005951	-7.165702
1410.484000	-7.209906	-7.186051	-7.210562	-7.189969	-7.211056	-7.229615	-7.209728	-7.202768	-7.211549	-7.185172	-7.231304	-7.198165	-7.196096	-7.179603	-15.005607	-7.165701
1422.669000	-7.209930	-7.186062	-7.210564	-7.189988	-7.211073	-7.229613	-7.209756	-7.202777	-7.211568	-7.185198	-7.231305	-7.198198	-7.196107	-7.179603	-15.005621	-7.165706
1434.859000	-7.209937	-7.186050	-7.210581	-7.189991	-7.211087	-7.229630	-7.209783	-7.202788	-7.211601	-7.185202	-7.231323	-7.198205	-7.196118	-7.179615	-15.005790	-7.165729
1447.033000	-7.209961	-7.186055	-7.210561	-7.189999	-7.211102	-7.229636	-7.209788	-7.202801	-7.211615	-7.185214	-7.231330	-7.198204	-7.196147	-7.179618	-15.005828	-7.165737
1459.227000	-7.209959	-7.186084	-7.210577	-7.190023	-7.211114	-7.229659	-7.209835	-7.202805	-7.211637	-7.185231	-7.231334	-7.198218	-7.196158	-7.179613	-15.005795	-7.165748
1471.400000	-7.209979	-7.186065	-7.210593	-7.190035	-7.211117	-7.229676	-7.209847	-7.202810	-7.211668	-7.185241	-7.231345	-7.198249	-7.196186	-7.179609	-15.005701	-7.165728
1483.592000	-7.209993	-7.186077	-7.210607	-7.190053	-7.211110	-7.229676	-7.209874	-7.202830	-7.211691	-7.185236	-7.231352	-7.198248	-7.196196	-7.179621	-15.005598	-7.165740
1495.794000	-7.210006	-7.186091	-7.210608	-7.190067	-7.211137	-7.229707	-7.209907	-7.202826	-7.211730	-7.185250	-7.231351	-7.198267	-7.196219	-7.179629	-15.005751	-7.165739
1507.971000	-7.210009	-7.186090	-7.210623	-7.190095	-7.211151	-7.229698	-7.209918	-7.202832	-7.211738	-7.185254	-7.231364	-7.198283	-7.196225	-7.179624	-15.005680	-7.165750
1520.138000	-7.210008	-7.186085	-7.210630	-7.190100	-7.211149	-7.229711	-7.209939	-7.202837	-7.211753	-7.185252	-7.231353	-7.198297	-7.196237	-7.179632	-15.005457	-7.165764
1532.320000	-7.210025	-7.186093	-7.210614	-7.190118	-7.211160	-7.229733	-7.209953	-7.202828	-7.211761	-7.185262	-7.231370	-7.198316	-7.196240	-7.179626	-15.005676	-7.165759
1544.526000	-7.210037	-7.186095	-7.210629	-7.190131	-7.211167	-7.229751	-7.209986	-7.202835	-7.211794	-7.185278	-7.231384	-7.198357	-7.196245	-7.179626	-15.005737	-7.165764
1556.738000	-7.210030	-7.186102	-7.210609	-7.190159	-7.211173	-7.229735	-7.210003	-7.202846	-7.211786	-7.185284	-7.231371	-7.198348	-7.196254	-7.179642	-15.005768	-7.165766
1568.917000	-7.210042	-7.186100	-7.210614	-7.190181	-7.211175	-7.229751	-7.210014	-7.202850	-7.211824	-7.185276	-7.231370	-7.198355	-7.196251	-7.179638	-15.005858	-7.165774
1581.082000	-7.210053	-7.186124	-7.210634	-7.190199	-7.211184	-7.229755	-7.210047	-7.202858	-7.211838	-7.185292	-7.231385	-7.198373	-7.196270	-7.179633	-15.005730	-7.165774
1593.276000	-7.210064	-7.186130	-7.210647	-7.190210	-7.211199	-7.229757	-7.210064	-7.202856	-7.211844	-7.185300	-7.231382	-7.198378	-7.196274	-7.179639	-15.005628	-7.165784
1605.489000	-7.210059	-7.186137	-7.210633	-7.190212	-7.211210	-7.229761	-7.210080	-7.202861	-7.211859	-7.185303	-7.231397	-7.198393	-7.196293	-7.179636	-15.005624	-7.165776
1617.677000	-7.210049	-7.186136	-7.210651	-7.190226	-7.211216	-7.229792	-7.210103	-7.202874	-7.211884	-7.185291	-7.231413	-7.198378	-7.196301	-7.179651	-15.005715	-7.165790
1629.878000	-7.210056	-7.186131	-7.210654	-7.190237	-7.211213	-7.229791	-7.210114	-7.202851	-7.211888	-7.185322	-7.231405	-7.198397	-7.196296	-7.179648	-15.005644	-7.165804
1642.086000	-7.210072	-7.186136	-7.210654	-7.190246	-7.211219	-7.229800	-7.210131	-7.202865	-7.211895	-7.185308	-7.231419	-7.198412	-7.196306	-7.179657	-15.005831	-7.165789
1654.281000	-7.210081	-7.186132	-7.210647	-7.190263	-7.211235	-7.229793	-7.210144	-7.202869	-7.211904	-7.185307	-7.231406	-7.198412	-7.196319	-7.179642	-15.005667	-7.165805
1666.477000	-7.210068	-7.186127	-7.210639	-7.190278	-7.211233	-7.229817	-7.210159	-7.202884	-7.211905	-7.185305	-7.231418	-7.198415	-7.196320	-7.179660	-15.005802	-7.165801
1678.681000	-7.210080	-7.186133	-7.210664	-7.190286	-7.211243	-7.229825	-7.210165	-7.202870	-7.211916	-7.185325	-7.231411	-7.198426	-7.196333	-7.179653	-15.005716	-7.165813
1690.858000	-7.210098	-7.186117	-7.210658	-7.190290	-7.211262	-7.229807	-7.210183	-7.202874	-7.211918	-7.185320	-7.231414	-7.198423	-7.196332	-7.179644	-15.005637	-7.165811
1703.053000	-7.210104	-7.186142	-7.210659	-7.190294	-7.211277	-7.229827	-7.210188	-7.202892	-7.211931	-7.185339	-7.231416	-7.198446	-7.196351	-7.179642	-15.005883	-7.165821
1715.253000	-7.210103	-7.186149	-7.210646	-7.190305	-7.211249	-7.229825	-7.210204	-7.202889	-7.211927	-7.185342	-7.231412	-7.198433	-7.196350	-7.179643	-15.005716	-7.165818
1727.462000	-7.210109	-7.186151	-7.210658	-7.190320	-7.211265	-7.229833	-7.210222	-7.202881	-7.211944	-7.185342	-7.231417	-7.198447	-7.196346	-7.179653	-15.005546	-7.165807
1739.643000	-7.210107	-7.186129	-7.210664	-7.190328	-7.211273	-7.229831	-7.210221	-7.202883	-7.211949	-7.185353	-7.231434	-7.198447	-7.196356	-7.179660	-15.005602	-7.165810
1751.836000	-7.210104	-7.186150	-7.210657	-7.190342	-7.211287	-7.229839	-7.210229	-7.202880	-7.211961	-7.185335	-7.231439	-7.198455	-7.196367	-7.179657	-15.005574	-7.165806
1764.020000	-7.210127	-7.186156	-7.210665	-7.190338	-7.211277	-7.229845	-7.210245	-7.202887	-7.211960	-7.185345	-7.231429	-7.198465	-7.196370	-7.179659	-15.005584	-7.165819
1776.221000	-7.210130	-7.186158	-7.210676	-7.190355	-7.211285	-7.229850	-7.210246	-7.202883	-7.211970	-7.185360	-7.231440	-7.198474	-7.196368	-7.179653	-15.005623	-7.165820
1788.431000	-7.210135	-7.186154	-7.210650	-7.190362	-7.211290	-7.229852	-7.210259	-7.202880	-7.211970	-7.185345	-7.231456	-7.198493	-7.196362	-7.179667	-15.005590	-7.165832
1800.623000	-7.210127	-7.186148	-7.210676	-7.190371	-7.211300	-7.229860	-7.210264	-7.202887	-7.211979	-7.185360	-7.231468	-7.198483	-7.196372	-7.179668	-15.005623	-7.165815
1812.811000	-7.210120	-7.186152	-7.210671	-7.190380	-7.211315	-7.229850	-7.210275	-7.202908	-7.211981	-7.185362	-7.231437	-7.198474	-7.196374	-7.179661	-15.005381	-7.165829
1825.020000	-7.210136	-7.186158	-7.210669	-7.190382	-7.211319	-7.229865	-7.210264	-7.202887	-7.212004	-7.185363	-7.231457	-7.198493	-7.196389	-7.179666	-15.005633	-7.165839
1837.221000	-7.210130	-7.186158	-7.210669	-7.190382	-7.211300	-7.229872	-7.210274	-7.202915	-7.211999	-7.185353	-7.231455	-7.198511	-7.196382	-7.179665	-15.005503	-7.165821
1849.408000	-7.210144	-7.186156	-7.210673	-7.190391	-7.211321	-7.229872	-7.210290	-7.202898	-7.212004	-7.185365	-7.231456	-7.198513	-7.196391	-7.179664	-15.005497	-7.165837
1861.601000	-7.210135	-7.186153	-7.210687	-7.190409	-7.211340	-7.229872	-7.210295	-7.202900	-7.211992	-7.185363	-7.231458	-7.198502	-7.196398	-7.179669	-15.005662	-7.165838
1873.780000	-7.210136	-7.186149	-7.210684	-7.190398	-7.211346	-7.229885	-7.210308	-7.202896	-7.211998	-7.185374	-7.231464	-7.198521	-7.196406	-7.179675	-15.005534	-7.165840
1885.970000	-7.210128	-7.186157	-7.210671	-7.190415	-7.211330	-7.229894	-7.210331	-7.202901	-7.212005	-7.185382	-7.231457	-7.198508	-7.196388	-7.179690	-15.005602	-7.165844
1898.175000	-7.210134	-7.186170	-7.210657	-7.190418	-7.211350	-7.229897	-7.210308	-7.202911	-7.212026	-7.185377	-7.231467	-7.198505	-7.196388	-7.179661	-15.005728	-7.165842
1910.361000	-7.210133	-7.186168	-7.210691	-7.190404	-7.211340	-7.229899	-7.210323	-7.202902	-7.212015	-7.185388	-7.231459	-7.198518	-7.196395	-7.179666	-15.005511	-7.165838
1922.541000	-7.210146	-7.186163	-7.210707	-7.190420	-7.211353	-7.229898	-7.210328	-7.202909	-7.212031	-7.185395	-7.231473	-7.198521	-7.196400	-7.179669	-15.005472	-7.165858
1934.722000	-7.210157	-7.186155	-7.210699	-7.190426	-7.211367	-7.229916	-7.210339	-7.202907	-7.212024	-7.185394	-7.231462	-7.198528	-7.196406	-7.179656	-15.005748	-7.165860
1946.917000	-7.210157	-7.186158	-7.210691	-7.190444	-7.211366	-7.229921	-7.210343	-7.202914	-7.212033	-7.185400	-7.231457	-7.198527	-7.196395	-7.179668	-15.005695	-7.165864
1959.104000	-7.210163	-7.186150	-7.210700	-7.190423	-7.211375	-7.229922	-7.210347	-7.202926	-7.212043	-7.185397	-7.231468	-7.198538	-7.196436	-7.179675	-15.005642	-7.165846
1971.292000	-7.210151	-7.186153	-7.210688	-7.190426	-7.211383	-7.229936	-7.210359	-7.202904	-7.212051	-7.185406	-7.231475	-7.198538	-7.196434	-7.179663	-15.005509	-7.165849
1983.489000	-7.210148	-7.186158	-7.210686	-7.190447	-7.211385	-7.229911	-7.210365	-7.202902	-7.212053	-7.185416	-7.231487	-7.198548	-7.196407	-7.179672	-15.005479	-7.165872
1995.679000	-7.210149	-7.186161	-7.210699	-7.190440	-7.211382	-7.229926	-7.210378	-7.202912	-7.212071	-7.185407	-7.231479	-7.198558	-7.196419	-7.179668	-15.005548	-7.165862
2007.868000	-7.210159	-7.186179	-7.210706	-7.190457	-7.211394	-7.229949	-7.210387	-7.202915	-7.212055	-7.185420	-7.231475	-7.198562	-7.196437	-7.179682	-15.005570	-7.165853
2020.056000	-7.210163	-7.186162	-7.210695	-7.190449	-7.211394	-7.229930	-7.210387	-7.202903	-7.212065	-7.185400	-7.231473	-7.198561	-7.196416	-7.179684	-15.005742	-7.165849
2032.241000	-7.210134	-7.186171	-7.210707	-7.190470	-7.211400	-7.229925	-7.210393	-7.202909	-7.212057	-7.185419	-7.231463	-7.198530	-7.196418	-7.179705	-15.005524	-7.165862
2044.439000	-7.210125	-7.186136	-7.210630	-7.190432	-7.211346	-7.229584	-7.210313	-7.202897	-7.211857	-7.185266	-7.231222	-7.198297	-7.196431	-7.179694	-15.005609	-7.165697
2056.652000	-7.209984	-7.186049	-7.210549	-7.190276	-7.211171	-7.229146	-7.209958	-7.202734	-7.211365	-7.185043	-7.230893	-7.197887	-7.196308	-7.179570	-15.005547	-7.165528
2068.837000	-7.209791	-7.185916	-7.210344	-7.189969	-7.210942	-7.228751	-7.209480	-7.202510	-7.211133	-7.184839	-7.230589	-7.197666	-7.196116	-7.179434	-15.005652	-7.165586
2081.030000	-7.209605	-7.185769	-7.210148	-7.189756	-7.210756	-7.228441	-7.209172	-7.202281	-7.210945	-7.184666	-7.230320	-7.197508	-7.195889	-7.179314	-15.005853	-7.165535
2093.225000	-7.209470	-7.185676	-7.210021	-7.189622	-7.210582	-7.228213	-7.208911	-7.202112	-7.210822	-7.184520	-7.230120	-7.197385	-7.195698	-7.179221	-15.005604	-7.165161
2105.405000	-7.209331	-7.185590	-7.209914	-7.189491	-7.210453	-7.228083	-7.208724	-7.201984	-7.210726	-7.184405	-7.229955	-7.197313	-7.195529	-7.179159	-15.005975	-7.164840
2117.593000	-7.209191	-7.185534	-7.209858	-7.189420	-7.210328	-7.227983	-7.208578	-7.201918	-7.210661	-7.184338	-7.229820	-7.197259	-7.195372	-7.179099	-15.005618	-7.164614
2129.774000	-7.209108	-7.185456	-7.209784	-7.189365	-7.210267	-7.227890	-7.208483	-7.201824	-7.210619	-7.184271	-7.229727	-7.197206	-7.195251	-7.179058	-15.005804	-7.164463
2141.986000	-7.209039	-7.185432	-7.209734	-7.189290	-7.210202	-7.227826	-7.208387	-7.201787	-7.210592	-7.184225	-7.229658	-7.197173	-7.195167	-7.179038	-15.005886	-7.164359
2154.182000	-7.209003	-7.185394	-7.209724	-7.189274	-7.210141	-7.227796	-7.208316	-7.201743	-7.210561	-7.184196	-7.229596	-7.197149	-7.195084	-7.178989	-15.005822	-7.164295
2166.382000	-7.208938	-7.185377	-7.209701	-7.189249	-7.210107	-7.227779	-7.208269	-7.201731	-7.210534	-7.184169	-7.229553	-7.197127	-7.195032	-7.178977	-15.005740	-7.164241
2178.568000	-7.208914	-7.185349	-7.209656	-7.189208	-7.210070	-7.227730	-7.208239	-7.201699	-7.210524	-7.184144	-7.229524	-7.197115	-7.194992	-7.178956	-15.005670	-7.164204
2190.758000	-7.208881	-7.185331	-7.209649	-7.189197	-7.210063	-7.227727	-7.208229	-7.201685	-7.210519	-7.184137	-7.229504	-7.197105	-7.194936	-7.178950	-15.005753	-7.164175
2202.940000	-7.208850	-7.185316	-7.209641	-7.189164	-7.210053	-7.227692	-7.208189	-7.201699	-7.210495	-7.184134	-7.229486	-7.197093	-7.194896	-7.178938	-15.005553	-7.164153
2215.122000	-7.208832	-7.185311	-7.209638	-7.189145	-7.210028	-7.227695	-7.208181	-7.201656	-7.210499	-7.184110	-7.229466	-7.197084	-7.194876	-7.178939	-15.005635	-7.164124
2227.300000	-7.208811	-7.185287	-7.209621	-7.189143	-7.210030	-7.227672	-7.208143	-7.201664	-7.210487	-7.184073	-7.229464	-7.197081	-7.194843	-7.178936	-15.005606	-7.164108
2239.498000	-7.208792	-7.185293	-7.209627	-7.189134	-7.210009	-7.227655	-7.208144	-7.201656	-7.210478	-7.184082	-7.229439	-7.197076	-7.194819	-7.178928	-15.005744	-7.164101
2251.702000	-7.208782	-7.185279	-7.209625	-7.189117	-7.210000	-7.227643	-7.208133	-7.201653	-7.210492	-7.184072	-7.229426	-7.197068	-7.194819	-7.178934	-15.005796	-7.164078
2263.857000	-7.208784	-7.185285	-7.209599	-7.189111	-7.209991	-7.227640	-7.208115	-7.201645	-7.210473	-7.184065	-7.229437	-7.197057	-7.194801	-7.178926	-15.005788	-7.164075
2276.034000	-7.208771	-7.185269	-7.209614	-7.189105	-7.209970	-7.227631	-7.208111	-7.201636	-7.210479	-7.184063	-7.229426	-7.197060	-7.194779	-7.178914	-15.005747	-7.164070
2288.227000	-7.208765	-7.185284	-7.209601	-7.189086	-7.209976	-7.227630	-7.208111	-7.201618	-7.210473	-7.184054	-7.229409	-7.197059	-7.194776	-7.178903	-15.005650	-7.164048
2300.411000	-7.208747	-7.185278	-7.209609	-7.189103	-7.209974	-7.227618	-7.208098	-7.201630	-7.210465	-7.184041	-7.229395	-7.197052	-7.194777	-7.178907	-15.005747	-7.164064
2312.601000	-7.208748	-7.185271	-7.209600	-7.189090	-7.209965	-7.227609	-7.208080	-7.201621	-7.210478	-7.184048	-7.229408	-7.197041	-7.194754	-7.178919	-15.005870	-7.164047
2324.795000	-7.208737	-7.185286	-7.209612	-7.189082	-7.209968	-7.227616	-7.208078	-7.201614	-7.210471	-7.184048	-7.229408	-7.197054	-7.194752	-7.178918	-15.005892	-7.164038
2336.998000	-7.208751	-7.185276	-7.209598	-7.189080	-7.209961	-7.227599	-7.208073	-7.201610	-7.210463	-7.184030	-7.229410	-7.197043	-7.194752	-7.178913	-15.005894	-7.164046
2349.197000	-7.208727	-7.185262	-7.209591	-7.189104	-7.209950	-7.227598	-7.208079	-7.201624	-7.210463	-7.184026	-7.229387	-7.197042	-7.194748	-7.178912	-15.005742	-7.164031
2361.408000	-7.208722	-7.185256	-7.209578	-7.189078	-7.209932	-7.227590	-7.208073	-7.201620	-7.210470	-7.184030	-7.229390	-7.197056	-7.194710	-7.178922	-15.005739	-7.164024
2373.584000	-7.208714	-7.185263	-7.209585	-7.189100	-7.209942	-7.227584	-7.208051	-7.201620	-7.210452	-7.184018	-7.229404	-7.197050	-7.194716	-7.178923	-15.005557	-7.164014
2385.774000	-7.208700	-7.185242	-7.209586	-7.189075	-7.209950	-7.227585	-7.208048	-7.201620	-7.210452	-7.184016	-7.229388	-7.197038	-7.194707	-7.178895	-15.005701	-7.164002
2397.970000	-7.208690	-7.185252	-7.209593	-7.189072	-7.209941	-7.227567	-7.208049	-7.201622	-7.210464	-7.184031	-7.229400	-7.197056	-7.194714	-7.178889	-15.005729	-7.164011
2410.152000	-7.208698	-7.185221	-7.209582	-7.189072	-7.209939	-7.227574	-7.208063	-7.201609	-7.210459	-7.184026	-7.229386	-7.197050	-7.194702	-7.178896	-15.005782	-7.164003
2422.341000	-7.208699	-7.185238	-7.209577	-7.189057	-7.209929	-7.227583	-7.208050	-7.201606	-7.210443	-7.184016	-7.229389	-7.197041	-7.194706	-7.178901	-15.005878	-7.164023
2434.529000	-7.208678	-7.185245	-7.209574	-7.189066	-7.209941	-7.227569	-7.208039	-7.201601	-7.210455	-7.184027	-7.229383	-7.197042	-7.194698	-7.178894	-15.005977	-7.164015
2446.729000	-7.208689	-7.185235	-7.209567	-7.189071	-7.209923	-7.227602	-7.208033	-7.201621	-7.210441	-7.184009	-7.229370	-7.197038	-7.194682	-7.178881	-15.005914	-7.164027
2458.910000	-7.208682	-7.185246	-7.209573	-7.189063	-7.209930	-7.227583	-7.208053	-7.201599	-7.210448	-7.184003	-7.229387	-7.197038	-7.194683	-7.178879	-15.005856	-7.164011
2471.124000	-7.208675	-7.185232	-7.209567	-7.189062	-7.209931	-7.227585	-7.208039	-7.201599	-7.210447	-7.183985	-7.229380	-7.197019	-7.194679	-7.178891	-15.006018	-7.164013
2483.323000	-7.208693	-7.185228	-7.209575	-7.189069	-7.209949	-7.227576	-7.208025	-7.201604	-7.210449	-7.183999	-7.229372	-7.197037	-7.194674	-7.178878	-15.005922	-7.164016
2495.492000	-7.208695	-7.185237	-7.209558	-7.189066	-7.209935	-7.227568	-7.208040	-7.201597	-7.210427	-7.183994	-7.229371	-7.197028	-7.194681	-7.178882	-15.005939	-7.164008
2507.702000	-7.208685	-7.185235	-7.209566	-7.189069	-7.209949	-7.227567	-7.208021	-7.201618	-7.210449	-7.184012	-7.229383	-7.197039	-7.194696	-7.178891	-15.006044	-7.164016
2519.899000	-7.208684	-7.185242	-7.209565	-7.189084	-7.209940	-7.227563	-7.208037	-7.201607	-7.210440	-7.184002	-7.229380	-7.197027	-7.194688	-7.178884	-15.006261	-7.164000
2532.088000	-7.208676	-7.185225	-7.209571	-7.189062	-7.209937	-7.227565	-7.208030	-7.201623	-7.210443	-7.184002	-7.229371	-7.197030	-7.194669	-7.178885	-15.005892	-7.163985
2544.274000	-7.208685	-7.185214	-7.209582	-7.189076	-7.209936	-7.227563	-7.208033	-7.201595	-7.210447	-7.184000	-7.229381	-7.197028	-7.194679	-7.178876	-15.005957	-7.163995
2556.516000	-7.208666	-7.185225	-7.209565	-7.189054	-7.209933	-7.227567	-7.208043	-7.201608	-7.210442	-7.184017	-7.229377	-7.197031	-7.194651	-7.178890	-15.006156	-7.163991
2568.711000	-7.208669	-7.185222	-7.209567	-7.189048	-7.209920	-7.227559	-7.208039	-7.201605	-7.210439	-7.184002	-7.229382	-7.197037	-7.194667	-7.178887	-15.006039	-7.163986
2580.912000	-7.208668	-7.185216	-7.209561	-7.189045	-7.209917	-7.227566	-7.208038	-7.201584	-7.210435	-7.183994	-7.229377	-7.197037	-7.194659	-7.178895	-15.005988	-7.163982
2593.098000	-7.208682	-7.185217	-7.209562	-7.189049	-7.209925	-7.227543	-7.208031	-7.201604	-7.210440	-7.184008	-7.229369	-7.197028	-7.194668	-7.178883	-15.005803	-7.163986
2605.267000	-7.208664	-7.185231	-7.209561	-7.189066	-7.209933	-7.227564	-7.208028	-7.201600	-7.210439	-7.184003	-7.229378	-7.197029	-7.194666	-7.178883	-15.005966	-7.163988
2617.472000	-7.208666	-7.185231	-7.209569	-7.189057	-7.209942	-7.227575	-7.208025	-7.201596	-7.210439	-7.183989	-7.229380	-7.197014	-7.194663	-7.178900	-15.005986	-7.163986
2629.662000	-7.208677	-7.185210	-7.209555	-7.189053	-7.209926	-7.227549	-7.208034	-7.201608	-7.210434	-7.183995	-7.229378	-7.197019	-7.194663	-7.178895	-15.005886	-7.163985
2641.856000	-7.208670	-7.185217	-7.209565	-7.189054	-7.209926	-7.227565	-7.208022	-7.201580	-7.210431	-7.183992	-7.229382	-7.197035	-7.194662	-7.178902	-15.005962	-7.163977
2654.041000	-7.208657	-7.185218	-7.209570	-7.189053	-7.209908	-7.227555	-7.208022	-7.201590	-7.210436	-7.183988	-7.229353	-7.197037	-7.194646	-7.178894	-15.005975	-7.163984
2666.222000	-7.208653	-7.185223	-7.209584	-7.189053	-7.209918	-7.227578	-7.208015	-7.201587	-7.210434	-7.184000	-7.229354	-7.197036	-7.194639	-7.178910	-15.005840	-7.163978
2678.417000	-7.208657	-7.185221	-7.209548	-7.189071	-7.209916	-7.227555	-7.208015	-7.201602	-7.210455	-7.183985	-7.229351	-7.197035	-7.194647	-7.178900	-15.005954	-7.163987
2690.609000	-7.208656	-7.185215	-7.209554	-7.189052	-7.209905	-7.227551	-7.208029	-7.201599	-7.210463	-7.183998	-7.229353	-7.197018	-7.194639	-7.178894	-15.006180	-7.163977
2702.810000	-7.208653	-7.185215	-7.209558	-7.189063	-7.209905	-7.227560	-7.208024	-7.201597	-7.210444	-7.183986	-7.229357	-7.197016	-7.194630	-7.178904	-15.006045	-7.163990
2715.039000	-7.208677	-7.185225	-7.209553	-7.189068	-7.209916	-7.227553	-7.208018	-7.201583	-7.210445	-7.183996	-7.229346	-7.197029	-7.194633	-7.178896	-15.006087	-7.163986
2727.242000	-7.208672	-7.185209	-7.209547	-7.189057	-7.209907	-7.227561	-7.208022	-7.201604	-7.210438	-7.183996	-7.229365	-7.197015	-7.194629	-7.178881	-15.005930	-7.163994
2739.454000	-7.208674	-7.185214	-7.209539	-7.189048	-7.209925	-7.227544	-7.208021	-7.201603	-7.210441	-7.183996	-7.229339	-7.197010	-7.194638	-7.178878	-15.005836	-7.163993
2751.650000	-7.208660	-7.185209	-7.209552	-7.189043	-7.209913	-7.227537	-7.208016	-7.201599	-7.210439	-7.183980	-7.229344	-7.197016	-7.194634	-7.178882	-15.005896	-7.163988
2763.848000	-7.208655	-7.185205	-7.209565	-7.189036	-7.209911	-7.227563	-7.208008	-7.201595	-7.210439	-7.183985	-7.229348	-7.197004	-7.194646	-7.178893	-15.006114	-7.163973
2776.043000	-7.208662	-7.185209	-7.209542	-7.189053	-7.209912	-7.227541	-7.208011	-7.201601	-7.210428	-7.183984	-7.229341	-7.196998	-7.194646	-7.178885	-15.006110	-7.163971
2788.238000	-7.208653	-7.185207	-7.209554	-7.189061	-7.209924	-7.227551	-7.208019	-7.201586	-7.210434	-7.183976	-7.229348	-7.197006	-7.194637	-7.178889	-15.005871	-7.163986
2800.450000	-7.208652	-7.185201	-7.209546	-7.189052	-7.209926	-7.227542	-7.208016	-7.201611	-7.210419	-7.183990	-7.229335	-7.197012	-7.194644	-7.178897	-15.006072	-7.163973
2812.640000	-7.208642	-7.185206	-7.209538	-7.189045	-7.209931	-7.227559	-7.208003	-7.201590	-7.210436	-7.183999	-7.229354	-7.197020	-7.194645	-7.178898	-15.005921	-7.163968
2824.853000	-7.208633	-7.185211	-7.209547	-7.189050	-7.209921	-7.227551	-7.208026	-7.201592	-7.210440	-7.183980	-7.229352	-7.197030	-7.194653	-7.178889	-15.006229	-7.163989
2837.043000	-7.208639	-7.185224	-7.209558	-7.189038	-7.209921	-7.227565	-7.208006	-7.201594	-7.210415	-7.183983	-7.229364	-7.197017	-7.194651	-7.178911	-15.005808	-7.163967
2849.236000	-7.208660	-7.185203	-7.209551	-7.189038	-7.209922	-7.227556	-7.208018	-7.201583	-7.210432	-7.183972	-7.229352	-7.197015	-7.194633	-7.178895	-15.005743	-7.163969
2861.427000	-7.208656	-7.185207	-7.209559	-7.189035	-7.209919	-7.227554	-7.208021	-7.201600	-7.210446	-7.183984	-7.229357	-7.197020	-7.194631	-7.178902	-15.005968	-7.163974
2873.614000	-7.208641	-7.185201	-7.209560	-7.189060	-7.209918	-7.227542	-7.208014	-7.201616	-7.210444	-7.183984	-7.229352	-7.197009	-7.194617	-7.178924	-15.005863	-7.163960
2885.789000	-7.208654	-7.185225	-7.209553	-7.189050	-7.209918	-7.227540	-7.208015	-7.201593	-7.210421	-7.183976	-7.229365	-7.197022	-7.194641	-7.178902	-15.005787	-7.163963
2897.998000	-7.208641	-7.185214	-7.209556	-7.189058	-7.209933	-7.227537	-7.208002	-7.201587	-7.210434	-7.183986	-7.229347	-7.197023	-7.194628	-7.178896	-15.005863	-7.163972
2910.198000	-7.208639	-7.185200	-7.209543	-7.189048	-7.209932	-7.227553	-7.208009	-7.201584	-7.210430	-7.183973	-7.229357	-7.197025	-7.194638	-7.178896	-15.005742	-7.163970
2922.381000	-7.208633	-7.185191	-7.209544	-7.189036	-7.209912	-7.227554	-7.208014	-7.201589	-7.210424	-7.183967	-7.229356	-7.197016	-7.194645	-7.178895	-15.005858	-7.163985
2934.573000	-7.208644	-7.185194	-7.209525	-7.189037	-7.209918	-7.227556	-7.208022	-7.201594	-7.210426	-7.183961	-7.229363	-7.197029	-7.194621	-7.178907	-15.005849	-7.163962
	-7.208649															
