0.177000	-2.168255	-7.029692	-7.026075	-7.022134	-7.025857	-7.023237	-7.022341	-7.024562	-7.020059	-6.294571	-6.282814	-6.287256	-6.315282	-6.308591	NaN	-6.283885
10.359000	-2.168738	-7.030883	-7.026351	-7.023785	-7.025052	-7.021448	-7.022359	-7.024366	-7.021318	-6.294578	-6.282216	-6.287466	-6.315272	-6.308091	NaN	-6.283388
20.537000	-2.168680	-7.031438	-7.026423	-7.023753	-7.024823	-7.022962	-7.022258	-7.024725	-7.021173	-6.294106	-6.282205	-6.287716	-6.315264	-6.307938	NaN	-6.283721
30.717000	-2.168636	-7.030313	-7.026801	-7.022987	-7.024725	-7.022403	-7.022112	-7.024874	-7.021096	-6.294055	-6.281893	-6.288478	-6.315275	-6.308283	NaN	-6.283703
40.897000	-2.168020	-7.030600	-7.025476	-7.023978	-7.024525	-7.021993	-7.022435	-7.024446	-7.021764	-6.293645	-6.282266	-6.287531	-6.315500	-6.307768	NaN	-6.283384
51.077000	-2.168495	-7.029983	-7.025614	-7.022642	-7.024507	-7.022664	-7.021467	-7.025708	-7.021383	-6.294502	-6.282894	-6.288758	-6.314397	-6.307757	NaN	-6.282760
61.257000	-2.168016	-7.030879	-7.026010	-7.023549	-7.024348	-7.022562	-7.021822	-7.025026	-7.021594	-6.293936	-6.282412	-6.288065	-6.314626	-6.307982	NaN	-6.283649
71.437000	-2.169046	-7.030988	-7.025382	-7.023665	-7.025273	-7.022693	-7.021855	-7.025171	-7.021046	-6.293954	-6.281494	-6.288061	-6.315707	-6.307916	NaN	-6.283616
81.617000	-2.169533	-7.031122	-7.025933	-7.023680	-7.024616	-7.022718	-7.021082	-7.025255	-7.020991	-6.293983	-6.282571	-6.288079	-6.314800	-6.307953	NaN	-6.283674
91.797000	-2.169282	-7.030919	-7.026129	-7.023607	-7.024627	-7.022610	-7.022011	-7.025026	-7.020951	-6.293972	-6.282335	-6.288036	-6.315319	-6.307982	NaN	-6.283598
101.977000	-2.169115	-7.031271	-7.026354	-7.023092	-7.024573	-7.022566	-7.022359	-7.025491	-7.020215	-6.294215	-6.282778	-6.288798	-6.315565	-6.307144	NaN	-6.284008
112.157000	-2.168894	-7.031452	-7.025425	-7.022798	-7.023687	-7.021492	-7.021757	-7.025745	-7.021768	-6.293069	-6.282992	-6.288065	-6.315928	-6.307728	NaN	-6.282651
122.347000	-2.170153	-7.031870	-7.026035	-7.022936	-7.023684	-7.022642	-7.022200	-7.024017	-7.021982	-6.294865	-6.281602	-6.287579	-6.315631	-6.308599	NaN	-6.284055
132.527000	-2.169326	-7.030817	-7.025955	-7.023916	-7.024351	-7.022889	-7.021793	-7.024547	-7.020697	-6.294378	-6.282321	-6.287372	-6.315297	-6.307441	NaN	-6.283816
142.707000	-2.169449	-7.030977	-7.025839	-7.023586	-7.024533	-7.022359	-7.021554	-7.024779	-7.020759	-6.293961	-6.282314	-6.288029	-6.315337	-6.307811	NaN	-6.283605
152.887000	-2.169010	-7.031020	-7.026445	-7.023422	-7.024460	-7.023052	-7.021481	-7.024896	-7.020781	-6.294008	-6.282332	-6.288116	-6.314713	-6.307938	NaN	-6.283431
163.067000	-2.170200	-7.031427	-7.025189	-7.022747	-7.024304	-7.023038	-7.023161	-7.023894	-7.019983	-6.293029	-6.282230	-6.288845	-6.314956	-6.308562	NaN	-6.284494
173.247000	-2.170385	-7.030052	-7.025327	-7.023959	-7.025781	-7.023426	-7.022682	-7.025697	-7.020930	-6.294440	-6.281813	-6.287887	-6.315362	-6.307111	NaN	-6.284131
183.427000	-2.169540	-7.030839	-7.026198	-7.023680	-7.024547	-7.022541	-7.022000	-7.025070	-7.021071	-6.293921	-6.282295	-6.288029	-6.315301	-6.307982	NaN	-6.283616
193.607000	-2.169420	-7.030835	-7.025389	-7.024867	-7.025338	-7.021837	-7.020966	-7.024769	-7.020901	-6.293722	-6.281185	-6.288852	-6.315703	-6.307303	NaN	-6.282963
203.787000	-2.169304	-7.030752	-7.026263	-7.023531	-7.024888	-7.022591	-7.022007	-7.024950	-7.021013	-6.294012	-6.282190	-6.288090	-6.315239	-6.308116	NaN	-6.283783
213.967000	-2.169754	-7.030531	-7.026332	-7.023448	-7.024486	-7.022276	-7.021815	-7.024732	-7.020886	-6.294012	-6.282564	-6.288576	-6.314832	-6.308054	NaN	-6.283729
224.147000	-2.168734	-7.030788	-7.027058	-7.023321	-7.024769	-7.022341	-7.022711	-7.024812	-7.021147	-6.293987	-6.282952	-6.288130	-6.315500	-6.308054	NaN	-6.283703
234.327000	-2.168847	-7.030571	-7.026775	-7.023437	-7.024115	-7.022414	-7.021746	-7.024837	-7.021804	-6.293987	-6.282317	-6.288119	-6.315413	-6.308029	NaN	-6.283754
244.507000	-2.170255	-7.030527	-7.026949	-7.023237	-7.025407	-7.022395	-7.022965	-7.024692	-7.020295	-6.294012	-6.281769	-6.288112	-6.316371	-6.308062	NaN	-6.283671
254.687000	-2.170585	-7.030444	-7.026155	-7.023194	-7.024613	-7.022225	-7.022464	-7.024580	-7.021470	-6.294016	-6.282720	-6.288029	-6.315279	-6.307989	NaN	-6.283754
264.867000	-2.169544	-7.030476	-7.027563	-7.024115	-7.025237	-7.021441	-7.021448	-7.024562	-7.022352	-6.294001	-6.283090	-6.287506	-6.314546	-6.307967	NaN	-6.283671
275.047000	-2.168850	-7.031460	-7.025694	-7.022410	-7.023665	-7.023248	-7.023099	-7.023919	-7.021637	-6.294857	-6.283221	-6.287825	-6.314517	-6.307180	NaN	-6.283431
285.227000	-2.170295	-7.031681	-7.025153	-7.023480	-7.024964	-7.023205	-7.022606	-7.024391	-7.021637	-6.293152	-6.283326	-6.287568	-6.315587	-6.307365	NaN	-6.283986
295.407000	-2.170353	-7.031547	-7.025665	-7.023894	-7.024613	-7.022599	-7.022366	-7.023967	-7.020008	-6.294738	-6.281911	-6.286994	-6.315812	-6.308526	NaN	-6.283043
305.587000	-2.170077	-7.029671	-7.026844	-7.023063	-7.023912	-7.022000	-7.022047	-7.024616	-7.021688	-6.293972	-6.283250	-6.288112	-6.314626	-6.308922	NaN	-6.283888
315.767000	-2.169758	-7.030719	-7.026452	-7.023216	-7.024050	-7.022290	-7.022943	-7.024703	-7.020218	-6.294016	-6.282176	-6.288079	-6.316015	-6.308058	NaN	-6.283769
325.947000	-2.169097	-7.030832	-7.026282	-7.023821	-7.024721	-7.021960	-7.021975	-7.025835	-7.021024	-6.293816	-6.282226	-6.287804	-6.315319	-6.307949	NaN	-6.283584
336.127000	-2.170117	-7.030727	-7.026481	-7.022606	-7.024271	-7.021666	-7.022976	-7.025088	-7.020211	-6.294299	-6.282005	-6.288529	-6.314999	-6.307256	NaN	-6.284258
346.317000	-2.170839	-7.030799	-7.025324	-7.023517	-7.025233	-7.022584	-7.021572	-7.024972	-7.019877	-6.293932	-6.281363	-6.287992	-6.314901	-6.307960	NaN	-6.283816
356.497000	-2.169899	-7.030767	-7.026372	-7.023575	-7.024772	-7.022490	-7.022203	-7.024979	-7.021017	-6.293987	-6.282110	-6.288068	-6.315290	-6.308069	NaN	-6.283750
366.677000	-2.170647	-7.031507	-7.025716	-7.022980	-7.024634	-7.022268	-7.021267	-7.024188	-7.020523	-6.293297	-6.281704	-6.287408	-6.316059	-6.307757	NaN	-6.283859
376.857000	-2.169413	-7.030211	-7.027007	-7.024054	-7.023520	-7.023063	-7.021180	-7.024852	-7.020247	-6.293221	-6.282060	-6.287891	-6.315362	-6.308791	NaN	-6.284451
387.037000	-2.170610	-7.031057	-7.026630	-7.023647	-7.024823	-7.022617	-7.021369	-7.025215	-7.020414	-6.293936	-6.282734	-6.288047	-6.315725	-6.307996	NaN	-6.283649
397.217000	-2.170534	-7.031307	-7.025592	-7.024569	-7.025636	-7.023411	-7.023041	-7.024874	-7.021956	-6.293094	-6.283134	-6.287361	-6.314502	-6.308961	NaN	-6.284454
407.397000	-2.169827	-7.030600	-7.026492	-7.023520	-7.024972	-7.021659	-7.022287	-7.025665	-7.021202	-6.294665	-6.282212	-6.288664	-6.315293	-6.308820	NaN	-6.283899
417.577000	-2.169874	-7.030610	-7.026209	-7.023379	-7.024380	-7.022022	-7.021975	-7.024986	-7.021129	-6.294280	-6.282506	-6.287902	-6.315264	-6.308170	NaN	-6.283776
427.757000	-2.170523	-7.029838	-7.026137	-7.023009	-7.023792	-7.023128	-7.022610	-7.024126	-7.019946	-6.294959	-6.282637	-6.287227	-6.316001	-6.308932	NaN	-6.282847
437.937000	-2.169025	-7.030857	-7.024736	-7.023372	-7.023147	-7.023099	-7.021078	-7.025824	-7.020977	-6.293660	-6.281410	-6.288018	-6.315076	-6.307318	NaN	-6.282869
448.117000	-2.170244	-7.031206	-7.026187	-7.023796	-7.024558	-7.022827	-7.022069	-7.024852	-7.020853	-6.294016	-6.282800	-6.288032	-6.315369	-6.307819	NaN	-6.283478
458.297000	-2.169721	-7.031093	-7.025447	-7.022715	-7.025204	-7.023128	-7.023255	-7.023658	-7.022207	-6.293294	-6.281700	-6.288210	-6.316015	-6.307180	NaN	-6.282785
468.477000	-2.169903	-7.030745	-7.026209	-7.023499	-7.024718	-7.022232	-7.022308	-7.025142	-7.021017	-6.293979	-6.282194	-6.288116	-6.315275	-6.308043	NaN	-6.283725
478.657000	-2.169286	-7.031039	-7.027160	-7.024783	-7.024144	-7.023049	-7.022385	-7.024674	-7.020095	-6.294487	-6.282637	-6.288656	-6.314589	-6.307423	NaN	-6.283130
488.837000	-2.170839	-7.030864	-7.025179	-7.023720	-7.024928	-7.022591	-7.021372	-7.025139	-7.021510	-6.294026	-6.282549	-6.288039	-6.314952	-6.307982	NaN	-6.283645
499.017000	-2.170277	-7.031177	-7.026231	-7.023909	-7.024518	-7.023016	-7.022185	-7.024917	-7.020897	-6.294186	-6.282303	-6.287999	-6.315348	-6.308229	NaN	-6.283888
509.197000	-2.171173	-7.029983	-7.027127	-7.024115	-7.024877	-7.021568	-7.022744	-7.024627	-7.020255	-6.294622	-6.283250	-6.288087	-6.316233	-6.307086	NaN	-6.283852
519.387000	-2.170353	-7.030799	-7.025835	-7.024159	-7.024282	-7.021877	-7.022853	-7.025879	-7.021648	-6.294368	-6.281613	-6.287796	-6.315663	-6.308450	NaN	-6.283134
529.567000	-2.169798	-7.030988	-7.025748	-7.023680	-7.024065	-7.022646	-7.021089	-7.025062	-7.021136	-6.294008	-6.281207	-6.288072	-6.315152	-6.307989	NaN	-6.283718
539.747000	-2.170890	-7.030763	-7.025215	-7.023854	-7.024115	-7.022882	-7.020770	-7.025218	-7.019990	-6.293261	-6.282586	-6.288097	-6.315177	-6.307543	NaN	-6.283736
549.927000	-2.169319	-7.031097	-7.027062	-7.024808	-7.023600	-7.022849	-7.021205	-7.024409	-7.021198	-6.293446	-6.282811	-6.288050	-6.315413	-6.308178	NaN	-6.282840
560.107000	-2.170538	-7.031173	-7.025168	-7.023785	-7.023604	-7.023230	-7.021234	-7.026307	-7.021292	-6.293613	-6.283079	-6.288054	-6.315018	-6.308073	NaN	-6.283718
	-2.170516															
