20.999000	7.027200	7.043210	7.045074	7.085321	7.031965	7.058338	7.068721	7.036609	7.094485	7.059858	7.051983	7.072938	7.070263	7.066298	9.996183	7.078984
62.004000	7.027780	7.043771	7.045647	7.085821	7.032515	7.059102	7.069285	7.037196	7.095239	7.060342	7.052597	7.073646	7.070764	7.066716	9.996285	7.079542
102.970000	7.027919	7.043867	7.045770	7.085982	7.032640	7.059509	7.069414	7.037380	7.095604	7.060493	7.052855	7.073904	7.070897	7.067011	9.996281	7.079950
143.949000	7.028076	7.043938	7.045840	7.086204	7.032773	7.059727	7.069538	7.037541	7.095805	7.060663	7.053061	7.074081	7.071021	7.067243	9.996274	7.080186
184.943000	7.028202	7.043994	7.045898	7.086359	7.032866	7.059841	7.069641	7.037640	7.095900	7.060763	7.053166	7.074171	7.071112	7.067400	9.996248	7.080300
225.914000	7.028272	7.044038	7.045921	7.086472	7.032931	7.059891	7.069703	7.037697	7.095961	7.060839	7.053236	7.074228	7.071176	7.067493	9.996257	7.080367
266.882000	7.028311	7.044031	7.045917	7.086499	7.032935	7.059906	7.069723	7.037715	7.095964	7.060862	7.053245	7.074243	7.071211	7.067525	9.996189	7.080385
307.849000	7.028336	7.044058	7.045933	7.086542	7.032965	7.059926	7.069757	7.037727	7.095993	7.060883	7.053268	7.074269	7.071240	7.067553	9.996186	7.080416
348.871000	7.028375	7.044079	7.045941	7.086560	7.032985	7.059948	7.069784	7.037751	7.096008	7.060901	7.053281	7.074286	7.071267	7.067585	9.996188	7.080433
389.866000	7.028379	7.044096	7.045964	7.086576	7.032991	7.059957	7.069798	7.037764	7.096023	7.060926	7.053286	7.074303	7.071286	7.067590	9.996185	7.080451
430.832000	7.028385	7.044105	7.045968	7.086591	7.033008	7.059970	7.069816	7.037776	7.096025	7.060938	7.053302	7.074307	7.071292	7.067606	9.996168	7.080465
471.774000	7.028397	7.044108	7.045980	7.086592	7.033015	7.059983	7.069828	7.037793	7.096031	7.060948	7.053301	7.074313	7.071314	7.067615	9.996165	7.080471
512.720000	7.028398	7.044119	7.045992	7.086600	7.033024	7.059986	7.069831	7.037804	7.096046	7.060964	7.053318	7.074311	7.071316	7.067622	9.996154	7.080470
553.684000	7.028410	7.044122	7.045991	7.086616	7.033025	7.060004	7.069843	7.037805	7.096045	7.060974	7.053315	7.074326	7.071328	7.067633	9.996163	7.080485
594.654000	7.028419	7.044141	7.046009	7.086609	7.033034	7.060005	7.069853	7.037800	7.096046	7.060970	7.053317	7.074330	7.071335	7.067641	9.996165	7.080488
635.616000	7.028429	7.044140	7.046008	7.086610	7.033041	7.060001	7.069857	7.037802	7.096049	7.060984	7.053323	7.074335	7.071344	7.067643	9.996159	7.080486
676.558000	7.028433	7.044146	7.046018	7.086620	7.033034	7.060001	7.069854	7.037800	7.096056	7.060988	7.053323	7.074333	7.071352	7.067647	9.996157	7.080497
717.531000	7.028382	7.044087	7.045961	7.086564	7.032977	7.059949	7.069803	7.037744	7.096000	7.060936	7.053270	7.074279	7.071301	7.067588	9.995982	7.080451
758.483000	7.028374	7.044093	7.045971	7.086570	7.032982	7.059948	7.069802	7.037751	7.096014	7.060934	7.053271	7.074275	7.071300	7.067596	9.995963	7.080446
799.461000	7.028385	7.044093	7.045968	7.086572	7.032979	7.059955	7.069806	7.037756	7.096013	7.060948	7.053273	7.074286	7.071299	7.067598	9.995962	7.080452
840.425000	7.028384	7.044103	7.045968	7.086575	7.032980	7.059959	7.069810	7.037753	7.096008	7.060952	7.053274	7.074292	7.071303	7.067598	9.995967	7.080455
881.393000	7.028390	7.044095	7.045978	7.086581	7.032981	7.059965	7.069814	7.037765	7.096014	7.060948	7.053272	7.074292	7.071303	7.067604	9.995966	7.080456
922.367000	7.028392	7.044103	7.045985	7.086573	7.032989	7.059960	7.069821	7.037765	7.096011	7.060958	7.053276	7.074290	7.071304	7.067604	9.995953	7.080460
963.320000	7.028391	7.044104	7.045982	7.086570	7.032990	7.059968	7.069822	7.037775	7.096018	7.060957	7.053280	7.074292	7.071316	7.067614	9.995960	7.080459
1004.260000	7.028394	7.044110	7.045995	7.086576	7.032989	7.059969	7.069825	7.037769	7.096026	7.060986	7.053280	7.074296	7.071322	7.067617	9.995970	7.080469
1045.228000	7.028398	7.044108	7.045998	7.086591	7.032995	7.059979	7.069821	7.037763	7.096027	7.060930	7.053285	7.074301	7.071330	7.067619	9.995971	7.080473
1086.195000	7.028411	7.044116	7.046003	7.086582	7.033022	7.060000	7.069840	7.037795	7.096036	7.060939	7.053291	7.074310	7.071337	7.067627	9.995975	7.080476
1127.162000	7.028420	7.044125	7.046012	7.086593	7.033012	7.059995	7.069840	7.037803	7.096038	7.060947	7.053292	7.074318	7.071336	7.067624	9.995966	7.080476
1168.123000	7.028418	7.044124	7.046019	7.086594	7.033025	7.059995	7.069843	7.037804	7.096044	7.060946	7.053299	7.074311	7.071340	7.067637	9.995973	7.080483
1209.128000	7.028421	7.044127	7.046024	7.086591	7.033022	7.060005	7.069846	7.037807	7.096054	7.060948	7.053302	7.074320	7.071342	7.067636	9.995974	7.080487
1250.111000	7.028420	7.198219	7.184196	7.204928	7.186674	7.234131	7.243636	7.229671	7.230122	7.241321	7.214176	7.256731	7.223321	7.227520	15.986226	7.255808
1291.088000	7.184539	7.198274	7.184228	7.204946	7.186696	7.234207	7.243682	7.229702	7.230157	7.241369	7.214186	7.256756	7.223340	7.227539	15.986145	7.255844
1332.048000	7.184544	7.198268	7.184230	7.204950	7.186703	7.234195	7.243694	7.229697	7.230146	7.241398	7.214224	7.256759	7.223361	7.227548	15.986189	7.255880
1373.007000	7.184541	7.198256	7.184221	7.204980	7.186722	7.234193	7.243688	7.229698	7.230149	7.241444	7.214218	7.256765	7.223401	7.227587	15.986144	7.255851
1413.986000	7.184531	7.198258	7.184222	7.205002	7.186696	7.234205	7.243712	7.229721	7.230160	7.241376	7.214221	7.256747	7.223393	7.227559	15.986154	7.255873
1454.943000	7.184518	7.198250	7.184199	7.204995	7.186702	7.234214	7.243691	7.229744	7.230123	7.241406	7.214224	7.256766	7.223421	7.227581	15.986105	7.255882
1495.880000	7.184538	7.198257	7.184239	7.204966	7.186708	7.234199	7.243685	7.229724	7.230153	7.241392	7.214237	7.256790	7.223406	7.227552	15.986120	7.255868
1536.831000	7.184540	7.198249	7.184225	7.204948	7.186710	7.234229	7.243692	7.229702	7.230175	7.241413	7.214241	7.256791	7.223406	7.227588	15.986113	7.255881
1577.779000	7.184907	7.198638	7.184585	7.205379	7.187082	7.234706	7.244161	7.230195	7.230650	7.241983	7.214741	7.257312	7.223891	7.228021	29.962814	7.256418
1618.719000	7.184906	7.198670	7.184628	7.205411	7.187109	7.234776	7.244268	7.230244	7.230747	7.242113	7.214815	7.257410	7.223968	7.228059	29.962076	7.256493
1659.677000	7.184917	7.198684	7.184579	7.205436	7.187099	7.234805	7.244309	7.230260	7.230778	7.242153	7.214825	7.257429	7.223974	7.228071	29.961045	7.256514
1700.634000	7.184910	7.198705	7.184596	7.205440	7.187123	7.234814	7.244336	7.230312	7.230794	7.242166	7.214834	7.257436	7.224010	7.228077	29.960502	7.256520
1741.577000	7.184928	7.198694	7.184552	7.205473	7.187114	7.234825	7.244348	7.230317	7.230803	7.242190	7.214863	7.257438	7.223990	7.228082	29.959399	7.256535
1782.524000	7.184921	7.198697	7.184584	7.205456	7.187123	7.234820	7.244320	7.230289	7.230806	7.242164	7.214869	7.257454	7.224026	7.228095	29.957408	7.256541
1823.472000	7.184890	7.198698	7.184599	7.205450	7.187144	7.234799	7.244352	7.230330	7.230765	7.242168	7.214863	7.257430	7.224035	7.228094	29.956125	7.256570
1864.419000	7.184912	7.198710	7.184570	7.205472	7.187142	7.234803	7.244352	7.230336	7.230772	7.242188	7.214855	7.257436	7.224026	7.228088	29.953299	7.256555
1905.385000	7.184918	7.198694	7.184572	7.205456	7.187133	7.234845	7.244372	7.230325	7.230782	7.242167	7.214866	7.257456	7.224027	7.228112	29.949556	7.256569
1946.361000	7.184507	7.198267	7.184173	7.205033	7.186730	7.234227	7.243782	7.229767	7.230177	7.241483	7.214273	7.256825	7.223443	7.227585	14.982861	7.255984
1987.331000	7.184508	7.198269	7.184173	7.204968	7.186682	7.234202	7.243717	7.229708	7.230132	7.241426	7.214239	7.256742	7.223408	7.227583	14.982791	7.255925
2028.305000	7.184507	7.198251	7.184167	7.204973	7.186691	7.234196	7.243677	7.229691	7.230125	7.241384	7.214214	7.256765	7.223393	7.227543	14.982769	7.255897
2069.277000	7.184514	7.198215	7.184163	7.204918	7.186713	7.234198	7.243683	7.229705	7.230145	7.241382	7.214218	7.256736	7.223376	7.227555	14.982676	7.255891
2110.224000	7.184501	7.198213	7.184149	7.204953	7.186711	7.234196	7.243665	7.229720	7.230128	7.241378	7.214223	7.256746	7.223398	7.227566	14.982692	7.255876
2151.180000	7.184467	7.198231	7.184174	7.204937	7.186704	7.234172	7.243662	7.229715	7.230120	7.241386	7.214209	7.256743	7.223395	7.227555	14.982924	7.255868
2192.143000	7.184505	7.198243	7.184199	7.204930	7.186709	7.234171	7.243670	7.229691	7.230141	7.241399	7.214202	7.256733	7.223375	7.227562	14.982936	7.255857
2233.108000	7.184496	7.198223	7.184185	7.204934	7.186690	7.234206	7.243673	7.229693	7.230128	7.241382	7.214212	7.256735	7.223346	7.227567	14.982984	7.255853
2274.063000	7.184488	7.198221	7.184189	7.204946	7.186698	7.234188	7.243671	7.229710	7.230122	7.241405	7.214193	7.256733	7.223380	7.227548	14.982968	7.255869
2315.045000	7.184439	7.198026	7.184135	7.204782	7.186640	7.233767	7.243315	7.229360	7.229589	7.240628	7.213857	7.256141	7.222885	7.227173	14.982863	7.255842
2356.028000	7.184445	7.197933	7.184130	7.204608	7.186610	7.233635	7.243211	7.229247	7.229418	7.240429	7.213775	7.255991	7.222731	7.227087	14.982806	7.255850
2396.980000	7.184421	7.197934	7.184143	7.204606	7.186595	7.233592	7.243132	7.229190	7.229414	7.240411	7.213765	7.255972	7.222678	7.227025	14.982842	7.255878
2437.937000	7.184414	7.197885	7.184138	7.204608	7.186581	7.233573	7.243109	7.229186	7.229418	7.240369	7.213745	7.255963	7.222691	7.227040	14.982806	7.255831
2478.896000	7.184405	7.197933	7.184158	7.204619	7.186604	7.233544	7.243109	7.229197	7.229382	7.240354	7.213735	7.255953	7.222686	7.227036	14.982815	7.255825
2519.863000	7.184418	7.197914	7.184148	7.204615	7.186594	7.233554	7.243120	7.229173	7.229344	7.240350	7.213718	7.255941	7.222671	7.227031	14.982824	7.255834
2560.851000	7.184418	7.197900	7.184178	7.204604	7.186587	7.233554	7.243100	7.229170	7.229371	7.240346	7.213712	7.255965	7.222657	7.227020	14.982811	-0.562598
2601.920000	-0.564135	-0.563693	-0.563988	-0.563636	-0.562253	-0.563804	-0.562462	-0.562694	-0.563658	-0.564131	-0.562191	-0.562319	-0.566483	-0.567130	-14.966303	-0.563925
2642.991000	-0.564650	-0.564150	-0.564392	-0.564054	-0.562686	-0.564169	-0.562826	-0.562997	-0.563974	-0.564415	-0.562479	-0.562551	-0.566709	-0.567321	-14.966314	-0.564146
2684.054000	-0.564781	-0.564269	-0.564499	-0.564170	-0.562802	-0.564257	-0.562939	-0.563073	-0.564054	-0.564486	-0.562561	-0.562603	-0.566757	-0.567369	-14.966316	-0.564206
2725.100000	-0.564826	-0.564301	-0.564523	-0.564216	-0.562838	-0.564276	-0.562977	-0.563088	-0.564068	-0.564500	-0.562587	-0.562612	-0.566767	-0.567377	-14.966285	-0.564218
2766.164000	-0.564837	-0.564311	-0.564535	-0.564224	-0.562850	-0.564276	-0.562988	-0.563091	-0.564065	-0.564497	-0.562583	-0.562616	-0.566770	-0.567368	-14.966229	-0.564223
2807.241000	-0.564839	-0.564316	-0.564546	-0.564221	-0.562857	-0.564286	-0.562985	-0.563100	-0.564073	-0.564489	-0.562582	-0.562617	-0.566761	-0.567355	-14.966166	-0.564213
2848.302000	-0.564824	-0.564309	-0.564530	-0.564204	-0.562850	-0.564274	-0.562956	-0.563097	-0.564048	-0.564465	-0.562561	-0.562609	-0.566728	-0.567339	-14.966163	-0.564209
2889.374000	-0.564814	-0.564292	-0.564505	-0.564198	-0.562837	-0.564255	-0.562947	-0.563078	-0.564038	-0.564455	-0.562553	-0.562596	-0.566717	-0.564573	-14.966200	-0.565665
2930.471000	-0.555036	-0.555351	-0.556560	-0.553106	-0.549615	-0.552893	-0.553884	-0.552320	-0.551216	-0.544557	-0.549165	-0.545804	-0.554678	-0.556188	-14.966198	-0.565569
2971.555000	-0.552032	-0.553467	-0.554693	-0.550163	-0.547062	-0.550810	-0.552061	-0.550447	-0.549083	-0.542485	-0.547130	-0.543991	-0.552876	-0.554456	-14.965690	-0.565517
3012.609000	-0.550991	-0.552807	-0.554087	-0.549066	-0.546125	-0.550203	-0.551340	-0.549795	-0.548441	-0.541803	-0.546405	-0.543421	-0.552268	-0.553843	-14.965665	-0.565434
3053.666000	-0.550568	-0.552551	-0.553874	-0.548589	-0.545736	-0.550016	-0.551013	-0.549557	-0.548221	-0.541524	-0.546095	-0.543221	-0.552025	-0.553583	-14.965679	-0.565389
3094.732000	-0.550383	-0.552442	-0.553792	-0.548371	-0.545568	-0.549945	-0.550869	-0.549455	-0.548137	-0.541410	-0.545973	-0.543141	-0.551933	-0.553478	-14.965669	-0.565350
3135.800000	-0.550297	-0.552400	-0.553759	-0.548251	-0.545488	-0.549921	-0.550793	-0.549371	-0.548108	-0.541364	-0.545918	-0.543107	-0.551875	-0.553430	-14.965670	-0.565329
	-0.550264	-0.552366														
