20.972000	7.028324	7.044358	7.046313	7.086131	7.033131	7.059534	7.069881	7.056971	7.058044	7.025227	7.081313	7.105416	7.054690	7.083165	9.998363	7.050033
61.975000	7.028486	7.044517	7.046439	7.086238	7.033257	7.059940	7.070005	7.057424	7.058220	7.025330	7.081833	7.105912	7.054836	7.084006	9.998356	7.050512
102.954000	7.028608	7.044612	7.046547	7.086408	7.033379	7.060245	7.070116	7.057783	7.058351	7.025418	7.082151	7.106244	7.054993	7.084508	9.998359	7.050793
143.980000	7.028738	7.044698	7.046623	7.086566	7.033497	7.060419	7.070193	7.057980	7.058452	7.025491	7.082304	7.106409	7.055124	7.084777	9.998374	7.050951
184.976000	7.028819	7.044748	7.046665	7.086670	7.033554	7.060500	7.070260	7.058077	7.058508	7.025540	7.082394	7.106504	7.055203	7.084918	9.998360	7.051039
225.969000	7.028884	7.044791	7.046690	7.086736	7.033605	7.060561	7.070292	7.058146	7.058549	7.025584	7.082446	7.106556	7.055248	7.085006	9.998366	7.051096
266.955000	7.028927	7.044829	7.046718	7.086786	7.033640	7.060596	7.070334	7.058175	7.058573	7.025610	7.082473	7.106595	7.055296	7.085059	9.998387	7.051121
308.001000	7.028966	7.044857	7.046742	7.086822	7.033660	7.060627	7.070353	7.058205	7.058600	7.025635	7.082488	7.106622	7.055321	7.085093	9.998373	7.051155
348.967000	7.028985	7.044870	7.046758	7.086841	7.033680	7.060639	7.070368	7.058227	7.058614	7.025662	7.082508	7.106640	7.055348	7.085123	9.998365	7.051170
389.994000	7.029013	7.044885	7.046771	7.086866	7.033685	7.060659	7.070383	7.058242	7.058630	7.025673	7.082511	7.106662	7.055369	7.085140	9.998356	7.051180
430.969000	7.029019	7.044892	7.046771	7.086875	7.033696	7.060664	7.070402	7.058252	7.058632	7.025679	7.082521	7.106676	7.055378	7.085153	9.998363	7.051189
471.954000	7.029020	7.044908	7.046788	7.086885	7.033703	7.060675	7.070402	7.058257	7.058642	7.025691	7.082531	7.106682	7.055383	7.085175	9.998367	7.051199
512.962000	7.029044	7.044912	7.046790	7.086896	7.033711	7.060682	7.070418	7.058261	7.058648	7.025700	7.082546	7.106688	7.055394	7.085183	9.998360	7.051210
553.941000	7.029043	7.044922	7.046795	7.086905	7.033717	7.060684	7.070429	7.058271	7.058651	7.025706	7.082547	7.106689	7.055400	7.085187	9.998376	7.051213
594.908000	7.029055	7.044916	7.046804	7.086911	7.033716	7.060705	7.070431	7.058279	7.058665	7.025707	7.082539	7.106706	7.055411	7.085192	9.998373	7.051215
635.875000	7.029058	7.044936	7.046805	7.086916	7.033734	7.060713	7.070435	7.058292	7.058665	7.025714	7.082558	7.106716	7.055418	7.085201	9.998374	7.051229
676.867000	7.029073	7.044935	7.046808	7.086921	7.033742	7.060714	7.070436	7.058295	7.058678	7.025729	7.082552	7.106720	7.055426	7.085210	9.998376	7.051235
717.824000	7.029072	7.044942	7.046818	7.086928	7.033746	7.060727	7.070457	7.058311	7.058684	7.025728	7.082562	7.106724	7.055439	7.085215	9.998384	7.051242
758.789000	7.029087	7.044943	7.046821	7.086936	7.033746	7.060727	7.070461	7.058315	7.058697	7.025738	7.082570	7.106733	7.055435	7.085223	9.998391	7.051253
799.747000	7.029085	7.044946	7.046816	7.086930	7.033747	7.060733	7.070463	7.058307	7.058697	7.025730	7.082570	7.106734	7.055433	7.085224	9.998377	7.051246
840.722000	7.029088	7.044950	7.046825	7.086943	7.033757	7.060741	7.070471	7.058314	7.058703	7.025742	7.082569	7.106740	7.055441	7.085222	9.998381	7.051252
881.685000	7.029092	7.044951	7.046823	7.086940	7.033756	7.060736	7.070475	7.058317	7.058693	7.025748	7.082570	7.106731	7.055445	7.085240	9.998375	7.051258
922.654000	7.029087	7.044953	7.046827	7.086935	7.033758	7.060741	7.070474	7.058317	7.058700	7.025741	7.082582	7.106739	7.055443	7.085241	9.998369	7.051260
963.626000	7.029096	7.044954	7.046826	7.086943	7.033756	7.060748	7.070483	7.058326	7.058698	7.025749	7.082576	7.106746	7.055454	7.085247	9.998372	7.051260
1004.576000	7.029096	7.044959	7.046833	7.086941	7.033764	7.060742	7.070482	7.058325	7.058703	7.025760	7.082580	7.106753	7.055455	7.085247	9.998373	7.051261
1045.554000	7.029094	7.044954	7.046828	7.086947	7.033773	7.060738	7.070485	7.058331	7.058704	7.025750	7.082581	7.106747	7.055456	7.085256	9.998371	7.051275
1086.510000	7.029100	7.044966	7.046836	7.086939	7.033767	7.060747	7.070495	7.058337	7.058714	7.025759	7.082583	7.106748	7.055457	7.085257	9.998373	7.051276
1127.477000	7.029106	7.044968	7.046838	7.086952	7.033776	7.060755	7.070496	7.058331	7.058712	7.025761	7.082578	7.106763	7.055466	7.085253	9.998382	7.051271
1168.452000	7.029119	7.044967	7.046836	7.086959	7.033772	7.060763	7.070496	7.058344	7.058707	7.025765	7.082588	7.106766	7.055464	7.085263	9.998381	7.051283
1209.450000	7.029115	7.044982	7.046846	7.086969	7.033776	7.060765	7.070506	7.241518	7.228255	7.183284	7.220513	7.255005	7.205555	7.263647	15.993824	7.230343
1250.414000	7.184539	7.198198	7.184232	7.204534	7.186692	7.234166	7.243656	7.241605	7.228348	7.183310	7.220562	7.255077	7.205597	7.263709	15.993821	7.230410
1291.368000	7.184544	7.198235	7.184229	7.204564	7.186715	7.234195	7.243659	7.241643	7.228346	7.183359	7.220607	7.255106	7.205642	7.263738	15.993775	7.230395
1332.334000	7.184526	7.198213	7.184263	7.204564	7.186679	7.234189	7.243640	7.241637	7.228361	7.183354	7.220606	7.255105	7.205644	7.263752	15.993822	7.230392
1373.332000	7.184511	7.198239	7.184236	7.204531	7.186685	7.234175	7.243643	7.241660	7.228355	7.183332	7.220618	7.255092	7.205581	7.263731	15.993758	7.230392
1414.298000	7.184539	7.198236	7.184241	7.204586	7.186670	7.234180	7.243641	7.241649	7.228359	7.183347	7.220574	7.255101	7.205610	7.263735	15.993792	7.230408
1455.270000	7.184553	7.198261	7.184246	7.204575	7.186655	7.234170	7.243659	7.241658	7.228365	7.183322	7.220592	7.255130	7.205601	7.263757	15.993748	7.230410
1496.232000	7.184571	7.198245	7.184270	7.204566	7.186695	7.234177	7.243663	7.241637	7.228369	7.183325	7.220597	7.255107	7.205620	7.263741	15.993724	7.230396
1537.210000	7.184533	7.198213	7.184254	7.204556	7.186689	7.234183	7.243675	7.241644	7.228356	7.183335	7.220604	7.255112	7.205604	7.263752	15.993783	7.230791
1578.195000	7.184936	7.198678	7.184614	7.204986	7.187105	7.234726	7.244202	7.242284	7.228911	7.183784	7.221215	7.255758	7.206096	7.264378	29.982973	7.230856
1619.162000	7.184926	7.198699	7.184639	7.205010	7.187087	7.234771	7.244226	7.242348	7.228940	7.183774	7.221255	7.255793	7.206112	7.264444	29.983000	7.230937
1660.120000	7.184912	7.198687	7.184607	7.205055	7.187100	7.234769	7.244279	7.242378	7.228955	7.183780	7.221265	7.255829	7.206141	7.264456	29.982960	7.230926
1701.087000	7.184947	7.198721	7.184620	7.205040	7.187087	7.234794	7.244323	7.242400	7.228958	7.183816	7.221267	7.255824	7.206137	7.264436	29.983044	7.230939
1742.079000	7.184924	7.198702	7.184614	7.205031	7.187105	7.234819	7.244333	7.242375	7.228987	7.183783	7.221254	7.255821	7.206145	7.264468	29.983037	7.230946
1783.068000	7.184940	7.198736	7.184637	7.205050	7.187117	7.234818	7.244335	7.242418	7.228957	7.183802	7.221282	7.255851	7.206132	7.264468	29.983056	7.230954
1824.043000	7.184926	7.198700	7.184629	7.205078	7.187103	7.234816	7.244320	7.242395	7.228972	7.183779	7.221290	7.255814	7.206124	7.264487	29.982961	7.230948
1865.000000	7.184927	7.198695	7.184644	7.205041	7.187105	7.234828	7.244323	7.242396	7.228980	7.183802	7.221307	7.255839	7.206143	7.264483	29.983018	7.230960
1905.979000	7.184924	7.198670	7.184646	7.205023	7.187106	7.234819	7.244296	7.242385	7.228970	7.183804	7.221278	7.255831	7.206127	7.264475	29.983041	7.230952
1946.961000	7.184543	7.198235	7.184236	7.204618	7.186699	7.234264	7.243790	7.241719	7.228419	7.183309	7.220660	7.255186	7.205638	7.263830	14.994610	7.230466
1987.913000	7.184530	7.198234	7.184227	7.204539	7.186666	7.234193	7.243712	7.241686	7.228348	7.183329	7.220597	7.255113	7.205610	7.263735	14.994543	7.230402
2028.876000	7.184540	7.198192	7.184203	7.204549	7.186660	7.234208	7.243667	7.241649	7.228307	7.183317	7.220613	7.255094	7.205587	7.263715	14.994530	7.230389
2069.842000	7.184522	7.198226	7.184208	7.204547	7.186663	7.234198	7.243657	7.241631	7.228321	7.183295	7.220549	7.255065	7.205565	7.263708	14.994528	7.230405
2110.786000	7.184503	7.198231	7.184205	7.204544	7.186667	7.234182	7.243658	7.241635	7.228336	7.183280	7.220582	7.255070	7.205559	7.263700	14.994561	7.230373
2151.760000	7.184523	7.198205	7.184205	7.204546	7.186662	7.234169	7.243655	7.241625	7.228347	7.183290	7.220584	7.255091	7.205587	7.263696	14.994543	7.230365
2192.757000	7.184506	7.198186	7.184201	7.204533	7.186666	7.234167	7.243654	7.241638	7.228331	7.183272	7.220575	7.255083	7.205593	7.263716	14.994588	7.230386
2233.736000	7.184522	7.198211	7.184227	7.204515	7.186665	7.234156	7.243652	7.241625	7.228318	7.183277	7.220571	7.255071	7.205591	7.263677	14.994584	7.230374
2274.717000	7.184549	7.198187	7.184205	7.204546	7.186657	7.234148	7.243648	7.241617	7.228297	7.183275	7.220550	7.255070	7.205558	7.263687	14.994524	7.230369
2315.698000	7.184498	7.198071	7.184179	7.204396	7.186622	7.233835	7.243363	7.240982	7.227916	7.183118	7.219969	7.254440	7.205306	7.260710	14.994605	7.230386
2356.692000	7.184504	7.197948	7.184175	7.204253	7.186593	7.233631	7.243168	7.240752	7.227748	7.183022	7.219774	7.254252	7.205195	7.259831	14.994604	7.230388
2397.673000	7.184448	7.197920	7.184163	7.204222	7.186575	7.233593	7.243139	7.240725	7.227704	7.183044	7.219700	7.254226	7.205162	7.259636	14.994570	7.230373
2438.633000	7.184462	7.197875	7.184180	7.204212	7.186568	7.233537	7.243078	7.240673	7.227706	7.183027	7.219712	7.254211	7.205177	7.259547	14.994538	7.230377
2479.617000	7.184455	7.197861	7.184171	7.204207	7.186567	7.233526	7.243081	7.240694	7.227700	7.183024	7.219703	7.254236	7.205162	7.259525	14.994528	7.230373
2520.615000	7.184459	7.197872	7.184147	7.204212	7.186568	7.233527	7.243103	7.240690	7.227690	7.183019	7.219712	7.254194	7.205151	7.259510	14.994551	7.230376
2561.573000	7.184428	7.197878	7.184181	7.204208	7.186557	7.233569	7.243085	7.240664	7.227710	7.183035	7.219725	7.254210	7.205147	7.259530	14.994577	7.230352
2602.558000	7.184445	7.197888	7.184160	7.204192	7.186553	7.233559	7.243078	7.240688	7.227711	7.183027	7.219720	7.254193	7.205182	7.259502	14.994583	7.230384
2643.539000	7.184427	7.197859	7.184154	7.204188	7.186573	7.233561	7.243090	7.240670	7.227715	7.183039	7.219725	7.254236	7.205173	7.259541	14.994518	7.230368
2684.639000	-0.565737	-0.563404	-0.563807	-0.565575	-0.563252	-0.564925	-0.564012	-0.565713	-0.564677	-0.564588	-0.562084	-0.565869	-0.566676	-0.568865	-14.988243	-0.564838
2725.696000	-0.566335	-0.563919	-0.564241	-0.566058	-0.563755	-0.565365	-0.564408	-0.566082	-0.565015	-0.564919	-0.562362	-0.566134	-0.566938	-0.569102	-14.988322	-0.565076
2766.750000	-0.566471	-0.564038	-0.564326	-0.566156	-0.563865	-0.565455	-0.564509	-0.566152	-0.565083	-0.565005	-0.562438	-0.566200	-0.567003	-0.569165	-14.988351	-0.565151
2807.812000	-0.566494	-0.564067	-0.564327	-0.566174	-0.563892	-0.565461	-0.564530	-0.566176	-0.565100	-0.565008	-0.562475	-0.566225	-0.567006	-0.569181	-14.988292	-0.565181
2848.874000	-0.566480	-0.564049	-0.564315	-0.566170	-0.563876	-0.565453	-0.564532	-0.566164	-0.565093	-0.564997	-0.562488	-0.566231	-0.566993	-0.569175	-14.988274	-0.565183
2889.937000	-0.566481	-0.564036	-0.564296	-0.566172	-0.563867	-0.565435	-0.564521	-0.566153	-0.565071	-0.564980	-0.562461	-0.566204	-0.566973	-0.569161	-14.988278	-0.565164
2931.001000	-0.566446	-0.564021	-0.564287	-0.566141	-0.563854	-0.565432	-0.564516	-0.566145	-0.565068	-0.564997	-0.562455	-0.566193	-0.566990	-0.569160	-14.988236	-0.565152
2972.075000	-0.566439	-0.564008	-0.564276	-0.566134	-0.563842	-0.565415	-0.564506	-0.566120	-0.565042	-0.564976	-0.562421	-0.566164	-0.566958	-0.569133	-14.988214	-0.565127
3013.158000	-0.559586	-0.557403	-0.558392	-0.557914	-0.554904	-0.556251	-0.556148	-0.554344	-0.555027	-0.555013	-0.547060	-0.553059	-0.552231	-0.512398	-14.988215	-0.565911
3054.266000	-0.554221	-0.553582	-0.554814	-0.552718	-0.550534	-0.552159	-0.553521	-0.549841	-0.551853	-0.552366	-0.543259	-0.550091	-0.548669	-0.496592	-14.988178	-0.565820
3095.345000	-0.552688	-0.552448	-0.553944	-0.551177	-0.549201	-0.551147	-0.552624	-0.548562	-0.551061	-0.551481	-0.542113	-0.549296	-0.547640	-0.492179	-14.988232	-0.565659
3136.406000	-0.552107	-0.552040	-0.553695	-0.550592	-0.548725	-0.550853	-0.552287	-0.548128	-0.550819	-0.551165	-0.541693	-0.549023	-0.547277	-0.490762	-14.988207	-0.565525
3177.467000	-0.551885	-0.551869	-0.553611	-0.550370	-0.548550	-0.550761	-0.552152	-0.547991	-0.550757	-0.551035	-0.541550	-0.548939	-0.547134	-0.490309	-14.988265	-0.565462
3218.518000	-0.551780	-0.551795	-0.553576	-0.550272	-0.548470	-0.550718	-0.552095	-0.547932	-0.550726	-0.550982	-0.541482	-0.548894	-0.547074	-0.490137	-14.988259	-0.565421
3259.576000	-0.551748	-0.551764	-0.553558	-0.550237	-0.548442	-0.550700	-0.552055	-0.547907	-0.550708	-0.550952	-0.541460	-0.548881	-0.547039	-0.490073	-14.988269	-0.565404
3300.641000	-0.551728	-0.551735	-0.553530	-0.550213	-0.548405	-0.550679	-0.552044	-0.547876	-0.550691	-0.550935	-0.541460	-0.548871	-0.547026	-0.490060	-14.988260	-0.565396
	-0.551715	-0.551712	-0.553505	-0.550193	-0.548389	-0.550660	-0.552026	-0.547867	-0.550681	-0.550910						
