20.982000	7.026751	7.043325	7.045252	7.085501	7.032326	7.058892	7.069015	7.055982	7.056995	7.024543	7.079723	7.104011	7.053886	7.077269	9.998367	7.047266
61.968000	7.027588	7.043813	7.045740	7.085786	7.032648	7.059057	7.069364	7.056392	7.057409	7.024891	7.080045	7.104458	7.054160	7.078680	9.998229	7.047897
103.003000	7.027844	7.043994	7.045895	7.085913	7.032778	7.059163	7.069532	7.056554	7.057568	7.025035	7.080239	7.104663	7.054322	7.080088	9.998317	7.048497
143.974000	7.027946	7.044064	7.045948	7.085968	7.032839	7.059212	7.069598	7.056638	7.057628	7.025091	7.080356	7.104754	7.054367	7.080871	9.998336	7.048845
184.972000	7.027993	7.044099	7.045982	7.085998	7.032866	7.059236	7.069631	7.056685	7.057651	7.025133	7.080455	7.104794	7.054410	7.081300	9.998335	7.049041
225.972000	7.028020	7.044113	7.045995	7.086004	7.032874	7.059247	7.069650	7.056705	7.057676	7.025147	7.080521	7.104815	7.054427	7.081520	9.998340	7.049154
266.962000	7.028042	7.044139	7.046019	7.086023	7.032884	7.059255	7.069677	7.056733	7.057690	7.025150	7.080579	7.104841	7.054440	7.081647	9.998330	7.049230
307.929000	7.028058	7.044146	7.046032	7.086038	7.032900	7.059265	7.069683	7.056749	7.057710	7.025163	7.080610	7.104859	7.054458	7.081764	9.998339	7.049286
348.901000	7.028073	7.044155	7.046047	7.086038	7.032912	7.059272	7.069688	7.056766	7.057706	7.025168	7.080650	7.104864	7.054471	7.081821	9.998335	7.049323
389.971000	7.028077	7.044165	7.046050	7.086046	7.032915	7.059279	7.069705	7.056768	7.057727	7.025180	7.080676	7.104873	7.054473	7.081873	9.998336	7.049356
430.962000	7.028097	7.044170	7.046053	7.086054	7.032924	7.059289	7.069702	7.056773	7.057735	7.025177	7.080704	7.104882	7.054487	7.081928	9.998341	7.049379
471.937000	7.028111	7.044170	7.046055	7.086055	7.032924	7.059290	7.069709	7.056782	7.057733	7.025184	7.080717	7.104880	7.054491	7.081959	9.998341	7.049396
512.910000	7.028113	7.044177	7.046069	7.086059	7.032934	7.059304	7.069714	7.056792	7.057748	7.025193	7.080733	7.104906	7.054508	7.081988	9.998343	7.049413
553.871000	7.028131	7.044191	7.046086	7.086069	7.032938	7.059302	7.069732	7.056804	7.057761	7.025197	7.080753	7.104910	7.054509	7.082020	9.998357	7.049438
594.870000	7.028125	7.044189	7.046085	7.086077	7.032946	7.059316	7.069736	7.056802	7.057759	7.025196	7.080760	7.104911	7.054518	7.082043	9.998365	7.049453
635.845000	7.028140	7.044197	7.046086	7.086080	7.032952	7.059317	7.069741	7.056806	7.057765	7.025194	7.080783	7.104926	7.054526	7.082061	9.998371	7.049462
676.843000	7.028138	7.044200	7.046083	7.086080	7.032948	7.059322	7.069738	7.056812	7.057775	7.025206	7.080783	7.104918	7.054524	7.082082	9.998363	7.049471
717.839000	7.028140	7.044195	7.046099	7.086082	7.032954	7.059317	7.069742	7.056813	7.057765	7.025202	7.080794	7.104930	7.054533	7.082100	9.998365	7.049485
758.805000	7.028140	7.044198	7.046093	7.086077	7.032954	7.059319	7.069744	7.056817	7.057768	7.025206	7.080804	7.104926	7.054533	7.082113	9.998350	7.049486
799.780000	7.028142	7.044196	7.046093	7.086079	7.032954	7.059317	7.069748	7.056817	7.057767	7.025215	7.080800	7.104927	7.054532	7.082124	9.998359	7.049491
840.759000	7.028150	7.044208	7.046089	7.086085	7.032952	7.059321	7.069747	7.056824	7.057778	7.025205	7.080809	7.104929	7.054534	7.082133	9.998344	7.049502
881.746000	7.028150	7.044202	7.046090	7.086083	7.032950	7.059316	7.069751	7.056823	7.057776	7.025209	7.080810	7.104940	7.054541	7.082144	9.998347	7.049514
922.726000	7.028154	7.044201	7.046094	7.086091	7.032964	7.059317	7.069749	7.056819	7.057775	7.025211	7.080815	7.104945	7.054537	7.082152	9.998361	7.049520
963.714000	7.028149	7.044204	7.046105	7.086092	7.032966	7.059325	7.069750	7.056819	7.057781	7.025220	7.080824	7.104947	7.054541	7.082173	9.998380	7.049523
1004.699000	7.028159	7.044206	7.046100	7.086099	7.032972	7.059328	7.069759	7.056833	7.057781	7.025214	7.080832	7.104952	7.054557	7.082188	9.998370	7.049543
1045.681000	7.028164	7.044214	7.046106	7.086100	7.032974	7.059334	7.069764	7.056831	7.057784	7.025227	7.080842	7.104967	7.054558	7.082196	9.998371	7.049545
1086.652000	7.028165	7.044214	7.046116	7.086100	7.032980	7.059343	7.069761	7.056835	7.057790	7.025230	7.080852	7.104961	7.054559	7.082207	9.998379	7.049554
1127.606000	7.028169	7.044213	7.046108	7.086095	7.032981	7.059338	7.069770	7.056844	7.057793	7.025232	7.080849	7.104965	7.054558	7.082209	9.998364	7.049547
1168.571000	7.028169	7.044210	7.046110	7.086103	7.032972	7.059338	7.069762	7.056833	7.057794	7.025227	7.080854	7.104966	7.054554	7.082216	9.998369	7.049559
1209.568000	7.028177	7.044204	7.046112	7.086099	7.032983	7.059336	7.069766	7.056841	7.057794	7.025230	7.080861	7.104969	7.054564	7.082220	9.998369	7.049564
1250.541000	7.028173	7.044206	7.046114	7.086104	7.032982	7.059343	7.069772	7.056839	7.057790	7.025231	7.080861	7.104965	7.054556	7.082239	9.998363	7.049572
1291.507000	7.028172	7.044216	7.046117	7.086097	7.032980	7.059344	7.069770	7.056840	7.057787	7.025228	7.080865	7.104966	7.054555	7.082241	9.998365	7.049569
1332.570000	7.028168	7.044215	7.046117	7.086107	7.032978	7.059337	7.069770	7.056834	7.057784	7.025228	7.080863	7.104969	7.054552	7.082239	9.998350	7.049569
1373.552000	7.028176	7.044213	7.046115	7.086101	7.032975	7.059325	7.069770	7.056848	7.057794	7.025233	7.080871	7.104972	7.054557	7.082246	9.998363	7.049571
1414.495000	7.028178	7.044214	7.046120	7.086104	7.032978	7.059340	7.069780	7.056846	7.057794	7.025234	7.080880	7.104980	7.054565	7.082255	9.998352	7.049583
1455.441000	7.028181	7.044227	7.046116	7.086114	7.032972	7.059341	7.069780	7.056849	7.057794	7.025227	7.080883	7.104969	7.054566	7.082265	9.998364	7.049582
1496.390000	7.028179	7.044224	7.046125	7.086102	7.032985	7.059345	7.069782	7.056854	7.057804	7.025240	7.080887	7.104984	7.054569	7.082272	9.998369	7.049582
1537.338000	7.028187	7.044223	7.046122	7.086117	7.032979	7.059353	7.069782	7.056854	7.057803	7.025241	7.080888	7.104982	7.054573	7.082277	9.998383	7.049591
1578.308000	7.028190	7.044230	7.046120	7.086116	7.032987	7.059349	7.069780	7.056856	7.057807	7.025240	7.080888	7.104987	7.054566	7.082280	9.998380	7.049598
1619.263000	7.184385	7.197972	7.184159	7.204155	7.186565	7.233382	7.243212	7.240544	7.227739	7.183020	7.219381	7.253937	7.205064	7.262151	15.993778	7.229357
1660.234000	7.184413	7.198009	7.184160	7.204211	7.186600	7.233394	7.243227	7.240555	7.227750	7.182991	7.219428	7.253917	7.205076	7.262205	15.993800	7.229388
1701.225000	7.184426	7.198015	7.184154	7.204167	7.186573	7.233411	7.243238	7.240582	7.227749	7.183007	7.219418	7.253920	7.205093	7.262225	15.993787	7.229373
1742.173000	7.184407	7.198066	7.184158	7.204169	7.186585	7.233397	7.243256	7.240575	7.227754	7.183021	7.219427	7.253907	7.205081	7.262220	15.993770	7.229409
1783.130000	7.184384	7.198032	7.184204	7.204207	7.186568	7.233414	7.243247	7.240586	7.227733	7.182999	7.219453	7.253927	7.205079	7.262221	15.993769	7.229438
1824.094000	7.184387	7.198056	7.184185	7.204176	7.186607	7.233390	7.243234	7.240555	7.227764	7.183012	7.219460	7.253940	7.205085	7.262218	15.993793	7.229390
1865.080000	7.184399	7.198031	7.184180	7.204214	7.186600	7.233406	7.243247	7.240564	7.227748	7.183027	7.219481	7.253945	7.205074	7.262235	15.993811	7.229424
1906.059000	7.184769	7.198383	7.184536	7.204564	7.186924	7.233777	7.243632	7.241082	7.228157	7.183417	7.220001	7.254338	7.205508	7.262846	29.982875	7.229867
1947.012000	7.184783	7.198398	7.184530	7.204606	7.186946	7.233787	7.243627	7.241071	7.228147	7.183416	7.220068	7.254358	7.205494	7.262915	29.982924	7.229913
1988.020000	7.184789	7.198394	7.184531	7.204596	7.186926	7.233783	7.243667	7.241083	7.228162	7.183428	7.220071	7.254373	7.205506	7.262919	29.982986	7.229929
2028.983000	7.184791	7.198400	7.184529	7.204577	7.186951	7.233764	7.243661	7.241076	7.228187	7.183445	7.220116	7.254366	7.205520	7.262940	29.983041	7.229925
2069.957000	7.184785	7.198374	7.184527	7.204597	7.186964	7.233782	7.243655	7.241083	7.228174	7.183464	7.220075	7.254357	7.205535	7.262942	29.982941	7.229916
2110.943000	7.184801	7.198376	7.184505	7.204559	7.186964	7.233786	7.243642	7.241118	7.228161	7.183444	7.220098	7.254350	7.205505	7.262942	29.982994	7.229949
2151.955000	7.184766	7.198364	7.184497	7.204580	7.186957	7.233816	7.243649	7.241092	7.228165	7.183473	7.220115	7.254404	7.205535	7.262949	29.983008	7.229923
2192.919000	7.184800	7.198356	7.184518	7.204579	7.186967	7.233789	7.243662	7.241091	7.228170	7.183422	7.220088	7.254349	7.205499	7.262945	29.983013	7.229952
2233.876000	7.184414	7.198018	7.184137	7.204204	7.186593	7.233399	7.243230	7.240560	7.227738	7.183007	7.219511	7.253905	7.205085	7.262313	14.994563	7.229468
2274.860000	7.184409	7.198001	7.184178	7.204214	7.186575	7.233381	7.243251	7.240558	7.227705	7.182988	7.219442	7.253899	7.205086	7.262231	14.994576	7.229441
2315.837000	7.184413	7.197993	7.184144	7.204182	7.186593	7.233402	7.243238	7.240541	7.227692	7.183018	7.219468	7.253937	7.205053	7.262187	14.994528	7.229431
2356.836000	7.184399	7.197994	7.184132	7.204179	7.186595	7.233380	7.243235	7.240537	7.227721	7.182998	7.219435	7.253926	7.205079	7.262170	14.994559	7.229407
2397.816000	7.184392	7.198039	7.184148	7.204182	7.186611	7.233389	7.243248	7.240541	7.227715	7.183012	7.219442	7.253901	7.205074	7.262195	14.994521	7.229419
2438.773000	7.184409	7.198009	7.184141	7.204184	7.186580	7.233410	7.243264	7.240554	7.227683	7.182982	7.219406	7.253892	7.205073	7.262198	14.994581	7.229398
2479.731000	7.184381	7.197994	7.184145	7.204199	7.186591	7.233394	7.243285	7.240587	7.227691	7.182996	7.219448	7.253909	7.205081	7.262172	14.994551	7.229417
2520.714000	7.184397	7.198014	7.184126	7.204174	7.186565	7.233416	7.243271	7.240550	7.227728	7.183037	7.219268	7.253376	7.204919	7.260115	14.994550	7.229404
2561.705000	7.184484	7.197491	7.184171	7.203834	7.186522	7.232712	7.242270	7.239633	7.226795	7.182775	7.218813	7.252908	7.204678	7.258719	14.994555	7.229400
2602.695000	7.184474	7.197400	7.184167	7.203781	7.186485	7.232641	7.242075	7.239538	7.226700	7.182734	7.218746	7.252804	7.204612	7.258411	14.994528	7.229405
2643.668000	7.184467	7.197346	7.184164	7.203740	7.186493	7.232624	7.242004	7.239468	7.226658	7.182706	7.218717	7.252774	7.204616	7.258273	14.994565	7.229384
2684.668000	7.184489	7.197354	7.184179	7.203737	7.186483	7.232589	7.241986	7.239482	7.226648	7.182716	7.218738	7.252773	7.204644	7.258268	14.994589	7.229433
2725.667000	7.184467	7.197328	7.184174	7.203723	7.186507	7.232592	7.241962	7.239453	7.226653	7.182701	7.218749	7.252771	7.204631	7.258255	14.994562	7.229389
2766.643000	7.184473	7.197323	7.184169	7.203712	7.186487	7.232564	7.241943	7.239470	7.226659	7.182700	7.218730	7.252769	7.204600	7.258230	14.994543	7.229374
2807.623000	7.184456	7.197327	7.184183	7.203714	7.186494	7.232589	7.241968	7.239443	7.226622	7.182723	7.218704	7.252755	7.204581	7.258247	14.994569	7.229374
2848.676000	-0.593776	-0.591942	-0.592453	-0.593972	-0.591954	-0.593573	-0.592401	-0.594504	-0.593309	-0.592800	-0.591109	-0.594534	-0.594454	-0.597505	-14.988273	-0.593415
2889.764000	-0.594521	-0.592588	-0.592994	-0.594580	-0.592563	-0.594111	-0.592917	-0.594947	-0.593723	-0.593242	-0.591468	-0.594871	-0.594798	-0.597811	-14.988257	-0.593716
2930.817000	-0.594690	-0.592734	-0.593111	-0.594716	-0.592720	-0.594248	-0.593031	-0.595065	-0.593826	-0.593352	-0.591553	-0.594957	-0.594877	-0.597880	-14.988303	-0.593802
2971.906000	-0.594771	-0.592792	-0.593154	-0.594775	-0.592782	-0.594288	-0.593072	-0.595115	-0.593860	-0.593376	-0.591599	-0.594996	-0.594889	-0.597902	-14.988305	-0.593834
3012.970000	-0.594807	-0.592810	-0.593160	-0.594797	-0.592793	-0.594293	-0.593091	-0.595123	-0.593864	-0.593400	-0.591607	-0.594994	-0.594899	-0.597911	-14.988328	-0.593834
3054.038000	-0.594786	-0.592799	-0.593137	-0.594772	-0.592774	-0.594269	-0.593089	-0.595090	-0.593827	-0.593394	-0.591569	-0.594952	-0.594880	-0.574602	-14.988290	-0.596780
3095.130000	-0.564761	-0.561607	-0.563088	-0.563551	-0.559230	-0.569744	-0.560386	-0.568810	-0.561132	-0.558222	-0.574724	-0.567463	-0.561470	-0.532088	-14.988295	-0.595459
3136.224000	-0.564082	-0.561003	-0.562629	-0.563264	-0.558981	-0.569313	-0.559991	-0.568463	-0.560880	-0.558120	-0.572540	-0.567210	-0.561206	-0.523591	-14.988338	-0.595156
3177.285000	-0.563991	-0.560917	-0.562562	-0.563213	-0.558934	-0.569221	-0.559898	-0.568415	-0.560858	-0.558126	-0.571785	-0.567150	-0.561159	-0.521018	-14.988286	-0.594936
3218.341000	-0.563950	-0.560902	-0.562534	-0.563195	-0.558945	-0.569199	-0.559873	-0.568401	-0.560811	-0.558124	-0.571509	-0.567118	-0.561126	-0.520177	-14.988333	-0.594809
3259.407000	-0.563922	-0.560885	-0.562540	-0.563195	-0.558922	-0.569152	-0.559872	-0.568394	-0.560807	-0.558147	-0.571353	-0.567088	-0.561111	-0.519816	-14.988254	-0.594704
	-0.563905															
