4.830000	-7.236465	-7.195122	-7.231081	-7.189853	-7.221276	-7.186418	-7.229903	-7.268426	-7.257896	-7.235520	-7.213412	-7.178978	-7.278079	-7.250060	-14.995325	-7.214351
24.911000	-7.236827	-7.195279	-7.231137	-7.190097	-7.221422	-7.186701	-7.230123	-7.268652	-7.258023	-7.235837	-7.213535	-7.179079	-7.278324	-7.250312	-14.995294	-7.214426
44.940000	-7.236876	-7.195317	-7.231140	-7.190167	-7.221516	-7.186756	-7.230209	-7.268719	-7.258101	-7.235961	-7.213590	-7.179137	-7.278422	-7.250366	-14.995271	-7.214484
64.900000	-7.236944	-7.195331	-7.231130	-7.190169	-7.221543	-7.186786	-7.230244	-7.268760	-7.258141	-7.236026	-7.213612	-7.179127	-7.278458	-7.250414	-14.995282	-7.214495
84.871000	-7.237004	-7.195375	-7.231161	-7.190207	-7.221560	-7.186835	-7.230292	-7.268757	-7.258181	-7.236063	-7.213618	-7.179171	-7.278472	-7.250425	-14.995215	-7.214561
104.860000	-7.236986	-7.195363	-7.231168	-7.190212	-7.221562	-7.186901	-7.230303	-7.268835	-7.258167	-7.236127	-7.213637	-7.179152	-7.278497	-7.250468	-14.995291	-7.214570
124.870000	-7.237014	-7.195388	-7.231159	-7.190252	-7.221584	-7.186924	-7.230340	-7.268825	-7.258161	-7.236155	-7.213669	-7.179167	-7.278502	-7.250483	-14.995203	-7.214568
144.891000	-7.237040	-7.195343	-7.231148	-7.190263	-7.221587	-7.186932	-7.230358	-7.268863	-7.258195	-7.236176	-7.213663	-7.179196	-7.278530	-7.250499	-14.995252	-7.214554
164.860000	-7.237035	-7.195373	-7.231171	-7.190300	-7.221623	-7.186954	-7.230374	-7.268875	-7.258225	-7.236232	-7.213663	-7.179198	-7.278520	-7.250525	-14.995206	-7.214596
184.830000	-7.237049	-7.195393	-7.231142	-7.190311	-7.221672	-7.186966	-7.230401	-7.268857	-7.258244	-7.236211	-7.213668	-7.179230	-7.278546	-7.250518	-14.995160	-7.214594
204.810000	-7.237051	-7.195378	-7.231152	-7.190310	-7.221700	-7.187009	-7.230415	-7.268907	-7.258246	-7.236240	-7.213688	-7.179209	-7.278538	-7.250551	-14.995191	-7.214612
224.810000	-7.237070	-7.195411	-7.231167	-7.190330	-7.221643	-7.186997	-7.230429	-7.268915	-7.258244	-7.236273	-7.213696	-7.179229	-7.278540	-7.250560	-14.995245	-7.214619
244.770000	-7.237058	-7.195401	-7.231171	-7.190287	-7.221702	-7.187022	-7.230420	-7.268928	-7.258252	-7.236308	-7.213695	-7.179239	-7.278516	-7.250575	-14.995169	-7.214608
264.740000	-7.237107	-7.195437	-7.231170	-7.190296	-7.221697	-7.187022	-7.230439	-7.268928	-7.258264	-7.236303	-7.213731	-7.179209	-7.278528	-7.250618	-14.995246	-7.214631
284.710000	-7.237095	-7.195443	-7.231191	-7.190380	-7.221705	-7.187059	-7.230431	-7.268920	-7.258258	-7.236305	-7.213735	-7.179215	-7.278556	-7.250615	-14.995205	-7.214615
304.700000	-7.237093	-7.195434	-7.231172	-7.190306	-7.221688	-7.187058	-7.230438	-7.268957	-7.258259	-7.236297	-7.213708	-7.179200	-7.278552	-7.250604	-14.995228	-7.214622
324.680000	-7.237105	-7.195440	-7.231162	-7.190330	-7.221709	-7.187046	-7.230448	-7.268966	-7.258242	-7.236312	-7.213740	-7.179200	-7.278557	-7.250606	-14.995215	-7.214643
344.640000	-7.237105	-7.195430	-7.231169	-7.190347	-7.221717	-7.187091	-7.230491	-7.268968	-7.258260	-7.236338	-7.213749	-7.179219	-7.278541	-7.250632	-14.995165	-7.214624
364.610000	-7.237107	-7.195439	-7.231186	-7.190359	-7.221723	-7.187090	-7.230519	-7.268964	-7.258247	-7.236341	-7.213749	-7.179235	-7.278532	-7.250620	-14.995205	-7.214637
384.570000	-7.237103	-7.195440	-7.231177	-7.190384	-7.221697	-7.187080	-7.230510	-7.268973	-7.258245	-7.236356	-7.213739	-7.179231	-7.278584	-7.250618	-14.995185	-7.214651
404.530000	-7.237119	-7.195427	-7.231186	-7.190367	-7.221722	-7.187092	-7.230512	-7.268975	-7.258251	-7.236342	-7.213762	-7.179240	-7.278535	-7.250611	-14.995216	-7.214649
424.500000	-7.237105	-7.195441	-7.231204	-7.190392	-7.221722	-7.187133	-7.230506	-7.268999	-7.258275	-7.236338	-7.213753	-7.179222	-7.278534	-7.250655	-14.995240	-7.214607
444.470000	-7.237119	-7.195413	-7.231204	-7.190353	-7.221749	-7.187134	-7.230542	-7.268994	-7.258302	-7.236379	-7.213752	-7.179233	-7.278507	-7.250627	-14.995202	-7.214589
464.450000	-7.237147	-7.195426	-7.231197	-7.190384	-7.221721	-7.187108	-7.230556	-7.269009	-7.258292	-7.236387	-7.213762	-7.179243	-7.278519	-7.250623	-14.995215	-7.214623
484.410000	-7.237121	-7.195424	-7.231175	-7.190415	-7.221738	-7.187092	-7.230523	-7.269002	-7.258305	-7.236377	-7.213754	-7.179218	-7.278547	-7.250622	-14.995195	-7.214641
504.410000	-7.237134	-7.195440	-7.231190	-7.190353	-7.221737	-7.187129	-7.230537	-7.269008	-7.258329	-7.236402	-7.213769	-7.179274	-7.278528	-7.250639	-14.995236	-7.214639
524.390000	-7.237114	-7.195415	-7.231148	-7.190367	-7.221762	-7.187177	-7.230499	-7.269027	-7.258312	-7.236404	-7.213759	-7.179287	-7.278532	-7.250666	-14.995134	-7.214634
544.390000	-7.237107	-7.195411	-7.231161	-7.190392	-7.221772	-7.187153	-7.230531	-7.268991	-7.258328	-7.236383	-7.213745	-7.179287	-7.278545	-7.250661	-14.995195	-7.214626
564.360000	-7.237109	-7.195411	-7.231179	-7.190409	-7.221755	-7.187145	-7.230508	-7.269022	-7.258333	-7.236392	-7.213774	-7.179266	-7.278578	-7.250668	-14.995158	-7.214655
584.330000	-7.237090	-7.195432	-7.231162	-7.190372	-7.221786	-7.187198	-7.230516	-7.269030	-7.258363	-7.236420	-7.213766	-7.179279	-7.278521	-7.250627	-14.995141	-7.214641
604.310000	-7.237122	-7.195389	-7.231201	-7.190385	-7.221752	-7.187156	-7.230508	-7.269036	-7.258297	-7.236401	-7.213766	-7.179259	-7.278533	-7.250637	-14.995208	-7.214658
624.300000	-7.237100	-7.195393	-7.231166	-7.190409	-7.221755	-7.187170	-7.230516	-7.269049	-7.258341	-7.236406	-7.213768	-7.179268	-7.278540	-7.250633	-14.995251	-7.214613
644.260000	-7.237083	-7.195373	-7.231191	-7.190374	-7.221774	-7.187162	-7.230541	-7.269006	-7.258302	-7.236416	-7.213770	-7.179289	-7.278544	-7.250623	-14.995205	-7.214653
664.230000	-7.237124	-7.195384	-7.231178	-7.190358	-7.221775	-7.187185	-7.230543	-7.269003	-7.258340	-7.236416	-7.213809	-7.179282	-7.278557	-7.250608	-14.995204	-7.214660
684.290000	-7.237098	-7.195400	-7.231151	-7.190332	-7.221783	-7.187204	-7.230533	-7.269029	-7.258331	-7.236423	-7.213789	-7.179285	-7.278553	-7.250645	-14.995224	-7.214596
704.325000	-7.237102	-7.195399	-7.231179	-7.190416	-7.221763	-7.187179	-7.230532	-7.269052	-7.258339	-7.236440	-7.213776	-7.179301	-7.278547	-7.250658	-14.995215	-7.214634
724.475000	-7.237120	-7.195380	-7.231175	-7.190384	-7.221728	-7.187175	-7.230522	-7.269056	-7.258313	-7.236443	-7.213802	-7.179277	-7.278572	-7.250636	-14.995252	-7.214666
744.530000	-7.237113	-7.195413	-7.231159	-7.190385	-7.221793	-7.187184	-7.230540	-7.269047	-7.258328	-7.236416	-7.213779	-7.179233	-7.278557	-7.250666	-14.995256	-7.214655
764.560000	-7.237097	-7.195384	-7.231146	-7.190401	-7.221774	-7.187203	-7.230557	-7.269074	-7.258320	-7.236477	-7.213809	-7.179266	-7.278546	-7.250652	-14.995203	-7.214614
784.591000	-7.237219	-7.195453	-7.231163	-7.190431	-7.221819	-7.187187	-7.230553	-7.269053	-7.258414	-7.236540	-7.213859	-7.179335	-7.278610	-7.250739	-14.995186	-7.214709
804.642000	-7.237313	-7.195564	-7.231265	-7.190402	-7.221937	-7.187165	-7.230707	-7.269206	-7.258492	-7.236597	-7.213967	-7.179457	-7.278722	-7.250830	-14.995218	-7.214796
824.727000	-7.237312	-7.195621	-7.231276	-7.190493	-7.221980	-7.187187	-7.230688	-7.269199	-7.258526	-7.236618	-7.213982	-7.179485	-7.278694	-7.250826	-14.995223	-7.214821
844.776000	-7.237374	-7.195561	-7.231301	-7.190481	-7.222047	-7.187155	-7.230703	-7.269251	-7.258550	-7.236685	-7.214023	-7.179535	-7.278763	-7.250887	-14.995225	-7.214879
864.841000	-7.237381	-7.195635	-7.231345	-7.190504	-7.222032	-7.187172	-7.230756	-7.269273	-7.258560	-7.236680	-7.214018	-7.179544	-7.278779	-7.250863	-14.995192	-7.214868
884.854000	-7.237382	-7.195655	-7.231353	-7.190538	-7.222061	-7.187197	-7.230774	-7.269271	-7.258537	-7.236713	-7.214045	-7.179539	-7.278804	-7.250880	-14.995207	-7.214883
904.930000	-7.237380	-7.195640	-7.231355	-7.190438	-7.222076	-7.187183	-7.230741	-7.269274	-7.258581	-7.236682	-7.214007	-7.179546	-7.278755	-7.250870	-14.995220	-7.214861
924.971000	-7.237397	-7.195605	-7.231349	-7.190499	-7.222069	-7.187154	-7.230767	-7.269283	-7.258560	-7.236694	-7.214045	-7.179540	-7.278794	-7.250891	-14.995234	-7.214879
945.031000	-7.237411	-7.195644	-7.231350	-7.190496	-7.222055	-7.187134	-7.230762	-7.269292	-7.258563	-7.236682	-7.214040	-7.179535	-7.278778	-7.250924	-14.995190	-7.214886
965.010000	-7.237388	-7.195626	-7.231363	-7.190421	-7.222063	-7.187145	-7.230774	-7.269306	-7.258572	-7.236696	-7.214023	-7.179526	-7.278812	-7.250898	-14.995154	-7.214868
985.124000	-7.237397	-7.195653	-7.231371	-7.190486	-7.222050	-7.187086	-7.230762	-7.269276	-7.258587	-7.236704	-7.214012	-7.179511	-7.278807	-7.250902	-14.995177	-7.214877
1005.230000	-7.237392	-7.195658	-7.231358	-7.190515	-7.222062	-7.187129	-7.230764	-7.269294	-7.258584	-7.236701	-7.214035	-7.179559	-7.278778	-7.250924	-14.995174	-7.214895
1025.250000	-7.237395	-7.195651	-7.231384	-7.190531	-7.222058	-7.187129	-7.230764	-7.269297	-7.258586	-7.236688	-7.214029	-7.179548	-7.278773	-7.250915	-14.995181	-7.214895
1045.340000	-7.237407	-7.195640	-7.231378	-7.190480	-7.222067	-7.187122	-7.230771	-7.269281	-7.258596	-7.236715	-7.214046	-7.179549	-7.278771	-7.250917	-14.995202	-7.214899
1065.372000	-7.237393	-7.195683	-7.231373	-7.190426	-7.222074	-7.187127	-7.230776	-7.269283	-7.258587	-7.236693	-7.214015	-7.179549	-7.278795	-7.250905	-14.995159	-7.214904
1085.420000	-7.237383	-7.195641	-7.231356	-7.190470	-7.222064	-7.187103	-7.230778	-7.269266	-7.258586	-7.236708	-7.214039	-7.179529	-7.278819	-7.250916	-14.995208	-7.214907
1105.461000	-7.237387	-7.195669	-7.231374	-7.190462	-7.222072	-7.187085	-7.230769	-7.269297	-7.258567	-7.236721	-7.214042	-7.179572	-7.278784	-7.250926	-14.995228	-7.214892
1125.513000	-7.237391	-7.195634	-7.231351	-7.190472	-7.222052	-7.187112	-7.230770	-7.269295	-7.258578	-7.236725	-7.214031	-7.179558	-7.278786	-7.250927	-14.995103	-7.214897
1145.539000	-7.237403	-7.195640	-7.231368	-7.190521	-7.222065	-7.187100	-7.230779	-7.269309	-7.258608	-7.236685	-7.214032	-7.179551	-7.278759	-7.250909	-14.995193	-7.214896
1165.541000	-7.237393	-7.195677	-7.231366	-7.190464	-7.222075	-7.187065	-7.230776	-7.269282	-7.258579	-7.236735	-7.214014	-7.179543	-7.278806	-7.250917	-14.995226	-7.214891
1185.610000	-7.237377	-7.195645	-7.231377	-7.190468	-7.222070	-7.187077	-7.230775	-7.269302	-7.258609	-7.236735	-7.214032	-7.179533	-7.278805	-7.250886	-14.995201	-7.214923
1205.670000	-7.237392	-7.195664	-7.231379	-7.190474	-7.222079	-7.187060	-7.230764	-7.269311	-7.258626	-7.236737	-7.214049	-7.179546	-7.278795	-7.250929	-14.995205	-7.214914
1225.722000	-7.237373	-7.195633	-7.231378	-7.190532	-7.222096	-7.187086	-7.230792	-7.269302	-7.258580	-7.236738	-7.214038	-7.179554	-7.278809	-7.250901	-14.995196	-7.214907
1245.790000	-7.237417	-7.195680	-7.231381	-7.190529	-7.222084	-7.187056	-7.230795	-7.269293	-7.258584	-7.236744	-7.214027	-7.179552	-7.278795	-7.250903	-14.995238	-7.214897
1265.850000	-7.237403	-7.195683	-7.231396	-7.190487	-7.222075	-7.187085	-7.230807	-7.269306	-7.258585	-7.236728	-7.214007	-7.179543	-7.278803	-7.250909	-14.995193	-7.214887
1285.850000	-7.237399	-7.195645	-7.231387	-7.190492	-7.222083	-7.187051	-7.230775	-7.269288	-7.258591	-7.236720	-7.214063	-7.179536	-7.278764	-7.250879	-14.995265	-7.214870
1305.903000	-7.237416	-7.195649	-7.231392	-7.190486	-7.222100	-7.187052	-7.230790	-7.269287	-7.258577	-7.236759	-7.214034	-7.179530	-7.278760	-7.250905	-14.995181	-7.214885
1325.970000	-7.237413	-7.195660	-7.231403	-7.190545	-7.222083	-7.187029	-7.230787	-7.269291	-7.258559	-7.236740	-7.214036	-7.179534	-7.278771	-7.250913	-14.995203	-7.214895
1346.049000	-7.237418	-7.195660	-7.231404	-7.190539	-7.222071	-7.187070	-7.230786	-7.269290	-7.258588	-7.236719	-7.214044	-7.179539	-7.278775	-7.250893	-14.995262	-7.214893
1366.095000	-7.237396	-7.195691	-7.231380	-7.190561	-7.222067	-7.187065	-7.230801	-7.269268	-7.258598	-7.236747	-7.214059	-7.179546	-7.278788	-7.250883	-14.995204	-7.214894
1386.103000	-7.237420	-7.195687	-7.231350	-7.190508	-7.222085	-7.187068	-7.230793	-7.269298	-7.258591	-7.236710	-7.214050	-7.179527	-7.278793	-7.250906	-14.995196	-7.214908
1406.149000	-7.237426	-7.195686	-7.231391	-7.190456	-7.222073	-7.187042	-7.230810	-7.269278	-7.258575	-7.236726	-7.214039	-7.179539	-7.278783	-7.250871	-14.995202	-7.214893
1426.251000	-7.237443	-7.195675	-7.231395	-7.190536	-7.222070	-7.187065	-7.230802	-7.269284	-7.258579	-7.236717	-7.214054	-7.179550	-7.278801	-7.250890	-14.995223	-7.214878
1446.310000	-7.237412	-7.195647	-7.231376	-7.190493	-7.222079	-7.187012	-7.230810	-7.269297	-7.258589	-7.236722	-7.214058	-7.179549	-7.278812	-7.250913	-14.995207	-7.214913
1466.330000	-7.237415	-7.195677	-7.231383	-7.190526	-7.222063	-7.187082	-7.230808	-7.269274	-7.258591	-7.236710	-7.214070	-7.179546	-7.278816	-7.250908	-14.995217	-7.214911
1486.367000	-7.237425	-7.195687	-7.231383	-7.190532	-7.222076	-7.187078	-7.230795	-7.269314	-7.258586	-7.236719	-7.214055	-7.179543	-7.278796	-7.250906	-14.995230	-7.214895
1506.361000	-7.237420	-7.195668	-7.231367	-7.190484	-7.222075	-7.187011	-7.230776	-7.269264	-7.258577	-7.236713	-7.214052	-7.179536	-7.278825	-7.250905	-14.995155	-7.214895
1526.396000	-7.237416	-7.195672	-7.231392	-7.190442	-7.222052	-7.187050	-7.230767	-7.269293	-7.258590	-7.236741	-7.214052	-7.179549	-7.278809	-7.250914	-14.995222	-7.214902
1546.440000	-7.237399	-7.195645	-7.231363	-7.190499	-7.222068	-7.187039	-7.230797	-7.269299	-7.258605	-7.236743	-7.214029	-7.179528	-7.278817	-7.250906	-14.995198	-7.214916
1566.510000	-7.237416	-7.195661	-7.231394	-7.190529	-7.222067	-7.187071	-7.230778	-7.269291	-7.258590	-7.236737	-7.214033	-7.179535	-7.278836	-7.250912	-14.995173	-7.214908
1586.572000	-7.237425	-7.195665	-7.231373	-7.190545	-7.222070	-7.187026	-7.230815	-7.269284	-7.258592	-7.236732	-7.214027	-7.179553	-7.278818	-7.250909	-14.995229	-7.214917
1606.630000	-7.237408	-7.195664	-7.231389	-7.190521	-7.222063	-7.187053	-7.230793	-7.269307	-7.258568	-7.236756	-7.214046	-7.179539	-7.278807	-7.250901	-14.995178	-7.214885
1626.630000	-7.237406	-7.195669	-7.231375	-7.190504	-7.222075	-7.187037	-7.230799	-7.269297	-7.258580	-7.236744	-7.214035	-7.179550	-7.278797	-7.250925	-14.995188	-7.214880
1646.648000	-7.237423	-7.195651	-7.231390	-7.190476	-7.222079	-7.187005	-7.230779	-7.269296	-7.258598	-7.236740	-7.214048	-7.179532	-7.278829	-7.250903	-14.995121	-7.214907
1666.710000	-7.237438	-7.195661	-7.231389	-7.190504	-7.222055	-7.187072	-7.230801	-7.269282	-7.258599	-7.236732	-7.214063	-7.179526	-7.278813	-7.250921	-14.995196	-7.214901
1686.754000	-7.237405	-7.195654	-7.231359	-7.190470	-7.222075	-7.187039	-7.230807	-7.269313	-7.258590	-7.236740	-7.214058	-7.179553	-7.278824	-7.250901	-14.995136	-7.214921
1706.821000	-7.237433	-7.195677	-7.231398	-7.190580	-7.222066	-7.187027	-7.230811	-7.269319	-7.258602	-7.236735	-7.214040	-7.179546	-7.278784	-7.250886	-14.995149	-7.214915
1726.850000	-7.237439	-7.195652	-7.231375	-7.190463	-7.222064	-7.187021	-7.230811	-7.269304	-7.258594	-7.236734	-7.214061	-7.179511	-7.278765	-7.250898	-14.995175	-7.214903
1746.830000	-7.237424	-7.195672	-7.231384	-7.190539	-7.222067	-7.186992	-7.230800	-7.269310	-7.258571	-7.236751	-7.214055	-7.179538	-7.278764	-7.250917	-14.995176	-7.214905
1766.900000	-7.237433	-7.195677	-7.231392	-7.190475	-7.222104	-7.187027	-7.230795	-7.269299	-7.258585	-7.236756	-7.214045	-7.179522	-7.278776	-7.250907	-14.995228	-7.214894
1786.941000	-7.237430	-7.195640	-7.231391	-7.190534	-7.222077	-7.187018	-7.230814	-7.269284	-7.258603	-7.236743	-7.214035	-7.179525	-7.278777	-7.250888	-14.995167	-7.214886
1806.970000	-7.237461	-7.195668	-7.231377	-7.190557	-7.222084	-7.187030	-7.230802	-7.269309	-7.258617	-7.236748	-7.214056	-7.179521	-7.278780	-7.250896	-14.995129	-7.214909
1827.032000	-7.237435	-7.195673	-7.231356	-7.190562	-7.222065	-7.186991	-7.230800	-7.269284	-7.258579	-7.236731	-7.214040	-7.179539	-7.278787	-7.250895	-14.995130	-7.214912
1847.077000	-7.237429	-7.195655	-7.231378	-7.190497	-7.222060	-7.186971	-7.230793	-7.269294	-7.258604	-7.236730	-7.214054	-7.179548	-7.278795	-7.250901	-14.995217	-7.214886
1867.070000	-7.237420	-7.195636	-7.231354	-7.190495	-7.222074	-7.186995	-7.230783	-7.269310	-7.258614	-7.236749	-7.214050	-7.179548	-7.278791	-7.250910	-14.995170	-7.214909
1887.143000	-7.237439	-7.195667	-7.231347	-7.190512	-7.222062	-7.187034	-7.230797	-7.269300	-7.258591	-7.236751	-7.214032	-7.179541	-7.278798	-7.250916	-14.995189	-7.214869
1907.205000	-7.237452	-7.195687	-7.231366	-7.190542	-7.222071	-7.187015	-7.230799	-7.269283	-7.258596	-7.236722	-7.214061	-7.179512	-7.278789	-7.250894	-14.995166	-7.214908
1927.292000	-7.237437	-7.195664	-7.231356	-7.190544	-7.222083	-7.187029	-7.230802	-7.269291	-7.258614	-7.236724	-7.214052	-7.179545	-7.278808	-7.250898	-14.995170	-7.214880
1947.311000	-7.237440	-7.195657	-7.231360	-7.190560	-7.222096	-7.186995	-7.230771	-7.269301	-7.258586	-7.236720	-7.214045	-7.179531	-7.278815	-7.250884	-14.995171	-7.214901
1967.360000	-7.237443	-7.195662	-7.231355	-7.190574	-7.222064	-7.187029	-7.230809	-7.269289	-7.258592	-7.236748	-7.214051	-7.179536	-7.278806	-7.250911	-14.995131	-7.214900
1987.463000	-7.237423	-7.195660	-7.231341	-7.190554	-7.222063	-7.187052	-7.230805	-7.269302	-7.258589	-7.236726	-7.214058	-7.179521	-7.278811	-7.250925	-14.995153	-7.214911
2007.540000	-7.237439	-7.195672	-7.231357	-7.190500	-7.222087	-7.187026	-7.230807	-7.269291	-7.258606	-7.236741	-7.214065	-7.179503	-7.278824	-7.250917	-14.995166	-7.214914
2027.620000	-7.237440	-7.195660	-7.231384	-7.190506	-7.222065	-7.187018	-7.230816	-7.269288	-7.258601	-7.236767	-7.214065	-7.179534	-7.278787	-7.250900	-14.995172	-7.214915
2047.653000	-7.237408	-7.195662	-7.231366	-7.190489	-7.222078	-7.187027	-7.230811	-7.269296	-7.258598	-7.236779	-7.214040	-7.179538	-7.278771	-7.250935	-14.995220	-7.214906
2067.730000	-7.237441	-7.195674	-7.231364	-7.190550	-7.222075	-7.186987	-7.230806	-7.269317	-7.258618	-7.236753	-7.214026	-7.179539	-7.278806	-7.250908	-14.995172	-7.214918
2087.767000	-7.237431	-7.195664	-7.231366	-7.190581	-7.222044	-7.186973	-7.230820	-7.269317	-7.258596	-7.236772	-7.214045	-7.179539	-7.278799	-7.250893	-14.995199	-7.214931
2107.860000	-7.237435	-7.195653	-7.231369	-7.190482	-7.222070	-7.187022	-7.230817	-7.269327	-7.258599	-7.236770	-7.214044	-7.179516	-7.278812	-7.250910	-14.995216	-7.214929
2127.918000	-7.237443	-7.195672	-7.231373	-7.190543	-7.222088	-7.187022	-7.230823	-7.269294	-7.258610	-7.236775	-7.214026	-7.179541	-7.278794	-7.250913	-14.995171	-7.214927
2147.904000	-7.237425	-7.195665	-7.231339	-7.190518	-7.222065	-7.187015	-7.230793	-7.269317	-7.258598	-7.236758	-7.214014	-7.179524	-7.278811	-7.250918	-14.995137	-7.214913
2167.970000	-7.237422	-7.195647	-7.231367	-7.190497	-7.222055	-7.186986	-7.230793	-7.269295	-7.258601	-7.236750	-7.214044	-7.179531	-7.278827	-7.250907	-14.995214	-7.214914
2188.005000	-7.237447	-7.195696	-7.231348	-7.190551	-7.222074	-7.187021	-7.230820	-7.269307	-7.258622	-7.236758	-7.214038	-7.179532	-7.278806	-7.250902	-14.995195	-7.214916
2208.054000	-7.237435	-7.195654	-7.231373	-7.190567	-7.222074	-7.186958	-7.230810	-7.269303	-7.258620	-7.236761	-7.214007	-7.179543	-7.278835	-7.250937	-14.995173	-7.214918
2228.083000	-7.237426	-7.195667	-7.231371	-7.190562	-7.222074	-7.187004	-7.230817	-7.269291	-7.258615	-7.236749	-7.214044	-7.179522	-7.278825	-7.250920	-14.995145	-7.214928
2248.173000	-7.237458	-7.195678	-7.231389	-7.190476	-7.222086	-7.186992	-7.230827	-7.269314	-7.258609	-7.236744	-7.214049	-7.179529	-7.278808	-7.250928	-14.995170	-7.214912
2268.232000	-7.237466	-7.195657	-7.231371	-7.190515	-7.222103	-7.187036	-7.230812	-7.269295	-7.258617	-7.236735	-7.214054	-7.179533	-7.278820	-7.250927	-14.995157	-7.214928
2288.230000	-7.237457	-7.195660	-7.231379	-7.190497	-7.222065	-7.186955	-7.230808	-7.269297	-7.258608	-7.236748	-7.214040	-7.179501	-7.278845	-7.250933	-14.995142	-7.214935
2308.260000	-7.237445	-7.195675	-7.231389	-7.190532	-7.222066	-7.186995	-7.230817	-7.269305	-7.258595	-7.236759	-7.214050	-7.179531	-7.278849	-7.250934	-14.995160	-7.214915
2328.329000	-7.237432	-7.195687	-7.231388	-7.190536	-7.222088	-7.187009	-7.230816	-7.269299	-7.258601	-7.236755	-7.214028	-7.179530	-7.278847	-7.250941	-14.995181	-7.214909
2348.389000	-7.237466	-7.195665	-7.231403	-7.190589	-7.222055	-7.187038	-7.230798	-7.269295	-7.258583	-7.236769	-7.214020	-7.179535	-7.278830	-7.250942	-14.995164	-7.214915
2368.471000	-7.237451	-7.195659	-7.231364	-7.190496	-7.222062	-7.187015	-7.230818	-7.269311	-7.258593	-7.236742	-7.214048	-7.179513	-7.278864	-7.250940	-14.995132	-7.214959
2388.536000	-7.237445	-7.195667	-7.231351	-7.190496	-7.222070	-7.186995	-7.230822	-7.269295	-7.258610	-7.236757	-7.214028	-7.179505	-7.278852	-7.250952	-14.995122	-7.214942
2408.571000	-7.237448	-7.195654	-7.231367	-7.190488	-7.222100	-7.186975	-7.230805	-7.269302	-7.258593	-7.236747	-7.214037	-7.179524	-7.278842	-7.250922	-14.995125	-7.214937
2428.650000	-7.237438	-7.195695	-7.231375	-7.190502	-7.222089	-7.186996	-7.230818	-7.269307	-7.258577	-7.236750	-7.214021	-7.179514	-7.278802	-7.250916	-14.995168	-7.214925
2448.711000	-7.237445	-7.195664	-7.231356	-7.190504	-7.222070	-7.187021	-7.230798	-7.269292	-7.258596	-7.236762	-7.214052	-7.179523	-7.278838	-7.250945	-14.995143	-7.214919
2468.770000	-7.237425	-7.195698	-7.231364	-7.190573	-7.222115	-7.187006	-7.230812	-7.269314	-7.258565	-7.236762	-7.214047	-7.179508	-7.278832	-7.250930	-14.995142	-7.214929
2488.840000	-7.237431	-7.195701	-7.231375	-7.190494	-7.222096	-7.187014	-7.230804	-7.269269	-7.258594	-7.236748	-7.214027	-7.179503	-7.278838	-7.250939	-14.995140	-7.214930
2508.890000	-7.237450	-7.195675	-7.231375	-7.190516	-7.222091	-7.186983	-7.230797	-7.269293	-7.258589	-7.236750	-7.214002	-7.179512	-7.278824	-7.250935	-14.995192	-7.214919
2528.920000	-7.237439	-7.195682	-7.231359	-7.190572	-7.222099	-7.186964	-7.230794	-7.269301	-7.258587	-7.236753	-7.214011	-7.179534	-7.278831	-7.250940	-14.995126	-7.214917
2548.982000	-7.237450	-7.195660	-7.231357	-7.190569	-7.222090	-7.186977	-7.230796	-7.269307	-7.258578	-7.236750	-7.214031	-7.179512	-7.278844	-7.250956	-14.995135	-7.214907
2569.024000	-7.237450	-7.195690	-7.231357	-7.190505	-7.222102	-7.186987	-7.230810	-7.269282	-7.258601	-7.236771	-7.214029	-7.179517	-7.278834	-7.250937	-14.995147	-7.214908
2589.081000	-7.237453	-7.195681	-7.231358	-7.190596	-7.222090	-7.186987	-7.230832	-7.269279	-7.258602	-7.236748	-7.214019	-7.179525	-7.278869	-7.250940	-14.995096	-7.214911
2609.142000	-7.237443	-7.195690	-7.231366	-7.190564	-7.222087	-7.186998	-7.230812	-7.269300	-7.258596	-7.236764	-7.214035	-7.179529	-7.278862	-7.250923	-14.995146	-7.214904
2629.222000	-7.237467	-7.195670	-7.231338	-7.190558	-7.222114	-7.187000	-7.230794	-7.269321	-7.258581	-7.236742	-7.214033	-7.179514	-7.278854	-7.250920	-14.995153	-7.214911
2649.310000	-7.237447	-7.195669	-7.231338	-7.190584	-7.222071	-7.186994	-7.230822	-7.269299	-7.258584	-7.236762	-7.214026	-7.179514	-7.278831	-7.250921	-14.995150	-7.214908
2669.280000	-7.237451	-7.195684	-7.231343	-7.190497	-7.222062	-7.186970	-7.230812	-7.269297	-7.258593	-7.236782	-7.214030	-7.179513	-7.278820	-7.250918	-14.995123	-7.214882
2689.311000	-7.237438	-7.195686	-7.231371	-7.190498	-7.222052	-7.186997	-7.230810	-7.269310	-7.258579	-7.236745	-7.214008	-7.179507	-7.278846	-7.250940	-14.995148	-7.214905
2709.345000	-7.237428	-7.195696	-7.231367	-7.190579	-7.222089	-7.186974	-7.230840	-7.269295	-7.258579	-7.236750	-7.214024	-7.179503	-7.278817	-7.250945	-14.995124	-7.214891
2729.421000	-7.237460	-7.195683	-7.231359	-7.190537	-7.222093	-7.187005	-7.230817	-7.269283	-7.258596	-7.236741	-7.214017	-7.179517	-7.278797	-7.250938	-14.995213	-7.214915
2749.438000	-7.237440	-7.195685	-7.231369	-7.190517	-7.222054	-7.186959	-7.230829	-7.269289	-7.258593	-7.236739	-7.214020	-7.179505	-7.278822	-7.250939	-14.995137	-7.214900
2769.460000	-7.237475	-7.195692	-7.231362	-7.190553	-7.222074	-7.186977	-7.230828	-7.269288	-7.258599	-7.236746	-7.214035	-7.179499	-7.278833	-7.250930	-14.995101	-7.214903
2789.512000	-7.237449	-7.195670	-7.231364	-7.190495	-7.222079	-7.186987	-7.230832	-7.269283	-7.258598	-7.236766	-7.214041	-7.179500	-7.278812	-7.250923	-14.995097	-7.214895
2809.625000	-7.237449	-7.195699	-7.231351	-7.190554	-7.222094	-7.186972	-7.230824	-7.269296	-7.258585	-7.236734	-7.214014	-7.179506	-7.278813	-7.250923	-14.995136	-7.214891
2829.716000	-7.237429	-7.195716	-7.231371	-7.190558	-7.222099	-7.186948	-7.230818	-7.269275	-7.258576	-7.236747	-7.214011	-7.179496	-7.278836	-7.250961	-14.995190	-7.214910
2849.796000	-7.237456	-7.195713	-7.231362	-7.190567	-7.222120	-7.186959	-7.230819	-7.269299	-7.258578	-7.236753	-7.214038	-7.179518	-7.278803	-7.250925	-14.995137	-7.214893
2869.846000	-7.237438	-7.195704	-7.231369	-7.190552	-7.222082	-7.186970	-7.230839	-7.269295	-7.258583	-7.236742	-7.214022	-7.179517	-7.278820	-7.250920	-14.995106	-7.214884
2889.941000	-7.237459	-7.195700	-7.231375	-7.190565	-7.222073	-7.186982	-7.230836	-7.269323	-7.258575	-7.236743	-7.214036	-7.179474	-7.278829	-7.250926	-14.995126	-7.214913
2910.001000	-7.237459	-7.195695	-7.231338	-7.190596	-7.222084	-7.186951	-7.230818	-7.269285	-7.258579	-7.236754	-7.214036	-7.179497	-7.278842	-7.250944	-14.995147	-7.214897
2930.065000	-7.237433	-7.195680	-7.231353	-7.190521	-7.222073	-7.186960	-7.230821	-7.269295	-7.258579	-7.236754	-7.214027	-7.179513	-7.278820	-7.250946	-14.995199	-7.214903
2950.131000	-7.237434	-7.195674	-7.231344	-7.190569	-7.222073	-7.186949	-7.230829	-7.269308	-7.258598	-7.236747	-7.214022	-7.179514	-7.278825	-7.250931	-14.995138	-7.214915
2970.191000	-7.237437	-7.195651	-7.231357	-7.190473	-7.222083	-7.187002	-7.230832	-7.269293	-7.258591	-7.236745	-7.214017	-7.179519	-7.278832	-7.250927	-14.995099	-7.214900
2990.210000	-7.237450	-7.195678	-7.231337	-7.190586	-7.222087	-7.186986	-7.230833	-7.269287	-7.258555	-7.236766	-7.214019	-7.179481	-7.278830	-7.250949	-14.995180	-7.214919
3010.210000	-7.237454	-7.195647	-7.231347	-7.190502	-7.222085	-7.186952	-7.230823	-7.269301	-7.258593	-7.236745	-7.214033	-7.179508	-7.278816	-7.250968	-14.995145	-7.214888
3030.202000	-7.237446	-7.195686	-7.231358	-7.190566	-7.222077	-7.186990	-7.230828	-7.269293	-7.258587	-7.236749	-7.214023	-7.179510	-7.278820	-7.250947	-14.995092	-7.214935
3050.303000	-7.237430	-7.195650	-7.231348	-7.190519	-7.222076	-7.186977	-7.230807	-7.269304	-7.258569	-7.236754	-7.213976	-7.179489	-7.278819	-7.250955	-14.995113	-7.214908
3070.331000	-7.237447	-7.195659	-7.231353	-7.190539	-7.222093	-7.186977	-7.230817	-7.269282	-7.258564	-7.236756	-7.213983	-7.179490	-7.278844	-7.250954	-14.995085	-7.214899
3090.362000	-7.237447	-7.195676	-7.231354	-7.190587	-7.222082	-7.186982	-7.230803	-7.269284	-7.258560	-7.236762	-7.214022	-7.179497	-7.278832	-7.250929	-14.995118	-7.214917
3110.391000	-7.237449	-7.195647	-7.231358	-7.190527	-7.222084	-7.186984	-7.230809	-7.269301	-7.258581	-7.236734	-7.214002	-7.179504	-7.278822	-7.250931	-14.995142	-7.214915
3130.380000	-7.237450	-7.195670	-7.231375	-7.190496	-7.222081	-7.186971	-7.230795	-7.269303	-7.258566	-7.236727	-7.214009	-7.179507	-7.278848	-7.250936	-14.995136	-7.214916
3150.423000	-7.237430	-7.195667	-7.231340	-7.190539	-7.222060	-7.186932	-7.230831	-7.269283	-7.258577	-7.236754	-7.214010	-7.179515	-7.278820	-7.250944	-14.995144	-7.214929
3170.450000	-7.237443	-7.195670	-7.231353	-7.190548	-7.222061	-7.186970	-7.230827	-7.269267	-7.258564	-7.236742	-7.214014	-7.179519	-7.278839	-7.250920	-14.995131	-7.214927
3190.502000	-7.237457	-7.195666	-7.231351	-7.190574	-7.222063	-7.186957	-7.230812	-7.269276	-7.258565	-7.236745	-7.214021	-7.179499	-7.278838	-7.250949	-14.995169	-7.214909
3210.540000	-7.237456	-7.195684	-7.231354	-7.190585	-7.222058	-7.186942	-7.230819	-7.269272	-7.258598	-7.236730	-7.213996	-7.179524	-7.278852	-7.250962	-14.995132	-7.214915
3230.570000	-7.237441	-7.195670	-7.231351	-7.190579	-7.222078	-7.186964	-7.230822	-7.269293	-7.258564	-7.236745	-7.214018	-7.179515	-7.278832	-7.250938	-14.995142	-7.214949
3250.590000	-7.237444	-7.195685	-7.231366	-7.190554	-7.222066	-7.186904	-7.230839	-7.269290	-7.258588	-7.236764	-7.213996	-7.179495	-7.278786	-7.250939	-14.995104	-7.214907
3270.631000	-7.237442	-7.195675	-7.231350	-7.190538	-7.222079	-7.186936	-7.230837	-7.269302	-7.258574	-7.236741	-7.214031	-7.179517	-7.278817	-7.250962	-14.995129	-7.214923
3290.600000	-7.237450	-7.195657	-7.231360	-7.190538	-7.222077	-7.186942	-7.230848	-7.269319	-7.258560	-7.236761	-7.214015	-7.179530	-7.278790	-7.250914	-14.995117	-7.214894
3310.690000	-7.237457	-7.195672	-7.231348	-7.190561	-7.222065	-7.186957	-7.230839	-7.269302	-7.258559	-7.236743	-7.214019	-7.179507	-7.278790	-7.250964	-14.995092	-7.214913
3330.789000	-7.237440	-7.195660	-7.231342	-7.190559	-7.222072	-7.186973	-7.230814	-7.269301	-7.258585	-7.236747	-7.214006	-7.179510	-7.278807	-7.250940	-14.995165	-7.214892
3350.795000	-7.237465	-7.195658	-7.231339	-7.190569	-7.222067	-7.186980	-7.230834	-7.269294	-7.258578	-7.236737	-7.214039	-7.179505	-7.278809	-7.250942	-14.995121	-7.214893
3370.933000	-7.237453	-7.195666	-7.231361	-7.190562	-7.222086	-7.186946	-7.230837	-7.269285	-7.258558	-7.236763	-7.214038	-7.179504	-7.278801	-7.250958	-14.995107	-7.214900
3390.990000	-7.237474	-7.195638	-7.231361	-7.190545	-7.222103	-7.186936	-7.230841	-7.269307	-7.258584	-7.236756	-7.214018	-7.179495	-7.278798	-7.250963	-14.995126	-7.214897
3411.073000	-7.237458	-7.195667	-7.231344	-7.190557	-7.222094	-7.186956	-7.230831	-7.269309	-7.258576	-7.236768	-7.214009	-7.179513	-7.278790	-7.250961	-14.995134	-7.214905
3431.110000	-7.237460	-7.195665	-7.231341	-7.190582	-7.222094	-7.186950	-7.230837	-7.269306	-7.258564	-7.236753	-7.214013	-7.179525	-7.278801	-7.250957	-14.995110	-7.214924
3451.166000	-7.237460	-7.195681	-7.231353	-7.190547	-7.222084	-7.186967	-7.230840	-7.269299	-7.258583	-7.236766	-7.214019	-7.179503	-7.278829	-7.250960	-14.995137	-7.214927
3471.140000	-7.237470	-7.195657	-7.231348	-7.190579	-7.222075	-7.186924	-7.230845	-7.269295	-7.258561	-7.236770	-7.214008	-7.179500	-7.278823	-7.250928	-14.995123	-7.214922
3491.170000	-7.237456	-7.195657	-7.231363	-7.190494	-7.222081	-7.186943	-7.230820	-7.269300	-7.258569	-7.236769	-7.214009	-7.179534	-7.278816	-7.250956	-14.995122	-7.214924
3511.196000	-7.237446	-7.195643	-7.231373	-7.190498	-7.222091	-7.186938	-7.230838	-7.269316	-7.258595	-7.236763	-7.214001	-7.179532	-7.278811	-7.250975	-14.995130	-7.214932
3531.250000	-7.237471	-7.195673	-7.231376	-7.190569	-7.222082	-7.186962	-7.230855	-7.269288	-7.258597	-7.236762	-7.214008	-7.179513	-7.278845	-7.250939	-14.995085	-7.214902
3551.311000	-7.237438	-7.195661	-7.231357	-7.190581	-7.222086	-7.186929	-7.230824	-7.269317	-7.258568	-7.236761	-7.214019	-7.179532	-7.278837	-7.250949	-14.995110	-7.214918
3571.290000	-7.237443	-7.195656	-7.231343	-7.190581	-7.222095	-7.186911	-7.230847	-7.269313	-7.258592	-7.236764	-7.213991	-7.179498	-7.278836	-7.250944	-14.995117	-7.214924
3591.312000	-7.237477	-7.195653	-7.231372	-7.190532	-7.222072	-7.186930	-7.230837	-7.269301	-7.258574	-7.236775	-7.214013	-7.179515	-7.278816	-7.250949	-14.995137	-7.214914
3611.416000	-7.237432	-7.195661	-7.231335	-7.190479	-7.222067	-7.186950	-7.230829	-7.269300	-7.258579	-7.236781	-7.214024	-7.179526	-7.278841	-7.250933	-14.995119	-7.214920
3631.431000	-7.237436	-7.195629	-7.231337	-7.190565	-7.222051	-7.186942	-7.230838	-7.269298	-7.258593	-7.236735	-7.214008	-7.179516	-7.278818	-7.250946	-14.995059	-7.214915
3651.480000	-7.237453	-7.195651	-7.231342	-7.190508	-7.222051	-7.186921	-7.230829	-7.269311	-7.258580	-7.236774	-7.214016	-7.179520	-7.278825	-7.250933	-14.995187	-7.214934
3671.590000	-7.237444	-7.195657	-7.231353	-7.190529	-7.222057	-7.186907	-7.230824	-7.269294	-7.258571	-7.236749	-7.213987	-7.179514	-7.278832	-7.250952	-14.995110	-7.214926
3691.644000	-7.237466	-7.195660	-7.231348	-7.190574	-7.222079	-7.186910	-7.230829	-7.269297	-7.258583	-7.236755	-7.214026	-7.179523	-7.278841	-7.250943	-14.995148	-7.214932
3711.624000	-7.237431	-7.195647	-7.231378	-7.190514	-7.222078	-7.186891	-7.230806	-7.269291	-7.258561	-7.236754	-7.214017	-7.179493	-7.278824	-7.250944	-14.995089	-7.214919
3731.688000	-7.237464	-7.195656	-7.231376	-7.190510	-7.222072	-7.186892	-7.230835	-7.269287	-7.258575	-7.236771	-7.214027	-7.179490	-7.278839	-7.250943	-14.995079	-7.214912
3751.756000	-7.237472	-7.195670	-7.231349	-7.190576	-7.222051	-7.186936	-7.230821	-7.269312	-7.258586	-7.236757	-7.214020	-7.179505	-7.278863	-7.250937	-14.995111	-7.214925
3771.770000	-7.237442	-7.195645	-7.231363	-7.190576	-7.222068	-7.186920	-7.230838	-7.269295	-7.258578	-7.236741	-7.214025	-7.179517	-7.278820	-7.250965	-14.995154	-7.214933
3791.755000	-7.237443	-7.195650	-7.231359	-7.190495	-7.222063	-7.186900	-7.230827	-7.269302	-7.258576	-7.236736	-7.214001	-7.179514	-7.278825	-7.250941	-14.995064	-7.214931
3811.830000	-7.237439	-7.195671	-7.231362	-7.190557	-7.222074	-7.186898	-7.230826	-7.269319	-7.258561	-7.236751	-7.214026	-7.179503	-7.278796	-7.250942	-14.995083	-7.214947
3831.877000	-7.237427	-7.195630	-7.231354	-7.190543	-7.222081	-7.186919	-7.230835	-7.269286	-7.258582	-7.236753	-7.214008	-7.179500	-7.278801	-7.250920	-14.995130	-7.214932
3851.920000	-7.237429	-7.195665	-7.231356	-7.190564	-7.222079	-7.186905	-7.230839	-7.269311	-7.258576	-7.236731	-7.214004	-7.179520	-7.278791	-7.250949	-14.995089	-7.214906
3871.910000	-7.237466	-7.195650	-7.231354	-7.190513	-7.222072	-7.186888	-7.230830	-7.269310	-7.258573	-7.236746	-7.214026	-7.179493	-7.278796	-7.250928	-14.995075	-7.214923
3891.961000	-7.237456	-7.195652	-7.231362	-7.190580	-7.222053	-7.186890	-7.230855	-7.269296	-7.258591	-7.236746	-7.214033	-7.179502	-7.278797	-7.250930	-14.995081	-7.214958
3912.002000	-7.237448	-7.195672	-7.231369	-7.190510	-7.222071	-7.186902	-7.230841	-7.269309	-7.258566	-7.236744	-7.214038	-7.179521	-7.278822	-7.250911	-14.995127	-7.214947
3931.997000	-7.237437	-7.195684	-7.231385	-7.190497	-7.222067	-7.186968	-7.230835	-7.269300	-7.258574	-7.236766	-7.214034	-7.179515	-7.278803	-7.250934	-14.995101	-7.214940
3951.970000	-7.237462	-7.195631	-7.231355	-7.190533	-7.222057	-7.186897	-7.230833	-7.269297	-7.258580	-7.236724	-7.214027	-7.179513	-7.278794	-7.250935	-14.995105	-7.214954
3972.010000	-7.237444	-7.195665	-7.231360	-7.190572	-7.222091	-7.186877	-7.230832	-7.269283	-7.258573	-7.236753	-7.214010	-7.179493	-7.278790	-7.250947	-14.995119	-7.214933
3992.070000	-7.237439	-7.195676	-7.231366	-7.190548	-7.222090	-7.186923	-7.230822	-7.269288	-7.258570	-7.236739	-7.214023	-7.179518	-7.278789	-7.250924	-14.995102	-7.214936
4012.120000	-7.237418	-7.195686	-7.231352	-7.190583	-7.222067	-7.186887	-7.230832	-7.269309	-7.258583	-7.236749	-7.214041	-7.179498	-7.278774	-7.250906	-14.995129	-7.214918
4032.190000	-7.237440	-7.195662	-7.231352	-7.190528	-7.222072	-7.186899	-7.230817	-7.269298	-7.258582	-7.236749	-7.214039	-7.179493	-7.278816	-7.250929	-14.995148	-7.214935
4052.235000	-7.237444	-7.195688	-7.231369	-7.190602	-7.222081	-7.186887	-7.230834	-7.269298	-7.258607	-7.236757	-7.214049	-7.179512	-7.278783	-7.250935	-14.995089	-7.214928
4072.324000	-7.237445	-7.195682	-7.231366	-7.190584	-7.222082	-7.186890	-7.230816	-7.269316	-7.258592	-7.236772	-7.214035	-7.179537	-7.278790	-7.250951	-14.995161	-7.214937
4092.381000	-7.237447	-7.195649	-7.231363	-7.190573	-7.222055	-7.186900	-7.230811	-7.269292	-7.258598	-7.236751	-7.214035	-7.179496	-7.278829	-7.250954	-14.995084	-7.214948
4112.400000	-7.237461	-7.195680	-7.231373	-7.190592	-7.222090	-7.186925	-7.230838	-7.269329	-7.258622	-7.236754	-7.214042	-7.179502	-7.278805	-7.250964	-14.995128	-7.214933
4132.465000	-7.237435	-7.195684	-7.231344	-7.190524	-7.222079	-7.186909	-7.230805	-7.269317	-7.258612	-7.236751	-7.214045	-7.179516	-7.278809	-7.250942	-14.995147	-7.214933
4152.512000	-7.237437	-7.195680	-7.231347	-7.190521	-7.222068	-7.186895	-7.230816	-7.269299	-7.258614	-7.236744	-7.214046	-7.179522	-7.278800	-7.250933	-14.995086	-7.214930
4172.540000	-7.237463	-7.195687	-7.231360	-7.190563	-7.222057	-7.186892	-7.230817	-7.269302	-7.258606	-7.236736	-7.214024	-7.179518	-7.278840	-7.250934	-14.995133	-7.214924
4192.598000	-7.237450	-7.195656	-7.231357	-7.190577	-7.222082	-7.186893	-7.230822	-7.269294	-7.258612	-7.236769	-7.214046	-7.179512	-7.278798	-7.250940	-14.995111	-7.214940
4212.641000	-7.237422	-7.195669	-7.231375	-7.190515	-7.222086	-7.186900	-7.230825	-7.269309	-7.258578	-7.236762	-7.214015	-7.179499	-7.278815	-7.250936	-14.995111	-7.214926
4232.705000	-7.237431	-7.195675	-7.231374	-7.190531	-7.222084	-7.186854	-7.230822	-7.269284	-7.258605	-7.236741	-7.214031	-7.179517	-7.278831	-7.250947	-14.995128	-7.214935
4252.771000	-7.237467	-7.195688	-7.231366	-7.190578	-7.222066	-7.186898	-7.230796	-7.269308	-7.258593	-7.236774	-7.214040	-7.179502	-7.278787	-7.250946	-14.995129	-7.214930
4272.750000	-7.237451	-7.195675	-7.231362	-7.190479	-7.222101	-7.186842	-7.230831	-7.269288	-7.258596	-7.236770	-7.214039	-7.179522	-7.278787	-7.250936	-14.995100	-7.214928
4292.801000	-7.237449	-7.195695	-7.231381	-7.190513	-7.222092	-7.186892	-7.230811	-7.269299	-7.258577	-7.236756	-7.214034	-7.179505	-7.278817	-7.250922	-14.995123	-7.214932
4312.821000	-7.237424	-7.195663	-7.231343	-7.190500	-7.222077	-7.186900	-7.230808	-7.269281	-7.258588	-7.236767	-7.214031	-7.179505	-7.278798	-7.250910	-14.995113	-7.214900
4332.900000	-7.237430	-7.195659	-7.231350	-7.190520	-7.222064	-7.186914	-7.230811	-7.269286	-7.258578	-7.236764	-7.214052	-7.179520	-7.278801	-7.250916	-14.995115	-7.214925
4352.950000	-7.237435	-7.195665	-7.231352	-7.190555	-7.222093	-7.186872	-7.230833	-7.269298	-7.258568	-7.236753	-7.214022	-7.179501	-7.278771	-7.250929	-14.995091	-7.214917
4372.930000	-7.237438	-7.195633	-7.231352	-7.190504	-7.222078	-7.186857	-7.230821	-7.269304	-7.258581	-7.236753	-7.214038	-7.179523	-7.278764	-7.250935	-14.995093	-7.214919
4392.920000	-7.237457	-7.195675	-7.231367	-7.190523	-7.222083	-7.186849	-7.230798	-7.269296	-7.258580	-7.236757	-7.214033	-7.179501	-7.278812	-7.250910	-14.995056	-7.214942
4412.932000	-7.237435	-7.195672	-7.231359	-7.190579	-7.222097	-7.186873	-7.230820	-7.269267	-7.258605	-7.236771	-7.214048	-7.179512	-7.278800	-7.250924	-14.995095	-7.214947
4432.970000	-7.237453	-7.195661	-7.231375	-7.190554	-7.222090	-7.186895	-7.230801	-7.269273	-7.258572	-7.236758	-7.214046	-7.179502	-7.278821	-7.250933	-14.995107	-7.214920
4453.020000	-7.237435	-7.195673	-7.231368	-7.190502	-7.222090	-7.186887	-7.230795	-7.269286	-7.258580	-7.236754	-7.214029	-7.179524	-7.278794	-7.250921	-14.995128	-7.214928
4473.070000	-7.237457	-7.195674	-7.231387	-7.190546	-7.222094	-7.186901	-7.230809	-7.269244	-7.258589	-7.236758	-7.214034	-7.179504	-7.278827	-7.250972	-14.995060	-7.214915
4493.120000	-7.237442	-7.195652	-7.231362	-7.190546	-7.222104	-7.186890	-7.230817	-7.269297	-7.258581	-7.236743	-7.214019	-7.179520	-7.278800	-7.250947	-14.995048	-7.214915
4513.194000	-7.237451	-7.195680	-7.231356	-7.190560	-7.222062	-7.186918	-7.230837	-7.269283	-7.258588	-7.236760	-7.214021	-7.179513	-7.278778	-7.250949	-14.995147	-7.214907
4533.274000	-7.237445	-7.195673	-7.231357	-7.190524	-7.222082	-7.186901	-7.230812	-7.269294	-7.258587	-7.236737	-7.214021	-7.179500	-7.278798	-7.250965	-14.995138	-7.214931
4553.355000	-7.237408	-7.195688	-7.231356	-7.190564	-7.222086	-7.186875	-7.230791	-7.269297	-7.258599	-7.236773	-7.214026	-7.179524	-7.278758	-7.250931	-14.995100	-7.214913
4573.402000	-7.237427	-7.195655	-7.231352	-7.190562	-7.222097	-7.186885	-7.230810	-7.269290	-7.258580	-7.236738	-7.214033	-7.179500	-7.278768	-7.250952	-14.995142	-7.214917
4593.445000	-7.237434	-7.195656	-7.231355	-7.190547	-7.222076	-7.186926	-7.230818	-7.269285	-7.258588	-7.236753	-7.214023	-7.179498	-7.278747	-7.250930	-14.995087	-7.214948
4613.491000	-7.237432	-7.195653	-7.231354	-7.190590	-7.222082	-7.186901	-7.230810	-7.269285	-7.258565	-7.236748	-7.214007	-7.179504	-7.278759	-7.250932	-14.995093	-7.214944
4633.530000	-7.237451	-7.195653	-7.231353	-7.190593	-7.222077	-7.186905	-7.230814	-7.269281	-7.258564	-7.236760	-7.214046	-7.179504	-7.278799	-7.250922	-14.995115	-7.214941
4653.601000	-7.237427	-7.195674	-7.231387	-7.190552	-7.222050	-7.186920	-7.230817	-7.269289	-7.258592	-7.236748	-7.214007	-7.179533	-7.278811	-7.250937	-14.995088	-7.214929
4673.674000	-7.237440	-7.195674	-7.231363	-7.190561	-7.222066	-7.186889	-7.230823	-7.269265	-7.258584	-7.236771	-7.214025	-7.179507	-7.278751	-7.250950	-14.995075	-7.214942
4693.711000	-7.237413	-7.195641	-7.231360	-7.190581	-7.222074	-7.186884	-7.230801	-7.269305	-7.258578	-7.236758	-7.214030	-7.179512	-7.278779	-7.250946	-14.995112	-7.214964
4713.761000	-7.237466	-7.195657	-7.231352	-7.190564	-7.222099	-7.186905	-7.230809	-7.269284	-7.258604	-7.236747	-7.214014	-7.179506	-7.278786	-7.250950	-14.995171	-7.214952
4733.823000	-7.237440	-7.195653	-7.231367	-7.190570	-7.222063	-7.186901	-7.230816	-7.269295	-7.258596	-7.236758	-7.214016	-7.179488	-7.278772	-7.250935	-14.995109	-7.214939
4753.875000	-7.237447	-7.195682	-7.231373	-7.190585	-7.222086	-7.186927	-7.230805	-7.269288	-7.258605	-7.236744	-7.214033	-7.179488	-7.278767	-7.250951	-14.995124	-7.214960
4773.870000	-7.237453	-7.195682	-7.231350	-7.190519	-7.222077	-7.186882	-7.230817	-7.269304	-7.258583	-7.236774	-7.214009	-7.179478	-7.278795	-7.250934	-14.995113	-7.214957
4793.909000	-7.237443	-7.195666	-7.231381	-7.190586	-7.222066	-7.186907	-7.230796	-7.269278	-7.258580	-7.236739	-7.214028	-7.179478	-7.278767	-7.250923	-14.995090	-7.214952
4813.942000	-7.237437	-7.195675	-7.231349	-7.190538	-7.222080	-7.186892	-7.230810	-7.269287	-7.258615	-7.236775	-7.214004	-7.179484	-7.278751	-7.250925	-14.995079	-7.214931
4833.980000	-7.237425	-7.195661	-7.231365	-7.190616	-7.222082	-7.186926	-7.230825	-7.269281	-7.258600	-7.236775	-7.214015	-7.179527	-7.278768	-7.250947	-14.995111	-7.214913
4854.021000	-7.237455	-7.195700	-7.231362	-7.190532	-7.222078	-7.186924	-7.230824	-7.269265	-7.258585	-7.236759	-7.214026	-7.179488	-7.278777	-7.250974	-14.995125	-7.214927
4873.992000	-7.237459	-7.195673	-7.231344	-7.190530	-7.222070	-7.186875	-7.230822	-7.269265	-7.258609	-7.236740	-7.214022	-7.179511	-7.278776	-7.250953	-14.995112	-7.214941
4894.040000	-7.237470	-7.195676	-7.231361	-7.190586	-7.222085	-7.186865	-7.230823	-7.269294	-7.258606	-7.236734	-7.214026	-7.179503	-7.278828	-7.250969	-14.995133	-7.214947
4914.100000	-7.237450	-7.195682	-7.231346	-7.190567	-7.222092	-7.186900	-7.230808	-7.269281	-7.258600	-7.236743	-7.213989	-7.179509	-7.278796	-7.250961	-14.995108	-7.214942
4934.130000	-7.237464	-7.195704	-7.231365	-7.190567	-7.222088	-7.186851	-7.230820	-7.269274	-7.258583	-7.236753	-7.214022	-7.179515	-7.278789	-7.250966	-14.995101	-7.214934
4954.170000	-7.237446	-7.195688	-7.231348	-7.190535	-7.222076	-7.186908	-7.230810	-7.269292	-7.258592	-7.236741	-7.214014	-7.179526	-7.278827	-7.250963	-14.995139	-7.214945
4974.170000	-7.237466	-7.195682	-7.231347	-7.190574	-7.222075	-7.186886	-7.230842	-7.269286	-7.258612	-7.236757	-7.214025	-7.179515	-7.278802	-7.250973	-14.995102	-7.214948
4994.260000	-7.237434	-7.195661	-7.231365	-7.190586	-7.222093	-7.186912	-7.230837	-7.269287	-7.258613	-7.236738	-7.214058	-7.179519	-7.278817	-7.250977	-14.995064	-7.214935
5014.300000	-7.237435	-7.195669	-7.231349	-7.190543	-7.222065	-7.186879	-7.230849	-7.269300	-7.258590	-7.236779	-7.214004	-7.179529	-7.278784	-7.250950	-14.995116	-7.214932
5034.310000	-7.237436	-7.195686	-7.231363	-7.190574	-7.222051	-7.186910	-7.230844	-7.269291	-7.258607	-7.236749	-7.214021	-7.179532	-7.278785	-7.250955	-14.995099	-7.214938
5054.381000	-7.237431	-7.195676	-7.231359	-7.190597	-7.222066	-7.186882	-7.230849	-7.269294	-7.258577	-7.236778	-7.214012	-7.179532	-7.278789	-7.250967	-14.995102	-7.214946
5074.466000	-7.237424	-7.195666	-7.231346	-7.190582	-7.222071	-7.186908	-7.230846	-7.269309	-7.258616	-7.236756	-7.214022	-7.179530	-7.278800	-7.250984	-14.995093	-7.214949
5094.532000	-7.237446	-7.195688	-7.231357	-7.190535	-7.222061	-7.186883	-7.230806	-7.269293	-7.258610	-7.236755	-7.214015	-7.179524	-7.278783	-7.250977	-14.995080	-7.214951
5114.622000	-7.237424	-7.195678	-7.231366	-7.190576	-7.222057	-7.186906	-7.230821	-7.269295	-7.258618	-7.236775	-7.214012	-7.179547	-7.278778	-7.250959	-14.995088	-7.214924
5134.620000	-7.237445	-7.195688	-7.231379	-7.190583	-7.222088	-7.186900	-7.230821	-7.269301	-7.258605	-7.236754	-7.214018	-7.179534	-7.278797	-7.250975	-14.995073	-7.214943
5154.660000	-7.237444	-7.195725	-7.231376	-7.190590	-7.222097	-7.186884	-7.230830	-7.269295	-7.258599	-7.236753	-7.214012	-7.179531	-7.278807	-7.250947	-14.995090	-7.214965
5174.727000	-7.237461	-7.195725	-7.231352	-7.190590	-7.222082	-7.186902	-7.230822	-7.269301	-7.258592	-7.236759	-7.214007	-7.179539	-7.278781	-7.250949	-14.995087	-7.214951
5194.767000	-7.237452	-7.195688	-7.231381	-7.190597	-7.222073	-7.186922	-7.230822	-7.269312	-7.258616	-7.236772	-7.214033	-7.179551	-7.278781	-7.250978	-14.995079	-7.214945
5214.826000	-7.237452	-7.195711	-7.231374	-7.190518	-7.222103	-7.186916	-7.230803	-7.269286	-7.258610	-7.236736	-7.214017	-7.179535	-7.278785	-7.250959	-14.995102	-7.214931
5234.871000	-7.237452	-7.195694	-7.231368	-7.190542	-7.222103	-7.186908	-7.230822	-7.269324	-7.258598	-7.236750	-7.213999	-7.179556	-7.278789	-7.250953	-14.995076	-7.214942
5254.920000	-7.237432	-7.195686	-7.231358	-7.190583	-7.222073	-7.186939	-7.230810	-7.269300	-7.258610	-7.236742	-7.214000	-7.179541	-7.278801	-7.250960	-14.995046	-7.214944
5274.964000	-7.237450	-7.195714	-7.231362	-7.190534	-7.222057	-7.186888	-7.230807	-7.269297	-7.258602	-7.236753	-7.213995	-7.179524	-7.278773	-7.250965	-14.995076	-7.214959
5295.030000	-7.237450	-7.195694	-7.231353	-7.190606	-7.222074	-7.186891	-7.230809	-7.269295	-7.258608	-7.236765	-7.213989	-7.179547	-7.278774	-7.250962	-14.995099	-7.214979
5315.095000	-7.237455	-7.195692	-7.231364	-7.190542	-7.222068	-7.186920	-7.230820	-7.269302	-7.258592	-7.236736	-7.213983	-7.179527	-7.278790	-7.250947	-14.995074	-7.214949
5335.140000	-7.237458	-7.195711	-7.231361	-7.190539	-7.222085	-7.186935	-7.230835	-7.269317	-7.258585	-7.236745	-7.214014	-7.179541	-7.278761	-7.250956	-14.995058	-7.214958
5355.210000	-7.237466	-7.195691	-7.231352	-7.190587	-7.222075	-7.186923	-7.230805	-7.269289	-7.258588	-7.236783	-7.214018	-7.179549	-7.278785	-7.250968	-14.995055	-7.214955
5375.295000	-7.237444	-7.195711	-7.231367	-7.190628	-7.222062	-7.186867	-7.230802	-7.269317	-7.258587	-7.236763	-7.214021	-7.179542	-7.278773	-7.250949	-14.995088	-7.214952
5395.363000	-7.237439	-7.195683	-7.231359	-7.190588	-7.222084	-7.186920	-7.230799	-7.269315	-7.258607	-7.236732	-7.214004	-7.179561	-7.278763	-7.250946	-14.995055	-7.214964
5415.382000	-7.237444	-7.195694	-7.231369	-7.190585	-7.222096	-7.186922	-7.230798	-7.269312	-7.258598	-7.236726	-7.213989	-7.179535	-7.278750	-7.250969	-14.995065	-7.214958
5435.470000	-7.237440	-7.195694	-7.231358	-7.190545	-7.222074	-7.186926	-7.230828	-7.269315	-7.258600	-7.236724	-7.213995	-7.179525	-7.278740	-7.250972	-14.995093	-7.214943
5455.520000	-7.237428	-7.195697	-7.231354	-7.190613	-7.222094	-7.186921	-7.230820	-7.269315	-7.258618	-7.236763	-7.214007	-7.179546	-7.278767	-7.250959	-14.995034	-7.214959
5475.554000	-7.237445	-7.195669	-7.231356	-7.190619	-7.222064	-7.186919	-7.230813	-7.269292	-7.258591	-7.236752	-7.214002	-7.179535	-7.278771	-7.250946	-14.995085	-7.214979
5495.550000	-7.237418	-7.195689	-7.231346	-7.190570	-7.222082	-7.186932	-7.230820	-7.269319	-7.258593	-7.236785	-7.214010	-7.179536	-7.278804	-7.250974	-14.995072	-7.214966
5515.609000	-7.237422	-7.195702	-7.231346	-7.190620	-7.222078	-7.186929	-7.230822	-7.269332	-7.258609	-7.236756	-7.214004	-7.179531	-7.278778	-7.250962	-14.995113	-7.214949
5535.644000	-7.237439	-7.195709	-7.231372	-7.190598	-7.222079	-7.186923	-7.230798	-7.269339	-7.258586	-7.236754	-7.214016	-7.179527	-7.278786	-7.250954	-14.995102	-7.214945
5555.682000	-7.237414	-7.195696	-7.231361	-7.190631	-7.222087	-7.186914	-7.230810	-7.269319	-7.258574	-7.236768	-7.214013	-7.179537	-7.278773	-7.250962	-14.995101	-7.214966
5575.772000	-7.237443	-7.195702	-7.231357	-7.190634	-7.222090	-7.186925	-7.230827	-7.269297	-7.258564	-7.236762	-7.214026	-7.179536	-7.278792	-7.250978	-14.995054	-7.214955
5595.809000	-7.237450	-7.195689	-7.231332	-7.190626	-7.222071	-7.186896	-7.230822	-7.269303	-7.258602	-7.236775	-7.214007	-7.179529	-7.278766	-7.250971	-14.995077	-7.214952
5615.880000	-7.237432	-7.195667	-7.231340	-7.190603	-7.222084	-7.186852	-7.230798	-7.269311	-7.258599	-7.236777	-7.214010	-7.179543	-7.278798	-7.250957	-14.995094	-7.214958
5635.960000	-7.237445	-7.195713	-7.231366	-7.190567	-7.222077	-7.186923	-7.230808	-7.269295	-7.258576	-7.236758	-7.213995	-7.179563	-7.278828	-7.250948	-14.995146	-7.214948
5656.000000	-7.237444	-7.195695	-7.231353	-7.190583	-7.222067	-7.186865	-7.230809	-7.269313	-7.258568	-7.236754	-7.213996	-7.179539	-7.278790	-7.250977	-14.995117	-7.214959
5676.091000	-7.237442	-7.195694	-7.231360	-7.190592	-7.222082	-7.186872	-7.230813	-7.269317	-7.258577	-7.236729	-7.213999	-7.179537	-7.278797	-7.250961	-14.995135	-7.214967
5696.082000	-7.237437	-7.195698	-7.231368	-7.190594	-7.222091	-7.186879	-7.230814	-7.269291	-7.258556	-7.236722	-7.214005	-7.179545	-7.278802	-7.250976	-14.995103	-7.214973
5716.134000	-7.237431	-7.195700	-7.231378	-7.190601	-7.222079	-7.186889	-7.230832	-7.269311	-7.258570	-7.236764	-7.214000	-7.179531	-7.278815	-7.250951	-14.995107	-7.214950
5736.250000	-7.237445	-7.195696	-7.231355	-7.190626	-7.222068	-7.186896	-7.230821	-7.269324	-7.258568	-7.236768	-7.214001	-7.179546	-7.278803	-7.250967	-14.995079	-7.214945
5756.270000	-7.237449	-7.195693	-7.231374	-7.190605	-7.222082	-7.186868	-7.230815	-7.269273	-7.258592	-7.236741	-7.213980	-7.179523	-7.278821	-7.250976	-14.995107	-7.214965
5776.331000	-7.237426	-7.195694	-7.231352	-7.190519	-7.222092	-7.186907	-7.230818	-7.269296	-7.258568	-7.236755	-7.213990	-7.179539	-7.278818	-7.250967	-14.995061	-7.214954
5796.350000	-7.237412	-7.195698	-7.231371	-7.190623	-7.222074	-7.186867	-7.230829	-7.269303	-7.258584	-7.236768	-7.214033	-7.179534	-7.278820	-7.250992	-14.995099	-7.214945
5816.383000	-7.237436	-7.195671	-7.231349	-7.190580	-7.222072	-7.186892	-7.230837	-7.269316	-7.258581	-7.236771	-7.214012	-7.179534	-7.278789	-7.250961	-14.995069	-7.214957
5836.440000	-7.237421	-7.195670	-7.231365	-7.190583	-7.222096	-7.186871	-7.230825	-7.269319	-7.258598	-7.236747	-7.214006	-7.179534	-7.278779	-7.250963	-14.995025	-7.214958
5856.485000	-7.237433	-7.195682	-7.231363	-7.190650	-7.222066	-7.186882	-7.230835	-7.269318	-7.258567	-7.236770	-7.214007	-7.179536	-7.278798	-7.250966	-14.995093	-7.214958
5876.520000	-7.237433	-7.195723	-7.231337	-7.190625	-7.222072	-7.186901	-7.230837	-7.269314	-7.258607	-7.236769	-7.214012	-7.179531	-7.278791	-7.250983	-14.995080	-7.214951
5896.590000	-7.237445	-7.195683	-7.231360	-7.190599	-7.222078	-7.186901	-7.230837	-7.269295	-7.258589	-7.236765	-7.214018	-7.179544	-7.278811	-7.250972	-14.995090	-7.214965
5916.560000	-7.237448	-7.195704	-7.231356	-7.190542	-7.222076	-7.186882	-7.230828	-7.269300	-7.258604	-7.236750	-7.214022	-7.179527	-7.278776	-7.250967	-14.995054	-7.214971
5936.635000	-7.237457	-7.195675	-7.231376	-7.190608	-7.222109	-7.186893	-7.230822	-7.269312	-7.258590	-7.236766	-7.214010	-7.179544	-7.278762	-7.250953	-14.995116	-7.214933
5956.708000	-7.237458	-7.195711	-7.231346	-7.190611	-7.222091	-7.186890	-7.230825	-7.269290	-7.258587	-7.236744	-7.214031	-7.179553	-7.278797	-7.250955	-14.995051	-7.214950
5976.780000	-7.237457	-7.195702	-7.231346	-7.190636	-7.222100	-7.186861	-7.230825	-7.269317	-7.258588	-7.236752	-7.213996	-7.179560	-7.278802	-7.250972	-14.995092	-7.214940
5996.740000	-7.237472	-7.195673	-7.231362	-7.190614	-7.222087	-7.186843	-7.230828	-7.269292	-7.258588	-7.236747	-7.214037	-7.179557	-7.278800	-7.250957	-14.995102	-7.214960
6016.800000	-7.237459	-7.195682	-7.231349	-7.190596	-7.222099	-7.186879	-7.230829	-7.269305	-7.258572	-7.236745	-7.214006	-7.179537	-7.278822	-7.250990	-14.995064	-7.214943
6036.832000	-7.237461	-7.195689	-7.231375	-7.190553	-7.222096	-7.186840	-7.230823	-7.269289	-7.258585	-7.236759	-7.214015	-7.179539	-7.278807	-7.250953	-14.995091	-7.214959
6056.851000	-7.237468	-7.195675	-7.231367	-7.190534	-7.222073	-7.186884	-7.230836	-7.269305	-7.258583	-7.236740	-7.213993	-7.179561	-7.278812	-7.250955	-14.995068	-7.214943
6076.921000	-7.237481	-7.195680	-7.231373	-7.190606	-7.222113	-7.186855	-7.230843	-7.269312	-7.258579	-7.236759	-7.214023	-7.179536	-7.278804	-7.250963	-14.995109	-7.214965
6096.960000	-7.237475	-7.195700	-7.231386	-7.190622	-7.222066	-7.186869	-7.230825	-7.269288	-7.258602	-7.236753	-7.214007	-7.179551	-7.278820	-7.250978	-14.995076	-7.214956
6117.002000	-7.237470	-7.195697	-7.231361	-7.190587	-7.222093	-7.186913	-7.230828	-7.269317	-7.258608	-7.236748	-7.214028	-7.179567	-7.278797	-7.250981	-14.995056	-7.214954
6136.990000	-7.237464	-7.195684	-7.231372	-7.190592	-7.222102	-7.186871	-7.230824	-7.269308	-7.258616	-7.236748	-7.214023	-7.179527	-7.278771	-7.250981	-14.995070	-7.214927
6157.031000	-7.237440	-7.195699	-7.231356	-7.190604	-7.222113	-7.186873	-7.230850	-7.269301	-7.258599	-7.236740	-7.214009	-7.179542	-7.278783	-7.250980	-14.995052	-7.214992
6177.070000	-7.237456	-7.195679	-7.231371	-7.190602	-7.222100	-7.186875	-7.230834	-7.269279	-7.258593	-7.236757	-7.214010	-7.179565	-7.278776	-7.250974	-14.995073	-7.214961
6197.185000	-7.237468	-7.195706	-7.231364	-7.190612	-7.222078	-7.186851	-7.230818	-7.269313	-7.258595	-7.236751	-7.214000	-7.179561	-7.278809	-7.250974	-14.995085	-7.214949
6217.269000	-7.237458	-7.195667	-7.231358	-7.190620	-7.222104	-7.186844	-7.230826	-7.269321	-7.258597	-7.236754	-7.213989	-7.179563	-7.278808	-7.250983	-14.995067	-7.214954
6237.342000	-7.237476	-7.195720	-7.231366	-7.190601	-7.222106	-7.186861	-7.230847	-7.269292	-7.258569	-7.236754	-7.214021	-7.179552	-7.278842	-7.250970	-14.995075	-7.214973
6257.370000	-7.237448	-7.195695	-7.231379	-7.190617	-7.222109	-7.186842	-7.230826	-7.269308	-7.258599	-7.236741	-7.214032	-7.179539	-7.278840	-7.250958	-14.995055	-7.214968
6277.390000	-7.237443	-7.195698	-7.231367	-7.190569	-7.222114	-7.186861	-7.230839	-7.269306	-7.258578	-7.236748	-7.214017	-7.179547	-7.278844	-7.250966	-14.995074	-7.214964
6297.437000	-7.237442	-7.195673	-7.231361	-7.190622	-7.222122	-7.186857	-7.230811	-7.269302	-7.258601	-7.236742	-7.214007	-7.179543	-7.278871	-7.250987	-14.995071	-7.214957
6317.474000	-7.237470	-7.195705	-7.231381	-7.190618	-7.222095	-7.186845	-7.230843	-7.269299	-7.258608	-7.236761	-7.214031	-7.179560	-7.278820	-7.250996	-14.995076	-7.214954
6337.470000	-7.237471	-7.195668	-7.231344	-7.190574	-7.222107	-7.186841	-7.230825	-7.269292	-7.258572	-7.236739	-7.214019	-7.179547	-7.278852	-7.250995	-14.995053	-7.214951
6357.520000	-7.237466	-7.195714	-7.231366	-7.190571	-7.222106	-7.186862	-7.230831	-7.269318	-7.258594	-7.236739	-7.214037	-7.179534	-7.278823	-7.250966	-14.995048	-7.214946
6377.550000	-7.237469	-7.195672	-7.231379	-7.190595	-7.222098	-7.186845	-7.230849	-7.269291	-7.258576	-7.236761	-7.214028	-7.179543	-7.278833	-7.250995	-14.995054	-7.214952
6397.591000	-7.237453	-7.195686	-7.231366	-7.190570	-7.222100	-7.186861	-7.230838	-7.269307	-7.258591	-7.236740	-7.214022	-7.179531	-7.278851	-7.250965	-14.995081	-7.214933
6417.619000	-7.237465	-7.195709	-7.231371	-7.190604	-7.222105	-7.186866	-7.230820	-7.269324	-7.258597	-7.236737	-7.214027	-7.179547	-7.278787	-7.250969	-14.995078	-7.214956
6437.620000	-7.237468	-7.195676	-7.231371	-7.190541	-7.222126	-7.186837	-7.230832	-7.269310	-7.258596	-7.236736	-7.214036	-7.179555	-7.278794	-7.250971	-14.995016	-7.214962
6457.691000	-7.237486	-7.195696	-7.231384	-7.190638	-7.222097	-7.186879	-7.230843	-7.269311	-7.258592	-7.236753	-7.214022	-7.179540	-7.278799	-7.250982	-14.995025	-7.214953
6477.752000	-7.237454	-7.195694	-7.231366	-7.190552	-7.222098	-7.186837	-7.230847	-7.269323	-7.258596	-7.236760	-7.214012	-7.179554	-7.278817	-7.250982	-14.995088	-7.214952
6497.801000	-7.237471	-7.195685	-7.231354	-7.190643	-7.222111	-7.186861	-7.230803	-7.269304	-7.258579	-7.236746	-7.214019	-7.179542	-7.278802	-7.250957	-14.995070	-7.214933
6517.901000	-7.237451	-7.195710	-7.231377	-7.190550	-7.222107	-7.186850	-7.230826	-7.269308	-7.258572	-7.236756	-7.214032	-7.179545	-7.278799	-7.250979	-14.995044	-7.214945
6537.944000	-7.237472	-7.195704	-7.231379	-7.190629	-7.222093	-7.186867	-7.230837	-7.269300	-7.258578	-7.236745	-7.214018	-7.179547	-7.278787	-7.250977	-14.995053	-7.214963
6557.930000	-7.237473	-7.195669	-7.231353	-7.190558	-7.222086	-7.186821	-7.230825	-7.269330	-7.258603	-7.236752	-7.214023	-7.179555	-7.278830	-7.250984	-14.995090	-7.214972
6577.960000	-7.237463	-7.195706	-7.231341	-7.190629	-7.222116	-7.186809	-7.230829	-7.269332	-7.258588	-7.236747	-7.214024	-7.179556	-7.278810	-7.250968	-14.995018	-7.214950
6598.041000	-7.237453	-7.195722	-7.231375	-7.190612	-7.222100	-7.186827	-7.230814	-7.269292	-7.258606	-7.236747	-7.213998	-7.179541	-7.278802	-7.250961	-14.995110	-7.214949
6618.091000	-7.237468	-7.195698	-7.231382	-7.190643	-7.222113	-7.186810	-7.230845	-7.269307	-7.258597	-7.236755	-7.214030	-7.179542	-7.278821	-7.250985	-14.995067	-7.214940
6638.162000	-7.237466	-7.195692	-7.231360	-7.190625	-7.222101	-7.186856	-7.230853	-7.269329	-7.258591	-7.236759	-7.214017	-7.179562	-7.278807	-7.250973	-14.995057	-7.214957
6658.221000	-7.237447	-7.195683	-7.231370	-7.190626	-7.222087	-7.186845	-7.230825	-7.269309	-7.258613	-7.236749	-7.214015	-7.179545	-7.278809	-7.250958	-14.995089	-7.214951
6678.270000	-7.237459	-7.195701	-7.231365	-7.190577	-7.222083	-7.186824	-7.230820	-7.269325	-7.258598	-7.236746	-7.214010	-7.179558	-7.278794	-7.250997	-14.995066	-7.214955
6698.334000	-7.237450	-7.195684	-7.231360	-7.190552	-7.222109	-7.186838	-7.230823	-7.269309	-7.258614	-7.236752	-7.214028	-7.179531	-7.278811	-7.250981	-14.995065	-7.214945
6718.383000	-7.237444	-7.195675	-7.231348	-7.190538	-7.222084	-7.186854	-7.230855	-7.269317	-7.258612	-7.236743	-7.214018	-7.179534	-7.278809	-7.250955	-14.995084	-7.214961
6738.405000	-7.237456	-7.195677	-7.231366	-7.190548	-7.222083	-7.186846	-7.230855	-7.269300	-7.258604	-7.236760	-7.214010	-7.179543	-7.278786	-7.250959	-14.995143	-7.214964
6758.430000	-7.237472	-7.195679	-7.231376	-7.190598	-7.222098	-7.186837	-7.230850	-7.269314	-7.258622	-7.236758	-7.214006	-7.179547	-7.278769	-7.250962	-14.995058	-7.214947
6778.502000	-7.237470	-7.195709	-7.231370	-7.190620	-7.222137	-7.186844	-7.230866	-7.269307	-7.258634	-7.236759	-7.214011	-7.179547	-7.278809	-7.250961	-14.995124	-7.214958
6798.530000	-7.237468	-7.195713	-7.231375	-7.190571	-7.222100	-7.186812	-7.230870	-7.269300	-7.258612	-7.236753	-7.214005	-7.179545	-7.278812	-7.250981	-14.995076	-7.214951
6818.582000	-7.237486	-7.195712	-7.231399	-7.190607	-7.222086	-7.186853	-7.230855	-7.269315	-7.258600	-7.236745	-7.214017	-7.179549	-7.278802	-7.250959	-14.995119	-7.214965
6838.610000	-7.237444	-7.195717	-7.231375	-7.190636	-7.222100	-7.186835	-7.230872	-7.269298	-7.258604	-7.236787	-7.214025	-7.179563	-7.278783	-7.250971	-14.995102	-7.214986
6858.630000	-7.237475	-7.195702	-7.231338	-7.190541	-7.222079	-7.186844	-7.230868	-7.269322	-7.258613	-7.236747	-7.214013	-7.179544	-7.278826	-7.250975	-14.995087	-7.214968
6878.660000	-7.237446	-7.195694	-7.231350	-7.190628	-7.222087	-7.186829	-7.230851	-7.269308	-7.258600	-7.236774	-7.213990	-7.179531	-7.278772	-7.250976	-14.995058	-7.214967
6898.712000	-7.237459	-7.195700	-7.231384	-7.190603	-7.222114	-7.186815	-7.230849	-7.269281	-7.258609	-7.236756	-7.214019	-7.179563	-7.278801	-7.250962	-14.995041	-7.214951
6918.756000	-7.237477	-7.195703	-7.231358	-7.190542	-7.222089	-7.186837	-7.230841	-7.269299	-7.258611	-7.236753	-7.214015	-7.179537	-7.278794	-7.250975	-14.995082	-7.214962
6938.822000	-7.237475	-7.195691	-7.231359	-7.190627	-7.222114	-7.186808	-7.230844	-7.269295	-7.258618	-7.236757	-7.214011	-7.179559	-7.278785	-7.250979	-14.995045	-7.214954
6958.790000	-7.237460	-7.195679	-7.231348	-7.190589	-7.222099	-7.186825	-7.230847	-7.269327	-7.258624	-7.236741	-7.213992	-7.179557	-7.278767	-7.250987	-14.995063	-7.214980
6978.861000	-7.237450	-7.195677	-7.231344	-7.190606	-7.222118	-7.186783	-7.230857	-7.269317	-7.258623	-7.236742	-7.214000	-7.179534	-7.278790	-7.250968	-14.995060	-7.214958
6998.882000	-7.237478	-7.195706	-7.231347	-7.190633	-7.222127	-7.186813	-7.230851	-7.269316	-7.258613	-7.236735	-7.214017	-7.179535	-7.278797	-7.250977	-14.995030	-7.214969
7018.940000	-7.237467	-7.195672	-7.231368	-7.190607	-7.222096	-7.186829	-7.230849	-7.269306	-7.258605	-7.236715	-7.214026	-7.179521	-7.278773	-7.250990	-14.995099	-7.214967
7038.940000	-7.237466	-7.195668	-7.231360	-7.190530	-7.222105	-7.186827	-7.230848	-7.269289	-7.258595	-7.236737	-7.214012	-7.179543	-7.278829	-7.250960	-14.995060	-7.214962
7059.001000	-7.237460	-7.195698	-7.231361	-7.190529	-7.222087	-7.186839	-7.230851	-7.269307	-7.258580	-7.236743	-7.214002	-7.179558	-7.278806	-7.250969	-14.995088	-7.214987
7079.084000	-7.237487	-7.195678	-7.231367	-7.190561	-7.222086	-7.186848	-7.230832	-7.269309	-7.258587	-7.236745	-7.214027	-7.179525	-7.278794	-7.250983	-14.995063	-7.214971
7099.080000	-7.237477	-7.195692	-7.231354	-7.190591	-7.222095	-7.186813	-7.230834	-7.269319	-7.258603	-7.236781	-7.214031	-7.179538	-7.278799	-7.250968	-14.995072	-7.214991
7119.090000	-7.237476	-7.195674	-7.231347	-7.190563	-7.222106	-7.186804	-7.230844	-7.269319	-7.258621	-7.236753	-7.214008	-7.179537	-7.278766	-7.250950	-14.995049	-7.214993
7139.144000	-7.237489	-7.195704	-7.231356	-7.190610	-7.222109	-7.186842	-7.230846	-7.269351	-7.258609	-7.236754	-7.214011	-7.179539	-7.278780	-7.250958	-14.995038	-7.214956
7159.205000	-7.237455	-7.195678	-7.231343	-7.190629	-7.222098	-7.186800	-7.230816	-7.269301	-7.258597	-7.236771	-7.214012	-7.179523	-7.278802	-7.250951	-14.995096	-7.214983
7179.252000	-7.237468	-7.195685	-7.231353	-7.190618	-7.222126	-7.186835	-7.230827	-7.269326	-7.258633	-7.236747	-7.214023	-7.179536	-7.278810	-7.250954	-14.995035	-7.214962
7199.260000	-7.237468	-7.195677	-7.231363	-7.190599	-7.222095	-7.186831	-7.230821	-7.269340	-7.258611	-7.236744	-7.214019	-7.179531	-7.278782	-7.250977	-14.995071	-7.214967
7219.220000	-7.237467	-7.195670	-7.231350	-7.190579	-7.222102	-7.186828	-7.230839	-7.269315	-7.258620	-7.236748	-7.214017	-7.179509	-7.278804	-7.250952	-14.995048	-7.214964
7239.270000	-7.237471	-7.195718	-7.231383	-7.190609	-7.222114	-7.186819	-7.230823	-7.269319	-7.258594	-7.236769	-7.214014	-7.179525	-7.278835	-7.250968	-14.995028	-7.214952
7259.310000	-7.237459	-7.195688	-7.231344	-7.190589	-7.222121	-7.186801	-7.230813	-7.269336	-7.258607	-7.236752	-7.214033	-7.179525	-7.278804	-7.250980	-14.995055	-7.214974
7279.369000	-7.237459	-7.195674	-7.231352	-7.190578	-7.222098	-7.186811	-7.230817	-7.269348	-7.258589	-7.236756	-7.214015	-7.179525	-7.278797	-7.250977	-14.995054	-7.214988
7299.370000	-7.237466	-7.195681	-7.231359	-7.190546	-7.222115	-7.186816	-7.230832	-7.269359	-7.258614	-7.236755	-7.214019	-7.179548	-7.278821	-7.250989	-14.995012	-7.214950
	-7.237442															
