6.571000	-7.039021	-7.052936	-7.019489	-7.008478	-7.038405	-7.059165	-7.052091	-7.047864	-7.017873	-7.019764	-6.973883	-6.974688	-7.000682	-6.992605	-15.053389	-7.022773
17.149000	-7.039047	-7.052934	-7.019525	-7.008468	-7.038427	-7.059152	-7.052103	-7.047865	-7.017880	-7.019764	-6.973865	-6.974682	-7.000683	-6.992590	-15.053463	-7.022776
27.739000	-7.039054	-7.052933	-7.019533	-7.008484	-7.038402	-7.059134	-7.052106	-7.047860	-7.017888	-7.019756	-6.973875	-6.974683	-7.000705	-6.992596	-15.053475	-7.022752
38.337000	-7.039066	-7.052940	-7.019525	-7.008511	-7.038403	-7.059149	-7.052110	-7.047851	-7.017873	-7.019758	-6.973863	-6.974682	-7.000707	-6.992615	-15.053828	-7.022785
48.917000	-7.039094	-7.052942	-7.019528	-7.008512	-7.038432	-7.059166	-7.052108	-7.047887	-7.017877	-7.019762	-6.973847	-6.974684	-7.000698	-6.992599	-15.053833	-7.022794
59.489000	-7.039061	-7.052943	-7.019530	-7.008503	-7.038428	-7.059177	-7.052133	-7.047893	-7.017875	-7.019741	-6.973874	-6.974687	-7.000716	-6.992609	-15.053880	-7.022807
70.073000	-7.039077	-7.052951	-7.019518	-7.008502	-7.038410	-7.059158	-7.052128	-7.047891	-7.017893	-7.019750	-6.973854	-6.974692	-7.000715	-6.992639	-15.054143	-7.022817
80.675000	-7.039059	-7.052932	-7.019521	-7.008525	-7.038415	-7.059136	-7.052138	-7.047907	-7.017893	-7.019734	-6.973866	-6.974699	-7.000716	-6.992608	-15.054405	-7.022800
91.261000	-7.039068	-7.052929	-7.019539	-7.008507	-7.038415	-7.059143	-7.052159	-7.047895	-7.017881	-7.019744	-6.973872	-6.974709	-7.000728	-6.992615	-15.054266	-7.022798
101.840000	-7.039076	-7.052929	-7.019532	-7.008519	-7.038414	-7.059172	-7.052138	-7.047890	-7.017880	-7.019744	-6.973868	-6.974721	-7.000729	-6.992629	-15.054422	-7.022821
112.413000	-7.039064	-7.052936	-7.019515	-7.008526	-7.038415	-7.059163	-7.052138	-7.047899	-7.017870	-7.019748	-6.973863	-6.974694	-7.000705	-6.992607	-15.054701	-7.022814
123.021000	-7.039079	-7.052953	-7.019526	-7.008534	-7.038426	-7.059160	-7.052140	-7.047897	-7.017872	-7.019753	-6.973870	-6.974698	-7.000722	-6.992618	-15.054657	-7.022811
133.601000	-7.039062	-7.052955	-7.019542	-7.008517	-7.038431	-7.059156	-7.052133	-7.047888	-7.017876	-7.019749	-6.973861	-6.974720	-7.000727	-6.992618	-15.054689	-7.022833
144.188000	-7.039059	-7.052937	-7.019527	-7.008513	-7.038414	-7.059166	-7.052125	-7.047902	-7.017871	-7.019745	-6.973885	-6.974708	-7.000723	-6.992636	-15.054868	-7.022867
154.760000	-7.039059	-7.052915	-7.019502	-7.008520	-7.038415	-7.059121	-7.052124	-7.047893	-7.017849	-7.019743	-6.973875	-6.974728	-7.000745	-6.992671	-15.055124	-7.022850
165.334000	-7.039062	-7.052862	-7.019442	-7.008525	-7.038382	-7.059080	-7.052091	-7.047863	-7.017817	-7.019735	-6.973841	-6.974706	-7.000739	-6.992664	-15.055096	-7.022815
175.900000	-7.039031	-7.052825	-7.019461	-7.008506	-7.038360	-7.059031	-7.052065	-7.047813	-7.017790	-7.019702	-6.973840	-6.974671	-7.000697	-6.992661	-15.055205	-7.022727
186.499000	-7.039035	-7.052769	-7.019432	-7.008490	-7.038328	-7.059015	-7.052027	-7.047782	-7.017772	-7.019676	-6.973785	-6.974628	-7.000653	-6.992656	-15.055053	-7.022623
197.086000	-7.039005	-7.052713	-7.019425	-7.008421	-7.038299	-7.058967	-7.051980	-7.047731	-7.017733	-7.019651	-6.973735	-6.974578	-7.000615	-6.992665	-15.055066	-7.022522
207.688000	-7.038957	-7.052651	-7.019398	-7.008409	-7.038236	-7.058872	-7.051904	-7.047709	-7.017706	-7.019617	-6.973701	-6.974535	-7.000561	-6.992631	-15.055217	-7.022419
218.271000	-7.038934	-7.052588	-7.019398	-7.008351	-7.038200	-7.058830	-7.051847	-7.047644	-7.017653	-7.019562	-6.973648	-6.974492	-7.000519	-6.992622	-15.055215	-7.022292
228.839000	-7.038860	-7.052490	-7.019368	-7.008307	-7.038122	-7.058792	-7.051773	-7.047597	-7.017610	-7.019510	-6.973605	-6.974483	-7.000466	-6.992629	-15.055233	-7.022183
239.414000	-7.038835	-7.052414	-7.019345	-7.008230	-7.038085	-7.058737	-7.051703	-7.047539	-7.017559	-7.019463	-6.973553	-6.974448	-7.000400	-6.992590	-15.055166	-7.022064
250.007000	-7.038808	-7.052355	-7.019309	-7.008174	-7.038016	-7.058700	-7.051639	-7.047482	-7.017496	-7.019424	-6.973505	-6.974391	-7.000343	-6.992583	-15.055314	-7.021949
260.582000	-7.038765	-7.052284	-7.019321	-7.008116	-7.037965	-7.058635	-7.051552	-7.047450	-7.017485	-7.019397	-6.973486	-6.974350	-7.000294	-6.992557	-15.055260	-7.021842
271.145000	-7.038721	-7.052216	-7.019318	-7.008074	-7.037919	-7.058617	-7.051502	-7.047393	-7.017431	-7.019359	-6.973422	-6.974311	-7.000213	-6.992554	-15.055589	-7.021739
281.724000	-7.038647	-7.052193	-7.019282	-7.008043	-7.037882	-7.058564	-7.051418	-7.047354	-7.017429	-7.019326	-6.973387	-6.974265	-7.000135	-6.992545	-15.055437	-7.021660
292.300000	-7.038604	-7.052121	-7.019283	-7.007967	-7.037833	-7.058529	-7.051367	-7.047309	-7.017385	-7.019309	-6.973360	-6.974268	-7.000088	-6.992515	-15.055589	-7.021574
302.882000	-7.038562	-7.052068	-7.019279	-7.007935	-7.037787	-7.058490	-7.051321	-7.047279	-7.017372	-7.019252	-6.973316	-6.974231	-7.000033	-6.992502	-15.055532	-7.021507
313.473000	-7.038522	-7.052005	-7.019254	-7.007883	-7.037751	-7.058455	-7.051268	-7.047250	-7.017335	-7.019253	-6.973317	-6.974230	-6.999986	-6.992479	-15.055699	-7.021442
324.058000	-7.038488	-7.051961	-7.019260	-7.007836	-7.037733	-7.058451	-7.051231	-7.047210	-7.017321	-7.019222	-6.973297	-6.974157	-6.999947	-6.992486	-15.055557	-7.021375
334.633000	-7.038456	-7.051915	-7.019239	-7.007826	-7.037700	-7.058434	-7.051195	-7.047194	-7.017286	-7.019213	-6.973245	-6.974154	-6.999908	-6.992491	-15.055807	-7.021335
345.235000	-7.038444	-7.051877	-7.019257	-7.007803	-7.037680	-7.058392	-7.051164	-7.047175	-7.017305	-7.019188	-6.973263	-6.974104	-6.999850	-6.992500	-15.055938	-7.021277
355.802000	-7.038411	-7.051842	-7.019254	-7.007773	-7.037662	-7.058403	-7.051132	-7.047168	-7.017275	-7.019163	-6.973215	-6.974086	-6.999825	-6.992480	-15.056021	-7.021245
366.376000	-7.038396	-7.051823	-7.019244	-7.007756	-7.037637	-7.058394	-7.051103	-7.047147	-7.017246	-7.019132	-6.973204	-6.974068	-6.999793	-6.992504	-15.055960	-7.021189
376.957000	-7.038351	-7.051797	-7.019242	-7.007741	-7.037635	-7.058363	-7.051085	-7.047133	-7.017240	-7.019125	-6.973193	-6.974072	-6.999759	-6.992504	-15.055959	-7.021150
387.566000	-7.038329	-7.051776	-7.019220	-7.007725	-7.037611	-7.058355	-7.051062	-7.047114	-7.017246	-7.019101	-6.973184	-6.974081	-6.999739	-6.992483	-15.056007	-7.021127
398.152000	-7.038298	-7.051747	-7.019238	-7.007730	-7.037597	-7.058321	-7.051031	-7.047099	-7.017223	-7.019116	-6.973186	-6.974078	-6.999713	-6.992479	-15.056099	-7.021109
408.734000	-7.038283	-7.051740	-7.019237	-7.007713	-7.037572	-7.058324	-7.051013	-7.047077	-7.017220	-7.019121	-6.973183	-6.974090	-6.999701	-6.992470	-15.056000	-7.021053
419.335000	-7.038252	-7.051699	-7.019218	-7.007689	-7.037566	-7.058326	-7.051022	-7.047054	-7.017217	-7.019096	-6.973186	-6.974063	-6.999654	-6.992464	-15.056191	-7.021053
429.911000	-7.038267	-7.051697	-7.019238	-7.007696	-7.037546	-7.058319	-7.051011	-7.047031	-7.017213	-7.019084	-6.973163	-6.974089	-6.999635	-6.992490	-15.056393	-7.021024
440.507000	-7.038268	-7.051677	-7.019241	-7.007663	-7.037529	-7.058307	-7.051011	-7.047040	-7.017206	-7.019069	-6.973153	-6.974051	-6.999653	-6.992487	-15.056309	-7.021015
451.098000	-7.038237	-7.051665	-7.019225	-7.007648	-7.037528	-7.058320	-7.050988	-7.047030	-7.017179	-7.019075	-6.973134	-6.974043	-6.999648	-6.992471	-15.056094	-7.021015
461.680000	-7.038245	-7.051661	-7.019230	-7.007642	-7.037550	-7.058323	-7.050972	-7.047034	-7.017192	-7.019073	-6.973159	-6.974003	-6.999663	-6.992476	-15.056405	-7.020989
472.253000	-7.038247	-7.051665	-7.019229	-7.007637	-7.037539	-7.058302	-7.050968	-7.047022	-7.017190	-7.019067	-6.973157	-6.974006	-6.999632	-6.992486	-15.056223	-7.020967
482.846000	-7.038229	-7.051651	-7.019237	-7.007642	-7.037521	-7.058307	-7.050976	-7.047032	-7.017192	-7.019064	-6.973153	-6.973983	-6.999625	-6.992483	-15.056407	-7.020992
493.417000	-7.038220	-7.051650	-7.019227	-7.007656	-7.037507	-7.058323	-7.050979	-7.047021	-7.017203	-7.019061	-6.973144	-6.973990	-6.999613	-6.992471	-15.056386	-7.020969
503.991000	-7.038231	-7.051650	-7.019237	-7.007636	-7.037494	-7.058309	-7.050960	-7.047029	-7.017197	-7.019058	-6.973144	-6.973983	-6.999631	-6.992463	-15.056321	-7.020975
514.571000	-7.038243	-7.051637	-7.019223	-7.007634	-7.037511	-7.058305	-7.050967	-7.047031	-7.017181	-7.019042	-6.973147	-6.973983	-6.999613	-6.992493	-15.056335	-7.020964
525.147000	-7.038209	-7.051638	-7.019235	-7.007628	-7.037503	-7.058311	-7.050978	-7.047032	-7.017178	-7.019042	-6.973139	-6.974013	-6.999609	-6.992473	-15.056351	-7.020958
535.723000	-7.038207	-7.051634	-7.019228	-7.007626	-7.037487	-7.058297	-7.050953	-7.047033	-7.017190	-7.019047	-6.973132	-6.973993	-6.999617	-6.992473	-15.056616	-7.020946
546.297000	-7.038227	-7.051617	-7.019246	-7.007613	-7.037509	-7.058291	-7.050945	-7.047019	-7.017193	-7.019052	-6.973123	-6.973995	-6.999602	-6.992470	-15.056330	-7.020952
556.885000	-7.038202	-7.051626	-7.019228	-7.007624	-7.037496	-7.058280	-7.050964	-7.047021	-7.017175	-7.019051	-6.973118	-6.973994	-6.999609	-6.992490	-15.056144	-7.020964
567.461000	-7.038208	-7.051592	-7.019225	-7.007630	-7.037490	-7.058282	-7.050958	-7.047012	-7.017187	-7.019056	-6.973150	-6.973995	-6.999607	-6.992475	-15.056282	-7.020934
578.025000	-7.038197	-7.051602	-7.019237	-7.007633	-7.037485	-7.058291	-7.050944	-7.047000	-7.017181	-7.019049	-6.973139	-6.973984	-6.999613	-6.992486	-15.056385	-7.020937
588.608000	-7.038207	-7.051612	-7.019243	-7.007637	-7.037492	-7.058269	-7.050945	-7.047003	-7.017180	-7.019064	-6.973132	-6.974033	-6.999591	-6.992476	-15.056502	-7.020952
599.184000	-7.038173	-7.051604	-7.019239	-7.007623	-7.037485	-7.058287	-7.050948	-7.047019	-7.017170	-7.019052	-6.973122	-6.974013	-6.999589	-6.992499	-15.056424	-7.020947
609.760000	-7.038161	-7.051602	-7.019253	-7.007607	-7.037474	-7.058273	-7.050960	-7.047031	-7.017189	-7.019043	-6.973140	-6.973999	-6.999582	-6.992481	-15.056393	-7.020940
620.340000	-7.038167	-7.051612	-7.019235	-7.007610	-7.037477	-7.058273	-7.050960	-7.046992	-7.017177	-7.019058	-6.973131	-6.973989	-6.999566	-6.992489	-15.056398	-7.020935
630.920000	-7.038174	-7.051590	-7.019243	-7.007612	-7.037488	-7.058279	-7.050969	-7.047020	-7.017173	-7.019052	-6.973114	-6.974023	-6.999581	-6.992478	-15.056485	-7.020936
641.498000	-7.038165	-7.051584	-7.019229	-7.007604	-7.037489	-7.058280	-7.050951	-7.047008	-7.017169	-7.019059	-6.973137	-6.973999	-6.999564	-6.992483	-15.056420	-7.020934
652.102000	-7.038190	-7.051618	-7.019229	-7.007621	-7.037492	-7.058288	-7.050951	-7.047010	-7.017166	-7.019065	-6.973131	-6.974004	-6.999564	-6.992471	-15.056236	-7.020938
662.689000	-7.038186	-7.051598	-7.019226	-7.007614	-7.037494	-7.058260	-7.050947	-7.047002	-7.017161	-7.019045	-6.973099	-6.974001	-6.999571	-6.992473	-15.056316	-7.020921
673.265000	-7.038156	-7.051607	-7.019244	-7.007607	-7.037481	-7.058260	-7.050933	-7.046988	-7.017167	-7.019061	-6.973118	-6.974001	-6.999553	-6.992490	-15.056374	-7.020923
683.872000	-7.038163	-7.051591	-7.019227	-7.007602	-7.037478	-7.058266	-7.050931	-7.046993	-7.017181	-7.019062	-6.973126	-6.973982	-6.999567	-6.992479	-15.056527	-7.020920
694.449000	-7.038163	-7.051595	-7.019213	-7.007612	-7.037472	-7.058254	-7.050933	-7.046978	-7.017164	-7.019044	-6.973119	-6.973998	-6.999562	-6.992477	-15.056530	-7.020929
705.023000	-7.038164	-7.051602	-7.019216	-7.007607	-7.037462	-7.058264	-7.050941	-7.046997	-7.017171	-7.019042	-6.973121	-6.973989	-6.999541	-6.992476	-15.056411	-7.020924
715.599000	-7.038157	-7.051572	-7.019213	-7.007605	-7.037472	-7.058263	-7.050931	-7.046989	-7.017176	-7.019047	-6.973104	-6.973994	-6.999539	-6.992481	-15.056347	-7.020921
726.186000	-7.038160	-7.051606	-7.019199	-7.007603	-7.037495	-7.058278	-7.050939	-7.046985	-7.017164	-7.019048	-6.973116	-6.973994	-6.999553	-6.992491	-15.056322	-7.020925
736.768000	-7.038155	-7.051594	-7.019226	-7.007614	-7.037464	-7.058268	-7.050924	-7.046995	-7.017152	-7.019048	-6.973107	-6.973997	-6.999548	-6.992476	-15.056599	-7.020931
747.339000	-7.038163	-7.051621	-7.019244	-7.007615	-7.037466	-7.058253	-7.050930	-7.046990	-7.017188	-7.019048	-6.973111	-6.973987	-6.999536	-6.992499	-15.056334	-7.020932
757.912000	-7.038172	-7.051589	-7.019239	-7.007613	-7.037482	-7.058271	-7.050909	-7.046982	-7.017161	-7.019047	-6.973098	-6.973989	-6.999555	-6.992493	-15.056576	-7.020925
768.517000	-7.038167	-7.051588	-7.019250	-7.007625	-7.037475	-7.058270	-7.050957	-7.046995	-7.017166	-7.019050	-6.973103	-6.973988	-6.999547	-6.992489	-15.056531	-7.020938
779.113000	-7.038154	-7.051590	-7.019246	-7.007594	-7.037463	-7.058280	-7.050925	-7.046998	-7.017163	-7.019055	-6.973078	-6.973971	-6.999546	-6.992486	-15.056503	-7.020915
789.696000	-7.038161	-7.051604	-7.019227	-7.007602	-7.037453	-7.058268	-7.050912	-7.047019	-7.017164	-7.019055	-6.973093	-6.973993	-6.999537	-6.992491	-15.056403	-7.020920
800.274000	-7.038137	-7.051587	-7.019228	-7.007602	-7.037477	-7.058276	-7.050919	-7.046981	-7.017166	-7.019042	-6.973087	-6.973989	-6.999541	-6.992486	-15.056552	-7.020922
810.864000	-7.038118	-7.051598	-7.019232	-7.007606	-7.037476	-7.058269	-7.050922	-7.046997	-7.017176	-7.019037	-6.973108	-6.973990	-6.999538	-6.992460	-15.056316	-7.020927
821.437000	-7.038122	-7.051585	-7.019220	-7.007603	-7.037470	-7.058285	-7.050926	-7.046967	-7.017155	-7.019032	-6.973120	-6.973976	-6.999546	-6.992474	-15.056731	-7.020909
832.004000	-7.038134	-7.051595	-7.019228	-7.007593	-7.037466	-7.058266	-7.050921	-7.047014	-7.017153	-7.019040	-6.973112	-6.974013	-6.999533	-6.992465	-15.056745	-7.020906
842.600000	-7.038128	-7.051584	-7.019223	-7.007599	-7.037485	-7.058275	-7.050937	-7.046985	-7.017163	-7.019057	-6.973117	-6.973982	-6.999564	-6.992478	-15.056778	-7.020908
853.202000	-7.038146	-7.051583	-7.019220	-7.007588	-7.037469	-7.058273	-7.050935	-7.046993	-7.017133	-7.019052	-6.973123	-6.973994	-6.999536	-6.992470	-15.056619	-7.020907
863.769000	-7.038123	-7.051600	-7.019232	-7.007584	-7.037471	-7.058276	-7.050939	-7.046995	-7.017145	-7.019060	-6.973115	-6.973998	-6.999535	-6.992472	-15.056558	-7.020909
874.347000	-7.038131	-7.051578	-7.019250	-7.007592	-7.037458	-7.058277	-7.050914	-7.046986	-7.017154	-7.019058	-6.973108	-6.973988	-6.999542	-6.992483	-15.056498	-7.020915
884.920000	-7.038109	-7.051585	-7.019247	-7.007577	-7.037471	-7.058254	-7.050915	-7.046980	-7.017139	-7.019055	-6.973111	-6.973997	-6.999527	-6.992486	-15.056438	-7.020911
895.505000	-7.038120	-7.051592	-7.019225	-7.007584	-7.037464	-7.058279	-7.050929	-7.047010	-7.017132	-7.019068	-6.973113	-6.974000	-6.999535	-6.992491	-15.056655	-7.020893
906.071000	-7.038133	-7.051609	-7.019221	-7.007573	-7.037460	-7.058285	-7.050923	-7.046982	-7.017152	-7.019067	-6.973118	-6.974005	-6.999538	-6.992479	-15.056404	-7.020912
916.639000	-7.038150	-7.051586	-7.019233	-7.007572	-7.037473	-7.058270	-7.050913	-7.047007	-7.017139	-7.019054	-6.973108	-6.973994	-6.999546	-6.992504	-15.056565	-7.020914
927.222000	-7.038140	-7.051595	-7.019230	-7.007579	-7.037494	-7.058274	-7.050924	-7.047008	-7.017133	-7.019059	-6.973106	-6.973983	-6.999519	-6.992500	-15.056576	-7.020902
937.788000	-7.038139	-7.051558	-7.019219	-7.007594	-7.037470	-7.058264	-7.050908	-7.046996	-7.017153	-7.019062	-6.973105	-6.973980	-6.999535	-6.992504	-15.056654	-7.020894
948.358000	-7.038124	-7.051587	-7.019199	-7.007595	-7.037451	-7.058265	-7.050932	-7.047003	-7.017132	-7.019058	-6.973100	-6.973988	-6.999527	-6.992467	-15.056472	-7.020905
958.941000	-7.038137	-7.051607	-7.019211	-7.007581	-7.037460	-7.058273	-7.050916	-7.046991	-7.017145	-7.019075	-6.973098	-6.974003	-6.999547	-6.992484	-15.056526	-7.020892
969.531000	-7.038127	-7.051599	-7.019202	-7.007576	-7.037460	-7.058266	-7.050925	-7.047003	-7.017160	-7.019075	-6.973130	-6.973979	-6.999520	-6.992482	-15.056713	-7.020900
980.103000	-7.038130	-7.051586	-7.019224	-7.007581	-7.037463	-7.058281	-7.050943	-7.047007	-7.017170	-7.019057	-6.973117	-6.974008	-6.999549	-6.992481	-15.056588	-7.020901
990.675000	-7.038114	-7.051577	-7.019234	-7.007567	-7.037443	-7.058297	-7.050918	-7.046986	-7.017148	-7.019084	-6.973133	-6.973995	-6.999530	-6.992486	-15.056759	-7.020908
1001.257000	-7.038127	-7.051580	-7.019230	-7.007571	-7.037468	-7.058287	-7.050919	-7.047001	-7.017159	-7.019060	-6.973118	-6.974025	-6.999547	-6.992468	-15.056712	-7.020908
1011.846000	-7.038124	-7.051575	-7.019228	-7.007567	-7.037464	-7.058288	-7.050933	-7.046999	-7.017172	-7.019067	-6.973121	-6.973998	-6.999550	-6.992504	-15.056666	-7.020900
1022.445000	-7.038141	-7.051602	-7.019233	-7.007583	-7.037466	-7.058287	-7.050920	-7.046995	-7.017158	-7.019071	-6.973123	-6.973998	-6.999546	-6.992507	-15.056801	-7.020902
1033.025000	-7.038124	-7.051575	-7.019233	-7.007588	-7.037456	-7.058296	-7.050921	-7.047002	-7.017162	-7.019056	-6.973120	-6.973984	-6.999543	-6.992486	-15.056802	-7.020894
1043.626000	-7.038109	-7.051569	-7.019216	-7.007592	-7.037450	-7.058294	-7.050917	-7.046992	-7.017182	-7.019063	-6.973112	-6.974010	-6.999534	-6.992488	-15.056658	-7.020897
1054.201000	-7.038110	-7.051580	-7.019212	-7.007580	-7.037454	-7.058289	-7.050923	-7.047007	-7.017169	-7.019074	-6.973119	-6.973997	-6.999547	-6.992481	-15.056700	-7.020907
1064.774000	-7.038109	-7.051578	-7.019222	-7.007594	-7.037452	-7.058276	-7.050917	-7.046999	-7.017165	-7.019052	-6.973117	-6.973999	-6.999536	-6.992491	-15.056858	-7.020909
1075.364000	-7.038107	-7.051560	-7.019225	-7.007580	-7.037458	-7.058278	-7.050907	-7.046994	-7.017150	-7.019043	-6.973118	-6.973980	-6.999548	-6.992487	-15.056788	-7.020898
1085.958000	-7.038109	-7.051572	-7.019234	-7.007578	-7.037464	-7.058282	-7.050935	-7.046993	-7.017183	-7.019051	-6.973122	-6.974010	-6.999525	-6.992485	-15.056773	-7.020892
1096.539000	-7.038098	-7.051573	-7.019206	-7.007585	-7.037462	-7.058295	-7.050922	-7.046992	-7.017170	-7.019034	-6.973116	-6.973997	-6.999539	-6.992469	-15.056931	-7.020886
1107.106000	-7.038112	-7.051579	-7.019224	-7.007592	-7.037448	-7.058272	-7.050929	-7.046990	-7.017164	-7.019045	-6.973104	-6.974004	-6.999531	-6.992497	-15.056698	-7.020905
1117.681000	-7.038097	-7.051565	-7.019235	-7.007604	-7.037455	-7.058269	-7.050914	-7.046983	-7.017168	-7.019026	-6.973123	-6.973993	-6.999517	-6.992492	-15.056647	-7.020903
1128.282000	-7.038125	-7.051566	-7.019248	-7.007609	-7.037441	-7.058277	-7.050938	-7.046988	-7.017167	-7.019035	-6.973113	-6.973996	-6.999545	-6.992496	-15.056785	-7.020895
1138.860000	-7.038109	-7.051569	-7.019242	-7.007586	-7.037453	-7.058260	-7.050926	-7.046989	-7.017145	-7.019044	-6.973119	-6.973992	-6.999538	-6.992477	-15.056740	-7.020895
1149.438000	-7.038097	-7.051577	-7.019250	-7.007606	-7.037470	-7.058264	-7.050912	-7.046983	-7.017142	-7.019031	-6.973125	-6.974002	-6.999534	-6.992506	-15.056763	-7.020890
1160.041000	-7.038103	-7.051576	-7.019228	-7.007598	-7.037453	-7.058268	-7.050916	-7.046982	-7.017154	-7.019033	-6.973135	-6.974010	-6.999547	-6.992468	-15.056807	-7.020885
1170.657000	-7.038104	-7.051560	-7.019243	-7.007593	-7.037451	-7.058278	-7.050929	-7.046979	-7.017154	-7.019042	-6.973112	-6.973986	-6.999532	-6.992523	-15.056882	-7.020898
1181.251000	-7.038087	-7.051561	-7.019234	-7.007581	-7.037457	-7.058261	-7.050917	-7.046981	-7.017151	-7.019053	-6.973125	-6.973980	-6.999525	-6.992492	-15.057036	-7.020918
1191.832000	-7.038099	-7.051561	-7.019229	-7.007586	-7.037453	-7.058272	-7.050927	-7.046996	-7.017155	-7.019061	-6.973132	-6.974005	-6.999510	-6.992489	-15.056689	-7.020913
1202.426000	-7.038133	-7.051545	-7.019221	-7.007600	-7.037459	-7.058270	-7.050912	-7.047003	-7.017157	-7.019050	-6.973128	-6.973998	-6.999530	-6.992495	-15.056875	-7.020911
1212.993000	-7.038118	-7.051565	-7.019231	-7.007609	-7.037460	-7.058280	-7.050912	-7.046988	-7.017146	-7.019059	-6.973124	-6.974011	-6.999533	-6.992482	-15.056777	-7.020901
1223.575000	-7.038111	-7.051564	-7.019210	-7.007608	-7.037451	-7.058278	-7.050923	-7.046969	-7.017144	-7.019058	-6.973120	-6.973992	-6.999538	-6.992486	-15.056950	-7.020892
1234.178000	-7.038100	-7.051550	-7.019243	-7.007620	-7.037476	-7.058268	-7.050927	-7.046998	-7.017160	-7.019061	-6.973114	-6.973999	-6.999531	-6.992489	-15.057149	-7.020913
1244.743000	-7.038106	-7.051567	-7.019229	-7.007597	-7.037463	-7.058256	-7.050902	-7.046984	-7.017133	-7.019051	-6.973095	-6.974000	-6.999531	-6.992510	-15.057097	-7.020886
1255.328000	-7.038117	-7.051557	-7.019224	-7.007578	-7.037461	-7.058328	-7.050917	-7.046987	-7.017164	-7.019033	-6.973057	-6.973837	-6.999461	-6.992317	-15.057007	-7.020562
1265.911000	-7.038212	-7.051932	-7.019653	-7.007551	-7.037514	-7.058537	-7.051070	-7.047114	-7.017355	-7.019110	-6.973171	-6.974061	-6.999499	-6.992265	-15.057006	-7.020928
1276.472000	-7.038282	-7.052145	-7.019567	-7.007672	-7.037674	-7.058756	-7.051295	-7.047278	-7.017518	-7.019279	-6.973357	-6.974294	-6.999732	-6.992344	-15.056862	-7.021463
1287.067000	-7.038381	-7.052326	-7.019596	-7.007868	-7.037823	-7.058946	-7.051503	-7.047464	-7.017667	-7.019462	-6.973534	-6.974473	-6.999982	-6.992399	-15.056727	-7.021956
1297.665000	-7.038515	-7.052594	-7.019613	-7.008068	-7.038003	-7.059140	-7.051725	-7.047633	-7.017795	-7.019601	-6.973701	-6.974636	-7.000175	-6.992496	-15.056649	-7.022346
1308.226000	-7.038643	-7.052786	-7.019613	-7.008243	-7.038145	-7.059263	-7.051914	-7.047767	-7.017890	-7.019715	-6.973809	-6.974748	-7.000356	-6.992531	-15.056563	-7.022660
1318.805000	-7.038743	-7.052933	-7.019637	-7.008357	-7.038254	-7.059369	-7.052071	-7.047879	-7.017977	-7.019786	-6.973920	-6.974856	-7.000504	-6.992606	-15.056708	-7.022937
1329.396000	-7.038837	-7.053025	-7.019664	-7.008469	-7.038368	-7.059450	-7.052190	-7.047964	-7.018023	-7.019845	-6.973974	-6.974892	-7.000653	-6.992671	-15.056741	-7.023151
1339.985000	-7.038887	-7.053107	-7.019655	-7.008564	-7.038448	-7.059513	-7.052305	-7.048037	-7.018049	-7.019888	-6.974013	-6.974966	-7.000768	-6.992699	-15.056515	-7.023297
1350.546000	-7.038956	-7.053187	-7.019667	-7.008656	-7.038497	-7.059527	-7.052383	-7.048094	-7.018076	-7.019950	-6.974072	-6.975009	-7.000872	-6.992731	-15.056599	-7.023437
1361.133000	-7.039023	-7.053276	-7.019660	-7.008737	-7.038574	-7.059561	-7.052502	-7.048147	-7.018114	-7.020000	-6.974112	-6.975025	-7.000987	-6.992771	-15.056725	-7.023566
1371.709000	-7.039111	-7.053367	-7.019698	-7.008786	-7.038612	-7.059616	-7.052575	-7.048221	-7.018137	-7.020039	-6.974154	-6.975057	-7.001063	-6.992807	-15.056560	-7.023640
1382.279000	-7.039163	-7.053448	-7.019715	-7.008848	-7.038664	-7.059634	-7.052645	-7.048240	-7.018188	-7.020102	-6.974174	-6.975072	-7.001146	-6.992833	-15.056631	-7.023715
1392.862000	-7.039233	-7.053504	-7.019739	-7.008913	-7.038695	-7.059663	-7.052697	-7.048271	-7.018198	-7.020114	-6.974184	-6.975106	-7.001203	-6.992852	-15.056412	-7.023751
1403.448000	-7.039273	-7.053530	-7.019754	-7.008963	-7.038722	-7.059676	-7.052740	-7.048292	-7.018241	-7.020144	-6.974195	-6.975118	-7.001235	-6.992860	-15.056464	-7.023815
1414.035000	-7.039323	-7.053554	-7.019769	-7.008990	-7.038758	-7.059709	-7.052757	-7.048332	-7.018230	-7.020157	-6.974177	-6.975102	-7.001300	-6.992878	-15.056734	-7.023845
1424.609000	-7.039351	-7.053599	-7.019771	-7.009006	-7.038770	-7.059711	-7.052771	-7.048335	-7.018248	-7.020177	-6.974157	-6.975090	-7.001307	-6.992875	-15.056628	-7.023869
1435.199000	-7.039388	-7.053604	-7.019772	-7.009036	-7.038756	-7.059701	-7.052773	-7.048332	-7.018251	-7.020177	-6.974153	-6.975077	-7.001332	-6.992908	-15.056427	-7.023889
1445.788000	-7.039374	-7.053631	-7.019802	-7.009031	-7.038772	-7.059714	-7.052791	-7.048356	-7.018266	-7.020167	-6.974121	-6.975089	-7.001353	-6.992881	-15.056638	-7.023897
1456.358000	-7.039407	-7.053597	-7.019797	-7.009043	-7.038763	-7.059737	-7.052796	-7.048356	-7.018265	-7.020191	-6.974061	-6.975055	-7.001341	-6.992892	-15.056540	-7.023916
1466.960000	-7.039411	-7.053617	-7.019822	-7.009048	-7.038786	-7.059718	-7.052792	-7.048358	-7.018270	-7.020179	-6.973984	-6.975046	-7.001377	-6.992894	-15.056345	-7.023925
1477.537000	-7.039413	-7.053655	-7.019822	-7.009057	-7.038767	-7.059724	-7.052790	-7.048367	-7.018282	-7.020199	-6.973878	-6.975052	-7.001371	-6.992892	-15.056371	-7.023928
1488.115000	-7.039442	-7.053640	-7.019817	-7.009067	-7.038785	-7.059731	-7.052760	-7.048367	-7.018291	-7.020203	-6.973805	-6.975004	-7.001391	-6.992899	-15.056490	-7.023928
1498.701000	-7.039463	-7.053640	-7.019817	-7.009064	-7.038784	-7.059711	-7.052752	-7.048366	-7.018290	-7.020197	-6.973745	-6.974948	-7.001391	-6.992900	-15.056514	-7.023900
1509.281000	-7.039459	-7.053643	-7.019800	-7.009040	-7.038784	-7.059718	-7.052755	-7.048372	-7.018273	-7.020190	-6.973658	-6.974922	-7.001406	-6.992888	-15.056512	-7.023926
1519.868000	-7.039448	-7.053642	-7.019806	-7.009059	-7.038755	-7.059711	-7.052709	-7.048376	-7.018297	-7.020210	-6.973601	-6.974858	-7.001421	-6.992879	-15.056470	-7.023919
1530.456000	-7.039440	-7.053640	-7.019837	-7.009047	-7.038785	-7.059726	-7.052689	-7.048375	-7.018289	-7.020216	-6.973528	-6.974839	-7.001416	-6.992888	-15.056571	-7.023913
1541.040000	-7.039459	-7.053638	-7.019845	-7.009038	-7.038754	-7.059688	-7.052659	-7.048360	-7.018319	-7.020229	-6.973461	-6.974775	-7.001424	-6.992911	-15.056480	-7.023901
1551.659000	-7.039460	-7.053623	-7.019832	-7.009044	-7.038738	-7.059686	-7.052641	-7.048400	-7.018302	-7.020222	-6.973401	-6.974750	-7.001405	-6.992902	-15.056628	-7.023886
1562.223000	-7.039455	-7.053615	-7.019801	-7.009025	-7.038746	-7.059689	-7.052632	-7.048372	-7.018311	-7.020243	-6.973352	-6.974705	-7.001392	-6.992888	-15.056409	-7.023889
1572.791000	-7.039449	-7.053589	-7.019837	-7.009028	-7.038722	-7.059689	-7.052583	-7.048369	-7.018298	-7.020251	-6.973305	-6.974682	-7.001397	-6.992880	-15.056519	-7.023877
1583.373000	-7.039494	-7.053594	-7.019836	-7.009009	-7.038734	-7.059684	-7.052569	-7.048393	-7.018300	-7.020228	-6.973287	-6.974646	-7.001388	-6.992906	-15.056669	-7.023868
1593.973000	-7.039445	-7.053590	-7.019807	-7.008990	-7.038700	-7.059664	-7.052539	-7.048386	-7.018313	-7.020247	-6.973236	-6.974629	-7.001403	-6.992901	-15.056441	-7.023848
1604.545000	-7.039468	-7.053589	-7.019836	-7.008968	-7.038719	-7.059675	-7.052532	-7.048377	-7.018322	-7.020235	-6.973194	-6.974581	-7.001367	-6.992883	-15.056480	-7.023833
1615.122000	-7.039483	-7.053556	-7.019817	-7.008963	-7.038687	-7.059674	-7.052519	-7.048375	-7.018299	-7.020242	-6.973147	-6.974550	-7.001379	-6.992874	-15.056559	-7.023857
1625.715000	-7.039476	-7.053543	-7.019834	-7.008930	-7.038702	-7.059635	-7.052514	-7.048373	-7.018328	-7.020252	-6.973128	-6.974543	-7.001367	-6.992885	-15.056541	-7.023828
1636.297000	-7.039463	-7.053504	-7.019814	-7.008903	-7.038681	-7.059653	-7.052506	-7.048372	-7.018311	-7.020245	-6.973096	-6.974512	-7.001353	-6.992900	-15.056460	-7.023834
1646.877000	-7.039466	-7.053512	-7.019819	-7.008882	-7.038653	-7.059662	-7.052478	-7.048360	-7.018293	-7.020244	-6.973068	-6.974467	-7.001336	-6.992893	-15.056663	-7.023810
1657.482000	-7.039474	-7.053476	-7.019838	-7.008862	-7.038657	-7.059635	-7.052475	-7.048350	-7.018294	-7.020246	-6.973029	-6.974456	-7.001317	-6.992876	-15.056500	-7.023808
1668.068000	-7.039464	-7.053471	-7.019822	-7.008844	-7.038647	-7.059625	-7.052473	-7.048333	-7.018305	-7.020271	-6.972999	-6.974416	-7.001303	-6.992879	-15.056535	-7.023788
1678.671000	-7.039444	-7.053453	-7.019819	-7.008847	-7.038628	-7.059611	-7.052457	-7.048351	-7.018280	-7.020258	-6.972975	-6.974384	-7.001281	-6.992860	-15.056648	-7.023795
1689.251000	-7.039440	-7.053432	-7.019825	-7.008806	-7.038628	-7.059613	-7.052463	-7.048355	-7.018287	-7.020252	-6.972938	-6.974384	-7.001279	-6.992875	-15.056514	-7.023786
1699.833000	-7.039437	-7.053410	-7.019820	-7.008809	-7.038628	-7.059596	-7.052436	-7.048343	-7.018301	-7.020264	-6.972927	-6.974377	-7.001256	-6.992876	-15.056433	-7.023777
1710.399000	-7.039437	-7.053387	-7.019820	-7.008800	-7.038601	-7.059610	-7.052422	-7.048318	-7.018335	-7.020264	-6.972910	-6.974362	-7.001256	-6.992889	-15.056460	-7.023760
1720.995000	-7.039435	-7.053349	-7.019804	-7.008767	-7.038591	-7.059593	-7.052423	-7.048324	-7.018313	-7.020267	-6.972870	-6.974347	-7.001234	-6.992868	-15.056592	-7.023767
1731.562000	-7.039429	-7.053341	-7.019812	-7.008759	-7.038582	-7.059566	-7.052410	-7.048329	-7.018319	-7.020258	-6.972864	-6.974340	-7.001224	-6.992891	-15.056542	-7.023769
1742.139000	-7.039434	-7.053295	-7.019811	-7.008739	-7.038581	-7.059558	-7.052401	-7.048317	-7.018302	-7.020254	-6.972823	-6.974330	-7.001197	-6.992877	-15.056441	-7.023747
1752.723000	-7.039431	-7.053298	-7.019822	-7.008752	-7.038577	-7.059549	-7.052382	-7.048312	-7.018293	-7.020257	-6.972836	-6.974321	-7.001206	-6.992886	-15.056349	-7.023749
1763.311000	-7.039421	-7.053258	-7.019830	-7.008735	-7.038568	-7.059547	-7.052375	-7.048301	-7.018295	-7.020269	-6.972819	-6.974295	-7.001218	-6.992902	-15.056602	-7.023747
1773.894000	-7.039422	-7.053233	-7.019816	-7.008729	-7.038529	-7.059534	-7.052365	-7.048287	-7.018297	-7.020277	-6.972788	-6.974281	-7.001188	-6.992882	-15.056574	-7.023735
1784.489000	-7.039405	-7.053198	-7.019809	-7.008720	-7.038544	-7.059519	-7.052382	-7.048297	-7.018313	-7.020268	-6.972783	-6.974270	-7.001187	-6.992887	-15.056633	-7.023745
1795.093000	-7.039411	-7.053189	-7.019816	-7.008707	-7.038517	-7.059511	-7.052350	-7.048278	-7.018294	-7.020281	-6.972780	-6.974254	-7.001168	-6.992891	-15.056654	-7.023753
1805.661000	-7.039413	-7.053189	-7.019822	-7.008684	-7.038501	-7.059496	-7.052339	-7.048281	-7.018294	-7.020271	-6.972745	-6.974250	-7.001171	-6.992889	-15.056591	-7.023735
1816.239000	-7.039418	-7.053167	-7.019819	-7.008667	-7.038503	-7.059500	-7.052337	-7.048276	-7.018299	-7.020286	-6.972723	-6.974234	-7.001159	-6.992904	-15.056642	-7.023733
1826.812000	-7.039404	-7.053139	-7.019818	-7.008674	-7.038491	-7.059479	-7.052335	-7.048276	-7.018268	-7.020277	-6.972729	-6.974239	-7.001159	-6.992896	-15.056621	-7.023721
1837.400000	-7.039411	-7.053130	-7.019794	-7.008670	-7.038478	-7.059464	-7.052324	-7.048277	-7.018299	-7.020301	-6.972712	-6.974219	-7.001133	-6.992891	-15.056826	-7.023705
1848.040000	-7.039386	-7.053097	-7.019832	-7.008657	-7.038464	-7.059438	-7.052308	-7.048276	-7.018297	-7.020300	-6.972693	-6.974204	-7.001148	-6.992897	-15.056776	-7.023710
1858.611000	-7.039371	-7.053112	-7.019823	-7.008638	-7.038474	-7.059434	-7.052331	-7.048261	-7.018280	-7.020286	-6.972670	-6.974184	-7.001128	-6.992869	-15.056675	-7.023716
1869.193000	-7.039369	-7.053083	-7.019809	-7.008630	-7.038450	-7.059437	-7.052319	-7.048250	-7.018275	-7.020289	-6.972660	-6.974199	-7.001124	-6.992894	-15.056683	-7.023703
1879.768000	-7.039359	-7.053079	-7.019836	-7.008622	-7.038456	-7.059437	-7.052302	-7.048255	-7.018281	-7.020284	-6.972635	-6.974178	-7.001112	-6.992879	-15.056789	-7.023710
1890.330000	-7.039352	-7.053060	-7.019788	-7.008618	-7.038438	-7.059415	-7.052317	-7.048260	-7.018285	-7.020287	-6.972641	-6.974164	-7.001116	-6.992898	-15.056742	-7.023692
1900.899000	-7.039361	-7.053045	-7.019805	-7.008607	-7.038431	-7.059414	-7.052308	-7.048248	-7.018300	-7.020289	-6.972618	-6.974161	-7.001114	-6.992876	-15.056506	-7.023687
1911.472000	-7.039358	-7.053035	-7.019810	-7.008600	-7.038443	-7.059403	-7.052293	-7.048218	-7.018280	-7.020302	-6.972588	-6.974149	-7.001100	-6.992870	-15.056636	-7.023694
1922.057000	-7.039350	-7.053015	-7.019825	-7.008590	-7.038433	-7.059401	-7.052277	-7.048220	-7.018284	-7.020299	-6.972618	-6.974135	-7.001093	-6.992893	-15.056556	-7.023694
1932.619000	-7.039338	-7.053014	-7.019795	-7.008583	-7.038407	-7.059394	-7.052270	-7.048219	-7.018284	-7.020289	-6.972588	-6.974128	-7.001089	-6.992874	-15.056621	-7.023705
1943.182000	-7.039313	-7.053024	-7.019808	-7.008574	-7.038419	-7.059374	-7.052283	-7.048219	-7.018265	-7.020290	-6.972567	-6.974141	-7.001074	-6.992869	-15.056591	-7.023701
1953.779000	-7.039323	-7.053007	-7.019817	-7.008591	-7.038418	-7.059391	-7.052274	-7.048211	-7.018277	-7.020300	-6.972572	-6.974130	-7.001069	-6.992862	-15.056631	-7.023709
1964.351000	-7.039320	-7.052982	-7.019812	-7.008567	-7.038393	-7.059380	-7.052280	-7.048194	-7.018276	-7.020280	-6.972559	-6.974126	-7.001062	-6.992885	-15.056815	-7.023691
1974.939000	-7.039315	-7.052952	-7.019814	-7.008570	-7.038401	-7.059355	-7.052253	-7.048192	-7.018260	-7.020283	-6.972570	-6.974106	-7.001067	-6.992901	-15.056630	-7.023692
1985.525000	-7.039297	-7.052967	-7.019804	-7.008573	-7.038384	-7.059366	-7.052284	-7.048200	-7.018277	-7.020291	-6.972557	-6.974084	-7.001048	-6.992878	-15.057041	-7.023692
1996.105000	-7.039295	-7.052945	-7.019810	-7.008561	-7.038381	-7.059350	-7.052255	-7.048198	-7.018271	-7.020290	-6.972550	-6.974101	-7.001048	-6.992902	-15.056750	-7.023690
2006.684000	-7.039318	-7.052923	-7.019819	-7.008563	-7.038356	-7.059343	-7.052259	-7.048163	-7.018270	-7.020292	-6.972544	-6.974080	-7.001057	-6.992891	-15.056557	-7.023700
2017.292000	-7.039303	-7.052925	-7.019822	-7.008556	-7.038363	-7.059344	-7.052260	-7.048182	-7.018254	-7.020300	-6.972544	-6.974088	-7.001036	-6.992886	-15.056506	-7.023689
2027.874000	-7.039284	-7.052934	-7.019804	-7.008540	-7.038376	-7.059334	-7.052240	-7.048182	-7.018248	-7.020307	-6.972530	-6.974073	-7.001035	-6.992875	-15.056460	-7.023673
2038.460000	-7.039298	-7.052909	-7.019836	-7.008554	-7.038374	-7.059348	-7.052259	-7.048192	-7.018247	-7.020306	-6.972503	-6.974064	-7.001044	-6.992879	-15.056635	-7.023672
2049.041000	-7.039309	-7.052895	-7.019808	-7.008544	-7.038347	-7.059331	-7.052241	-7.048187	-7.018252	-7.020315	-6.972520	-6.974046	-7.001032	-6.992885	-15.056832	-7.023693
2059.626000	-7.039284	-7.052895	-7.019828	-7.008540	-7.038334	-7.059350	-7.052245	-7.048183	-7.018260	-7.020309	-6.972509	-6.974048	-7.001036	-6.992895	-15.056676	-7.023681
2070.202000	-7.039273	-7.052892	-7.019815	-7.008521	-7.038359	-7.059331	-7.052256	-7.048170	-7.018255	-7.020318	-6.972492	-6.974029	-7.001027	-6.992895	-15.056635	-7.023661
2080.785000	-7.039315	-7.052883	-7.019802	-7.008509	-7.038346	-7.059335	-7.052241	-7.048164	-7.018241	-7.020306	-6.972483	-6.974030	-7.001039	-6.992895	-15.056932	-7.023675
2091.371000	-7.039298	-7.052864	-7.019808	-7.008519	-7.038337	-7.059326	-7.052230	-7.048146	-7.018251	-7.020318	-6.972483	-6.974038	-7.001026	-6.992892	-15.056720	-7.023654
2101.963000	-7.039308	-7.052863	-7.019820	-7.008498	-7.038319	-7.059321	-7.052233	-7.048166	-7.018236	-7.020316	-6.972471	-6.974026	-7.001015	-6.992913	-15.056542	-7.023669
2112.532000	-7.039281	-7.052859	-7.019823	-7.008513	-7.038304	-7.059316	-7.052243	-7.048172	-7.018252	-7.020304	-6.972443	-6.973999	-7.001023	-6.992898	-15.056772	-7.023646
2123.129000	-7.039313	-7.052856	-7.019805	-7.008514	-7.038336	-7.059296	-7.052238	-7.048153	-7.018222	-7.020306	-6.972469	-6.973989	-7.000999	-6.992897	-15.056721	-7.023655
2133.730000	-7.039300	-7.052861	-7.019799	-7.008523	-7.038326	-7.059282	-7.052261	-7.048162	-7.018224	-7.020288	-6.972466	-6.973988	-7.001001	-6.992911	-15.056742	-7.023655
2144.316000	-7.039284	-7.052838	-7.019812	-7.008506	-7.038282	-7.059296	-7.052252	-7.048141	-7.018214	-7.020289	-6.972450	-6.973998	-7.001002	-6.992886	-15.056661	-7.023665
2154.890000	-7.039273	-7.052833	-7.019810	-7.008489	-7.038318	-7.059288	-7.052241	-7.048154	-7.018231	-7.020297	-6.972440	-6.973992	-7.000993	-6.992890	-15.056654	-7.023663
2165.462000	-7.039269	-7.052812	-7.019782	-7.008494	-7.038270	-7.059250	-7.052219	-7.048137	-7.018220	-7.020292	-6.972450	-6.974041	-7.000998	-6.992904	-15.056728	-7.023728
2176.056000	-7.039254	-7.052841	-7.019718	-7.008539	-7.038337	-7.059522	-7.052253	-7.048189	-7.018277	-7.020277	-6.972644	-6.974332	-7.001053	-6.992963	-15.056569	-7.023848
2186.624000	-7.039327	-7.053224	-7.019706	-7.008742	-7.038479	-7.059643	-7.052422	-7.048319	-7.018265	-7.020223	-6.973168	-6.974903	-7.001205	-6.992971	-15.056595	-7.024003
2197.198000	-7.039363	-7.053540	-7.019699	-7.009027	-7.038577	-7.059547	-7.052664	-7.048307	-7.018188	-7.020140	-6.973885	-6.975048	-7.001388	-6.992934	-15.056826	-7.023872
2207.781000	-7.039361	-7.053503	-7.019690	-7.009026	-7.038543	-7.059475	-7.052702	-7.048231	-7.018116	-7.020068	-6.974115	-6.974978	-7.001386	-6.992917	-15.056862	-7.023669
2218.376000	-7.039307	-7.053418	-7.019653	-7.008959	-7.038482	-7.059395	-7.052610	-7.048170	-7.018063	-7.019996	-6.974071	-6.974902	-7.001270	-6.992864	-15.056894	-7.023493
2228.958000	-7.039230	-7.053323	-7.019594	-7.008899	-7.038379	-7.059299	-7.052506	-7.048094	-7.018005	-7.019934	-6.974028	-6.974834	-7.001191	-6.992818	-15.056908	-7.023356
2239.542000	-7.039178	-7.053247	-7.019587	-7.008812	-7.038330	-7.059283	-7.052448	-7.048045	-7.017965	-7.019882	-6.973997	-6.974801	-7.001132	-6.992778	-15.056931	-7.023237
2250.124000	-7.039128	-7.053203	-7.019571	-7.008756	-7.038290	-7.059220	-7.052392	-7.048006	-7.017947	-7.019856	-6.973944	-6.974777	-7.001065	-6.992762	-15.057013	-7.023153
2260.713000	-7.039090	-7.053154	-7.019575	-7.008714	-7.038249	-7.059220	-7.052351	-7.047966	-7.017921	-7.019844	-6.973932	-6.974744	-7.001014	-6.992732	-15.056881	-7.023103
2271.283000	-7.039053	-7.053121	-7.019583	-7.008689	-7.038236	-7.059199	-7.052306	-7.047952	-7.017904	-7.019822	-6.973908	-6.974768	-7.000964	-6.992740	-15.056875	-7.023062
2281.851000	-7.039028	-7.053101	-7.019587	-7.008655	-7.038243	-7.059183	-7.052293	-7.047942	-7.017910	-7.019814	-6.973913	-6.974725	-7.000927	-6.992723	-15.056790	-7.023009
2292.446000	-7.039020	-7.053115	-7.019573	-7.008644	-7.038230	-7.059168	-7.052285	-7.047921	-7.017908	-7.019812	-6.973893	-6.974722	-7.000923	-6.992755	-15.056894	-7.022978
2303.028000	-7.038979	-7.053101	-7.019579	-7.008620	-7.038204	-7.059166	-7.052249	-7.047913	-7.017902	-7.019813	-6.973876	-6.974720	-7.000906	-6.992733	-15.056695	-7.022974
2313.611000	-7.038984	-7.053078	-7.019567	-7.008610	-7.038165	-7.059178	-7.052222	-7.047904	-7.017908	-7.019818	-6.973859	-6.974703	-7.000898	-6.992728	-15.056715	-7.022948
2324.199000	-7.038994	-7.053058	-7.019570	-7.008580	-7.038188	-7.059151	-7.052225	-7.047913	-7.017908	-7.019804	-6.973852	-6.974702	-7.000874	-6.992709	-15.056854	-7.022932
2334.765000	-7.038970	-7.053045	-7.019567	-7.008573	-7.038173	-7.059149	-7.052203	-7.047899	-7.017910	-7.019788	-6.973873	-6.974693	-7.000862	-6.992718	-15.056992	-7.022932
2345.351000	-7.038953	-7.053031	-7.019574	-7.008593	-7.038173	-7.059149	-7.052203	-7.047896	-7.017914	-7.019791	-6.973853	-6.974694	-7.000873	-6.992710	-15.056940	-7.022915
2355.946000	-7.038934	-7.053027	-7.019576	-7.008569	-7.038202	-7.059150	-7.052202	-7.047882	-7.017919	-7.019788	-6.973871	-6.974676	-7.000855	-6.992727	-15.056751	-7.022919
2366.524000	-7.038917	-7.053011	-7.019583	-7.008565	-7.038154	-7.059150	-7.052212	-7.047891	-7.017903	-7.019785	-6.973849	-6.974691	-7.000830	-6.992706	-15.056758	-7.022902
2377.095000	-7.038909	-7.053018	-7.019570	-7.008564	-7.038150	-7.059135	-7.052181	-7.047872	-7.017894	-7.019803	-6.973853	-6.974694	-7.000830	-6.992725	-15.056992	-7.022903
2387.677000	-7.038917	-7.053026	-7.019556	-7.008563	-7.038143	-7.059147	-7.052178	-7.047888	-7.017889	-7.019788	-6.973861	-6.974663	-7.000813	-6.992726	-15.056972	-7.022899
2398.262000	-7.038906	-7.053025	-7.019572	-7.008571	-7.038150	-7.059135	-7.052178	-7.047886	-7.017889	-7.019802	-6.973870	-6.974702	-7.000815	-6.992701	-15.056816	-7.022894
2408.847000	-7.038916	-7.053008	-7.019570	-7.008561	-7.038157	-7.059142	-7.052177	-7.047894	-7.017876	-7.019795	-6.973856	-6.974686	-7.000807	-6.992709	-15.056887	-7.022907
2419.434000	-7.038900	-7.053009	-7.019558	-7.008548	-7.038171	-7.059139	-7.052166	-7.047880	-7.017885	-7.019791	-6.973839	-6.974686	-7.000823	-6.992714	-15.056623	-7.022890
2430.021000	-7.038910	-7.053019	-7.019556	-7.008551	-7.038162	-7.059150	-7.052161	-7.047883	-7.017896	-7.019797	-6.973866	-6.974700	-7.000799	-6.992712	-15.056865	-7.022880
2440.652000	-7.038888	-7.052983	-7.019578	-7.008554	-7.038126	-7.059158	-7.052173	-7.047881	-7.017883	-7.019779	-6.973862	-6.974685	-7.000801	-6.992707	-15.056665	-7.022874
2451.236000	-7.038918	-7.052990	-7.019535	-7.008566	-7.038150	-7.059161	-7.052163	-7.047893	-7.017902	-7.019796	-6.973873	-6.974690	-7.000821	-6.992695	-15.056790	-7.022855
2461.824000	-7.038876	-7.052981	-7.019565	-7.008545	-7.038135	-7.059136	-7.052171	-7.047884	-7.017887	-7.019774	-6.973874	-6.974685	-7.000804	-6.992714	-15.056718	-7.022879
2472.409000	-7.038908	-7.052981	-7.019580	-7.008546	-7.038146	-7.059126	-7.052160	-7.047901	-7.017890	-7.019784	-6.973839	-6.974691	-7.000802	-6.992690	-15.056860	-7.022892
2482.996000	-7.038899	-7.052982	-7.019560	-7.008562	-7.038124	-7.059139	-7.052170	-7.047897	-7.017889	-7.019795	-6.973839	-6.974682	-7.000800	-6.992702	-15.056749	-7.022885
2493.574000	-7.038891	-7.053000	-7.019548	-7.008539	-7.038131	-7.059135	-7.052160	-7.047901	-7.017881	-7.019784	-6.973850	-6.974689	-7.000799	-6.992712	-15.056775	-7.022896
2504.164000	-7.038886	-7.052980	-7.019548	-7.008556	-7.038101	-7.059143	-7.052148	-7.047883	-7.017884	-7.019771	-6.973849	-6.974680	-7.000816	-6.992717	-15.056918	-7.022870
2514.747000	-7.038899	-7.052965	-7.019532	-7.008548	-7.038138	-7.059138	-7.052138	-7.047878	-7.017876	-7.019775	-6.973853	-6.974680	-7.000794	-6.992709	-15.056851	-7.022886
2525.327000	-7.038899	-7.052966	-7.019552	-7.008564	-7.038133	-7.059128	-7.052155	-7.047876	-7.017873	-7.019799	-6.973834	-6.974676	-7.000796	-6.992709	-15.057013	-7.022891
2535.914000	-7.038880	-7.052977	-7.019577	-7.008538	-7.038149	-7.059128	-7.052160	-7.047864	-7.017879	-7.019785	-6.973862	-6.974684	-7.000825	-6.992687	-15.056865	-7.022878
2546.486000	-7.038884	-7.052959	-7.019565	-7.008550	-7.038129	-7.059133	-7.052168	-7.047878	-7.017855	-7.019800	-6.973835	-6.974673	-7.000814	-6.992698	-15.056795	-7.022880
2557.112000	-7.038893	-7.052961	-7.019546	-7.008552	-7.038117	-7.059147	-7.052151	-7.047886	-7.017855	-7.019804	-6.973838	-6.974685	-7.000793	-6.992693	-15.056832	-7.022874
2567.699000	-7.038871	-7.052946	-7.019578	-7.008560	-7.038126	-7.059128	-7.052178	-7.047871	-7.017881	-7.019790	-6.973855	-6.974682	-7.000788	-6.992702	-15.056606	-7.022888
2578.262000	-7.038873	-7.052963	-7.019564	-7.008530	-7.038124	-7.059125	-7.052155	-7.047893	-7.017876	-7.019765	-6.973846	-6.974677	-7.000795	-6.992712	-15.056452	-7.022872
2588.827000	-7.038872	-7.052943	-7.019579	-7.008544	-7.038089	-7.059113	-7.052168	-7.047877	-7.017861	-7.019785	-6.973848	-6.974679	-7.000794	-6.992709	-15.056703	-7.022879
2599.411000	-7.038900	-7.052927	-7.019562	-7.008541	-7.038112	-7.059122	-7.052169	-7.047885	-7.017877	-7.019779	-6.973853	-6.974675	-7.000813	-6.992712	-15.056788	-7.022875
2610.014000	-7.038873	-7.052940	-7.019568	-7.008531	-7.038082	-7.059121	-7.052167	-7.047880	-7.017868	-7.019781	-6.973837	-6.974689	-7.000794	-6.992716	-15.056674	-7.022884
2620.584000	-7.038871	-7.052946	-7.019573	-7.008541	-7.038103	-7.059139	-7.052162	-7.047865	-7.017851	-7.019766	-6.973846	-6.974681	-7.000797	-6.992709	-15.056683	-7.022873
2631.162000	-7.038862	-7.052950	-7.019564	-7.008554	-7.038121	-7.059135	-7.052150	-7.047883	-7.017879	-7.019777	-6.973862	-6.974684	-7.000783	-6.992695	-15.056577	-7.022862
2641.774000	-7.038851	-7.052963	-7.019553	-7.008543	-7.038127	-7.059115	-7.052159	-7.047889	-7.017847	-7.019767	-6.973857	-6.974685	-7.000798	-6.992715	-15.056577	-7.022873
2652.348000	-7.038869	-7.052962	-7.019575	-7.008534	-7.038111	-7.059126	-7.052158	-7.047873	-7.017868	-7.019785	-6.973847	-6.974694	-7.000787	-6.992714	-15.056616	-7.022873
2662.933000	-7.038882	-7.052948	-7.019544	-7.008544	-7.038124	-7.059142	-7.052183	-7.047876	-7.017859	-7.019775	-6.973837	-6.974684	-7.000775	-6.992710	-15.056779	-7.022865
2673.527000	-7.038854	-7.052932	-7.019538	-7.008548	-7.038109	-7.059119	-7.052154	-7.047867	-7.017863	-7.019785	-6.973850	-6.974676	-7.000770	-6.992702	-15.056739	-7.022856
2684.104000	-7.038861	-7.052957	-7.019538	-7.008546	-7.038098	-7.059127	-7.052167	-7.047873	-7.017861	-7.019773	-6.973839	-6.974689	-7.000767	-6.992714	-15.056842	-7.022857
2694.694000	-7.038865	-7.052935	-7.019549	-7.008539	-7.038118	-7.059140	-7.052161	-7.047880	-7.017850	-7.019782	-6.973836	-6.974689	-7.000781	-6.992705	-15.056870	-7.022870
2705.300000	-7.038865	-7.052953	-7.019562	-7.008547	-7.038103	-7.059151	-7.052135	-7.047848	-7.017854	-7.019788	-6.973845	-6.974689	-7.000778	-6.992696	-15.056768	-7.022858
2715.871000	-7.038873	-7.052930	-7.019556	-7.008531	-7.038115	-7.059147	-7.052133	-7.047856	-7.017851	-7.019777	-6.973852	-6.974673	-7.000775	-6.992718	-15.056777	-7.022859
2726.450000	-7.038875	-7.052943	-7.019557	-7.008539	-7.038099	-7.059139	-7.052152	-7.047843	-7.017859	-7.019772	-6.973827	-6.974690	-7.000777	-6.992708	-15.056665	-7.022863
2737.030000	-7.038859	-7.052951	-7.019535	-7.008522	-7.038101	-7.059132	-7.052142	-7.047878	-7.017864	-7.019784	-6.973845	-6.974686	-7.000777	-6.992723	-15.056779	-7.022861
2747.598000	-7.038856	-7.052955	-7.019571	-7.008543	-7.038099	-7.059125	-7.052151	-7.047887	-7.017868	-7.019794	-6.973852	-6.974680	-7.000777	-6.992703	-15.056713	-7.022866
2758.173000	-7.038890	-7.052948	-7.019547	-7.008538	-7.038103	-7.059115	-7.052153	-7.047862	-7.017863	-7.019778	-6.973841	-6.974662	-7.000766	-6.992711	-15.056814	-7.022859
2768.754000	-7.038853	-7.052934	-7.019575	-7.008531	-7.038087	-7.059139	-7.052148	-7.047872	-7.017876	-7.019787	-6.973852	-6.974678	-7.000787	-6.992727	-15.056972	-7.022864
	-7.038861	-7.052927	-7.019575	-7.008543	-7.038104	-7.059118	-7.052145	-7.047846	-7.017854	-7.019774	-6.973845	-6.974695	-7.000763			
