6.589000	-7.177220	-7.027735	-7.146342	-7.145963	-7.160563	-7.203961	-7.181019	-7.172813	-7.157769	-7.157443	-7.171109	-7.160260	-7.161633	-7.181470	-15.054724	-7.010326
17.181000	-7.177213	-7.027736	-7.146251	-7.145911	-7.160530	-7.203857	-7.181013	-7.172783	-7.157703	-7.157414	-7.171083	-7.160221	-7.161612	-7.181447	-15.055147	-7.010317
27.786000	-7.177221	-7.027710	-7.146117	-7.145803	-7.160510	-7.203797	-7.181018	-7.172754	-7.157682	-7.157420	-7.171052	-7.160187	-7.161612	-7.181455	-15.055216	-7.010303
38.379000	-7.177217	-7.027696	-7.146165	-7.145800	-7.160501	-7.203780	-7.181004	-7.172739	-7.157666	-7.157408	-7.171033	-7.160166	-7.161602	-7.181447	-15.055238	-7.010284
48.966000	-7.177230	-7.027707	-7.146105	-7.145774	-7.160484	-7.203767	-7.181010	-7.172726	-7.157669	-7.157402	-7.171014	-7.160160	-7.161594	-7.181439	-15.055321	-7.010306
59.560000	-7.177209	-7.027705	-7.146127	-7.145840	-7.160468	-7.203767	-7.181008	-7.172733	-7.157663	-7.157406	-7.171031	-7.160152	-7.161610	-7.181442	-15.055533	-7.010268
70.211000	-7.177225	-7.027703	-7.146082	-7.145805	-7.160482	-7.203773	-7.181013	-7.172736	-7.157652	-7.157384	-7.171027	-7.160145	-7.161609	-7.181437	-15.055419	-7.010302
80.814000	-7.177225	-7.027712	-7.146086	-7.145801	-7.160472	-7.203772	-7.181009	-7.172727	-7.157667	-7.157372	-7.171035	-7.160133	-7.161590	-7.181437	-15.055738	-7.010301
91.398000	-7.177216	-7.027708	-7.146109	-7.145822	-7.160472	-7.203771	-7.181007	-7.172726	-7.157658	-7.157387	-7.171017	-7.160138	-7.161604	-7.181453	-15.055931	-7.010298
102.002000	-7.177239	-7.027701	-7.146147	-7.145803	-7.160486	-7.203772	-7.181020	-7.172740	-7.157666	-7.157361	-7.171019	-7.160134	-7.161598	-7.181416	-15.056083	-7.010295
112.609000	-7.177203	-7.027708	-7.146101	-7.145781	-7.160464	-7.203786	-7.181003	-7.172731	-7.157661	-7.157371	-7.171014	-7.160125	-7.161598	-7.181432	-15.056072	-7.010284
123.200000	-7.177198	-7.027701	-7.146121	-7.145782	-7.160491	-7.203770	-7.181018	-7.172727	-7.157659	-7.157375	-7.171010	-7.160135	-7.161604	-7.181421	-15.056114	-7.010296
133.779000	-7.177209	-7.027715	-7.146108	-7.145728	-7.160480	-7.203768	-7.181007	-7.172733	-7.157622	-7.157398	-7.171028	-7.160127	-7.161619	-7.181446	-15.056194	-7.010272
144.367000	-7.177177	-7.027623	-7.145839	-7.145727	-7.160298	-7.203141	-7.180989	-7.172694	-7.157219	-7.157344	-7.170931	-7.159963	-7.161594	-7.181330	-15.055938	-7.010253
154.950000	-7.177082	-7.027531	-7.145311	-7.145676	-7.160084	-7.202486	-7.180961	-7.172563	-7.156794	-7.157223	-7.170719	-7.159672	-7.161482	-7.181173	-15.056392	-7.010171
165.549000	-7.176967	-7.027419	-7.144828	-7.145630	-7.159846	-7.201978	-7.180943	-7.172337	-7.156446	-7.157066	-7.170485	-7.159373	-7.161314	-7.180966	-15.056177	-7.010089
176.125000	-7.176833	-7.027289	-7.144294	-7.145681	-7.159648	-7.201589	-7.180963	-7.172126	-7.156155	-7.156881	-7.170233	-7.159090	-7.161110	-7.180743	-15.056350	-7.010006
186.730000	-7.176683	-7.027218	-7.143885	-7.145664	-7.159438	-7.201290	-7.181057	-7.171928	-7.155930	-7.156727	-7.170005	-7.158838	-7.160890	-7.180510	-15.056703	-7.009942
197.319000	-7.176546	-7.027120	-7.143579	-7.145738	-7.159276	-7.201032	-7.181244	-7.171747	-7.155745	-7.156579	-7.169800	-7.158624	-7.160695	-7.180319	-15.056577	-7.009891
207.891000	-7.176396	-7.027046	-7.143242	-7.145774	-7.159125	-7.200844	-7.181525	-7.171573	-7.155617	-7.156450	-7.169635	-7.158468	-7.160494	-7.180137	-15.056794	-7.009837
218.489000	-7.176264	-7.026960	-7.142979	-7.145828	-7.158999	-7.200694	-7.181897	-7.171435	-7.155497	-7.156298	-7.169482	-7.158303	-7.160311	-7.179967	-15.056828	-7.009805
229.075000	-7.176145	-7.026914	-7.142790	-7.145864	-7.158883	-7.200554	-7.182343	-7.171319	-7.155394	-7.156170	-7.169337	-7.158177	-7.160146	-7.179818	-15.056702	-7.009756
239.662000	-7.176029	-7.026868	-7.142577	-7.145921	-7.158785	-7.200433	-7.182853	-7.171236	-7.155312	-7.156056	-7.169239	-7.158062	-7.159997	-7.179689	-15.056813	-7.009734
250.229000	-7.175924	-7.026832	-7.142423	-7.145957	-7.158689	-7.200364	-7.183393	-7.171157	-7.155237	-7.155973	-7.169130	-7.157964	-7.159869	-7.179563	-15.056805	-7.009705
260.823000	-7.175841	-7.026811	-7.142312	-7.146007	-7.158652	-7.200316	-7.183886	-7.171067	-7.155197	-7.155901	-7.169076	-7.157902	-7.159740	-7.179486	-15.056960	-7.009677
271.429000	-7.175776	-7.026789	-7.142249	-7.146043	-7.158597	-7.200285	-7.184412	-7.171022	-7.155168	-7.155869	-7.169008	-7.157855	-7.159669	-7.179421	-15.056903	-7.009673
281.999000	-7.175733	-7.026768	-7.142192	-7.146075	-7.158564	-7.200272	-7.184882	-7.170983	-7.155153	-7.155801	-7.168966	-7.157830	-7.159603	-7.179352	-15.056976	-7.009666
292.568000	-7.175684	-7.026748	-7.142112	-7.146080	-7.158538	-7.200276	-7.185302	-7.170943	-7.155143	-7.155778	-7.168923	-7.157801	-7.159538	-7.179331	-15.057043	-7.009656
303.173000	-7.175653	-7.026731	-7.142038	-7.146104	-7.158518	-7.200267	-7.185674	-7.170956	-7.155144	-7.155747	-7.168908	-7.157782	-7.159507	-7.179288	-15.057105	-7.009634
313.764000	-7.175626	-7.026725	-7.141977	-7.146117	-7.158495	-7.200261	-7.186009	-7.170929	-7.155134	-7.155728	-7.168896	-7.157762	-7.159475	-7.179272	-15.056966	-7.009633
324.360000	-7.175613	-7.026711	-7.142029	-7.146106	-7.158484	-7.200254	-7.186305	-7.170901	-7.155131	-7.155706	-7.168896	-7.157745	-7.159448	-7.179259	-15.057162	-7.009618
334.937000	-7.175602	-7.026719	-7.141987	-7.146161	-7.158476	-7.200240	-7.186556	-7.170907	-7.155132	-7.155696	-7.168868	-7.157737	-7.159407	-7.179231	-15.057218	-7.009612
345.573000	-7.175579	-7.026726	-7.141956	-7.146162	-7.158467	-7.200245	-7.186760	-7.170887	-7.155136	-7.155679	-7.168858	-7.157746	-7.159406	-7.179222	-15.057130	-7.009631
356.140000	-7.175552	-7.026704	-7.141980	-7.146133	-7.158460	-7.200262	-7.186940	-7.170873	-7.155136	-7.155678	-7.168867	-7.157730	-7.159408	-7.179206	-15.057301	-7.009616
366.741000	-7.175562	-7.026717	-7.141935	-7.146164	-7.158458	-7.200255	-7.187096	-7.170879	-7.155136	-7.155675	-7.168855	-7.157711	-7.159396	-7.179213	-15.057227	-7.009610
377.341000	-7.175547	-7.026705	-7.141978	-7.146157	-7.158458	-7.200237	-7.187220	-7.170875	-7.155133	-7.155666	-7.168853	-7.157708	-7.159376	-7.179208	-15.057216	-7.009614
387.918000	-7.175549	-7.026708	-7.141906	-7.146143	-7.158443	-7.200227	-7.187316	-7.170862	-7.155118	-7.155669	-7.168837	-7.157691	-7.159371	-7.179216	-15.057306	-7.009608
398.496000	-7.175541	-7.026707	-7.141962	-7.146171	-7.158441	-7.200245	-7.187443	-7.170870	-7.155133	-7.155660	-7.168855	-7.157697	-7.159377	-7.179206	-15.057359	-7.009617
409.095000	-7.175528	-7.026700	-7.141876	-7.146169	-7.158442	-7.200252	-7.187498	-7.170878	-7.155135	-7.155637	-7.168857	-7.157703	-7.159354	-7.179185	-15.057395	-7.009600
419.697000	-7.175539	-7.026697	-7.141914	-7.146162	-7.158461	-7.200241	-7.187574	-7.170894	-7.155135	-7.155649	-7.168850	-7.157689	-7.159355	-7.179195	-15.057401	-7.009606
430.279000	-7.175544	-7.026706	-7.141882	-7.146189	-7.158454	-7.200254	-7.187610	-7.170888	-7.155130	-7.155634	-7.168834	-7.157698	-7.159346	-7.179196	-15.057237	-7.009592
440.865000	-7.175516	-7.026701	-7.141889	-7.146181	-7.158434	-7.200266	-7.187670	-7.170875	-7.155141	-7.155627	-7.168837	-7.157710	-7.159343	-7.179188	-15.057435	-7.009608
451.471000	-7.175521	-7.026694	-7.141840	-7.146161	-7.158450	-7.200251	-7.187718	-7.170880	-7.155135	-7.155634	-7.168844	-7.157692	-7.159330	-7.179197	-15.057508	-7.009592
462.046000	-7.175512	-7.026674	-7.141833	-7.146176	-7.158434	-7.200251	-7.187749	-7.170887	-7.155146	-7.155622	-7.168848	-7.157684	-7.159326	-7.179180	-15.057472	-7.009602
472.627000	-7.175515	-7.026688	-7.141827	-7.146198	-7.158424	-7.200253	-7.187774	-7.170884	-7.155126	-7.155637	-7.168845	-7.157699	-7.159321	-7.179176	-15.057403	-7.009587
483.221000	-7.175519	-7.026693	-7.141815	-7.146195	-7.158438	-7.200263	-7.187794	-7.170882	-7.155125	-7.155644	-7.168833	-7.157674	-7.159319	-7.179177	-15.057311	-7.009599
493.806000	-7.175514	-7.026710	-7.141832	-7.146190	-7.158441	-7.200249	-7.187822	-7.170876	-7.155121	-7.155636	-7.168845	-7.157675	-7.159314	-7.179155	-15.057376	-7.009597
504.391000	-7.175513	-7.026710	-7.141828	-7.146166	-7.158442	-7.200250	-7.187856	-7.170872	-7.155130	-7.155640	-7.168820	-7.157673	-7.159312	-7.179170	-15.057507	-7.009597
514.963000	-7.175486	-7.026699	-7.141777	-7.146169	-7.158428	-7.200263	-7.187863	-7.170874	-7.155128	-7.155631	-7.168835	-7.157669	-7.159302	-7.179172	-15.057521	-7.009601
525.565000	-7.175492	-7.026708	-7.141819	-7.146191	-7.158447	-7.200258	-7.187878	-7.170878	-7.155130	-7.155638	-7.168850	-7.157668	-7.159303	-7.179165	-15.057634	-7.009598
536.160000	-7.175511	-7.026699	-7.141814	-7.146180	-7.158449	-7.200264	-7.187889	-7.170861	-7.155124	-7.155630	-7.168845	-7.157676	-7.159296	-7.179177	-15.057617	-7.009584
546.749000	-7.175502	-7.026702	-7.141792	-7.146181	-7.158445	-7.200269	-7.187919	-7.170874	-7.155122	-7.155641	-7.168831	-7.157660	-7.159287	-7.179169	-15.057548	-7.009580
557.324000	-7.175491	-7.026695	-7.141786	-7.146181	-7.158430	-7.200264	-7.187929	-7.170866	-7.155117	-7.155630	-7.168836	-7.157672	-7.159290	-7.179158	-15.057543	-7.009583
567.893000	-7.175493	-7.026706	-7.141789	-7.146183	-7.158438	-7.200264	-7.187922	-7.170874	-7.155127	-7.155622	-7.168828	-7.157672	-7.159282	-7.179163	-15.057499	-7.009590
578.476000	-7.175506	-7.026701	-7.141789	-7.146182	-7.158449	-7.200265	-7.187946	-7.170864	-7.155113	-7.155626	-7.168821	-7.157645	-7.159282	-7.179162	-15.057448	-7.009586
589.094000	-7.175493	-7.026703	-7.141862	-7.146195	-7.158432	-7.200275	-7.187960	-7.170858	-7.155107	-7.155620	-7.168836	-7.157648	-7.159290	-7.179174	-15.057477	-7.009595
599.694000	-7.175505	-7.026700	-7.141787	-7.146162	-7.158437	-7.200280	-7.187959	-7.170864	-7.155132	-7.155634	-7.168828	-7.157668	-7.159298	-7.179160	-15.057507	-7.009579
610.273000	-7.175497	-7.026667	-7.141712	-7.146167	-7.158446	-7.200365	-7.187970	-7.170866	-7.155216	-7.155612	-7.168837	-7.157732	-7.159284	-7.179153	-15.057454	-7.009648
620.860000	-7.175531	-7.026731	-7.141912	-7.146189	-7.158554	-7.200770	-7.187975	-7.170914	-7.155443	-7.155637	-7.168906	-7.157833	-7.159240	-7.179176	-15.057447	-7.009701
631.457000	-7.175556	-7.026769	-7.142034	-7.146181	-7.158608	-7.200960	-7.187958	-7.170958	-7.155575	-7.155687	-7.168928	-7.157895	-7.159227	-7.179194	-15.057552	-7.009724
642.051000	-7.175570	-7.026799	-7.142069	-7.146180	-7.158657	-7.201061	-7.187949	-7.170956	-7.155643	-7.155699	-7.168970	-7.157942	-7.159223	-7.179206	-15.057469	-7.009753
652.649000	-7.175589	-7.026818	-7.142082	-7.146184	-7.158683	-7.201123	-7.187925	-7.170970	-7.155682	-7.155706	-7.168988	-7.157986	-7.159204	-7.179212	-15.057527	-7.009755
663.241000	-7.175590	-7.026826	-7.142159	-7.146148	-7.158676	-7.201162	-7.187934	-7.170981	-7.155707	-7.155721	-7.169004	-7.157993	-7.159194	-7.179226	-15.057565	-7.009768
673.808000	-7.175599	-7.026815	-7.142117	-7.146143	-7.158696	-7.201178	-7.187916	-7.170993	-7.155725	-7.155736	-7.169009	-7.158000	-7.159208	-7.179236	-15.057670	-7.009757
684.383000	-7.175599	-7.026836	-7.142080	-7.146145	-7.158700	-7.201198	-7.187918	-7.170983	-7.155726	-7.155728	-7.169018	-7.158016	-7.159204	-7.179239	-15.057743	-7.009767
694.972000	-7.175597	-7.026822	-7.142094	-7.146156	-7.158706	-7.201197	-7.187922	-7.170990	-7.155732	-7.155709	-7.169009	-7.158014	-7.159199	-7.179227	-15.057740	-7.009753
705.549000	-7.175596	-7.026816	-7.142107	-7.146154	-7.158684	-7.201205	-7.187896	-7.170981	-7.155751	-7.155730	-7.169010	-7.158017	-7.159208	-7.179230	-15.057624	-7.009773
716.143000	-7.175583	-7.026843	-7.142108	-7.146164	-7.158686	-7.201194	-7.187894	-7.170978	-7.155749	-7.155740	-7.169031	-7.158009	-7.159189	-7.179237	-15.057648	-7.009783
726.726000	-7.175593	-7.026828	-7.142113	-7.146176	-7.158689	-7.201191	-7.187925	-7.170999	-7.155732	-7.155738	-7.169021	-7.158030	-7.159190	-7.179220	-15.057524	-7.009774
737.300000	-7.175583	-7.026839	-7.142096	-7.146150	-7.158710	-7.201190	-7.187935	-7.170995	-7.155748	-7.155744	-7.169015	-7.158019	-7.159191	-7.179232	-15.057840	-7.009776
747.887000	-7.175583	-7.026825	-7.142068	-7.146152	-7.158714	-7.201201	-7.187928	-7.170987	-7.155745	-7.155731	-7.169018	-7.158008	-7.159196	-7.179217	-15.057721	-7.009764
758.481000	-7.175572	-7.026832	-7.142134	-7.146173	-7.158707	-7.201176	-7.187938	-7.170985	-7.155769	-7.155744	-7.169018	-7.158016	-7.159191	-7.179231	-15.057798	-7.009783
769.070000	-7.175576	-7.026846	-7.142103	-7.146146	-7.158704	-7.201190	-7.187956	-7.170996	-7.155761	-7.155729	-7.169017	-7.158028	-7.159194	-7.179239	-15.057605	-7.009785
779.663000	-7.175576	-7.026829	-7.142053	-7.146132	-7.158709	-7.201188	-7.187969	-7.170980	-7.155756	-7.155729	-7.169013	-7.158002	-7.159192	-7.179218	-15.057489	-7.009769
790.253000	-7.175574	-7.026836	-7.142115	-7.146135	-7.158708	-7.201181	-7.187953	-7.170984	-7.155748	-7.155725	-7.169012	-7.158018	-7.159196	-7.179227	-15.057586	-7.009773
800.853000	-7.175578	-7.026828	-7.142079	-7.146141	-7.158685	-7.201183	-7.187975	-7.170978	-7.155742	-7.155723	-7.169014	-7.158012	-7.159188	-7.179222	-15.057548	-7.009766
811.459000	-7.175582	-7.026842	-7.142091	-7.146155	-7.158681	-7.201175	-7.187980	-7.170985	-7.155752	-7.155709	-7.169011	-7.158028	-7.159182	-7.179219	-15.057438	-7.009750
822.054000	-7.175570	-7.026836	-7.142099	-7.146165	-7.158696	-7.201185	-7.187988	-7.170986	-7.155747	-7.155735	-7.168994	-7.158023	-7.159181	-7.179234	-15.057545	-7.009776
832.655000	-7.175581	-7.026826	-7.142105	-7.146142	-7.158698	-7.201171	-7.187999	-7.170989	-7.155741	-7.155713	-7.169005	-7.158018	-7.159201	-7.179227	-15.057692	-7.009779
843.233000	-7.175579	-7.026839	-7.142059	-7.146121	-7.158700	-7.201178	-7.188006	-7.170992	-7.155759	-7.155709	-7.169005	-7.158018	-7.159196	-7.179228	-15.057615	-7.009775
853.822000	-7.175571	-7.026833	-7.142041	-7.146153	-7.158704	-7.201162	-7.187996	-7.170972	-7.155759	-7.155697	-7.169009	-7.158012	-7.159197	-7.179217	-15.057547	-7.009778
864.417000	-7.175575	-7.026841	-7.141977	-7.146155	-7.158684	-7.201161	-7.188013	-7.170983	-7.155750	-7.155707	-7.168995	-7.158014	-7.159194	-7.179203	-15.057449	-7.009764
875.003000	-7.175579	-7.026829	-7.142073	-7.146140	-7.158690	-7.201155	-7.188043	-7.170997	-7.155755	-7.155725	-7.168998	-7.158015	-7.159215	-7.179213	-15.057465	-7.009769
885.585000	-7.175574	-7.026824	-7.142056	-7.146158	-7.158686	-7.201150	-7.188024	-7.170989	-7.155750	-7.155721	-7.169008	-7.158015	-7.159199	-7.179214	-15.057442	-7.009775
896.177000	-7.175562	-7.026818	-7.142043	-7.146157	-7.158684	-7.201168	-7.188056	-7.170988	-7.155744	-7.155728	-7.168999	-7.158010	-7.159202	-7.179212	-15.057433	-7.009783
906.771000	-7.175559	-7.026825	-7.142036	-7.146162	-7.158688	-7.201156	-7.188051	-7.171008	-7.155720	-7.155711	-7.169008	-7.158006	-7.159181	-7.179204	-15.057254	-7.009780
917.354000	-7.175564	-7.026801	-7.142041	-7.146140	-7.158684	-7.201149	-7.188090	-7.170980	-7.155727	-7.155723	-7.168998	-7.158006	-7.159196	-7.179210	-15.057587	-7.009765
927.958000	-7.175551	-7.026815	-7.142001	-7.146160	-7.158682	-7.201155	-7.188084	-7.170964	-7.155734	-7.155722	-7.168990	-7.158008	-7.159205	-7.179217	-15.057345	-7.009761
938.567000	-7.175570	-7.026829	-7.141993	-7.146139	-7.158681	-7.201154	-7.188091	-7.170992	-7.155731	-7.155718	-7.168994	-7.157996	-7.159201	-7.179211	-15.057593	-7.009766
949.141000	-7.175560	-7.026824	-7.142013	-7.146152	-7.158683	-7.201169	-7.188113	-7.170979	-7.155756	-7.155714	-7.168992	-7.157989	-7.159203	-7.179224	-15.057469	-7.009769
959.728000	-7.175560	-7.026822	-7.142083	-7.146146	-7.158680	-7.201155	-7.188094	-7.170966	-7.155736	-7.155725	-7.168990	-7.157982	-7.159193	-7.179199	-15.057450	-7.009784
970.327000	-7.175545	-7.026827	-7.142020	-7.146154	-7.158691	-7.201165	-7.188126	-7.170971	-7.155740	-7.155702	-7.168985	-7.157980	-7.159202	-7.179214	-15.057563	-7.009777
980.911000	-7.175552	-7.026808	-7.142091	-7.146127	-7.158691	-7.201174	-7.188110	-7.170974	-7.155752	-7.155687	-7.168989	-7.158001	-7.159207	-7.179214	-15.057586	-7.009765
991.519000	-7.175528	-7.026840	-7.142024	-7.146127	-7.158686	-7.201144	-7.188102	-7.170985	-7.155744	-7.155708	-7.168995	-7.158001	-7.159192	-7.179215	-15.057599	-7.009757
1002.151000	-7.175532	-7.026833	-7.142021	-7.146144	-7.158693	-7.201174	-7.188125	-7.170974	-7.155730	-7.155709	-7.168981	-7.157991	-7.159198	-7.179203	-15.057786	-7.009774
1012.744000	-7.175558	-7.026840	-7.142046	-7.146132	-7.158664	-7.201157	-7.188114	-7.170976	-7.155718	-7.155711	-7.168991	-7.157995	-7.159191	-7.179190	-15.057542	-7.009780
1023.323000	-7.175552	-7.026821	-7.142110	-7.146142	-7.158688	-7.201147	-7.188149	-7.170957	-7.155733	-7.155690	-7.168987	-7.157995	-7.159184	-7.179195	-15.057723	-7.009764
1033.910000	-7.175558	-7.026831	-7.142034	-7.146162	-7.158688	-7.201149	-7.188138	-7.170976	-7.155725	-7.155688	-7.168974	-7.157993	-7.159195	-7.179200	-15.057677	-7.009759
1044.481000	-7.175549	-7.026837	-7.142047	-7.146145	-7.158668	-7.201146	-7.188150	-7.170959	-7.155750	-7.155718	-7.168991	-7.157992	-7.159189	-7.179200	-15.057588	-7.009769
1055.051000	-7.175560	-7.026826	-7.142016	-7.146154	-7.158691	-7.201155	-7.188156	-7.170973	-7.155747	-7.155681	-7.168987	-7.158000	-7.159201	-7.179194	-15.057618	-7.009765
1065.628000	-7.175556	-7.026814	-7.142026	-7.146151	-7.158677	-7.201159	-7.188152	-7.170967	-7.155741	-7.155703	-7.168987	-7.158000	-7.159227	-7.179194	-15.057724	-7.009768
1076.212000	-7.175546	-7.026821	-7.142015	-7.146164	-7.158693	-7.201155	-7.188165	-7.170966	-7.155731	-7.155695	-7.168967	-7.158005	-7.159227	-7.179186	-15.057593	-7.009777
1086.795000	-7.175542	-7.026838	-7.142002	-7.146140	-7.158686	-7.201147	-7.188166	-7.170966	-7.155718	-7.155707	-7.168980	-7.157995	-7.159205	-7.179181	-15.057759	-7.009761
1097.380000	-7.175547	-7.026818	-7.142040	-7.146170	-7.158682	-7.201138	-7.188168	-7.170969	-7.155729	-7.155709	-7.168980	-7.158002	-7.159202	-7.179175	-15.057713	-7.009775
1107.974000	-7.175541	-7.026849	-7.142024	-7.146139	-7.158687	-7.201150	-7.188191	-7.170970	-7.155724	-7.155711	-7.168978	-7.158010	-7.159200	-7.179169	-15.057804	-7.009763
1118.554000	-7.175545	-7.026815	-7.142023	-7.146145	-7.158694	-7.201146	-7.188202	-7.170965	-7.155725	-7.155692	-7.168974	-7.158003	-7.159191	-7.179189	-15.057806	-7.009779
1129.150000	-7.175532	-7.026832	-7.142008	-7.146146	-7.158692	-7.201148	-7.188224	-7.170967	-7.155723	-7.155697	-7.168991	-7.158010	-7.159213	-7.179174	-15.057719	-7.009772
1139.739000	-7.175547	-7.026817	-7.142026	-7.146156	-7.158685	-7.201153	-7.188199	-7.170957	-7.155727	-7.155683	-7.168973	-7.157984	-7.159208	-7.179195	-15.057674	-7.009771
1150.331000	-7.175547	-7.026820	-7.142004	-7.146155	-7.158694	-7.201138	-7.188202	-7.170951	-7.155723	-7.155688	-7.168978	-7.158003	-7.159208	-7.179187	-15.057732	-7.009780
1160.915000	-7.175530	-7.026824	-7.142018	-7.146153	-7.158688	-7.201136	-7.188211	-7.170942	-7.155724	-7.155709	-7.168977	-7.158014	-7.159218	-7.179187	-15.057561	-7.009777
1171.496000	-7.175559	-7.026824	-7.141994	-7.146140	-7.158676	-7.201153	-7.188204	-7.170957	-7.155722	-7.155689	-7.168972	-7.158014	-7.159209	-7.179188	-15.057569	-7.009756
1182.089000	-7.175562	-7.026834	-7.142007	-7.146131	-7.158676	-7.201133	-7.188220	-7.170964	-7.155729	-7.155694	-7.168966	-7.158018	-7.159214	-7.179201	-15.057622	-7.009758
1192.677000	-7.175535	-7.026819	-7.142049	-7.146143	-7.158676	-7.201150	-7.188215	-7.170957	-7.155723	-7.155693	-7.168975	-7.157984	-7.159215	-7.179214	-15.057849	-7.009776
1203.287000	-7.175555	-7.026832	-7.142045	-7.146140	-7.158671	-7.201134	-7.188204	-7.170962	-7.155710	-7.155692	-7.168972	-7.158000	-7.159209	-7.179201	-15.057734	-7.009770
1213.865000	-7.175550	-7.026836	-7.141785	-7.146127	-7.158660	-7.201131	-7.188226	-7.170958	-7.155719	-7.155692	-7.168952	-7.158011	-7.159201	-7.179183	-15.057683	-7.009768
1224.454000	-7.175546	-7.026831	-7.141995	-7.146118	-7.158660	-7.201145	-7.188212	-7.170978	-7.155721	-7.155683	-7.168971	-7.158005	-7.159220	-7.179177	-15.057584	-7.009769
1235.047000	-7.175535	-7.026832	-7.142005	-7.146105	-7.158653	-7.201139	-7.188223	-7.170979	-7.155720	-7.155689	-7.168959	-7.157990	-7.159207	-7.179195	-15.057787	-7.009757
1245.639000	-7.175546	-7.026844	-7.142038	-7.146127	-7.158666	-7.201127	-7.188214	-7.170958	-7.155723	-7.155690	-7.168953	-7.157990	-7.159208	-7.179174	-15.057561	-7.009771
1256.267000	-7.175534	-7.026829	-7.142002	-7.146133	-7.158664	-7.201135	-7.188215	-7.170980	-7.155731	-7.155689	-7.168964	-7.158001	-7.159194	-7.179163	-15.057421	-7.009779
1266.866000	-7.175531	-7.026843	-7.142018	-7.146114	-7.158682	-7.201123	-7.188225	-7.170957	-7.155734	-7.155688	-7.168966	-7.158001	-7.159221	-7.179189	-15.057543	-7.009777
1277.484000	-7.175529	-7.026826	-7.141987	-7.146124	-7.158675	-7.201147	-7.188229	-7.170958	-7.155716	-7.155679	-7.168962	-7.157996	-7.159210	-7.179166	-15.057707	-7.009773
1288.074000	-7.175535	-7.026824	-7.142032	-7.146121	-7.158679	-7.201138	-7.188237	-7.170945	-7.155716	-7.155680	-7.168952	-7.157994	-7.159198	-7.179179	-15.057626	-7.009796
1298.659000	-7.175523	-7.026830	-7.142121	-7.146128	-7.158682	-7.201234	-7.188272	-7.170895	-7.155709	-7.155649	-7.168840	-7.157845	-7.159198	-7.179160	-15.057721	-7.009675
1309.254000	-7.175613	-7.027086	-7.142859	-7.146134	-7.158851	-7.201783	-7.187775	-7.171018	-7.156003	-7.155763	-7.169051	-7.158181	-7.159430	-7.179416	-15.057502	-7.009750
1319.854000	-7.175824	-7.027275	-7.143806	-7.146123	-7.159223	-7.202555	-7.186397	-7.171371	-7.156554	-7.156051	-7.169536	-7.158683	-7.159884	-7.179856	-15.057603	-7.009926
1330.449000	-7.176127	-7.027451	-7.144775	-7.146103	-7.159652	-7.203275	-7.184782	-7.171739	-7.157047	-7.156378	-7.170049	-7.159223	-7.160382	-7.180312	-15.057597	-7.010092
1341.012000	-7.176429	-7.027611	-7.145628	-7.146059	-7.160017	-7.203830	-7.183325	-7.172099	-7.157469	-7.156683	-7.170451	-7.159657	-7.160810	-7.180714	-15.057602	-7.010208
1351.608000	-7.176681	-7.027752	-7.146272	-7.145949	-7.160331	-7.204267	-7.182264	-7.172381	-7.157793	-7.156956	-7.170806	-7.160045	-7.161192	-7.181066	-15.057463	-7.010295
1362.196000	-7.176886	-7.027879	-7.146822	-7.145854	-7.160600	-7.204624	-7.181614	-7.172646	-7.158085	-7.157192	-7.171114	-7.160328	-7.161499	-7.181360	-15.057452	-7.010370
1372.779000	-7.177101	-7.027975	-7.147184	-7.145771	-7.160801	-7.204903	-7.181265	-7.172868	-7.158315	-7.157393	-7.171349	-7.160568	-7.161746	-7.181613	-15.057612	-7.010459
1383.363000	-7.177275	-7.028044	-7.147499	-7.145688	-7.160982	-7.205085	-7.181180	-7.173041	-7.158481	-7.157558	-7.171534	-7.160776	-7.161950	-7.181847	-15.057419	-7.010525
1393.979000	-7.177415	-7.028102	-7.147809	-7.145591	-7.161107	-7.205253	-7.181184	-7.173196	-7.158639	-7.157709	-7.171708	-7.160946	-7.162145	-7.182024	-15.057274	-7.010565
1404.561000	-7.177530	-7.028144	-7.148019	-7.145437	-7.161235	-7.205391	-7.181281	-7.173334	-7.158742	-7.157831	-7.171855	-7.161079	-7.162289	-7.182169	-15.057224	-7.010611
1415.149000	-7.177657	-7.028190	-7.148093	-7.145310	-7.161336	-7.205489	-7.181427	-7.173452	-7.158833	-7.157946	-7.171990	-7.161200	-7.162417	-7.182293	-15.057175	-7.010658
1425.727000	-7.177738	-7.028243	-7.148254	-7.145100	-7.161407	-7.205573	-7.181623	-7.173538	-7.158901	-7.158040	-7.172070	-7.161284	-7.162507	-7.182387	-15.057176	-7.010682
1436.310000	-7.177821	-7.028278	-7.148376	-7.144955	-7.161483	-7.205659	-7.181795	-7.173624	-7.158974	-7.158104	-7.172149	-7.161360	-7.162588	-7.182486	-15.057513	-7.010706
1446.908000	-7.177881	-7.028302	-7.148432	-7.144806	-7.161526	-7.205704	-7.181966	-7.173672	-7.159031	-7.158157	-7.172210	-7.161412	-7.162646	-7.182549	-15.057446	-7.010718
1457.496000	-7.177939	-7.028322	-7.148532	-7.144659	-7.161580	-7.205742	-7.182139	-7.173744	-7.159080	-7.158233	-7.172273	-7.161447	-7.162716	-7.182600	-15.057297	-7.010740
1468.097000	-7.177979	-7.028325	-7.148549	-7.144534	-7.161600	-7.205793	-7.182284	-7.173777	-7.159099	-7.158272	-7.172310	-7.161488	-7.162757	-7.182615	-15.057398	-7.010749
1478.690000	-7.178004	-7.028351	-7.148683	-7.144389	-7.161611	-7.205817	-7.182430	-7.173829	-7.159138	-7.158336	-7.172358	-7.161531	-7.162803	-7.182679	-15.057554	-7.010750
1489.261000	-7.178050	-7.028370	-7.148646	-7.144255	-7.161654	-7.205836	-7.182536	-7.173855	-7.159146	-7.158361	-7.172395	-7.161551	-7.162832	-7.182706	-15.057353	-7.010760
1499.845000	-7.178084	-7.028368	-7.148774	-7.144089	-7.161669	-7.205869	-7.182642	-7.173867	-7.159173	-7.158388	-7.172456	-7.161567	-7.162852	-7.182727	-15.057236	-7.010762
1510.431000	-7.178100	-7.028392	-7.148787	-7.143917	-7.161674	-7.205879	-7.182740	-7.173893	-7.159192	-7.158421	-7.172517	-7.161586	-7.162918	-7.182760	-15.057308	-7.010759
1521.007000	-7.178137	-7.028395	-7.148807	-7.143735	-7.161691	-7.205916	-7.182809	-7.173929	-7.159185	-7.158450	-7.172543	-7.161615	-7.162911	-7.182786	-15.057254	-7.010773
1531.580000	-7.178147	-7.028415	-7.148816	-7.143537	-7.161706	-7.205914	-7.182872	-7.173955	-7.159210	-7.158460	-7.172574	-7.161626	-7.162918	-7.182789	-15.057127	-7.010781
1542.151000	-7.178185	-7.028404	-7.148757	-7.143391	-7.161736	-7.205944	-7.182934	-7.173968	-7.159218	-7.158497	-7.172619	-7.161648	-7.162932	-7.182821	-15.057210	-7.010778
1552.732000	-7.178198	-7.028418	-7.148878	-7.143235	-7.161736	-7.205960	-7.182993	-7.174000	-7.159227	-7.158525	-7.172651	-7.161663	-7.162963	-7.182830	-15.057153	-7.010771
1563.344000	-7.178208	-7.028415	-7.148872	-7.143108	-7.161763	-7.205980	-7.183021	-7.174052	-7.159250	-7.158539	-7.172686	-7.161689	-7.162993	-7.182839	-15.057226	-7.010789
1573.927000	-7.178214	-7.028438	-7.148888	-7.142866	-7.161745	-7.205990	-7.183082	-7.174064	-7.159259	-7.158557	-7.172716	-7.161701	-7.163002	-7.182855	-15.057228	-7.010755
1584.524000	-7.178237	-7.028428	-7.148922	-7.142726	-7.161765	-7.206008	-7.183117	-7.174092	-7.159272	-7.158572	-7.172754	-7.161715	-7.163018	-7.182895	-15.057014	-7.010776
1595.100000	-7.178243	-7.028417	-7.148904	-7.142420	-7.161778	-7.206035	-7.183146	-7.174107	-7.159256	-7.158588	-7.172777	-7.161705	-7.163054	-7.182889	-15.057197	-7.010775
1605.688000	-7.178265	-7.028431	-7.148962	-7.141962	-7.161797	-7.206033	-7.183165	-7.174128	-7.159286	-7.158597	-7.172794	-7.161720	-7.163053	-7.182901	-15.057294	-7.010767
1616.261000	-7.178285	-7.028436	-7.148932	-7.141572	-7.161808	-7.206046	-7.183194	-7.174169	-7.159290	-7.158631	-7.172828	-7.161734	-7.163070	-7.182891	-15.057179	-7.010758
1626.844000	-7.178299	-7.028435	-7.148967	-7.141127	-7.161797	-7.206044	-7.183233	-7.174172	-7.159289	-7.158654	-7.172840	-7.161741	-7.163074	-7.182917	-15.057211	-7.010747
1637.435000	-7.178318	-7.028425	-7.148913	-7.140792	-7.161806	-7.206047	-7.183258	-7.174201	-7.159304	-7.158668	-7.172868	-7.161748	-7.163100	-7.182917	-15.057193	-7.010758
1648.042000	-7.178318	-7.028422	-7.149004	-7.140346	-7.161819	-7.206077	-7.183267	-7.174220	-7.159318	-7.158656	-7.172890	-7.161753	-7.163106	-7.182925	-15.056934	-7.010766
1658.626000	-7.178332	-7.028430	-7.148983	-7.139939	-7.161823	-7.206090	-7.183293	-7.174234	-7.159325	-7.158684	-7.172907	-7.161763	-7.163112	-7.182930	-15.057268	-7.010751
1669.215000	-7.178353	-7.028419	-7.149072	-7.139538	-7.161834	-7.206090	-7.183298	-7.174251	-7.159341	-7.158690	-7.172930	-7.161775	-7.163115	-7.182950	-15.057166	-7.010751
1679.801000	-7.178360	-7.028423	-7.149035	-7.139132	-7.161829	-7.206094	-7.183315	-7.174249	-7.159337	-7.158702	-7.172932	-7.161782	-7.163132	-7.182931	-15.057151	-7.010739
1690.374000	-7.178382	-7.028432	-7.149038	-7.138769	-7.161845	-7.206117	-7.183331	-7.174270	-7.159334	-7.158718	-7.172959	-7.161780	-7.163145	-7.182956	-15.057227	-7.010736
1700.967000	-7.178378	-7.028465	-7.149024	-7.138316	-7.161853	-7.206120	-7.183355	-7.174284	-7.159359	-7.158729	-7.172967	-7.161790	-7.163142	-7.182965	-15.057126	-7.010743
1711.562000	-7.178401	-7.028429	-7.149049	-7.137943	-7.161853	-7.206131	-7.183355	-7.174295	-7.159370	-7.158737	-7.172982	-7.161806	-7.163151	-7.182966	-15.057233	-7.010745
1722.160000	-7.178407	-7.028434	-7.149090	-7.137855	-7.161857	-7.206137	-7.183385	-7.174318	-7.159373	-7.158737	-7.172991	-7.161799	-7.163168	-7.182973	-15.057217	-7.010745
1732.756000	-7.178447	-7.028443	-7.149070	-7.137386	-7.161865	-7.206148	-7.183370	-7.174310	-7.159370	-7.158742	-7.173008	-7.161802	-7.163189	-7.182987	-15.057255	-7.010745
1743.354000	-7.178426	-7.028435	-7.149092	-7.137092	-7.161877	-7.206152	-7.183396	-7.174339	-7.159380	-7.158747	-7.173022	-7.161817	-7.163188	-7.183001	-15.057063	-7.010734
1753.954000	-7.178460	-7.028436	-7.149100	-7.136684	-7.161882	-7.206167	-7.183406	-7.174333	-7.159380	-7.158762	-7.173024	-7.161810	-7.163199	-7.183012	-15.057123	-7.010727
1764.531000	-7.178474	-7.028429	-7.149119	-7.136448	-7.161887	-7.206159	-7.183411	-7.174351	-7.159376	-7.158773	-7.173040	-7.161820	-7.163198	-7.183016	-15.057226	-7.010738
1775.105000	-7.178512	-7.028436	-7.149176	-7.136210	-7.161892	-7.206157	-7.183408	-7.174345	-7.159369	-7.158777	-7.173031	-7.161820	-7.163197	-7.183005	-15.057061	-7.010732
1785.716000	-7.178530	-7.028442	-7.149105	-7.135788	-7.161900	-7.206170	-7.183423	-7.174352	-7.159389	-7.158804	-7.173080	-7.161827	-7.163188	-7.183033	-15.057358	-7.010716
1796.298000	-7.178518	-7.028444	-7.149138	-7.135553	-7.161907	-7.206176	-7.183427	-7.174349	-7.159398	-7.158794	-7.173057	-7.161848	-7.163193	-7.183032	-15.057243	-7.010732
1806.872000	-7.178542	-7.028447	-7.149184	-7.135218	-7.161922	-7.206179	-7.183425	-7.174369	-7.159393	-7.158790	-7.173067	-7.161834	-7.163221	-7.183030	-15.057034	-7.010729
1817.452000	-7.178556	-7.028444	-7.149141	-7.134992	-7.161929	-7.206196	-7.183448	-7.174385	-7.159401	-7.158799	-7.173071	-7.161853	-7.163213	-7.183039	-15.056920	-7.010728
1828.038000	-7.178558	-7.028449	-7.149215	-7.134785	-7.161926	-7.206196	-7.183457	-7.174393	-7.159391	-7.158816	-7.173085	-7.161851	-7.163207	-7.183053	-15.057057	-7.010713
1838.634000	-7.178568	-7.028454	-7.149197	-7.134506	-7.161926	-7.206206	-7.183468	-7.174397	-7.159394	-7.158816	-7.173079	-7.161849	-7.163218	-7.183046	-15.057051	-7.010726
1849.221000	-7.178572	-7.028462	-7.149189	-7.134301	-7.161922	-7.206214	-7.183477	-7.174405	-7.159404	-7.158814	-7.173111	-7.161861	-7.163212	-7.183057	-15.057265	-7.010718
1859.799000	-7.178583	-7.028454	-7.149271	-7.133959	-7.161934	-7.206219	-7.183483	-7.174417	-7.159412	-7.158816	-7.173114	-7.161868	-7.163209	-7.183072	-15.056909	-7.010724
1870.377000	-7.178597	-7.028451	-7.149234	-7.133810	-7.161927	-7.206221	-7.183481	-7.174430	-7.159410	-7.158843	-7.173116	-7.161860	-7.163228	-7.183066	-15.057202	-7.010733
1880.970000	-7.178599	-7.028459	-7.149193	-7.133522	-7.161928	-7.206243	-7.183484	-7.174430	-7.159405	-7.158823	-7.173118	-7.161877	-7.163225	-7.183075	-15.057032	-7.010737
1891.559000	-7.178607	-7.028459	-7.149169	-7.133086	-7.161927	-7.206232	-7.183494	-7.174438	-7.159417	-7.158826	-7.173125	-7.161881	-7.163231	-7.183073	-15.057211	-7.010719
1902.133000	-7.178604	-7.028468	-7.149222	-7.132901	-7.161938	-7.206242	-7.183490	-7.174437	-7.159402	-7.158828	-7.173116	-7.161894	-7.163251	-7.183087	-15.057322	-7.010711
1912.726000	-7.178603	-7.028469	-7.149204	-7.132511	-7.161931	-7.206229	-7.183493	-7.174449	-7.159420	-7.158837	-7.173141	-7.161902	-7.163241	-7.183092	-15.057195	-7.010730
1923.324000	-7.178635	-7.028458	-7.149238	-7.132184	-7.161944	-7.206235	-7.183505	-7.174439	-7.159437	-7.158865	-7.173148	-7.161905	-7.163252	-7.183080	-15.057072	-7.010720
1933.924000	-7.178629	-7.028461	-7.149256	-7.132087	-7.161943	-7.206259	-7.183491	-7.174452	-7.159432	-7.158872	-7.173149	-7.161896	-7.163242	-7.183098	-15.057026	-7.010711
1944.506000	-7.178646	-7.028471	-7.149253	-7.132011	-7.161961	-7.206252	-7.183498	-7.174463	-7.159423	-7.158870	-7.173163	-7.161905	-7.163241	-7.183101	-15.056962	-7.010709
1955.118000	-7.178652	-7.028451	-7.149226	-7.131650	-7.161962	-7.206269	-7.183502	-7.174462	-7.159438	-7.158888	-7.173181	-7.161919	-7.163252	-7.183095	-15.057353	-7.010708
1965.736000	-7.178672	-7.028482	-7.149199	-7.131429	-7.161967	-7.206252	-7.183504	-7.174471	-7.159444	-7.158883	-7.173156	-7.161911	-7.163244	-7.183116	-15.057325	-7.010699
1976.338000	-7.178687	-7.028470	-7.149231	-7.131218	-7.161964	-7.206257	-7.183511	-7.174472	-7.159432	-7.158882	-7.173190	-7.161911	-7.163249	-7.183102	-15.057131	-7.010703
1986.930000	-7.178678	-7.028472	-7.149263	-7.131159	-7.161970	-7.206267	-7.183513	-7.174486	-7.159438	-7.158871	-7.173184	-7.161908	-7.163274	-7.183109	-15.057279	-7.010701
1997.529000	-7.178674	-7.028477	-7.149279	-7.131161	-7.161975	-7.206280	-7.183518	-7.174495	-7.159434	-7.158869	-7.173187	-7.161906	-7.163257	-7.183110	-15.057103	-7.010716
2008.151000	-7.178693	-7.028462	-7.149319	-7.130845	-7.161969	-7.206290	-7.183530	-7.174485	-7.159445	-7.158886	-7.173204	-7.161913	-7.163274	-7.183118	-15.057312	-7.010693
2018.718000	-7.178693	-7.028480	-7.149359	-7.130563	-7.161963	-7.206292	-7.183531	-7.174490	-7.159453	-7.158883	-7.173200	-7.161922	-7.163272	-7.183120	-15.057044	-7.010718
2029.327000	-7.178684	-7.028486	-7.149313	-7.130497	-7.161968	-7.206284	-7.183545	-7.174490	-7.159446	-7.158895	-7.173202	-7.161920	-7.163268	-7.183138	-15.057115	-7.010706
2039.903000	-7.178694	-7.028476	-7.149313	-7.130419	-7.161978	-7.206291	-7.183534	-7.174500	-7.159461	-7.158915	-7.173202	-7.161910	-7.163279	-7.183134	-15.057249	-7.010709
2050.496000	-7.178697	-7.028478	-7.149335	-7.129980	-7.161964	-7.206281	-7.183544	-7.174485	-7.159479	-7.158902	-7.173204	-7.161917	-7.163267	-7.183148	-15.057324	-7.010697
2061.098000	-7.178712	-7.028484	-7.149299	-7.129957	-7.161965	-7.206288	-7.183556	-7.174505	-7.159470	-7.158921	-7.173213	-7.161918	-7.163268	-7.183143	-15.056951	-7.010705
2071.689000	-7.178731	-7.028473	-7.149299	-7.129778	-7.161946	-7.206304	-7.183536	-7.174515	-7.159465	-7.158899	-7.173210	-7.161927	-7.163273	-7.183132	-15.057051	-7.010692
2082.301000	-7.178725	-7.028474	-7.149283	-7.129634	-7.161952	-7.206317	-7.183541	-7.174523	-7.159467	-7.158926	-7.173218	-7.161938	-7.163264	-7.183130	-15.056964	-7.010700
2092.882000	-7.178724	-7.028467	-7.149372	-7.129568	-7.161981	-7.206320	-7.183553	-7.174520	-7.159453	-7.158901	-7.173226	-7.161921	-7.163283	-7.183143	-15.057031	-7.010681
2103.450000	-7.178724	-7.028464	-7.149359	-7.129413	-7.161981	-7.206315	-7.183545	-7.174529	-7.159456	-7.158929	-7.173238	-7.161925	-7.163288	-7.183139	-15.057033	-7.010679
2114.021000	-7.178740	-7.028474	-7.149325	-7.129100	-7.161996	-7.206332	-7.183569	-7.174533	-7.159443	-7.158930	-7.173226	-7.161944	-7.163274	-7.183154	-15.057288	-7.010678
2124.605000	-7.178744	-7.028479	-7.149359	-7.128907	-7.161985	-7.206339	-7.183558	-7.174538	-7.159462	-7.158923	-7.173234	-7.161949	-7.163274	-7.183148	-15.056996	-7.010672
2135.204000	-7.178745	-7.028469	-7.149308	-7.128705	-7.162004	-7.206341	-7.183570	-7.174536	-7.159465	-7.158922	-7.173252	-7.161932	-7.163296	-7.183173	-15.057013	-7.010662
2145.782000	-7.178749	-7.028473	-7.149259	-7.128615	-7.161991	-7.206355	-7.183589	-7.174551	-7.159460	-7.158943	-7.173245	-7.161951	-7.163285	-7.183176	-15.057019	-7.010658
2156.364000	-7.178754	-7.028478	-7.149338	-7.128449	-7.162007	-7.206352	-7.183579	-7.174544	-7.159457	-7.158938	-7.173268	-7.161948	-7.163302	-7.183160	-15.057119	-7.010659
2166.951000	-7.178758	-7.028470	-7.149364	-7.128046	-7.162006	-7.206353	-7.183575	-7.174534	-7.159465	-7.158921	-7.173268	-7.161933	-7.163297	-7.183166	-15.057030	-7.010662
2177.540000	-7.178755	-7.028496	-7.149337	-7.127739	-7.162006	-7.206343	-7.183589	-7.174547	-7.159459	-7.158943	-7.173273	-7.161959	-7.163301	-7.183160	-15.056979	-7.010679
2188.130000	-7.178771	-7.028480	-7.149407	-7.127371	-7.162000	-7.206353	-7.183577	-7.174553	-7.159472	-7.158940	-7.173287	-7.161973	-7.163308	-7.183156	-15.057064	-7.010682
2198.700000	-7.178766	-7.028464	-7.149345	-7.127246	-7.162004	-7.206333	-7.183580	-7.174567	-7.159490	-7.158954	-7.173306	-7.162013	-7.163301	-7.183195	-15.057262	-7.010695
2209.271000	-7.178737	-7.028408	-7.148987	-7.128846	-7.161972	-7.206113	-7.183501	-7.174531	-7.159401	-7.158927	-7.173236	-7.161918	-7.163287	-7.183121	-15.057246	-7.010762
2219.863000	-7.178608	-7.028369	-7.148598	-7.134305	-7.161864	-7.205757	-7.183327	-7.174326	-7.159180	-7.158758	-7.172989	-7.161688	-7.163169	-7.182961	-15.057194	-7.010738
2230.436000	-7.178352	-7.028284	-7.148164	-7.140502	-7.161665	-7.205409	-7.183095	-7.174000	-7.158983	-7.158522	-7.172608	-7.161457	-7.163016	-7.182727	-15.057174	-7.010698
2241.017000	-7.178155	-7.028223	-7.147771	-7.143506	-7.161478	-7.205139	-7.182811	-7.173755	-7.158771	-7.158333	-7.172219	-7.161262	-7.162763	-7.182544	-15.057235	-7.010638
2251.611000	-7.177998	-7.028143	-7.147504	-7.144073	-7.161313	-7.204928	-7.182550	-7.173580	-7.158617	-7.158172	-7.171957	-7.161092	-7.162569	-7.182350	-15.057316	-7.010597
2262.221000	-7.177877	-7.028082	-7.147235	-7.144354	-7.161176	-7.204788	-7.182290	-7.173434	-7.158462	-7.158043	-7.171786	-7.160932	-7.162403	-7.182198	-15.057372	-7.010535
2272.786000	-7.177768	-7.028045	-7.147075	-7.144557	-7.161078	-7.204670	-7.182059	-7.173323	-7.158373	-7.157937	-7.171664	-7.160813	-7.162258	-7.182086	-15.057320	-7.010524
2283.370000	-7.177700	-7.028000	-7.146986	-7.144655	-7.160994	-7.204567	-7.181853	-7.173238	-7.158294	-7.157859	-7.171549	-7.160736	-7.162152	-7.181955	-15.057545	-7.010489
2293.956000	-7.177630	-7.027985	-7.146843	-7.144781	-7.160945	-7.204513	-7.181711	-7.173148	-7.158243	-7.157768	-7.171483	-7.160663	-7.162064	-7.181885	-15.057365	-7.010470
2304.527000	-7.177588	-7.027956	-7.146788	-7.144815	-7.160890	-7.204458	-7.181561	-7.173096	-7.158194	-7.157716	-7.171421	-7.160620	-7.161994	-7.181827	-15.057298	-7.010459
2315.144000	-7.177521	-7.027937	-7.146758	-7.144855	-7.160846	-7.204432	-7.181465	-7.173074	-7.158146	-7.157683	-7.171370	-7.160566	-7.161937	-7.181761	-15.057530	-7.010442
2325.729000	-7.177488	-7.027927	-7.146477	-7.144957	-7.160810	-7.204395	-7.181381	-7.173022	-7.158130	-7.157649	-7.171350	-7.160525	-7.161901	-7.181724	-15.057371	-7.010435
2336.309000	-7.177463	-7.027927	-7.146657	-7.144983	-7.160782	-7.204356	-7.181312	-7.173001	-7.158102	-7.157620	-7.171322	-7.160503	-7.161855	-7.181686	-15.057512	-7.010430
2346.905000	-7.177454	-7.027900	-7.146625	-7.145023	-7.160758	-7.204360	-7.181257	-7.172971	-7.158086	-7.157607	-7.171290	-7.160481	-7.161828	-7.181647	-15.057431	-7.010429
2357.493000	-7.177411	-7.027895	-7.146641	-7.145064	-7.160739	-7.204334	-7.181221	-7.172957	-7.158074	-7.157562	-7.171266	-7.160462	-7.161783	-7.181634	-15.057390	-7.010424
2368.104000	-7.177405	-7.027882	-7.146598	-7.145087	-7.160735	-7.204326	-7.181185	-7.172939	-7.158046	-7.157547	-7.171245	-7.160445	-7.161772	-7.181611	-15.057492	-7.010419
2378.700000	-7.177397	-7.027881	-7.146595	-7.145058	-7.160715	-7.204300	-7.181158	-7.172915	-7.158052	-7.157522	-7.171231	-7.160440	-7.161755	-7.181597	-15.057431	-7.010404
2389.289000	-7.177391	-7.027873	-7.146539	-7.145117	-7.160707	-7.204295	-7.181127	-7.172918	-7.158043	-7.157534	-7.171222	-7.160424	-7.161755	-7.181570	-15.057436	-7.010416
2399.866000	-7.177360	-7.027867	-7.146567	-7.145105	-7.160683	-7.204283	-7.181137	-7.172900	-7.158026	-7.157503	-7.171211	-7.160413	-7.161725	-7.181561	-15.057430	-7.010409
2410.457000	-7.177359	-7.027878	-7.146545	-7.145148	-7.160689	-7.204268	-7.181120	-7.172898	-7.158029	-7.157504	-7.171200	-7.160410	-7.161723	-7.181551	-15.057520	-7.010398
2421.055000	-7.177344	-7.027884	-7.146502	-7.145115	-7.160680	-7.204267	-7.181122	-7.172892	-7.158026	-7.157506	-7.171195	-7.160385	-7.161715	-7.181546	-15.057505	-7.010390
2431.640000	-7.177349	-7.027874	-7.146536	-7.145165	-7.160672	-7.204262	-7.181091	-7.172881	-7.158007	-7.157495	-7.171180	-7.160384	-7.161708	-7.181539	-15.057385	-7.010394
2442.225000	-7.177359	-7.027869	-7.146501	-7.145127	-7.160683	-7.204270	-7.181089	-7.172871	-7.157996	-7.157478	-7.171183	-7.160381	-7.161688	-7.181534	-15.057278	-7.010406
2452.827000	-7.177335	-7.027866	-7.146470	-7.145137	-7.160676	-7.204268	-7.181090	-7.172883	-7.158001	-7.157484	-7.171200	-7.160375	-7.161678	-7.181545	-15.057439	-7.010388
2463.401000	-7.177334	-7.027876	-7.146473	-7.145146	-7.160669	-7.204255	-7.181072	-7.172873	-7.157982	-7.157491	-7.171183	-7.160367	-7.161681	-7.181526	-15.057422	-7.010405
2473.980000	-7.177323	-7.027861	-7.146483	-7.145198	-7.160670	-7.204260	-7.181075	-7.172867	-7.157979	-7.157478	-7.171180	-7.160368	-7.161671	-7.181519	-15.057487	-7.010401
2484.587000	-7.177317	-7.027842	-7.146423	-7.145197	-7.160646	-7.204243	-7.181073	-7.172863	-7.157992	-7.157484	-7.171190	-7.160370	-7.161675	-7.181541	-15.057356	-7.010393
2495.153000	-7.177325	-7.027852	-7.146385	-7.145185	-7.160657	-7.204231	-7.181077	-7.172861	-7.157970	-7.157478	-7.171175	-7.160356	-7.161679	-7.181516	-15.057471	-7.010411
2505.743000	-7.177318	-7.027855	-7.146426	-7.145189	-7.160671	-7.204241	-7.181061	-7.172862	-7.157986	-7.157479	-7.171164	-7.160355	-7.161670	-7.181516	-15.057537	-7.010405
2516.329000	-7.177308	-7.027854	-7.146424	-7.145178	-7.160658	-7.204229	-7.181054	-7.172863	-7.157964	-7.157495	-7.171172	-7.160343	-7.161665	-7.181518	-15.057436	-7.010390
2526.889000	-7.177305	-7.027850	-7.146373	-7.145170	-7.160663	-7.204237	-7.181057	-7.172858	-7.157979	-7.157473	-7.171163	-7.160347	-7.161663	-7.181532	-15.057246	-7.010387
2537.459000	-7.177321	-7.027858	-7.146402	-7.145122	-7.160661	-7.204221	-7.181050	-7.172864	-7.157960	-7.157470	-7.171179	-7.160346	-7.161655	-7.181516	-15.057350	-7.010386
2548.048000	-7.177307	-7.027858	-7.146446	-7.145186	-7.160664	-7.204212	-7.181072	-7.172847	-7.157980	-7.157463	-7.171152	-7.160330	-7.161653	-7.181495	-15.057428	-7.010385
2558.631000	-7.177305	-7.027844	-7.146442	-7.145208	-7.160656	-7.204237	-7.181058	-7.172841	-7.157955	-7.157456	-7.171163	-7.160351	-7.161657	-7.181506	-15.057350	-7.010393
2569.207000	-7.177323	-7.027842	-7.146356	-7.145187	-7.160647	-7.204223	-7.181058	-7.172841	-7.157978	-7.157461	-7.171162	-7.160341	-7.161660	-7.181514	-15.057414	-7.010382
2579.789000	-7.177321	-7.027829	-7.146414	-7.145171	-7.160670	-7.204230	-7.181053	-7.172851	-7.157967	-7.157473	-7.171170	-7.160347	-7.161646	-7.181518	-15.057333	-7.010396
2590.370000	-7.177307	-7.027841	-7.146405	-7.145149	-7.160654	-7.204207	-7.181053	-7.172843	-7.157963	-7.157474	-7.171154	-7.160332	-7.161641	-7.181516	-15.057416	-7.010392
2600.943000	-7.177312	-7.027855	-7.146430	-7.145191	-7.160651	-7.204226	-7.181064	-7.172830	-7.157960	-7.157480	-7.171156	-7.160345	-7.161634	-7.181503	-15.057499	-7.010394
2611.521000	-7.177324	-7.027842	-7.146472	-7.145206	-7.160652	-7.204223	-7.181051	-7.172839	-7.157956	-7.157482	-7.171152	-7.160348	-7.161628	-7.181511	-15.057699	-7.010382
2622.096000	-7.177299	-7.027815	-7.146401	-7.145234	-7.160643	-7.204238	-7.181070	-7.172836	-7.157963	-7.157458	-7.171161	-7.160345	-7.161653	-7.181500	-15.057755	-7.010383
2632.691000	-7.177298	-7.027856	-7.146430	-7.145246	-7.160649	-7.204222	-7.181049	-7.172832	-7.157969	-7.157480	-7.171150	-7.160327	-7.161625	-7.181500	-15.057737	-7.010380
2643.276000	-7.177308	-7.027832	-7.146380	-7.145219	-7.160646	-7.204222	-7.181052	-7.172829	-7.157947	-7.157481	-7.171149	-7.160326	-7.161625	-7.181500	-15.057684	-7.010397
2653.847000	-7.177302	-7.027841	-7.146428	-7.145241	-7.160633	-7.204216	-7.181059	-7.172827	-7.157942	-7.157467	-7.171154	-7.160330	-7.161629	-7.181519	-15.057799	-7.010388
2664.435000	-7.177300	-7.027847	-7.146345	-7.145241	-7.160643	-7.204232	-7.181044	-7.172842	-7.157939	-7.157467	-7.171145	-7.160334	-7.161612	-7.181507	-15.057513	-7.010391
2675.018000	-7.177300	-7.027831	-7.146441	-7.145250	-7.160639	-7.204227	-7.181040	-7.172830	-7.157947	-7.157457	-7.171143	-7.160331	-7.161631	-7.181522	-15.057649	-7.010393
2685.608000	-7.177293	-7.027838	-7.146431	-7.145206	-7.160654	-7.204219	-7.181041	-7.172816	-7.157962	-7.157460	-7.171133	-7.160329	-7.161629	-7.181494	-15.057639	-7.010389
2696.195000	-7.177291	-7.027837	-7.146376	-7.145222	-7.160657	-7.204223	-7.181047	-7.172823	-7.157968	-7.157462	-7.171125	-7.160318	-7.161618	-7.181492	-15.057498	-7.010385
2706.779000	-7.177294	-7.027846	-7.146371	-7.145190	-7.160633	-7.204221	-7.181039	-7.172817	-7.157960	-7.157474	-7.171134	-7.160335	-7.161617	-7.181495	-15.057585	-7.010377
2717.386000	-7.177295	-7.027822	-7.146415	-7.145173	-7.160636	-7.204210	-7.181043	-7.172833	-7.157957	-7.157457	-7.171130	-7.160312	-7.161620	-7.181489	-15.057461	-7.010381
2727.974000	-7.177305	-7.027814	-7.146407	-7.145182	-7.160637	-7.204208	-7.181053	-7.172840	-7.157943	-7.157468	-7.171145	-7.160326	-7.161608	-7.181499	-15.057303	-7.010381
2738.575000	-7.177293	-7.027826	-7.146399	-7.145176	-7.160650	-7.204208	-7.181052	-7.172842	-7.157949	-7.157446	-7.171137	-7.160337	-7.161610	-7.181502	-15.057371	-7.010376
2749.155000	-7.177297	-7.027837	-7.146346	-7.145220	-7.160649	-7.204196	-7.181055	-7.172838	-7.157931	-7.157470	-7.171135	-7.160331	-7.161610	-7.181499	-15.057310	-7.010394
2759.741000	-7.177289	-7.027825	-7.146374	-7.145190	-7.160635	-7.204199	-7.181036	-7.172833	-7.157949	-7.157458	-7.171130	-7.160334	-7.161612	-7.181490	-15.057432	-7.010391
2770.323000	-7.177300	-7.027826	-7.146394	-7.145167	-7.160645	-7.204192	-7.181050	-7.172835	-7.157957	-7.157466	-7.171130	-7.160308	-7.161611	-7.181486	-15.057330	-7.010394
2780.910000	-7.177294	-7.027819	-7.146404	-7.145171	-7.160668	-7.204200	-7.181062	-7.172821	-7.157958	-7.157467	-7.171145	-7.160323	-7.161618	-7.181475	-15.057449	-7.010396
2791.490000	-7.177295	-7.027818	-7.146395	-7.145162	-7.160647	-7.204201	-7.181055	-7.172824	-7.157945	-7.157469	-7.171142	-7.160319	-7.161614	-7.181473	-15.057348	-7.010398
2802.089000	-7.177288	-7.027813	-7.146351	-7.145169	-7.160648	-7.204187	-7.181048	-7.172835	-7.157935	-7.157461	-7.171124	-7.160321	-7.161605	-7.181473	-15.057364	-7.010393
	-7.177286	-7.027835	-7.146370	-7.145142	-7.160662	-7.204195										
