0.185000	-7.013451	-7.000341	-6.286298	-6.989644	-6.286098	-6.289378	-6.282633	-6.305881	-6.313969	-6.311349	-6.995577	-6.286755	-6.288805	-6.280851	NaN	-6.995650
20.365000	-7.013564	-7.001096	-6.286370	-6.990417	-6.286218	-6.289658	-6.282916	-6.305914	-6.314132	-6.311647	-6.995428	-6.286733	-6.288424	-6.280866	NaN	-6.995508
40.545000	-7.013687	-7.000929	-6.286298	-6.989808	-6.285826	-6.289836	-6.282894	-6.306099	-6.313631	-6.311095	-6.995247	-6.286784	-6.288537	-6.280713	NaN	-6.995998
60.725000	-7.013466	-7.000896	-6.286073	-6.990189	-6.286120	-6.289458	-6.282600	-6.305877	-6.313816	-6.311374	-6.995298	-6.286243	-6.288772	-6.280913	NaN	-6.995820
80.905000	-7.013408	-7.000857	-6.286490	-6.990232	-6.285880	-6.289513	-6.282894	-6.305794	-6.313827	-6.311327	-6.995653	-6.286421	-6.288518	-6.280927	NaN	-6.995831
101.085000	-7.013451	-7.000791	-6.286116	-6.990163	-6.286145	-6.289578	-6.282542	-6.305776	-6.313835	-6.311374	-6.995443	-6.286399	-6.288899	-6.280880	NaN	-6.995824
121.265000	-7.013607	-7.001034	-6.285920	-6.990218	-6.285724	-6.289364	-6.282259	-6.305950	-6.313991	-6.311639	-6.995573	-6.286566	-6.288685	-6.280561	NaN	-6.995548
141.445000	-7.013527	-7.001063	-6.286229	-6.990036	-6.286055	-6.289306	-6.282535	-6.305442	-6.313914	-6.311139	-6.995584	-6.286682	-6.288794	-6.281058	NaN	-6.995813
161.625000	-7.013491	-7.000646	-6.286189	-6.990007	-6.286178	-6.289364	-6.282477	-6.305787	-6.313936	-6.311331	-6.995700	-6.286388	-6.288867	-6.280902	NaN	-6.995588
181.805000	-7.013673	-7.000566	-6.286098	-6.989971	-6.285942	-6.289585	-6.282582	-6.305834	-6.313878	-6.311400	-6.995617	-6.286378	-6.288892	-6.280804	NaN	-6.995523
201.985000	-7.013752	-7.000842	-6.286218	-6.990054	-6.286214	-6.289262	-6.282575	-6.306062	-6.313947	-6.311142	-6.995686	-6.286243	-6.288783	-6.280753	NaN	-6.995646
222.165000	-7.013564	-7.000635	-6.286225	-6.989967	-6.286116	-6.289433	-6.282549	-6.305797	-6.313922	-6.311320	-6.995646	-6.286363	-6.288754	-6.280902	NaN	-6.995450
242.345000	-7.013516	-7.000457	-6.286004	-6.989742	-6.285837	-6.289665	-6.282894	-6.306255	-6.313472	-6.311578	-6.995570	-6.286559	-6.289015	-6.281025	NaN	-6.995711
262.525000	-7.013226	-7.001034	-6.286138	-6.990178	-6.286091	-6.289542	-6.282593	-6.305783	-6.313914	-6.311374	-6.995396	-6.286349	-6.288678	-6.280837	NaN	-6.995755
282.705000	-7.013371	-7.000864	-6.286265	-6.990152	-6.286029	-6.289349	-6.282433	-6.305696	-6.313715	-6.311211	-6.995309	-6.286381	-6.288664	-6.280830	NaN	-6.995991
302.885000	-7.013723	-7.000508	-6.286167	-6.990421	-6.285975	-6.289182	-6.282785	-6.305816	-6.314165	-6.311313	-6.995512	-6.286675	-6.288834	-6.280652	NaN	-6.995207
323.065000	-7.013879	-7.000860	-6.286251	-6.990015	-6.286283	-6.289433	-6.282357	-6.305765	-6.314132	-6.311396	-6.995860	-6.286225	-6.288522	-6.280673	NaN	-6.995737
343.245000	-7.013437	-7.001190	-6.286200	-6.990178	-6.285692	-6.289665	-6.282854	-6.305616	-6.313584	-6.310968	-6.995316	-6.286457	-6.288537	-6.281127	NaN	-6.996031
363.425000	-7.013582	-7.000802	-6.285848	-6.990131	-6.286294	-6.289469	-6.282415	-6.305841	-6.313929	-6.311331	-6.995232	-6.286367	-6.288584	-6.280909	NaN	-6.995784
383.605000	-7.013556	-7.000911	-6.285968	-6.990192	-6.285989	-6.289433	-6.282357	-6.305787	-6.313682	-6.311280	-6.995203	-6.286421	-6.288674	-6.280880	NaN	-6.995893
403.785000	-7.013350	-7.000965	-6.286149	-6.990185	-6.285960	-6.289465	-6.282637	-6.305823	-6.313972	-6.311306	-6.995515	-6.286345	-6.288816	-6.280891	NaN	-6.995846
423.965000	-7.013313	-7.000976	-6.286153	-6.990189	-6.286098	-6.289509	-6.282473	-6.305830	-6.313958	-6.311353	-6.995439	-6.286381	-6.288761	-6.280848	NaN	-6.995780
444.145000	-7.013658	-7.000356	-6.286051	-6.989692	-6.286421	-6.289037	-6.282553	-6.306109	-6.314132	-6.310903	-6.995250	-6.286396	-6.288544	-6.280419	NaN	-6.995987
464.325000	-7.013549	-7.000701	-6.286254	-6.989895	-6.286055	-6.289393	-6.282571	-6.305739	-6.313864	-6.311233	-6.995664	-6.286530	-6.288609	-6.280862	NaN	-6.995584
484.505000	-7.013567	-7.000443	-6.286345	-6.990094	-6.286069	-6.289658	-6.282404	-6.305957	-6.313936	-6.311179	-6.995682	-6.286657	-6.288740	-6.280855	NaN	-6.995635
504.685000	-7.013705	-7.001060	-6.285924	-6.990069	-6.286069	-6.289012	-6.282520	-6.305939	-6.313813	-6.310834	-6.995740	-6.286352	-6.288852	-6.280463	NaN	-6.995693
524.865000	-7.013429	-7.001212	-6.286251	-6.990414	-6.286222	-6.289248	-6.282190	-6.306011	-6.313987	-6.311487	-6.995664	-6.286483	-6.288446	-6.280946	NaN	-6.995566
545.045000	-7.013244	-7.000933	-6.285942	-6.990454	-6.286200	-6.289375	-6.282107	-6.305783	-6.313396	-6.311237	-6.995396	-6.286417	-6.288297	-6.280869	NaN	-6.995853
565.225000	-7.013876	-7.000657	-6.286497	-6.989985	-6.286185	-6.289574	-6.282811	-6.305656	-6.314241	-6.311494	-6.995541	-6.286559	-6.288522	-6.280681	NaN	-6.995584
585.405000	-7.013625	-7.000820	-6.286073	-6.990040	-6.285775	-6.289444	-6.282901	-6.305529	-6.314190	-6.311349	-6.995472	-6.286719	-6.289103	-6.280641	NaN	-6.995842
605.585000	-7.013233	-7.000828	-6.286044	-6.990352	-6.285684	-6.289897	-6.282760	-6.305779	-6.313787	-6.311237	-6.995185	-6.285997	-6.288874	-6.281131	NaN	-6.995758
625.765000	-7.013843	-7.000886	-6.286084	-6.989612	-6.286272	-6.289269	-6.282310	-6.305554	-6.313882	-6.310979	-6.995965	-6.286178	-6.288968	-6.281040	NaN	-6.995334
645.945000	-7.013226	-7.000940	-6.286374	-6.989724	-6.285648	-6.289103	-6.282259	-6.306019	-6.313820	-6.311505	-6.995305	-6.286802	-6.288682	-6.281004	NaN	-6.995548
666.125000	-7.013404	-7.000907	-6.286116	-6.990156	-6.286036	-6.289364	-6.282517	-6.305736	-6.313816	-6.311287	-6.995396	-6.286327	-6.288685	-6.280793	NaN	-6.995940
686.305000	-7.013324	-7.000925	-6.285942	-6.990141	-6.285830	-6.289476	-6.282343	-6.305801	-6.313940	-6.311113	-6.995544	-6.286370	-6.288435	-6.280855	NaN	-6.995846
706.485000	-7.013088	-7.000896	-6.285859	-6.990116	-6.285732	-6.289469	-6.282441	-6.305743	-6.313642	-6.311171	-6.995475	-6.286392	-6.288838	-6.280888	NaN	-6.995766
726.665000	-7.013564	-7.000497	-6.286069	-6.989655	-6.285830	-6.289596	-6.282390	-6.305768	-6.313914	-6.311200	-6.995475	-6.286370	-6.288573	-6.280710	NaN	-6.995530
746.845000	-7.013556	-7.000581	-6.286000	-6.990337	-6.285960	-6.289161	-6.282437	-6.306099	-6.313715	-6.311200	-6.995203	-6.286679	-6.288406	-6.280572	NaN	-6.995595
767.025000	-7.013549	-7.000730	-6.286174	-6.990475	-6.286033	-6.289429	-6.282397	-6.305572	-6.313773	-6.311451	-6.995512	-6.286378	-6.288921	-6.281040	NaN	-6.995729
787.205000	-7.013379	-7.000882	-6.286171	-6.990265	-6.286105	-6.289429	-6.282444	-6.305601	-6.313838	-6.311364	-6.995406	-6.286392	-6.288714	-6.280855	NaN	-6.995976
807.385000	-7.013676	-7.000457	-6.286294	-6.990504	-6.286396	-6.289596	-6.282386	-6.305964	-6.313650	-6.311197	-6.995352	-6.286290	-6.288308	-6.280826	NaN	-6.996154
827.565000	-7.013756	-7.000853	-6.286486	-6.989898	-6.286229	-6.289796	-6.282183	-6.305409	-6.313621	-6.310892	-6.995555	-6.286036	-6.288693	-6.280684	NaN	-6.996150
847.745000	-7.013197	-7.001096	-6.286131	-6.990047	-6.285735	-6.289509	-6.282611	-6.305935	-6.313809	-6.311106	-6.995338	-6.286396	-6.288711	-6.280851	NaN	-6.995704
867.925000	-7.013284	-7.000849	-6.286102	-6.990312	-6.286018	-6.289404	-6.282535	-6.305910	-6.313929	-6.311324	-6.995417	-6.286352	-6.288711	-6.280946	NaN	-6.995675
888.105000	-7.013640	-7.000904	-6.286232	-6.990312	-6.286174	-6.289458	-6.282901	-6.305547	-6.314147	-6.311516	-6.995428	-6.286073	-6.289132	-6.280851	NaN	-6.995363
908.285000	-7.013640	-7.000657	-6.286203	-6.989833	-6.285993	-6.289465	-6.282321	-6.305689	-6.313998	-6.311393	-6.995468	-6.286494	-6.288562	-6.280917	NaN	-6.995650
928.465000	-7.013800	-7.000824	-6.286457	-6.990094	-6.285663	-6.289451	-6.282702	-6.305794	-6.314016	-6.311237	-6.995798	-6.286345	-6.288500	-6.280873	NaN	-6.995729
948.645000	-7.013419	-7.001129	-6.285978	-6.990025	-6.286134	-6.289534	-6.282593	-6.306066	-6.313831	-6.310928	-6.995160	-6.286171	-6.288471	-6.280768	NaN	-6.995544
968.825000	-7.013520	-7.000465	-6.286116	-6.989866	-6.286065	-6.289781	-6.282517	-6.305674	-6.313856	-6.311026	-6.995602	-6.286225	-6.288660	-6.281036	NaN	-6.995911
989.005000	-7.013248	-7.000828	-6.286323	-6.989572	-6.285909	-6.289788	-6.282179	-6.305964	-6.313537	-6.311335	-6.995563	-6.286178	-6.288830	-6.280561	NaN	-6.995827
1009.185000	-7.013531	-7.000447	-6.286222	-6.989702	-6.285764	-6.289836	-6.282720	-6.305627	-6.313628	-6.311382	-6.995189	-6.286555	-6.288656	-6.281004	NaN	-6.995755
1029.365000	-7.013375	-7.001140	-6.286475	-6.989771	-6.286076	-6.289879	-6.282263	-6.305696	-6.313628	-6.311131	-6.995766	-6.286124	-6.288413	-6.280917	NaN	-6.995973
1049.545000	-7.013556	-7.000893	-6.286403	-6.989833	-6.286069	-6.289179	-6.282081	-6.306186	-6.313526	-6.311052	-6.995806	-6.286142	-6.288493	-6.280546	NaN	-6.995334
1069.725000	-7.013295	-7.000352	-6.286327	-6.990261	-6.286443	-6.289447	-6.282219	-6.305453	-6.314023	-6.311599	-6.995261	-6.286319	-6.288972	-6.280673	NaN	-6.995994
1089.905000	-7.013662	-7.000497	-6.285870	-6.989833	-6.286359	-6.289465	-6.282310	-6.305620	-6.313856	-6.311062	-6.995610	-6.286192	-6.288972	-6.280666	NaN	-6.995417
1110.085000	-7.013836	-7.000584	-6.286378	-6.990192	-6.286407	-6.289462	-6.282782	-6.305464	-6.314132	-6.310979	-6.995142	-6.286033	-6.288576	-6.281123	NaN	-6.996150
1130.265000	-7.013673	-7.000494	-6.286312	-6.989779	-6.286280	-6.289806	-6.282785	-6.305718	-6.313519	-6.311440	-6.995465	-6.286599	-6.288722	-6.280859	NaN	-6.995700
1150.445000	-7.013404	-7.000309	-6.285989	-6.989909	-6.285822	-6.289291	-6.282756	-6.306106	-6.314114	-6.310870	-6.995483	-6.286671	-6.288348	-6.280488	NaN	-6.995846
1170.625000	-7.013607	-7.000795	-6.285993	-6.989829	-6.286116	-6.289371	-6.282510	-6.305845	-6.313849	-6.311407	-6.995639	-6.286544	-6.288678	-6.280906	NaN	-6.995541
1190.805000	-7.013589	-7.000570	-6.285743	-6.989927	-6.286352	-6.289857	-6.282542	-6.306160	-6.313621	-6.311632	-6.995091	-6.286766	-6.288529	-6.281178	NaN	-6.995581
1210.985000	-7.013313	-7.000403	-6.286465	-6.990178	-6.285913	-6.289447	-6.282099	-6.305377	-6.314020	-6.311422	-6.995606	-6.286693	-6.288642	-6.280583	NaN	-6.995414
1231.165000	-7.013509	-7.000497	-6.285841	-6.989804	-6.285714	-6.289280	-6.282448	-6.305543	-6.314252	-6.311494	-6.995105	-6.286719	-6.288761	-6.280761	NaN	-6.996056
1251.345000	-7.013292	-7.000900	-6.286349	-6.990203	-6.286142	-6.289455	-6.282578	-6.305736	-6.314172	-6.311215	-6.995573	-6.286417	-6.288888	-6.280808	NaN	-6.995864
1271.525000	-7.013778	-7.000548	-6.286265	-6.989717	-6.285721	-6.289582	-6.282150	-6.305863	-6.314016	-6.310928	-6.995864	-6.286642	-6.288337	-6.281025	NaN	-6.996187
1291.705000	-7.013397	-7.001009	-6.285775	-6.990265	-6.285804	-6.289676	-6.282158	-6.305406	-6.313490	-6.311004	-6.995809	-6.286098	-6.288504	-6.280525	NaN	-6.995871
1311.885000	-7.013546	-7.000675	-6.286156	-6.989877	-6.286051	-6.289440	-6.282510	-6.305692	-6.313827	-6.311273	-6.995671	-6.286319	-6.288656	-6.280779	NaN	-6.995617
1332.065000	-7.013281	-7.000544	-6.285797	-6.990323	-6.285986	-6.289309	-6.282357	-6.305456	-6.313820	-6.311331	-6.995537	-6.286178	-6.288402	-6.280608	NaN	-6.995719
1352.245000	-7.013839	-7.000417	-6.286153	-6.989851	-6.285975	-6.289741	-6.282818	-6.305979	-6.314056	-6.310946	-6.995904	-6.286573	-6.288751	-6.281098	NaN	-6.995690
1372.425000	-7.013596	-7.001038	-6.286149	-6.990087	-6.285986	-6.289600	-6.282484	-6.305445	-6.313882	-6.311179	-6.995577	-6.286512	-6.288638	-6.280869	NaN	-6.995312
1392.605000	-7.013259	-7.000925	-6.286243	-6.990385	-6.285855	-6.289502	-6.282676	-6.305696	-6.314056	-6.311208	-6.995421	-6.286399	-6.288649	-6.280804	NaN	-6.995740
1412.795000	-7.013575	-7.000606	-6.286098	-6.990196	-6.286022	-6.289465	-6.282441	-6.305823	-6.313922	-6.311070	-6.995225	-6.286388	-6.288751	-6.280920	NaN	-6.995849
1432.975000	-7.013908	-7.000777	-6.286182	-6.989503	-6.286334	-6.289716	-6.282604	-6.305482	-6.313769	-6.311298	-6.995566	-6.286287	-6.288921	-6.280663	NaN	-6.995795
1453.155000	-7.013382	-7.000762	-6.285797	-6.989938	-6.286298	-6.289574	-6.282118	-6.306070	-6.314161	-6.311135	-6.995479	-6.286007	-6.288322	-6.280507	NaN	-6.995537
1473.335000	-7.013763	-7.000523	-6.285935	-6.990348	-6.286276	-6.289611	-6.282223	-6.305507	-6.314070	-6.311378	-6.995610	-6.286559	-6.289052	-6.280623	NaN	-6.995309
1493.515000	-7.013593	-7.000871	-6.286080	-6.989851	-6.285953	-6.289683	-6.282491	-6.305812	-6.313827	-6.311509	-6.995682	-6.286595	-6.288616	-6.280605	NaN	-6.995657
1513.695000	-7.013389	-7.000730	-6.286497	-6.989670	-6.285935	-6.289284	-6.282796	-6.305474	-6.314161	-6.311389	-6.995301	-6.286602	-6.288809	-6.280793	NaN	-6.995610
1533.885000	-7.013694	-7.001031	-6.285913	-6.990087	-6.286269	-6.289531	-6.282553	-6.305768	-6.313454	-6.311218	-6.995250	-6.286428	-6.288537	-6.280768	NaN	-6.995381
1554.075000	-7.013908	-7.000537	-6.285826	-6.989989	-6.285899	-6.289825	-6.282270	-6.305866	-6.313762	-6.311135	-6.995221	-6.286606	-6.288841	-6.280822	NaN	-6.996216
1574.255000	-7.013426	-7.001060	-6.286479	-6.990403	-6.285971	-6.289571	-6.282640	-6.306011	-6.314226	-6.311102	-6.995229	-6.286664	-6.288540	-6.280804	NaN	-6.995817
1594.435000	-7.013633	-7.000737	-6.286254	-6.989895	-6.286134	-6.289491	-6.282430	-6.305805	-6.313871	-6.311164	-6.995642	-6.286443	-6.288711	-6.280786	NaN	-6.995610
1614.615000	-7.013183	-7.000991	-6.285764	-6.989583	-6.286385	-6.289836	-6.282277	-6.305906	-6.313748	-6.310863	-6.995856	-6.286639	-6.288914	-6.280670	NaN	-6.995526
1634.795000	-7.013368	-7.000994	-6.286044	-6.990200	-6.285946	-6.289451	-6.282158	-6.305728	-6.314121	-6.311193	-6.995152	-6.286341	-6.288827	-6.280797	NaN	-6.995929
1654.975000	-7.013353	-7.000817	-6.286138	-6.990076	-6.286134	-6.289433	-6.282339	-6.305750	-6.313740	-6.311193	-6.995330	-6.286341	-6.288805	-6.280713	NaN	-6.996190
1675.155000	-7.013386	-7.000421	-6.286000	-6.989917	-6.286294	-6.289215	-6.282444	-6.305736	-6.313664	-6.311240	-6.995740	-6.286305	-6.288841	-6.280735	NaN	-6.995697
1695.335000	-7.013625	-7.000682	-6.286051	-6.989862	-6.285968	-6.289422	-6.282419	-6.305728	-6.313849	-6.311229	-6.995708	-6.286349	-6.288616	-6.280808	NaN	-6.995679
1715.515000	-7.013792	-7.000788	-6.286102	-6.989804	-6.286040	-6.289360	-6.282484	-6.305845	-6.314034	-6.311026	-6.995657	-6.286370	-6.288624	-6.280797	NaN	-6.995592
1735.695000	-7.013818	-7.000795	-6.286446	-6.989790	-6.285703	-6.289455	-6.282339	-6.305964	-6.314096	-6.310914	-6.995838	-6.286577	-6.288312	-6.281047	NaN	-6.995588
1755.885000	-7.013168	-7.000791	-6.286047	-6.990083	-6.286367	-6.289458	-6.282078	-6.305768	-6.314074	-6.311233	-6.995817	-6.286334	-6.289026	-6.280855	NaN	-6.995711
1776.065000	-7.013593	-7.000345	-6.286073	-6.990134	-6.286004	-6.289770	-6.282470	-6.305496	-6.313867	-6.311433	-6.995639	-6.286479	-6.288620	-6.281091	NaN	-6.995454
1796.255000	-7.013524	-7.000454	-6.286080	-6.990189	-6.286026	-6.289317	-6.282422	-6.305750	-6.314121	-6.311215	-6.995290	-6.286352	-6.288863	-6.280786	NaN	-6.995791
1816.435000	-7.013687	-7.000519	-6.286512	-6.990040	-6.285997	-6.289171	-6.282589	-6.305699	-6.313668	-6.311552	-6.995896	-6.286381	-6.288257	-6.281109	NaN	-6.995987
1836.615000	-7.013328	-7.000447	-6.286450	-6.989644	-6.286327	-6.289230	-6.282716	-6.305427	-6.313976	-6.311276	-6.995421	-6.286029	-6.288957	-6.280409	NaN	-6.996110
1856.795000	-7.013223	-7.000755	-6.286073	-6.990062	-6.286127	-6.289429	-6.282212	-6.305783	-6.314158	-6.311215	-6.995646	-6.286363	-6.288384	-6.280844	NaN	-6.995787
1876.975000	-7.013691	-7.001281	-6.285844	-6.989829	-6.286145	-6.289121	-6.282129	-6.305406	-6.313689	-6.310917	-6.995428	-6.286719	-6.288968	-6.280546	NaN	-6.995958
1897.155000	-7.013455	-7.000465	-6.286055	-6.989855	-6.286007	-6.289084	-6.282194	-6.305874	-6.313842	-6.311331	-6.995584	-6.285997	-6.288580	-6.280655	NaN	-6.995947
1917.335000	-7.013585	-7.000857	-6.286073	-6.990051	-6.285993	-6.289719	-6.282451	-6.305932	-6.313893	-6.311364	-6.995748	-6.286621	-6.288605	-6.280463	NaN	-6.995929
1937.515000	-7.013607	-7.000639	-6.286109	-6.990011	-6.286029	-6.289643	-6.282408	-6.305536	-6.313842	-6.311124	-6.995660	-6.286581	-6.288627	-6.280644	NaN	-6.995671
1957.695000	-7.013495	-7.000436	-6.286098	-6.989753	-6.286022	-6.289393	-6.282419	-6.306084	-6.313820	-6.311200	-6.995595	-6.286461	-6.288667	-6.281047	NaN	-6.995504
1977.875000	-7.013683	-7.000911	-6.285993	-6.990366	-6.286087	-6.289171	-6.282114	-6.306011	-6.313733	-6.311578	-6.995671	-6.286084	-6.288957	-6.280579	NaN	-6.996103
1998.055000	-7.013135	-7.000465	-6.286200	-6.990323	-6.285612	-6.289763	-6.282564	-6.305387	-6.313675	-6.311070	-6.995370	-6.286548	-6.288297	-6.280786	NaN	-6.996172
2018.235000	-7.013183	-7.000835	-6.286232	-6.990268	-6.285819	-6.289378	-6.282404	-6.305776	-6.313646	-6.311128	-6.995406	-6.286345	-6.288605	-6.280717	NaN	-6.995806
2038.415000	-7.013720	-7.000788	-6.285895	-6.990087	-6.285801	-6.289418	-6.282306	-6.305721	-6.313664	-6.311636	-6.995465	-6.286483	-6.288921	-6.281127	NaN	-6.995849
2058.595000	-7.013466	-7.000537	-6.286280	-6.989699	-6.285928	-6.289498	-6.282422	-6.305830	-6.314038	-6.311324	-6.995755	-6.286515	-6.288511	-6.280583	NaN	-6.995751
2078.775000	-7.013575	-7.000617	-6.286098	-6.989840	-6.285997	-6.289473	-6.282430	-6.305685	-6.313867	-6.311215	-6.995729	-6.286359	-6.288587	-6.280713	NaN	-6.995650
2098.965000	-7.013839	-7.000280	-6.286153	-6.990127	-6.285989	-6.289763	-6.282724	-6.305489	-6.314002	-6.311360	-6.995120	-6.286635	-6.288264	-6.280605	NaN	-6.995465
2119.145000	-7.013633	-7.000682	-6.286145	-6.989858	-6.285993	-6.289455	-6.282404	-6.305728	-6.313835	-6.311175	-6.995690	-6.286421	-6.288609	-6.280840	NaN	-6.995639
2139.325000	-7.013052	-7.000603	-6.285862	-6.990011	-6.286276	-6.289429	-6.282187	-6.305743	-6.314165	-6.311654	-6.995835	-6.286624	-6.288874	-6.280764	NaN	-6.995795
2159.505000	-7.013415	-7.000878	-6.286323	-6.990160	-6.285830	-6.289465	-6.282604	-6.305747	-6.313758	-6.311193	-6.995729	-6.286356	-6.288312	-6.280790	NaN	-6.995813
2179.685000	-7.013636	-7.000784	-6.286381	-6.989989	-6.285884	-6.289422	-6.282353	-6.305757	-6.313871	-6.311186	-6.995660	-6.286334	-6.288206	-6.280833	NaN	-6.995784
2199.865000	-7.013633	-7.000425	-6.285695	-6.990076	-6.285924	-6.289440	-6.282589	-6.305337	-6.313845	-6.311487	-6.995671	-6.286443	-6.288780	-6.281091	NaN	-6.995559
2220.045000	-7.013520	-7.000940	-6.285873	-6.990156	-6.285986	-6.289473	-6.282535	-6.305801	-6.313646	-6.311240	-6.995497	-6.286414	-6.288580	-6.280811	NaN	-6.995900
2240.225000	-7.013045	-7.000766	-6.285753	-6.990149	-6.285692	-6.289208	-6.282734	-6.305464	-6.314121	-6.311483	-6.995265	-6.286410	-6.288210	-6.280586	NaN	-6.995421
2260.405000	-7.013665	-7.001150	-6.286055	-6.989826	-6.286254	-6.289360	-6.282299	-6.305623	-6.314103	-6.311501	-6.995250	-6.286200	-6.289135	-6.280594	NaN	-6.995849
2280.585000	-7.013368	-7.000584	-6.286345	-6.990461	-6.286160	-6.289650	-6.282379	-6.305997	-6.313758	-6.311447	-6.995526	-6.286465	-6.288482	-6.280521	NaN	-6.995856
2300.765000	-7.013172	-7.000849	-6.286153	-6.990105	-6.286254	-6.289237	-6.282669	-6.305689	-6.314107	-6.311233	-6.995417	-6.286370	-6.288990	-6.280761	NaN	-6.996020
2320.945000	-7.013487	-7.000991	-6.286058	-6.990258	-6.285993	-6.289386	-6.282412	-6.305471	-6.313838	-6.311041	-6.995715	-6.286076	-6.288631	-6.280677	NaN	-6.995624
2341.125000	-7.013175	-7.000679	-6.286004	-6.990156	-6.285721	-6.289055	-6.282081	-6.305819	-6.313417	-6.311233	-6.995809	-6.286827	-6.288377	-6.280953	NaN	-6.995944
2361.305000	-7.013070	-7.000860	-6.286392	-6.990087	-6.285779	-6.289770	-6.282510	-6.305812	-6.313552	-6.311229	-6.995809	-6.286719	-6.288355	-6.281167	NaN	-6.996107
2381.485000	-7.013437	-7.000381	-6.286407	-6.989724	-6.285801	-6.289142	-6.282103	-6.305736	-6.313849	-6.311425	-6.995940	-6.286639	-6.288631	-6.280394	NaN	-6.995287
2401.665000	-7.012958	-7.001154	-6.285837	-6.990483	-6.285670	-6.289777	-6.282560	-6.306033	-6.313882	-6.311549	-6.995105	-6.286425	-6.288504	-6.280652	NaN	-6.996237
2421.845000	-7.013705	-7.000349	-6.285764	-6.989779	-6.285735	-6.289571	-6.282085	-6.305384	-6.313711	-6.310990	-6.995200	-6.286414	-6.288377	-6.281156	NaN	-6.995555
2442.025000	-7.013618	-7.000577	-6.285968	-6.989949	-6.286036	-6.289589	-6.282455	-6.305714	-6.313802	-6.311186	-6.995715	-6.286461	-6.288624	-6.280735	NaN	-6.995566
2462.205000	-7.013175	-7.000813	-6.286004	-6.990414	-6.286029	-6.289193	-6.282041	-6.305761	-6.314183	-6.311523	-6.995417	-6.286690	-6.288301	-6.281091	NaN	-6.996089
2482.385000	-7.013484	-7.001165	-6.286040	-6.989702	-6.286225	-6.289193	-6.282666	-6.305964	-6.313936	-6.310866	-6.995497	-6.286534	-6.288809	-6.280655	NaN	-6.995907
2502.565000	-7.013535	-7.000650	-6.286018	-6.989902	-6.286004	-6.289280	-6.282451	-6.305612	-6.313827	-6.311251	-6.995668	-6.286178	-6.288605	-6.281018	NaN	-6.995722
2522.745000	-7.013429	-7.001071	-6.286156	-6.990345	-6.285837	-6.289636	-6.282637	-6.305594	-6.313682	-6.311393	-6.995359	-6.286414	-6.288605	-6.280597	NaN	-6.995947
2542.925000	-7.013625	-7.000483	-6.285728	-6.989731	-6.285655	-6.289578	-6.282241	-6.305986	-6.314216	-6.311454	-6.995290	-6.286831	-6.288718	-6.280347	NaN	-6.995878
2563.105000	-7.013564	-7.000711	-6.286029	-6.989713	-6.286196	-6.289509	-6.282444	-6.305511	-6.313824	-6.311414	-6.995635	-6.286109	-6.288653	-6.280804	NaN	-6.995628
2583.285000	-7.013339	-7.000991	-6.285957	-6.990381	-6.285746	-6.289814	-6.282782	-6.305667	-6.314005	-6.311520	-6.995240	-6.286076	-6.288990	-6.281098	NaN	-6.995798
2603.465000	-7.013658	-7.000417	-6.285764	-6.990294	-6.286356	-6.289349	-6.282840	-6.305649	-6.313904	-6.310837	-6.995515	-6.286642	-6.288700	-6.280550	NaN	-6.996012
2623.655000	-7.013513	-7.000436	-6.286073	-6.990243	-6.285982	-6.289164	-6.282448	-6.305852	-6.313809	-6.311197	-6.995519	-6.286378	-6.288518	-6.280775	NaN	-6.995806
2643.835000	-7.013252	-7.000969	-6.285797	-6.990112	-6.285739	-6.289484	-6.282187	-6.305754	-6.313537	-6.311117	-6.995283	-6.286330	-6.288522	-6.280750	NaN	-6.995824
2664.015000	-7.013172	-7.001107	-6.285866	-6.990065	-6.285830	-6.289636	-6.282647	-6.305500	-6.313824	-6.311204	-6.995592	-6.286374	-6.288518	-6.281007	NaN	-6.995700
2684.195000	-7.012947	-7.000915	-6.286029	-6.990152	-6.285768	-6.289527	-6.282321	-6.305656	-6.314056	-6.311487	-6.995577	-6.286686	-6.288703	-6.281149	NaN	-6.995962
2704.375000	-7.013194	-7.000788	-6.285764	-6.990152	-6.286236	-6.289429	-6.282738	-6.305812	-6.313976	-6.311175	-6.995486	-6.286363	-6.288268	-6.280761	NaN	-6.995875
2724.555000	-7.013506	-7.001154	-6.285833	-6.990141	-6.286341	-6.289121	-6.282546	-6.305964	-6.313533	-6.311233	-6.995838	-6.286272	-6.288689	-6.280717	NaN	-6.995693
2744.735000	-7.013226	-7.000864	-6.285971	-6.990345	-6.285634	-6.289396	-6.282223	-6.305866	-6.313983	-6.311309	-6.995570	-6.286570	-6.288667	-6.281062	NaN	-6.995537
2764.915000	-7.013803	-7.000290	-6.285942	-6.989586	-6.286240	-6.289727	-6.282437	-6.305471	-6.313635	-6.311019	-6.995631	-6.286040	-6.288870	-6.280492	NaN	-6.995533
2785.096000	-7.013564	-7.000639	-6.286044	-6.989913	-6.285997	-6.289476	-6.282401	-6.305721	-6.313867	-6.311233	-6.995664	-6.286381	-6.288638	-6.280728	NaN	-6.995675
2805.275000	-7.013665	-7.000454	-6.286327	-6.989764	-6.285681	-6.289810	-6.282368	-6.306019	-6.313519	-6.311393	-6.995831	-6.286519	-6.288275	-6.280927	NaN	-6.995690
2825.455000	-7.013353	-7.000940	-6.285993	-6.990185	-6.286138	-6.289407	-6.282194	-6.305707	-6.313907	-6.311186	-6.995363	-6.286363	-6.288486	-6.280761	NaN	-6.995940
2845.635000	-7.013607	-7.000911	-6.285768	-6.990163	-6.285699	-6.289396	-6.282502	-6.305728	-6.313787	-6.311175	-6.995693	-6.286359	-6.288326	-6.280764	NaN	-6.995878
2865.815000	-7.013466	-7.000925	-6.286113	-6.990145	-6.285899	-6.289436	-6.282118	-6.305728	-6.313508	-6.311149	-6.995584	-6.286338	-6.288293	-6.280764	NaN	-6.996020
2885.995000	-7.013419	-7.000653	-6.285804	-6.989949	-6.285743	-6.289585	-6.282375	-6.305797	-6.313740	-6.311088	-6.995515	-6.286341	-6.288678	-6.280641	NaN	-6.995809
2906.175000	-7.013052	-7.000994	-6.285659	-6.989786	-6.286243	-6.289770	-6.282190	-6.305536	-6.314179	-6.310921	-6.995294	-6.286530	-6.288954	-6.280739	NaN	-6.995766
2926.355000	-7.013745	-7.001114	-6.285884	-6.990145	-6.286334	-6.289259	-6.282510	-6.305874	-6.313947	-6.310819	-6.995563	-6.286243	-6.288272	-6.280964	NaN	-6.995780
2946.535000	-7.013433	-7.000744	-6.286287	-6.989808	-6.286338	-6.289317	-6.282676	-6.306051	-6.313882	-6.310910	-6.995635	-6.286007	-6.288326	-6.280819	NaN	-6.995610
2966.715000	-7.013379	-7.000896	-6.285873	-6.990134	-6.285815	-6.289480	-6.282393	-6.305772	-6.313635	-6.311120	-6.995182	-6.286381	-6.288493	-6.280753	NaN	-6.995904
2986.895000	-7.013371	-7.000479	-6.285710	-6.990381	-6.286236	-6.289244	-6.282666	-6.305482	-6.314005	-6.311128	-6.995784	-6.286374	-6.288899	-6.280706	NaN	-6.995697
3007.075000	-7.013484	-7.000425	-6.286011	-6.989982	-6.285975	-6.289135	-6.282386	-6.306055	-6.313824	-6.311422	-6.995599	-6.286338	-6.288605	-6.280877	NaN	-6.995439
3027.255000	-7.013241	-7.000947	-6.286018	-6.990134	-6.285899	-6.289545	-6.282266	-6.305707	-6.313809	-6.311175	-6.995370	-6.286414	-6.288584	-6.280786	NaN	-6.996020
3047.435000	-7.013317	-7.000904	-6.285706	-6.989993	-6.285663	-6.289545	-6.282713	-6.305377	-6.314125	-6.310830	-6.995900	-6.286091	-6.288878	-6.281047	NaN	-6.995737
3067.625000	-7.013520	-7.000439	-6.286080	-6.990221	-6.285989	-6.289774	-6.282412	-6.306001	-6.313878	-6.310914	-6.995563	-6.286363	-6.288497	-6.280742	NaN	-6.995900
3087.825000	-7.013567	-7.000842	-6.286026	-6.989895	-6.286222	-6.289422	-6.282647	-6.305768	-6.313555	-6.311215	-6.995330	-6.286396	-6.288591	-6.280927	NaN	-6.995878
3108.005000	-7.013498	-7.000682	-6.286007	-6.989746	-6.285978	-6.289661	-6.282415	-6.305424	-6.313820	-6.311244	-6.995602	-6.286613	-6.288616	-6.280615	NaN	-6.995729
3128.185000	-7.013781	-7.000668	-6.286142	-6.990004	-6.285924	-6.289440	-6.282383	-6.305725	-6.313824	-6.311168	-6.995668	-6.286330	-6.288566	-6.280684	NaN	-6.995675
3148.365000	-7.013281	-7.000290	-6.286044	-6.990123	-6.286269	-6.289563	-6.282092	-6.305518	-6.313893	-6.311120	-6.995566	-6.286073	-6.288526	-6.280982	NaN	-6.995606
3168.545000	-7.013585	-7.000592	-6.286033	-6.989837	-6.286051	-6.289480	-6.282397	-6.305707	-6.313875	-6.311160	-6.995671	-6.286334	-6.288638	-6.280739	NaN	-6.995602
3188.725000	-7.013477	-7.000349	-6.286033	-6.989884	-6.286015	-6.289197	-6.282430	-6.305507	-6.313845	-6.311480	-6.995566	-6.286113	-6.288595	-6.280456	NaN	-6.995403
3208.905000	-7.013643	-7.000958	-6.285826	-6.990073	-6.286316	-6.289857	-6.282230	-6.306059	-6.314161	-6.310979	-6.995316	-6.286127	-6.288297	-6.281109	NaN	-6.996292
3229.085000	-7.013288	-7.000886	-6.285924	-6.990239	-6.286062	-6.289694	-6.282125	-6.305932	-6.313621	-6.311487	-6.995370	-6.286552	-6.288322	-6.280369	NaN	-6.995631
3249.265000	-7.013513	-7.000588	-6.286000	-6.989964	-6.285993	-6.289440	-6.282372	-6.305714	-6.313798	-6.311186	-6.995726	-6.286425	-6.288576	-6.280710	NaN	-6.995624
3269.445000	-7.013509	-7.001020	-6.286018	-6.989815	-6.285993	-6.289121	-6.282444	-6.305783	-6.313802	-6.311465	-6.995613	-6.286570	-6.288620	-6.280427	NaN	-6.995421
3289.625000	-7.013440	-7.000867	-6.286055	-6.990232	-6.285971	-6.289266	-6.282379	-6.305848	-6.313802	-6.311509	-6.995526	-6.286599	-6.288598	-6.280898	NaN	-6.995359
3309.805000	-7.013589	-7.000769	-6.286018	-6.990138	-6.286185	-6.289291	-6.282539	-6.305634	-6.313806	-6.311255	-6.995846	-6.286232	-6.288613	-6.280644	NaN	-6.995664
3329.985000	-7.013451	-7.000682	-6.285750	-6.990265	-6.286290	-6.289571	-6.282589	-6.305990	-6.313947	-6.311483	-6.995294	-6.286624	-6.288253	-6.281065	NaN	-6.995566
3350.165000	-7.013516	-7.000624	-6.285782	-6.990018	-6.286301	-6.289727	-6.282179	-6.306080	-6.313635	-6.310845	-6.995900	-6.286294	-6.288286	-6.280971	NaN	-6.996118
3370.345000	-7.013132	-7.000998	-6.285909	-6.990232	-6.285811	-6.289451	-6.282415	-6.305888	-6.313769	-6.311287	-6.995396	-6.286182	-6.288573	-6.280594	NaN	-6.995780
3390.525000	-7.013491	-7.000980	-6.286069	-6.990025	-6.286004	-6.289589	-6.282422	-6.305347	-6.313845	-6.311501	-6.995610	-6.286617	-6.288569	-6.281091	NaN	-6.995348
3410.705000	-7.013629	-7.000541	-6.285913	-6.989895	-6.285866	-6.289346	-6.282524	-6.305877	-6.313914	-6.311295	-6.995653	-6.286345	-6.288671	-6.280663	NaN	-6.995650
3430.885000	-7.013542	-7.000686	-6.285862	-6.990294	-6.286160	-6.289342	-6.282161	-6.305547	-6.313621	-6.311436	-6.995664	-6.286298	-6.288439	-6.281015	NaN	-6.995490
3451.065000	-7.013680	-7.000584	-6.285761	-6.990301	-6.285608	-6.289400	-6.282339	-6.306011	-6.314132	-6.311120	-6.995305	-6.286544	-6.288841	-6.281062	NaN	-6.995446
3471.245000	-7.013767	-7.000584	-6.285735	-6.989804	-6.286247	-6.289781	-6.282720	-6.305826	-6.313501	-6.311280	-6.995526	-6.286309	-6.288431	-6.281113	NaN	-6.995951
3491.425000	-7.013252	-7.000639	-6.286036	-6.989670	-6.286338	-6.289632	-6.282190	-6.305438	-6.314056	-6.311026	-6.995896	-6.286076	-6.288812	-6.280503	NaN	-6.995994
3511.605000	-7.013879	-7.000356	-6.286160	-6.989790	-6.285909	-6.289197	-6.282132	-6.305819	-6.313552	-6.310914	-6.995907	-6.286163	-6.288921	-6.280967	NaN	-6.995635
3531.785000	-7.013596	-7.000969	-6.286033	-6.990141	-6.286015	-6.289741	-6.282415	-6.305725	-6.313842	-6.311131	-6.995686	-6.286624	-6.288576	-6.280993	NaN	-6.995595
3551.965000	-7.013462	-7.000497	-6.286004	-6.990308	-6.285968	-6.289277	-6.282368	-6.305456	-6.313856	-6.311146	-6.995544	-6.286592	-6.288609	-6.280514	NaN	-6.995483
3572.145000	-7.013538	-7.000817	-6.286294	-6.990134	-6.286196	-6.289745	-6.282658	-6.305373	-6.314110	-6.311443	-6.995849	-6.286363	-6.288431	-6.280485	NaN	-6.995660
3592.325000	-7.013647	-7.000889	-6.286149	-6.990160	-6.286287	-6.289476	-6.282655	-6.305721	-6.314078	-6.311179	-6.995592	-6.286367	-6.288228	-6.280703	NaN	-6.995907
3612.505000	-7.013640	-7.000563	-6.285735	-6.989717	-6.285764	-6.289197	-6.282074	-6.306062	-6.314201	-6.311494	-6.995370	-6.286642	-6.288235	-6.280684	NaN	-6.995385
3632.685000	-7.013371	-7.000403	-6.286222	-6.990102	-6.285772	-6.289298	-6.282513	-6.305924	-6.313621	-6.311226	-6.995584	-6.286171	-6.288395	-6.280655	NaN	-6.995555
3652.865000	-7.013473	-7.000269	-6.286073	-6.990312	-6.285986	-6.289625	-6.282397	-6.306073	-6.313813	-6.310943	-6.995573	-6.286526	-6.288569	-6.280855	NaN	-6.995410
3673.045000	-7.013186	-7.000624	-6.285721	-6.990123	-6.286018	-6.289226	-6.282009	-6.306044	-6.313508	-6.311146	-6.995726	-6.286729	-6.288380	-6.280866	NaN	-6.995846
3693.225000	-7.012994	-7.000559	-6.285844	-6.989949	-6.285960	-6.289244	-6.282426	-6.305482	-6.313795	-6.310866	-6.995504	-6.286690	-6.288286	-6.281054	NaN	-6.995820
3713.405000	-7.013233	-7.000878	-6.286007	-6.990025	-6.285906	-6.289534	-6.282252	-6.305594	-6.313827	-6.311316	-6.995573	-6.286316	-6.288442	-6.280880	NaN	-6.995904
3733.585000	-7.013437	-7.000951	-6.286134	-6.990091	-6.285909	-6.289306	-6.282510	-6.305707	-6.313802	-6.311208	-6.995385	-6.286479	-6.288388	-6.280746	NaN	-6.995918
3753.765000	-7.013313	-7.000788	-6.286026	-6.990156	-6.285826	-6.289436	-6.282709	-6.305696	-6.313991	-6.311171	-6.995123	-6.286323	-6.288827	-6.280764	NaN	-6.995860
3773.945000	-7.013607	-7.000613	-6.286026	-6.989946	-6.285993	-6.289476	-6.282368	-6.305743	-6.313871	-6.311157	-6.995657	-6.286378	-6.288595	-6.280717	NaN	-6.995621
3794.125000	-7.013317	-7.001052	-6.285652	-6.990573	-6.285684	-6.289614	-6.282216	-6.305895	-6.313544	-6.311549	-6.995457	-6.286534	-6.288667	-6.281047	NaN	-6.995530
3814.305000	-7.013752	-7.000748	-6.285681	-6.989692	-6.286283	-6.289665	-6.282045	-6.306048	-6.314154	-6.310798	-6.995305	-6.286780	-6.288464	-6.281109	NaN	-6.996060
3834.485000	-7.013556	-7.000548	-6.285997	-6.989917	-6.286018	-6.289429	-6.282401	-6.305787	-6.313845	-6.311189	-6.995715	-6.286327	-6.288547	-6.280681	NaN	-6.995610
3854.665000	-7.013589	-7.000896	-6.286011	-6.989670	-6.286036	-6.289219	-6.282383	-6.305895	-6.313864	-6.311026	-6.995617	-6.286055	-6.288595	-6.281036	NaN	-6.995969
3874.845000	-7.013194	-7.001082	-6.285743	-6.990341	-6.286036	-6.289037	-6.282593	-6.305583	-6.314121	-6.311331	-6.995878	-6.286385	-6.288533	-6.280989	NaN	-6.995657
3895.025000	-7.013546	-7.000915	-6.285746	-6.990363	-6.286345	-6.289690	-6.282375	-6.305547	-6.313853	-6.311251	-6.995192	-6.286171	-6.288653	-6.281087	NaN	-6.995998
3915.205000	-7.013727	-7.000563	-6.286403	-6.990377	-6.286272	-6.289589	-6.282118	-6.305387	-6.313842	-6.310993	-6.995305	-6.286000	-6.288529	-6.280688	NaN	-6.995853
3935.385000	-7.013466	-7.000933	-6.286015	-6.989586	-6.286022	-6.289124	-6.282397	-6.305754	-6.313871	-6.311095	-6.995523	-6.285938	-6.288547	-6.280964	NaN	-6.995599
3955.565000	-7.013585	-7.000846	-6.285968	-6.990279	-6.285964	-6.289349	-6.282339	-6.305631	-6.313860	-6.311407	-6.995501	-6.286646	-6.288518	-6.280819	NaN	-6.995446
3975.745000	-7.013281	-7.000875	-6.286026	-6.990225	-6.286018	-6.289447	-6.282281	-6.305638	-6.313918	-6.311081	-6.995457	-6.286276	-6.288537	-6.280826	NaN	-6.995940
3995.925000	-7.013825	-7.000653	-6.285862	-6.989902	-6.285902	-6.289513	-6.282263	-6.305728	-6.313718	-6.311037	-6.995436	-6.286483	-6.288573	-6.280684	NaN	-6.995639
4016.105000	-7.013382	-7.000958	-6.286102	-6.989935	-6.286192	-6.289679	-6.282466	-6.305714	-6.313762	-6.311171	-6.995544	-6.286508	-6.288319	-6.280728	NaN	-6.995940
4036.285000	-7.013415	-7.000828	-6.286236	-6.990127	-6.285989	-6.289230	-6.282687	-6.305950	-6.313947	-6.311215	-6.995309	-6.286806	-6.288823	-6.280797	NaN	-6.995526
4056.465000	-7.013564	-7.000269	-6.286414	-6.989637	-6.285626	-6.289817	-6.282647	-6.305986	-6.314190	-6.311509	-6.995693	-6.286076	-6.288243	-6.280456	NaN	-6.995650
4076.645000	-7.013502	-7.000929	-6.286240	-6.990152	-6.285808	-6.289458	-6.282179	-6.305670	-6.313936	-6.311179	-6.995595	-6.286312	-6.288500	-6.280735	NaN	-6.995929
4096.825000	-7.013419	-7.000570	-6.285732	-6.990065	-6.285855	-6.289669	-6.282379	-6.305580	-6.313570	-6.311233	-6.995671	-6.286065	-6.288351	-6.281029	NaN	-6.996223
4117.005000	-7.012979	-7.000693	-6.286058	-6.990094	-6.285960	-6.289306	-6.282343	-6.305888	-6.313475	-6.310990	-6.995105	-6.286581	-6.288261	-6.281087	NaN	-6.995871
4137.185000	-7.013633	-7.000842	-6.286251	-6.989996	-6.286113	-6.289669	-6.282633	-6.305950	-6.313914	-6.311567	-6.995936	-6.286102	-6.288290	-6.281091	NaN	-6.995951
4157.365000	-7.013484	-7.000780	-6.285993	-6.990203	-6.285993	-6.289462	-6.282430	-6.305543	-6.313831	-6.311483	-6.995552	-6.286552	-6.288551	-6.281040	NaN	-6.995657
4177.545000	-7.013571	-7.000686	-6.286022	-6.989873	-6.286000	-6.289491	-6.282415	-6.305707	-6.313889	-6.311117	-6.995573	-6.286374	-6.288580	-6.280713	NaN	-6.995715
4197.725000	-7.013636	-7.000835	-6.285768	-6.990134	-6.285645	-6.289444	-6.282546	-6.305710	-6.314078	-6.311244	-6.995755	-6.286388	-6.288693	-6.280742	NaN	-6.995867
4217.905000	-7.013288	-7.000773	-6.286026	-6.990185	-6.285859	-6.289770	-6.282578	-6.305591	-6.313570	-6.311436	-6.995602	-6.285978	-6.288696	-6.280895	NaN	-6.995835
4238.085000	-7.013582	-7.000857	-6.285975	-6.990116	-6.285848	-6.289498	-6.282234	-6.305812	-6.313773	-6.311113	-6.995809	-6.286305	-6.288544	-6.280684	NaN	-6.995682
4258.265000	-7.013658	-7.000432	-6.286345	-6.989902	-6.286196	-6.289353	-6.282647	-6.305540	-6.314154	-6.311179	-6.995766	-6.286537	-6.288667	-6.281062	NaN	-6.995784
4278.445000	-7.013792	-7.000486	-6.285855	-6.990232	-6.286026	-6.289770	-6.282154	-6.306059	-6.314205	-6.311041	-6.995247	-6.286040	-6.288584	-6.280953	NaN	-6.995936
4298.625000	-7.013397	-7.000828	-6.286171	-6.990029	-6.285968	-6.289444	-6.282433	-6.305718	-6.313889	-6.311139	-6.995236	-6.286378	-6.288315	-6.280728	NaN	-6.995791
4318.805000	-7.013262	-7.001103	-6.285997	-6.990334	-6.285688	-6.289552	-6.282484	-6.305536	-6.313700	-6.311015	-6.995258	-6.286588	-6.288460	-6.280485	NaN	-6.996049
4338.985000	-7.013469	-7.000951	-6.286036	-6.989888	-6.285971	-6.289520	-6.282368	-6.305311	-6.313871	-6.311102	-6.995508	-6.286606	-6.288533	-6.280840	NaN	-6.995396
4359.165000	-7.013622	-7.000668	-6.286414	-6.990011	-6.286113	-6.289560	-6.282705	-6.305703	-6.314056	-6.311552	-6.995283	-6.286425	-6.288297	-6.281036	NaN	-6.995533
4379.345000	-7.013346	-7.000849	-6.286029	-6.990232	-6.286007	-6.289491	-6.282248	-6.305721	-6.313755	-6.311073	-6.995283	-6.286247	-6.288537	-6.280623	NaN	-6.995856
4399.525000	-7.013567	-7.000552	-6.286062	-6.989869	-6.286007	-6.289462	-6.282386	-6.305754	-6.313853	-6.311164	-6.995737	-6.286370	-6.288609	-6.280739	NaN	-6.995606
4419.705000	-7.012990	-7.000548	-6.286247	-6.990530	-6.285989	-6.289614	-6.282673	-6.305369	-6.313588	-6.311476	-6.995305	-6.286682	-6.288373	-6.280688	NaN	-6.995555
4439.885000	-7.013890	-7.000450	-6.286051	-6.990007	-6.285975	-6.289796	-6.282114	-6.305634	-6.313515	-6.311454	-6.995693	-6.286102	-6.288693	-6.280390	NaN	-6.995893
4460.065000	-7.013600	-7.000566	-6.286076	-6.990044	-6.286055	-6.289436	-6.282314	-6.305794	-6.313827	-6.311171	-6.995737	-6.286356	-6.288457	-6.280757	NaN	-6.995599
4480.245000	-7.013611	-7.000298	-6.286015	-6.990178	-6.285993	-6.289458	-6.282386	-6.305543	-6.313864	-6.310892	-6.995780	-6.286211	-6.288591	-6.280957	NaN	-6.995446
4500.425000	-7.013680	-7.000421	-6.285989	-6.989688	-6.286007	-6.289222	-6.282386	-6.305514	-6.313835	-6.311306	-6.995494	-6.286410	-6.288638	-6.280989	NaN	-6.995722
4520.605000	-7.013190	-7.001060	-6.285837	-6.989866	-6.285761	-6.289081	-6.282089	-6.305587	-6.313591	-6.311291	-6.995512	-6.286744	-6.288424	-6.280717	NaN	-6.995352
4540.785000	-7.013651	-7.000744	-6.286036	-6.989557	-6.286018	-6.289730	-6.282426	-6.305678	-6.313816	-6.311483	-6.995635	-6.286047	-6.288547	-6.281015	NaN	-6.995494
4560.965000	-7.013204	-7.000918	-6.285728	-6.990243	-6.286000	-6.289484	-6.282480	-6.305750	-6.313515	-6.311171	-6.995091	-6.286341	-6.288576	-6.280732	NaN	-6.995976
4581.145000	-7.013589	-7.000501	-6.285924	-6.989670	-6.286065	-6.289230	-6.282368	-6.305507	-6.313911	-6.311349	-6.995726	-6.286196	-6.288482	-6.280837	NaN	-6.995646
4601.325000	-7.013328	-7.000857	-6.285808	-6.990051	-6.285732	-6.289513	-6.282459	-6.305689	-6.313972	-6.311171	-6.995327	-6.286356	-6.288805	-6.280717	NaN	-6.995769
4621.505000	-7.013016	-7.001009	-6.285971	-6.990221	-6.285960	-6.289716	-6.282081	-6.305982	-6.313537	-6.311418	-6.995305	-6.286349	-6.288714	-6.280909	NaN	-6.995925
4641.685000	-7.013683	-7.000635	-6.285946	-6.989902	-6.286029	-6.289498	-6.282328	-6.305765	-6.313733	-6.311266	-6.995639	-6.286319	-6.288460	-6.280761	NaN	-6.995646
4661.865000	-7.013143	-7.000817	-6.285757	-6.990040	-6.286160	-6.289465	-6.281998	-6.305718	-6.313693	-6.311193	-6.995294	-6.286352	-6.288859	-6.280713	NaN	-6.995907
4682.045000	-7.013462	-7.001078	-6.285971	-6.990356	-6.285728	-6.289219	-6.282611	-6.305699	-6.313904	-6.311266	-6.995073	-6.286000	-6.288711	-6.280467	NaN	-6.995657
4702.225000	-7.013045	-7.000635	-6.286047	-6.990207	-6.286033	-6.289741	-6.282734	-6.305540	-6.313856	-6.311501	-6.995537	-6.286316	-6.288573	-6.280931	NaN	-6.995457
4722.405000	-7.013611	-7.000751	-6.286247	-6.989753	-6.285993	-6.289034	-6.282401	-6.305808	-6.313809	-6.310874	-6.995512	-6.286029	-6.288580	-6.280732	NaN	-6.995842
4742.595000	-7.013589	-7.000588	-6.286033	-6.990196	-6.285975	-6.289451	-6.282324	-6.305747	-6.313842	-6.311175	-6.995327	-6.286385	-6.288584	-6.280761	NaN	-6.995980
4762.775000	-7.013462	-7.000955	-6.286000	-6.989884	-6.285971	-6.289727	-6.282375	-6.305293	-6.313867	-6.310885	-6.995584	-6.286109	-6.288540	-6.280699	NaN	-6.995922
4782.955000	-7.013513	-7.000632	-6.285982	-6.989840	-6.285946	-6.289542	-6.282295	-6.305580	-6.313820	-6.311102	-6.995722	-6.286319	-6.288613	-6.280746	NaN	-6.995635
4803.135000	-7.013956	-7.000933	-6.285714	-6.989829	-6.286065	-6.289741	-6.282245	-6.306026	-6.314070	-6.310932	-6.995951	-6.286269	-6.288943	-6.280655	NaN	-6.995457
4823.315000	-7.013408	-7.000740	-6.285811	-6.990443	-6.285732	-6.289269	-6.282684	-6.305866	-6.314114	-6.310975	-6.995211	-6.286080	-6.288315	-6.280387	NaN	-6.996198
4843.495000	-7.013313	-7.000450	-6.285986	-6.990247	-6.285797	-6.289578	-6.282502	-6.305993	-6.313875	-6.311200	-6.995309	-6.286102	-6.288537	-6.280419	NaN	-6.995817
4863.675000	-7.013382	-7.001227	-6.286261	-6.990388	-6.286247	-6.289480	-6.282480	-6.305888	-6.313936	-6.311320	-6.995189	-6.286095	-6.288671	-6.281054	NaN	-6.995628
4883.855000	-7.013157	-7.001045	-6.286345	-6.989920	-6.286370	-6.289574	-6.282125	-6.306051	-6.314012	-6.310866	-6.995700	-6.286606	-6.288616	-6.280394	NaN	-6.995914
4904.035000	-7.013560	-7.000820	-6.285964	-6.990065	-6.285717	-6.289687	-6.282379	-6.305917	-6.313831	-6.311171	-6.995639	-6.286095	-6.288526	-6.280757	NaN	-6.995642
4924.215000	-7.013255	-7.000341	-6.285699	-6.989790	-6.285975	-6.289393	-6.282107	-6.305496	-6.314150	-6.311367	-6.995893	-6.286436	-6.288700	-6.281018	NaN	-6.995432
4944.395000	-7.013360	-7.000831	-6.286269	-6.990073	-6.286272	-6.289469	-6.282183	-6.305772	-6.314121	-6.311175	-6.995352	-6.286363	-6.288907	-6.280750	NaN	-6.995885
4964.575000	-7.013506	-7.000472	-6.285968	-6.990272	-6.286145	-6.289266	-6.282118	-6.305914	-6.313515	-6.311041	-6.995102	-6.286573	-6.288761	-6.280986	NaN	-6.996299
4984.755000	-7.013542	-7.000925	-6.285989	-6.990305	-6.285888	-6.289306	-6.282306	-6.305478	-6.313882	-6.311407	-6.995552	-6.285928	-6.288518	-6.280329	NaN	-6.995911
5004.935000	-7.013640	-7.000396	-6.285997	-6.989688	-6.285968	-6.289640	-6.282433	-6.305754	-6.313835	-6.311400	-6.995936	-6.286102	-6.288515	-6.280884	NaN	-6.995642
5025.115000	-7.013448	-7.000820	-6.286247	-6.989637	-6.285808	-6.289705	-6.282473	-6.305420	-6.314034	-6.311066	-6.995994	-6.286254	-6.288823	-6.280949	NaN	-6.995555
5045.295000	-7.013310	-7.000871	-6.286309	-6.990102	-6.285637	-6.289480	-6.282593	-6.305725	-6.313773	-6.311171	-6.995704	-6.286381	-6.288224	-6.280713	NaN	-6.995871
5065.475000	-7.013146	-7.000813	-6.286076	-6.990054	-6.285978	-6.289473	-6.282673	-6.305696	-6.313606	-6.311171	-6.995787	-6.286338	-6.288308	-6.280746	NaN	-6.995856
5085.655000	-7.013244	-7.000613	-6.285833	-6.990098	-6.285797	-6.289723	-6.282172	-6.305957	-6.314150	-6.311403	-6.995791	-6.286287	-6.288471	-6.280445	NaN	-6.995541
5105.835000	-7.013357	-7.000864	-6.286018	-6.990258	-6.286029	-6.289665	-6.282412	-6.305692	-6.313824	-6.311022	-6.995515	-6.285949	-6.288555	-6.280927	NaN	-6.995544
5126.015000	-7.013389	-7.000559	-6.286189	-6.989670	-6.285833	-6.289698	-6.282147	-6.305899	-6.313889	-6.310983	-6.995171	-6.286432	-6.288754	-6.280960	NaN	-6.995425
5146.195000	-7.013473	-7.001121	-6.286055	-6.990073	-6.285655	-6.289204	-6.282520	-6.305355	-6.314063	-6.311269	-6.995319	-6.286142	-6.288243	-6.280975	NaN	-6.995592
5166.375000	-7.013379	-7.000780	-6.285710	-6.989891	-6.285830	-6.289179	-6.282259	-6.305950	-6.313577	-6.311240	-6.995163	-6.286555	-6.288457	-6.280688	NaN	-6.995704
5186.555000	-7.013785	-7.000889	-6.286272	-6.990112	-6.286203	-6.289436	-6.282056	-6.305707	-6.313512	-6.311168	-6.995639	-6.286327	-6.288377	-6.280724	NaN	-6.995827
5206.735000	-7.013524	-7.000461	-6.286000	-6.989706	-6.286004	-6.289313	-6.282364	-6.305975	-6.313896	-6.311106	-6.995595	-6.286134	-6.288500	-6.281076	NaN	-6.995965
5226.915000	-7.013408	-7.000769	-6.286178	-6.990156	-6.285761	-6.289643	-6.282611	-6.305739	-6.314045	-6.311160	-6.995486	-6.286367	-6.288261	-6.280739	NaN	-6.995911
5247.095000	-7.013321	-7.000875	-6.285757	-6.989956	-6.286189	-6.289563	-6.282368	-6.305660	-6.314099	-6.311146	-6.995773	-6.286142	-6.288743	-6.280521	NaN	-6.995508
5267.275000	-7.013585	-7.000381	-6.286004	-6.990174	-6.285993	-6.289182	-6.282426	-6.305932	-6.313853	-6.310866	-6.995726	-6.286145	-6.288547	-6.280960	NaN	-6.995399
5287.455000	-7.013658	-7.000875	-6.285866	-6.989909	-6.285761	-6.289788	-6.282676	-6.305449	-6.313740	-6.310928	-6.995748	-6.286632	-6.288203	-6.280419	NaN	-6.995660
5307.635000	-7.013135	-7.000766	-6.286178	-6.989956	-6.286214	-6.289451	-6.282644	-6.305674	-6.313693	-6.311229	-6.995301	-6.286338	-6.288395	-6.280746	NaN	-6.995809
5327.815000	-7.013487	-7.001042	-6.286011	-6.989884	-6.285964	-6.289342	-6.282353	-6.305943	-6.313838	-6.310823	-6.995570	-6.286541	-6.288526	-6.280793	NaN	-6.995494
5347.995000	-7.013444	-7.000922	-6.285870	-6.990167	-6.285953	-6.289484	-6.282477	-6.305823	-6.313816	-6.311128	-6.995396	-6.286439	-6.288634	-6.280739	NaN	-6.995787
5368.175000	-7.013284	-7.000599	-6.285786	-6.990044	-6.286229	-6.289458	-6.281943	-6.305678	-6.314103	-6.311179	-6.995541	-6.286073	-6.288366	-6.280703	NaN	-6.995791
5388.355000	-7.013081	-7.000410	-6.286189	-6.989848	-6.286000	-6.289821	-6.282375	-6.305489	-6.313947	-6.311433	-6.995200	-6.286512	-6.288820	-6.280492	NaN	-6.996027
5408.535000	-7.013509	-7.000893	-6.286254	-6.990207	-6.286290	-6.289298	-6.282546	-6.305543	-6.313980	-6.311476	-6.995294	-6.286269	-6.288899	-6.280978	NaN	-6.995515
5428.715000	-7.013531	-7.000882	-6.285964	-6.990279	-6.286319	-6.289661	-6.282274	-6.306026	-6.313737	-6.311462	-6.995766	-6.286483	-6.288540	-6.280935	NaN	-6.995483
5448.895000	-7.013625	-7.000907	-6.286116	-6.990105	-6.285637	-6.289494	-6.282343	-6.305703	-6.313744	-6.311175	-6.995094	-6.286396	-6.288217	-6.280793	NaN	-6.995933
5469.075000	-7.013879	-7.000410	-6.285793	-6.989855	-6.285728	-6.289611	-6.282052	-6.305540	-6.313660	-6.310885	-6.995846	-6.286534	-6.288221	-6.280470	NaN	-6.995650
5489.255000	-7.013527	-7.000439	-6.286011	-6.989710	-6.286007	-6.289411	-6.282375	-6.305935	-6.313856	-6.310750	-6.995595	-6.286613	-6.288537	-6.280630	NaN	-6.995958
5509.435000	-7.013662	-7.001230	-6.286381	-6.989811	-6.285684	-6.289389	-6.282187	-6.305507	-6.313606	-6.311487	-6.995657	-6.286686	-6.288395	-6.280880	NaN	-6.995784
5529.615000	-7.013839	-7.000784	-6.285880	-6.990112	-6.286026	-6.289458	-6.282415	-6.305685	-6.314099	-6.311182	-6.995120	-6.286323	-6.288689	-6.280717	NaN	-6.995835
5549.795000	-7.013516	-7.000708	-6.285877	-6.990025	-6.286036	-6.289422	-6.282404	-6.305678	-6.313980	-6.311041	-6.995566	-6.286182	-6.288707	-6.280673	NaN	-6.995581
5569.975000	-7.013429	-7.000973	-6.286327	-6.989909	-6.286153	-6.289552	-6.282081	-6.305380	-6.313486	-6.311418	-6.995588	-6.286327	-6.288442	-6.280423	NaN	-6.995439
5590.155000	-7.013440	-7.000904	-6.285899	-6.990120	-6.285986	-6.289498	-6.282216	-6.305692	-6.313853	-6.311302	-6.995494	-6.286341	-6.288377	-6.280710	NaN	-6.995911
5610.335000	-7.013604	-7.000740	-6.285706	-6.989927	-6.285732	-6.289658	-6.282197	-6.305384	-6.313893	-6.311022	-6.995621	-6.286087	-6.288907	-6.280496	NaN	-6.995508
5630.515000	-7.013538	-7.000788	-6.285971	-6.989706	-6.285989	-6.289621	-6.282415	-6.305906	-6.313824	-6.311041	-6.995733	-6.286323	-6.288511	-6.280546	NaN	-6.995504
5650.695000	-7.013825	-7.000603	-6.286225	-6.990178	-6.285873	-6.289632	-6.282306	-6.305801	-6.313639	-6.310925	-6.995475	-6.286087	-6.288820	-6.280877	NaN	-6.995817
5670.875000	-7.013600	-7.001071	-6.285684	-6.990334	-6.285902	-6.289132	-6.282219	-6.305935	-6.313896	-6.310983	-6.995468	-6.286327	-6.288395	-6.281000	NaN	-6.996067
5691.055000	-7.013495	-7.000777	-6.285989	-6.989953	-6.286058	-6.289679	-6.282408	-6.305449	-6.313842	-6.310975	-6.995584	-6.286171	-6.288529	-6.280478	NaN	-6.995936
5711.235000	-7.013636	-7.000265	-6.285645	-6.989630	-6.285848	-6.289741	-6.281980	-6.305402	-6.314143	-6.310990	-6.995269	-6.286069	-6.288569	-6.280957	NaN	-6.995657
5731.415000	-7.013048	-7.000798	-6.285938	-6.990479	-6.285710	-6.289422	-6.282259	-6.305841	-6.313562	-6.311335	-6.995254	-6.286530	-6.288355	-6.280434	NaN	-6.995864
5751.595000	-7.013596	-7.000697	-6.286018	-6.989666	-6.286007	-6.289629	-6.282455	-6.305754	-6.313893	-6.311175	-6.995708	-6.286497	-6.288482	-6.280822	NaN	-6.995693
5771.785000	-7.013038	-7.000733	-6.286160	-6.990287	-6.286076	-6.289222	-6.282285	-6.305707	-6.314031	-6.311164	-6.995316	-6.286363	-6.288348	-6.280673	NaN	-6.996045
5791.965000	-7.013611	-7.000606	-6.285993	-6.989634	-6.285971	-6.289251	-6.282404	-6.305656	-6.313856	-6.311175	-6.995635	-6.286116	-6.288500	-6.280739	NaN	-6.995664
5812.145000	-7.013582	-7.000486	-6.286011	-6.990141	-6.286011	-6.289520	-6.282343	-6.305725	-6.313795	-6.310899	-6.995650	-6.286592	-6.288562	-6.280946	NaN	-6.995595
5832.325000	-7.013262	-7.001060	-6.286145	-6.990181	-6.285993	-6.289785	-6.282430	-6.306051	-6.313845	-6.310852	-6.995417	-6.286661	-6.288177	-6.280917	NaN	-6.995523
5852.505000	-7.013248	-7.000798	-6.286095	-6.990374	-6.285917	-6.289542	-6.282299	-6.305754	-6.313791	-6.311117	-6.995512	-6.286505	-6.288478	-6.280844	NaN	-6.996016
5872.685000	-7.013400	-7.000795	-6.285942	-6.990080	-6.286084	-6.289415	-6.282070	-6.305703	-6.314031	-6.311189	-6.995766	-6.286421	-6.288261	-6.280721	NaN	-6.995784
5892.865000	-7.013553	-7.000795	-6.286058	-6.990105	-6.286319	-6.289473	-6.282408	-6.305837	-6.313820	-6.311182	-6.995058	-6.286363	-6.288468	-6.280721	NaN	-6.995842
5913.045000	-7.013571	-7.001092	-6.286036	-6.990098	-6.286185	-6.289473	-6.282495	-6.305743	-6.313885	-6.311215	-6.995494	-6.286403	-6.288449	-6.280684	NaN	-6.995980
5933.225000	-7.013408	-7.000925	-6.286018	-6.990185	-6.285989	-6.289444	-6.282372	-6.305681	-6.313816	-6.311113	-6.995374	-6.286465	-6.288507	-6.280833	NaN	-6.995911
5953.415000	-7.013593	-7.000566	-6.286327	-6.990073	-6.286388	-6.289748	-6.282368	-6.305801	-6.314132	-6.310892	-6.995780	-6.286581	-6.288163	-6.280409	NaN	-6.995595
5973.595000	-7.013462	-7.000515	-6.286055	-6.989869	-6.286004	-6.289433	-6.282412	-6.305609	-6.313965	-6.311091	-6.995780	-6.286421	-6.288609	-6.280717	NaN	-6.995613
5993.775000	-7.013564	-7.001074	-6.285735	-6.989757	-6.286044	-6.289124	-6.282397	-6.305594	-6.314270	-6.311084	-6.995777	-6.286142	-6.288547	-6.280292	NaN	-6.995784
6013.955000	-7.013636	-7.000465	-6.286265	-6.990305	-6.285906	-6.289012	-6.282045	-6.306033	-6.314183	-6.311211	-6.995102	-6.285942	-6.288344	-6.280347	NaN	-6.995660
6034.135000	-7.013495	-7.000777	-6.285931	-6.989833	-6.285968	-6.289636	-6.282357	-6.305373	-6.313864	-6.311498	-6.995588	-6.286446	-6.288507	-6.280866	NaN	-6.996009
6054.315000	-7.013259	-7.000642	-6.285917	-6.989779	-6.286410	-6.289103	-6.282023	-6.305852	-6.314092	-6.310906	-6.995323	-6.286686	-6.288660	-6.280568	NaN	-6.995454
6074.495000	-7.013404	-7.000915	-6.285880	-6.990080	-6.285870	-6.289335	-6.282201	-6.305631	-6.313722	-6.311139	-6.995232	-6.286222	-6.288656	-6.280681	NaN	-6.995787
6094.675000	-7.013513	-7.000690	-6.285666	-6.989681	-6.286091	-6.289865	-6.282549	-6.305710	-6.313998	-6.310895	-6.995374	-6.286283	-6.288878	-6.280427	NaN	-6.995490
6114.855000	-7.013564	-7.000918	-6.286011	-6.989829	-6.285938	-6.289806	-6.282353	-6.305540	-6.313853	-6.310983	-6.995559	-6.286483	-6.288308	-6.280804	NaN	-6.995592
6135.045000	-7.013495	-7.000515	-6.285982	-6.989619	-6.285971	-6.289280	-6.282353	-6.305895	-6.313838	-6.310964	-6.995624	-6.286044	-6.288526	-6.280924	NaN	-6.995860
6155.225000	-7.013306	-7.000922	-6.286026	-6.990225	-6.285978	-6.289418	-6.282343	-6.305728	-6.313802	-6.311200	-6.995345	-6.286388	-6.288453	-6.280746	NaN	-6.995980
6175.405000	-7.013143	-7.000682	-6.286265	-6.989800	-6.286294	-6.289803	-6.282168	-6.305707	-6.313461	-6.310816	-6.995025	-6.286069	-6.288598	-6.280543	NaN	-6.996147
6195.585000	-7.013440	-7.001009	-6.285982	-6.989757	-6.286011	-6.289219	-6.282393	-6.305533	-6.313896	-6.311237	-6.995602	-6.286265	-6.288555	-6.280655	NaN	-6.995849
6215.765000	-7.013578	-7.000646	-6.285968	-6.989884	-6.285949	-6.289429	-6.282292	-6.305674	-6.313820	-6.311164	-6.995668	-6.286287	-6.288497	-6.280666	NaN	-6.995610
6235.945000	-7.013553	-7.000893	-6.285975	-6.990141	-6.285978	-6.289465	-6.282404	-6.305453	-6.313813	-6.311015	-6.995610	-6.286610	-6.288547	-6.280732	NaN	-6.995737
6256.125000	-7.013487	-7.000955	-6.285960	-6.989906	-6.285880	-6.289215	-6.282357	-6.305754	-6.313780	-6.310914	-6.995581	-6.286269	-6.288522	-6.280430	NaN	-6.995711
6276.305000	-7.013600	-7.000748	-6.285851	-6.989895	-6.285645	-6.289429	-6.282168	-6.305699	-6.313566	-6.311135	-6.995682	-6.286356	-6.288718	-6.280713	NaN	-6.995780
6296.485000	-7.013760	-7.000846	-6.285735	-6.990294	-6.285539	-6.289375	-6.282281	-6.305848	-6.313533	-6.311269	-6.995965	-6.286185	-6.288148	-6.280641	NaN	-6.996081
6316.665000	-7.012900	-7.001118	-6.285616	-6.989822	-6.285949	-6.289567	-6.282546	-6.306004	-6.313450	-6.310856	-6.995664	-6.286287	-6.288185	-6.281015	NaN	-6.996027
6336.855000	-7.013553	-7.000544	-6.285928	-6.989822	-6.286327	-6.289799	-6.282738	-6.305337	-6.313468	-6.311066	-6.995708	-6.286613	-6.288718	-6.280967	NaN	-6.995824
6357.035000	-7.013255	-7.000548	-6.285557	-6.990196	-6.286055	-6.289117	-6.281994	-6.305406	-6.313439	-6.310997	-6.995312	-6.286105	-6.288722	-6.280866	NaN	-6.995918
6377.225000	-7.013538	-7.001031	-6.286138	-6.989710	-6.286207	-6.289030	-6.281987	-6.305373	-6.313486	-6.310993	-6.995755	-6.286508	-6.288624	-6.280673	NaN	-6.995965
6397.405000	-7.013277	-7.000646	-6.285779	-6.989858	-6.285772	-6.289455	-6.282557	-6.305663	-6.313987	-6.311157	-6.995806	-6.286388	-6.288689	-6.280673	NaN	-6.995711
6417.585000	-7.013618	-7.000610	-6.285978	-6.989917	-6.285993	-6.289407	-6.282372	-6.305652	-6.313780	-6.311106	-6.995650	-6.286330	-6.288486	-6.280663	NaN	-6.995657
6437.765000	-7.013038	-7.000457	-6.286015	-6.990196	-6.286301	-6.289153	-6.282691	-6.305558	-6.314190	-6.310943	-6.995494	-6.286280	-6.288199	-6.280953	NaN	-6.995896
6457.945000	-7.013756	-7.000668	-6.285768	-6.989790	-6.286134	-6.289618	-6.282658	-6.305932	-6.313457	-6.310823	-6.995650	-6.286022	-6.288134	-6.280699	NaN	-6.996154
6478.135000	-7.013658	-7.000632	-6.285975	-6.989873	-6.286040	-6.289513	-6.282343	-6.305728	-6.313827	-6.311135	-6.995374	-6.286301	-6.288478	-6.280684	NaN	-6.995983
6498.315000	-7.013847	-7.000330	-6.285782	-6.989967	-6.286312	-6.289643	-6.282531	-6.305467	-6.313965	-6.310892	-6.995178	-6.286044	-6.288228	-6.280612	NaN	-6.995831
6518.495000	-7.013614	-7.000280	-6.286301	-6.989561	-6.285953	-6.289124	-6.282074	-6.305482	-6.313766	-6.311015	-6.995679	-6.286733	-6.288366	-6.280644	NaN	-6.995907
6538.675000	-7.013404	-7.001216	-6.285913	-6.990116	-6.285971	-6.289770	-6.282335	-6.305703	-6.313791	-6.311048	-6.995439	-6.286472	-6.288526	-6.280753	NaN	-6.996237
6558.855000	-7.013669	-7.000900	-6.286160	-6.990279	-6.285655	-6.289814	-6.282578	-6.305761	-6.313494	-6.310863	-6.995185	-6.286621	-6.288584	-6.280964	NaN	-6.995824
6579.035000	-7.013600	-7.000642	-6.285957	-6.989858	-6.285989	-6.289436	-6.282303	-6.305750	-6.313853	-6.311128	-6.995566	-6.286258	-6.288609	-6.280652	NaN	-6.995766
6599.215000	-7.013546	-7.000994	-6.286163	-6.989630	-6.286087	-6.289716	-6.282353	-6.305496	-6.313780	-6.311124	-6.995428	-6.286153	-6.288348	-6.280833	NaN	-6.995526
6619.395000	-7.013593	-7.000388	-6.285975	-6.990341	-6.285982	-6.289458	-6.282419	-6.305471	-6.313577	-6.311309	-6.995697	-6.286040	-6.288703	-6.280808	NaN	-6.995806
6639.575000	-7.013382	-7.000875	-6.285920	-6.990185	-6.285859	-6.289440	-6.282223	-6.305757	-6.313733	-6.311168	-6.995330	-6.286457	-6.288602	-6.280764	NaN	-6.995911
6659.755000	-7.013230	-7.000548	-6.286290	-6.990192	-6.286214	-6.289836	-6.282724	-6.305656	-6.313599	-6.311440	-6.995011	-6.286465	-6.288624	-6.280405	NaN	-6.996041
6679.935000	-7.013419	-7.000867	-6.285772	-6.990112	-6.285884	-6.289542	-6.282256	-6.305776	-6.313918	-6.311019	-6.995501	-6.286472	-6.288547	-6.280673	NaN	-6.995929
6700.115000	-7.013346	-7.000552	-6.285938	-6.989993	-6.285982	-6.289313	-6.282368	-6.305431	-6.313838	-6.310895	-6.995417	-6.286537	-6.288529	-6.281029	NaN	-6.996129
6720.295000	-7.013448	-7.000719	-6.285597	-6.990366	-6.286138	-6.289240	-6.282317	-6.305776	-6.313740	-6.311512	-6.995570	-6.286403	-6.288217	-6.280655	NaN	-6.996041
6740.475000	-7.013422	-7.000222	-6.286182	-6.990218	-6.285743	-6.289375	-6.282310	-6.305772	-6.314092	-6.311189	-6.995501	-6.286632	-6.288337	-6.280532	NaN	-6.995290
6760.655000	-7.013596	-7.000708	-6.286007	-6.990076	-6.285924	-6.289455	-6.282241	-6.305776	-6.313679	-6.311313	-6.995552	-6.286403	-6.288627	-6.280819	NaN	-6.995628
6780.835000	-7.013883	-7.000864	-6.285917	-6.989630	-6.285670	-6.289487	-6.282473	-6.305721	-6.314190	-6.311160	-6.995693	-6.286341	-6.288279	-6.280641	NaN	-6.995787
6801.015000	-7.013215	-7.000454	-6.285739	-6.989815	-6.285753	-6.289266	-6.281958	-6.305340	-6.314034	-6.311226	-6.995127	-6.286657	-6.288214	-6.280372	NaN	-6.995980
6821.195000	-7.012965	-7.000457	-6.285710	-6.990131	-6.286316	-6.289843	-6.282136	-6.306099	-6.314136	-6.311335	-6.995508	-6.286657	-6.288845	-6.280343	NaN	-6.995690
6841.375000	-7.013426	-7.000603	-6.285975	-6.989982	-6.286287	-6.289538	-6.282466	-6.305852	-6.313758	-6.311440	-6.995225	-6.286581	-6.288515	-6.280608	NaN	-6.995900
6861.555000	-7.013458	-7.000719	-6.285677	-6.989971	-6.285721	-6.289451	-6.282285	-6.306015	-6.313606	-6.311447	-6.995214	-6.286635	-6.288163	-6.280677	NaN	-6.996052
6881.735000	-7.013350	-7.000809	-6.285971	-6.990207	-6.285971	-6.289640	-6.282346	-6.305377	-6.313809	-6.311400	-6.995399	-6.286051	-6.288493	-6.280452	NaN	-6.996045
6901.915000	-7.013749	-7.000769	-6.286076	-6.990171	-6.286131	-6.289161	-6.282303	-6.305529	-6.314027	-6.310939	-6.995885	-6.286519	-6.288725	-6.280957	NaN	-6.995479
6922.095000	-7.013306	-7.000871	-6.285924	-6.989731	-6.286134	-6.289211	-6.282114	-6.305997	-6.313689	-6.310852	-6.995584	-6.286472	-6.288645	-6.280837	NaN	-6.995468
6942.275000	-7.013720	-7.000537	-6.285837	-6.989888	-6.285870	-6.289331	-6.282401	-6.305667	-6.313773	-6.311182	-6.995602	-6.286374	-6.288439	-6.280597	NaN	-6.995533
6962.455000	-7.013520	-7.000584	-6.285750	-6.989917	-6.286029	-6.289447	-6.282125	-6.305631	-6.314081	-6.311131	-6.995922	-6.286323	-6.288268	-6.280666	NaN	-6.995450
6982.635000	-7.013683	-7.000726	-6.286120	-6.990105	-6.286142	-6.289433	-6.282353	-6.305685	-6.313642	-6.311179	-6.995860	-6.286359	-6.288239	-6.280710	NaN	-6.995773
7002.815000	-7.013593	-7.000693	-6.285764	-6.989942	-6.286334	-6.289444	-6.282172	-6.305689	-6.313548	-6.311160	-6.995704	-6.286338	-6.288315	-6.280670	NaN	-6.995642
7022.995000	-7.013498	-7.000584	-6.286167	-6.989909	-6.286091	-6.289440	-6.282593	-6.305710	-6.313755	-6.311102	-6.995508	-6.286345	-6.288511	-6.280626	NaN	-6.995639
7043.175000	-7.013633	-7.000385	-6.285870	-6.990171	-6.285797	-6.289175	-6.282078	-6.305333	-6.314074	-6.311077	-6.995240	-6.286523	-6.288787	-6.280499	NaN	-6.995606
7063.355000	-7.013324	-7.000980	-6.286058	-6.990167	-6.285841	-6.289505	-6.282343	-6.305841	-6.313711	-6.311269	-6.995385	-6.286276	-6.288355	-6.280826	NaN	-6.995944
7083.535000	-7.013491	-7.000853	-6.286084	-6.990160	-6.286051	-6.289396	-6.282324	-6.305761	-6.313697	-6.311124	-6.995298	-6.286367	-6.288605	-6.280619	NaN	-6.995925
7103.715000	-7.013411	-7.001038	-6.285971	-6.990446	-6.286011	-6.289531	-6.282357	-6.306037	-6.313849	-6.310852	-6.995508	-6.286149	-6.288475	-6.280590	NaN	-6.995544
7123.895000	-7.013248	-7.001092	-6.285949	-6.990330	-6.285801	-6.289378	-6.282306	-6.305656	-6.314136	-6.311287	-6.995087	-6.286446	-6.288402	-6.280467	NaN	-6.996190
7144.075000	-7.013604	-7.000432	-6.285935	-6.990033	-6.285964	-6.289545	-6.282306	-6.305565	-6.313860	-6.311135	-6.995715	-6.286294	-6.288439	-6.280659	NaN	-6.995468
7164.255000	-7.013542	-7.000599	-6.285960	-6.989898	-6.286004	-6.289415	-6.282343	-6.305692	-6.313856	-6.311208	-6.995635	-6.286334	-6.288558	-6.280648	NaN	-6.995650
7184.435000	-7.013676	-7.000454	-6.285764	-6.989782	-6.286022	-6.289465	-6.282433	-6.305536	-6.313729	-6.311327	-6.995497	-6.286323	-6.288671	-6.280608	NaN	-6.995642
7204.615000	-7.013596	-7.000994	-6.285721	-6.990406	-6.286287	-6.289640	-6.282150	-6.305485	-6.314092	-6.310758	-6.995254	-6.286679	-6.288188	-6.280982	NaN	-6.996023
7224.795000	-7.013063	-7.000766	-6.286047	-6.990258	-6.285949	-6.289469	-6.282187	-6.305540	-6.313972	-6.311135	-6.995240	-6.286327	-6.288656	-6.280692	NaN	-6.995787
7244.975000	-7.013796	-7.000374	-6.286178	-6.989695	-6.285688	-6.289719	-6.282539	-6.306041	-6.313610	-6.310972	-6.995341	-6.285946	-6.288892	-6.280336	NaN	-6.995417
7265.155000	-7.013538	-7.000588	-6.285801	-6.989967	-6.286018	-6.289455	-6.282205	-6.305565	-6.313715	-6.311171	-6.995813	-6.286316	-6.288500	-6.280659	NaN	-6.995592
7285.335000	-7.013411	-7.001147	-6.285938	-6.990087	-6.285935	-6.289393	-6.282328	-6.305645	-6.313791	-6.310954	-6.995421	-6.286044	-6.288555	-6.280913	NaN	-6.996168
7305.515000	-7.013154	-7.000730	-6.286283	-6.990004	-6.285721	-6.289509	-6.282114	-6.305699	-6.313806	-6.311157	-6.995345	-6.286356	-6.288649	-6.280681	NaN	-6.995671
7325.695000	-7.013350	-7.000407	-6.286124	-6.989684	-6.286076	-6.289806	-6.282295	-6.306088	-6.313896	-6.311222	-6.995189	-6.286602	-6.288830	-6.280655	NaN	-6.995820
7345.875000	-7.013302	-7.000940	-6.285946	-6.990236	-6.285920	-6.289400	-6.282332	-6.305747	-6.313827	-6.311113	-6.995338	-6.286359	-6.288489	-6.280695	NaN	-6.995933
7366.055000	-7.013143	-7.000530	-6.286171	-6.989757	-6.286047	-6.289748	-6.282491	-6.306011	-6.313849	-6.311117	-6.995406	-6.286700	-6.288812	-6.280303	NaN	-6.996161
7386.235000	-7.013204	-7.001034	-6.286232	-6.989851	-6.285880	-6.289074	-6.282637	-6.305699	-6.313548	-6.311001	-6.995127	-6.286113	-6.288849	-6.280967	NaN	-6.995541
7406.415000	-7.013175	-7.000958	-6.285895	-6.990203	-6.286069	-6.289422	-6.282343	-6.305667	-6.313827	-6.311313	-6.995486	-6.286479	-6.288547	-6.280753	NaN	-6.995889
7426.595000	-7.013157	-7.001074	-6.286044	-6.989982	-6.286044	-6.289425	-6.282448	-6.305631	-6.313849	-6.311153	-6.995381	-6.286392	-6.288555	-6.280713	NaN	-6.995925
7446.775000	-7.013629	-7.000976	-6.286185	-6.990287	-6.285909	-6.289629	-6.282466	-6.305601	-6.314020	-6.311313	-6.995744	-6.286661	-6.288569	-6.280982	NaN	-6.995595
7466.955000	-7.013760	-7.000320	-6.285844	-6.989692	-6.285822	-6.289396	-6.282176	-6.305986	-6.313657	-6.311258	-6.995606	-6.286349	-6.288464	-6.280546	NaN	-6.995410
7487.135000	-7.013564	-7.000969	-6.285938	-6.990221	-6.286261	-6.289298	-6.282060	-6.305692	-6.314092	-6.311284	-6.995559	-6.286341	-6.288199	-6.280800	NaN	-6.996056
7507.315000	-7.013814	-7.000421	-6.285957	-6.989829	-6.286309	-6.289135	-6.282716	-6.305268	-6.313762	-6.311440	-6.995276	-6.286704	-6.288192	-6.280351	NaN	-6.995436
7527.495000	-7.013607	-7.000552	-6.286207	-6.989761	-6.285634	-6.289353	-6.281998	-6.305540	-6.314114	-6.311367	-6.995062	-6.286555	-6.288827	-6.280884	NaN	-6.995606
7547.675000	-7.013680	-7.000359	-6.286149	-6.990141	-6.285634	-6.289110	-6.282361	-6.305391	-6.314118	-6.311403	-6.995882	-6.286682	-6.288863	-6.280441	NaN	-6.995856
7567.855000	-7.013237	-7.000871	-6.285895	-6.990178	-6.286080	-6.289451	-6.282426	-6.305776	-6.313773	-6.311153	-6.995479	-6.286352	-6.288555	-6.280713	NaN	-6.995911
7588.035000	-7.013800	-7.000726	-6.285761	-6.990004	-6.286309	-6.289393	-6.282219	-6.305728	-6.313853	-6.311110	-6.995258	-6.286349	-6.288235	-6.280713	NaN	-6.995737
7608.215000	-7.013542	-7.000272	-6.285775	-6.990029	-6.285837	-6.289549	-6.282226	-6.305870	-6.313610	-6.311443	-6.995671	-6.286512	-6.288664	-6.280713	NaN	-6.995232
7628.395000	-7.013484	-7.000494	-6.285782	-6.989775	-6.286065	-6.289534	-6.282139	-6.305522	-6.313682	-6.310972	-6.995748	-6.286251	-6.288341	-6.280804	NaN	-6.995370
7648.575000	-7.013382	-7.000392	-6.285822	-6.990120	-6.286178	-6.289161	-6.282470	-6.305420	-6.313896	-6.311433	-6.995762	-6.286251	-6.288308	-6.280927	NaN	-6.995406
7668.755000	-7.013669	-7.000523	-6.285822	-6.989848	-6.285880	-6.289298	-6.282263	-6.305667	-6.313722	-6.311131	-6.995660	-6.286309	-6.288424	-6.280659	NaN	-6.995679
7688.935000	-7.013611	-7.000690	-6.285717	-6.989982	-6.286087	-6.289429	-6.282531	-6.305652	-6.314103	-6.311081	-6.995610	-6.286330	-6.288312	-6.280648	NaN	-6.995777
7709.115000	-7.013226	-7.000740	-6.285641	-6.989735	-6.285873	-6.289346	-6.282183	-6.305478	-6.313657	-6.311462	-6.995022	-6.286192	-6.288899	-6.280478	NaN	-6.995994
7729.295000	-7.013244	-7.000904	-6.285928	-6.990178	-6.285942	-6.289371	-6.282317	-6.305638	-6.313842	-6.311135	-6.995414	-6.286352	-6.288493	-6.280670	NaN	-6.996045
7749.475000	-7.013252	-7.000929	-6.285946	-6.989993	-6.285833	-6.289549	-6.282310	-6.305837	-6.313875	-6.311077	-6.995417	-6.286276	-6.288351	-6.280833	NaN	-6.995994
7769.655000	-7.013292	-7.000911	-6.286004	-6.990185	-6.286000	-6.289455	-6.282317	-6.305674	-6.313838	-6.311135	-6.995348	-6.286349	-6.288478	-6.280721	NaN	-6.995947
7789.835000	-7.013477	-7.000857	-6.285848	-6.990189	-6.285888	-6.289309	-6.282433	-6.305656	-6.313994	-6.311091	-6.995272	-6.286243	-6.288511	-6.280775	NaN	-6.996114
7810.015000	-7.013749	-7.000984	-6.286156	-6.990156	-6.285666	-6.289661	-6.282651	-6.305420	-6.314118	-6.311302	-6.995726	-6.286555	-6.288497	-6.280351	NaN	-6.996063
7830.195000	-7.013810	-7.001038	-6.285982	-6.990080	-6.286171	-6.289792	-6.282524	-6.305554	-6.313831	-6.310812	-6.995454	-6.286098	-6.288312	-6.280365	NaN	-6.996089
7850.375000	-7.013821	-7.000381	-6.285862	-6.989688	-6.286258	-6.289806	-6.282462	-6.305482	-6.314034	-6.311218	-6.995951	-6.286327	-6.288507	-6.280456	NaN	-6.995802
7870.555000	-7.013448	-7.000388	-6.285968	-6.990283	-6.286007	-6.289603	-6.282364	-6.305485	-6.313726	-6.311407	-6.995904	-6.286446	-6.288758	-6.280546	NaN	-6.995893
7890.735000	-7.013426	-7.000642	-6.285888	-6.990102	-6.285888	-6.289171	-6.282386	-6.305874	-6.313751	-6.311374	-6.995221	-6.286378	-6.288547	-6.280474	NaN	-6.995777
7910.915000	-7.013146	-7.000835	-6.285891	-6.990181	-6.286214	-6.289465	-6.281972	-6.305714	-6.313548	-6.311135	-6.995690	-6.286330	-6.288395	-6.280710	NaN	-6.995846
7931.095000	-7.013731	-7.000762	-6.285601	-6.990138	-6.286312	-6.289476	-6.282103	-6.305714	-6.313693	-6.311124	-6.995769	-6.286367	-6.288221	-6.280666	NaN	-6.995907
7951.275000	-7.013016	-7.000842	-6.286036	-6.990087	-6.286236	-6.289491	-6.282103	-6.305696	-6.313755	-6.311102	-6.995127	-6.286388	-6.288526	-6.280655	NaN	-6.995878
7971.455000	-7.013077	-7.000798	-6.285655	-6.990098	-6.286280	-6.289451	-6.282676	-6.305678	-6.313737	-6.311146	-6.995116	-6.286352	-6.288413	-6.280659	NaN	-6.995885
7991.635000	-7.013542	-7.000769	-6.285924	-6.989989	-6.285899	-6.289455	-6.282121	-6.305660	-6.314078	-6.311052	-6.995301	-6.286327	-6.288478	-6.280681	NaN	-6.995842
8011.815000	-7.013273	-7.000570	-6.286069	-6.989688	-6.286044	-6.289393	-6.282379	-6.305344	-6.314139	-6.311403	-6.995849	-6.286073	-6.288761	-6.280888	NaN	-6.995969
8031.995000	-7.013734	-7.000835	-6.286240	-6.990054	-6.285699	-6.289291	-6.282455	-6.305689	-6.314020	-6.311131	-6.995479	-6.286584	-6.288660	-6.280797	NaN	-6.995682
8052.175000	-7.013408	-7.000541	-6.285928	-6.989931	-6.286036	-6.289473	-6.282241	-6.305718	-6.313646	-6.311135	-6.995515	-6.286272	-6.288362	-6.280641	NaN	-6.995515
8072.355000	-7.013204	-7.000755	-6.286098	-6.990258	-6.285666	-6.289331	-6.282299	-6.305518	-6.313856	-6.310739	-6.995802	-6.286370	-6.288783	-6.280873	NaN	-6.995359
8092.535000	-7.013154	-7.000708	-6.286091	-6.989989	-6.286160	-6.289295	-6.282176	-6.305500	-6.313900	-6.311237	-6.995472	-6.286207	-6.288366	-6.280949	NaN	-6.995751
8112.715000	-7.013778	-7.000399	-6.285761	-6.989731	-6.285623	-6.289182	-6.282038	-6.305884	-6.314074	-6.311182	-6.995515	-6.286240	-6.288333	-6.280514	NaN	-6.995570
8132.895000	-7.013604	-7.000871	-6.286294	-6.990181	-6.285775	-6.289433	-6.281969	-6.305906	-6.313591	-6.310877	-6.995584	-6.286091	-6.288195	-6.280964	NaN	-6.995548
8153.075000	-7.013546	-7.000613	-6.285986	-6.989924	-6.285964	-6.289447	-6.282335	-6.305670	-6.313820	-6.311149	-6.995613	-6.286341	-6.288464	-6.280673	NaN	-6.995610
8173.255000	-7.013556	-7.000791	-6.286305	-6.990025	-6.285906	-6.289298	-6.282074	-6.306113	-6.314183	-6.311160	-6.995229	-6.286690	-6.288765	-6.280503	NaN	-6.996081
8193.435000	-7.013498	-7.000759	-6.286153	-6.990105	-6.286200	-6.289429	-6.281976	-6.305638	-6.313766	-6.311538	-6.995548	-6.286272	-6.288377	-6.280615	NaN	-6.995846
8213.615000	-7.013121	-7.000867	-6.285761	-6.990181	-6.286142	-6.289451	-6.282437	-6.305667	-6.313780	-6.311168	-6.995138	-6.286356	-6.288377	-6.280721	NaN	-6.996161
8233.795000	-7.013353	-7.000933	-6.285960	-6.990047	-6.285975	-6.289451	-6.282299	-6.305670	-6.313845	-6.311033	-6.995439	-6.286363	-6.288526	-6.280706	NaN	-6.995867
8253.975000	-7.012936	-7.000403	-6.285957	-6.990552	-6.286229	-6.289825	-6.282484	-6.305583	-6.314154	-6.310819	-6.995207	-6.286472	-6.288192	-6.281018	NaN	-6.996078
8274.155000	-7.013585	-7.001212	-6.285906	-6.989793	-6.286345	-6.289117	-6.282241	-6.305903	-6.314009	-6.311059	-6.995214	-6.286704	-6.288344	-6.280666	NaN	-6.995849
8294.335000	-7.013306	-7.001031	-6.285674	-6.989993	-6.286323	-6.289081	-6.282270	-6.305431	-6.313617	-6.311407	-6.995864	-6.286065	-6.288094	-6.280619	NaN	-6.995994
8314.515000	-7.013219	-7.001067	-6.286392	-6.990054	-6.285989	-6.289509	-6.282578	-6.305678	-6.314107	-6.311454	-6.995396	-6.285884	-6.288446	-6.280434	NaN	-6.995504
8334.695000	-7.012987	-7.000853	-6.286087	-6.990123	-6.285772	-6.289389	-6.282557	-6.305689	-6.313541	-6.311110	-6.995766	-6.286352	-6.288776	-6.280670	NaN	-6.995860
8354.875000	-7.013723	-7.000940	-6.285659	-6.989913	-6.286113	-6.289382	-6.282426	-6.306001	-6.314194	-6.311465	-6.995708	-6.286309	-6.288555	-6.280626	NaN	-6.995334
8375.055000	-7.013502	-7.000505	-6.285924	-6.989811	-6.285942	-6.289171	-6.282361	-6.305456	-6.313784	-6.311451	-6.995606	-6.286319	-6.288504	-6.280456	NaN	-6.996023
8395.235000	-7.013215	-7.000813	-6.285942	-6.990134	-6.286033	-6.289411	-6.282310	-6.305689	-6.313798	-6.311113	-6.995341	-6.286312	-6.288518	-6.280659	NaN	-6.995973
8415.415000	-7.013712	-7.000806	-6.285735	-6.990120	-6.286240	-6.289440	-6.282310	-6.305681	-6.313940	-6.311157	-6.995406	-6.286345	-6.288761	-6.280695	NaN	-6.995813
8435.595000	-7.013658	-7.000261	-6.285634	-6.989594	-6.286200	-6.289074	-6.282430	-6.305380	-6.313780	-6.310961	-6.995617	-6.286602	-6.288312	-6.280615	NaN	-6.995327
8455.775000	-7.013498	-7.000330	-6.285982	-6.990185	-6.286011	-6.289727	-6.282299	-6.305964	-6.313882	-6.310877	-6.995610	-6.286269	-6.288497	-6.280351	NaN	-6.995457
8475.965000	-7.013451	-7.000639	-6.285938	-6.990312	-6.285942	-6.289484	-6.282626	-6.305718	-6.313628	-6.311182	-6.995864	-6.286316	-6.288362	-6.280663	NaN	-6.995748
8496.145000	-7.013168	-7.000762	-6.286261	-6.990069	-6.286261	-6.289153	-6.281853	-6.305710	-6.313704	-6.310874	-6.995265	-6.286145	-6.288656	-6.280568	NaN	-6.995867
8516.325000	-7.013197	-7.000755	-6.285699	-6.990051	-6.285906	-6.289429	-6.282531	-6.305678	-6.313791	-6.311313	-6.995105	-6.286679	-6.288671	-6.280652	NaN	-6.995820
8536.505000	-7.013048	-7.000824	-6.285790	-6.990250	-6.285782	-6.289462	-6.282168	-6.305725	-6.313718	-6.311171	-6.995494	-6.286370	-6.288442	-6.280663	NaN	-6.995965
8556.685000	-7.013386	-7.000904	-6.286178	-6.990152	-6.286080	-6.289444	-6.282078	-6.305725	-6.313610	-6.311189	-6.995265	-6.286367	-6.288722	-6.280713	NaN	-6.995994
8576.865000	-7.013419	-7.000944	-6.285695	-6.990163	-6.286109	-6.289618	-6.282539	-6.305656	-6.313882	-6.311186	-6.995240	-6.286515	-6.288540	-6.280634	NaN	-6.995991
8597.045000	-7.013172	-7.000722	-6.285938	-6.990076	-6.286073	-6.289542	-6.282125	-6.305732	-6.313726	-6.311233	-6.995294	-6.286287	-6.288435	-6.280536	NaN	-6.996002
8617.225000	-7.013636	-7.000559	-6.285862	-6.989485	-6.285964	-6.289335	-6.282310	-6.305380	-6.313820	-6.311316	-6.995494	-6.286102	-6.288449	-6.280463	NaN	-6.995806
8637.405000	-7.013106	-7.000693	-6.285790	-6.989753	-6.285899	-6.289661	-6.282096	-6.305732	-6.313559	-6.310848	-6.995889	-6.286236	-6.288163	-6.280459	NaN	-6.995773
8657.585000	-7.013001	-7.000762	-6.285764	-6.990312	-6.285801	-6.289669	-6.282154	-6.305863	-6.314154	-6.311015	-6.995675	-6.286207	-6.288547	-6.280387	NaN	-6.995570
8677.765000	-7.013553	-7.000675	-6.286004	-6.989884	-6.286007	-6.289444	-6.282321	-6.305710	-6.313845	-6.311095	-6.995642	-6.286352	-6.288493	-6.280634	NaN	-6.995613
8697.945000	-7.013317	-7.000860	-6.285957	-6.990247	-6.285942	-6.289451	-6.282364	-6.305667	-6.313860	-6.311164	-6.995385	-6.286338	-6.288486	-6.280699	NaN	-6.995980
8718.125000	-7.013676	-7.000439	-6.286127	-6.989920	-6.286026	-6.289796	-6.282165	-6.305514	-6.313954	-6.310779	-6.995312	-6.286475	-6.288569	-6.280960	NaN	-6.995577
8738.305000	-7.013520	-7.000523	-6.285938	-6.989942	-6.285942	-6.289476	-6.282321	-6.305667	-6.313864	-6.311102	-6.995635	-6.286327	-6.288486	-6.280673	NaN	-6.995650
8758.485000	-7.013734	-7.000334	-6.286251	-6.990167	-6.285935	-6.289549	-6.282266	-6.305402	-6.313490	-6.311204	-6.995421	-6.286602	-6.288834	-6.280960	NaN	-6.995860
8778.665000	-7.013578	-7.000711	-6.285801	-6.990174	-6.286142	-6.289436	-6.282052	-6.305369	-6.314208	-6.311160	-6.996012	-6.286033	-6.288130	-6.280677	NaN	-6.995559
8798.845000	-7.013360	-7.000548	-6.285920	-6.989695	-6.285964	-6.289498	-6.282339	-6.305739	-6.313777	-6.310852	-6.995581	-6.286370	-6.288478	-6.280859	NaN	-6.995563
8819.025000	-7.013110	-7.000704	-6.286015	-6.990094	-6.285993	-6.289567	-6.282364	-6.305533	-6.313711	-6.311349	-6.995174	-6.286290	-6.288645	-6.280583	NaN	-6.996125
8839.205000	-7.013444	-7.000929	-6.286174	-6.990232	-6.285782	-6.289455	-6.282179	-6.305692	-6.313864	-6.311171	-6.995671	-6.286370	-6.288268	-6.280648	NaN	-6.995965
8859.385000	-7.013146	-7.000788	-6.285859	-6.989996	-6.286232	-6.289113	-6.282172	-6.305805	-6.314041	-6.311171	-6.995396	-6.285982	-6.288123	-6.280757	NaN	-6.995348
8879.565000	-7.013538	-7.000828	-6.285920	-6.989935	-6.286029	-6.289248	-6.282306	-6.305554	-6.313584	-6.311084	-6.995719	-6.286592	-6.288515	-6.280325	NaN	-6.995751
8899.745000	-7.013310	-7.000715	-6.286294	-6.990290	-6.286309	-6.289727	-6.282212	-6.305522	-6.313555	-6.311189	-6.995726	-6.286385	-6.288297	-6.280576	NaN	-6.996096
8919.925000	-7.013288	-7.000599	-6.286192	-6.990446	-6.286232	-6.289542	-6.282586	-6.305645	-6.313631	-6.311414	-6.995178	-6.286581	-6.288210	-6.280372	NaN	-6.996092
8940.105000	-7.013469	-7.000479	-6.285920	-6.990120	-6.285986	-6.289415	-6.282339	-6.305656	-6.313849	-6.310765	-6.995566	-6.285960	-6.288449	-6.280873	NaN	-6.996009
8960.285000	-7.013495	-7.000878	-6.285913	-6.990156	-6.285997	-6.289407	-6.282324	-6.305634	-6.313784	-6.311171	-6.995573	-6.286211	-6.288489	-6.280376	NaN	-6.995958
8980.465000	-7.013578	-7.000581	-6.286192	-6.989771	-6.286211	-6.289197	-6.282622	-6.305924	-6.314110	-6.311131	-6.995446	-6.286621	-6.288457	-6.280568	NaN	-6.995737
9000.645000	-7.013219	-7.000915	-6.286000	-6.990152	-6.285942	-6.289451	-6.282197	-6.305649	-6.313849	-6.311168	-6.995341	-6.286410	-6.288453	-6.280663	NaN	-6.995885
9020.825000	-7.013284	-7.000889	-6.285909	-6.990185	-6.285997	-6.289527	-6.282353	-6.305714	-6.313849	-6.311139	-6.995421	-6.286378	-6.288507	-6.280670	NaN	-6.995933
9041.005000	-7.013444	-7.000798	-6.285971	-6.989666	-6.285989	-6.289157	-6.282332	-6.305456	-6.313831	-6.310787	-6.995559	-6.286697	-6.288526	-6.280576	NaN	-6.995693
9061.185000	-7.013183	-7.000806	-6.285946	-6.990232	-6.286287	-6.289480	-6.281987	-6.305689	-6.313940	-6.311164	-6.995595	-6.286334	-6.288758	-6.280644	NaN	-6.996071
9081.365000	-7.013582	-7.000425	-6.285942	-6.989590	-6.285982	-6.289164	-6.282306	-6.305627	-6.313806	-6.311193	-6.995671	-6.286606	-6.288529	-6.280750	NaN	-6.995660
9101.545000	-7.013865	-7.000958	-6.285568	-6.989993	-6.285982	-6.289179	-6.281962	-6.305344	-6.314176	-6.311494	-6.995483	-6.286007	-6.288384	-6.280340	NaN	-6.995944
9121.725000	-7.013560	-7.000639	-6.285920	-6.989935	-6.286000	-6.289396	-6.282346	-6.305656	-6.313838	-6.311135	-6.995610	-6.286356	-6.288511	-6.280634	NaN	-6.995642
9141.905000	-7.013458	-7.001060	-6.285909	-6.989884	-6.286026	-6.289407	-6.282270	-6.305982	-6.313838	-6.311095	-6.995501	-6.286316	-6.288468	-6.280695	NaN	-6.995592
9162.085000	-7.013814	-7.000693	-6.286069	-6.990062	-6.285659	-6.289273	-6.282673	-6.306015	-6.313809	-6.311262	-6.995871	-6.286098	-6.288656	-6.280318	NaN	-6.995958
9182.265000	-7.013426	-7.001060	-6.285931	-6.989583	-6.285971	-6.289237	-6.282346	-6.305953	-6.313813	-6.311117	-6.995555	-6.286407	-6.288518	-6.280811	NaN	-6.995624
9202.445000	-7.013607	-7.000711	-6.285826	-6.989858	-6.285906	-6.289534	-6.282187	-6.305576	-6.313758	-6.311229	-6.995715	-6.286218	-6.288518	-6.280597	NaN	-6.995628
9222.625000	-7.013433	-7.000646	-6.285913	-6.989938	-6.285906	-6.289411	-6.282350	-6.305652	-6.313824	-6.311117	-6.995639	-6.286378	-6.288420	-6.280605	NaN	-6.995653
9242.805000	-7.013556	-7.000512	-6.286058	-6.989873	-6.285971	-6.289324	-6.282488	-6.305551	-6.313994	-6.311262	-6.995671	-6.286251	-6.288475	-6.280800	NaN	-6.995653
9262.985000	-7.013364	-7.000410	-6.285899	-6.989862	-6.286265	-6.289052	-6.282473	-6.305921	-6.313864	-6.310881	-6.995951	-6.286290	-6.288856	-6.280390	NaN	-6.995541
9283.165000	-7.013702	-7.001154	-6.285797	-6.990156	-6.285568	-6.289527	-6.282637	-6.305663	-6.314016	-6.311106	-6.995544	-6.286639	-6.288827	-6.280663	NaN	-6.995530
9303.345000	-7.013680	-7.001132	-6.285848	-6.990203	-6.285888	-6.289723	-6.282604	-6.305445	-6.313711	-6.311026	-6.995668	-6.286617	-6.288809	-6.280365	NaN	-6.995827
9323.525000	-7.013506	-7.000639	-6.285804	-6.989829	-6.285793	-6.289498	-6.282197	-6.305551	-6.313751	-6.311041	-6.995610	-6.286283	-6.288678	-6.280557	NaN	-6.995653
9343.705000	-7.013299	-7.000936	-6.285906	-6.990156	-6.285978	-6.289476	-6.282324	-6.305696	-6.313755	-6.311099	-6.995345	-6.286349	-6.288511	-6.280681	NaN	-6.995940
9363.885000	-7.013462	-7.000755	-6.286200	-6.990036	-6.286243	-6.289429	-6.282060	-6.305656	-6.313381	-6.311124	-6.995494	-6.286319	-6.288598	-6.280706	NaN	-6.995846
9384.065000	-7.013876	-7.000439	-6.286211	-6.989924	-6.285663	-6.289654	-6.282118	-6.306055	-6.313700	-6.311157	-6.995461	-6.286639	-6.288664	-6.280438	NaN	-6.995348
9404.245000	-7.013712	-7.000791	-6.286189	-6.990069	-6.286214	-6.289440	-6.282125	-6.305953	-6.313864	-6.310852	-6.995439	-6.286007	-6.288471	-6.280630	NaN	-6.995962
9424.425000	-7.013262	-7.000922	-6.285924	-6.990243	-6.285971	-6.289462	-6.282350	-6.305703	-6.313845	-6.311139	-6.995388	-6.286392	-6.288442	-6.280688	NaN	-6.995998
9444.605000	-7.013143	-7.001060	-6.286309	-6.990105	-6.285641	-6.289233	-6.282412	-6.305903	-6.313972	-6.310848	-6.995348	-6.286062	-6.288246	-6.280340	NaN	-6.995494
9464.785000	-7.013088	-7.001052	-6.285822	-6.989815	-6.285906	-6.289640	-6.282110	-6.305493	-6.313555	-6.311487	-6.995744	-6.286563	-6.288812	-6.280721	NaN	-6.995842
9484.965000	-7.013513	-7.000414	-6.285949	-6.989953	-6.286004	-6.289393	-6.282372	-6.305616	-6.313849	-6.311349	-6.995501	-6.286018	-6.288420	-6.280369	NaN	-6.995563
9505.145000	-7.013527	-7.000581	-6.285957	-6.989982	-6.286004	-6.289505	-6.282317	-6.305627	-6.313867	-6.311084	-6.995577	-6.286301	-6.288493	-6.280641	NaN	-6.995668
	-7.013415															
