0.203000	-7.226471	-7.216656	-7.208804	-7.317968	-7.145149	-7.249563	NaN	-7.190240	-7.199769	-7.237691	-7.243739	-7.267212	-7.234708	-6.310827	NaN	-7.243689
20.403000	-7.226518	-7.216529	-7.208800	-7.318549	-7.145159	-7.249941	NaN	-7.190480	-7.200023	-7.237734	-7.244378	-7.267129	-7.234842	-6.311175	NaN	-7.243660
40.603000	-7.226504	-7.216406	-7.208749	-7.318687	-7.145091	-7.250191	NaN	-7.190407	-7.199983	-7.237168	-7.244592	-7.267013	-7.234929	-6.310993	NaN	-7.243663
60.803000	-7.226507	-7.216518	-7.208735	-7.318494	-7.145163	-7.249926	NaN	-7.190462	-7.199950	-7.237404	-7.244781	-7.267100	-7.234893	-6.310921	NaN	-7.243649
81.003000	-7.226515	-7.216206	-7.208822	-7.318567	-7.145239	-7.249959	NaN	-7.190531	-7.200241	-7.237357	-7.245213	-7.267481	-7.235031	-6.310761	NaN	-7.243424
101.203000	-7.226359	-7.216079	-7.208847	-7.319213	-7.145297	-7.250390	NaN	-7.190298	-7.199754	-7.237832	-7.245408	-7.267492	-7.235289	-6.311124	NaN	-7.243329
121.403000	-7.226442	-7.216297	-7.208503	-7.319024	-7.144847	-7.250042	NaN	-7.190462	-7.200262	-7.237542	-7.245325	-7.267307	-7.234624	-6.311062	NaN	-7.243645
141.603000	-7.226627	-7.216395	-7.208764	-7.319133	-7.145091	-7.250136	NaN	-7.190571	-7.200175	-7.237328	-7.245140	-7.267093	-7.234835	-6.310910	NaN	-7.243616
161.803000	-7.226827	-7.216010	-7.208492	-7.319427	-7.145464	-7.249893	NaN	-7.190422	-7.200266	-7.237342	-7.245655	-7.267024	-7.235234	-6.311276	NaN	-7.243456
182.003000	-7.226584	-7.216286	-7.208746	-7.319376	-7.145101	-7.250006	NaN	-7.190509	-7.200063	-7.237433	-7.245405	-7.267249	-7.234871	-6.311052	NaN	-7.243656
202.203000	-7.226290	-7.216271	-7.208655	-7.319503	-7.145254	-7.250042	NaN	-7.190131	-7.200175	-7.237585	-7.245169	-7.267459	-7.235096	-6.311062	NaN	-7.243496
222.403000	-7.226275	-7.216184	-7.209069	-7.319543	-7.144916	-7.250187	NaN	-7.190193	-7.200328	-7.237640	-7.245369	-7.267049	-7.235296	-6.311316	NaN	-7.243402
242.603000	-7.226417	-7.216268	-7.208851	-7.319848	-7.145065	-7.249853	NaN	-7.190469	-7.200030	-7.237574	-7.245438	-7.267307	-7.234900	-6.311110	NaN	-7.243663
262.803000	-7.226504	-7.216264	-7.208706	-7.319833	-7.145101	-7.249944	NaN	-7.190375	-7.200055	-7.237440	-7.245564	-7.267325	-7.234929	-6.311044	NaN	-7.243630
283.003000	-7.226460	-7.216623	-7.208858	-7.320370	-7.145319	-7.250129	NaN	-7.190817	-7.199722	-7.237146	-7.245456	-7.267241	-7.234918	-6.311295	NaN	-7.243268
303.203000	-7.226417	-7.216257	-7.208953	-7.319895	-7.145080	-7.249803	NaN	-7.190639	-7.200186	-7.237484	-7.245213	-7.267096	-7.234802	-6.310598	NaN	-7.243315
323.403000	-7.226642	-7.216279	-7.208735	-7.320446	-7.145435	-7.249991	NaN	-7.190364	-7.199867	-7.237451	-7.245467	-7.267111	-7.234722	-6.311030	NaN	-7.243652
343.603000	-7.226489	-7.216453	-7.208768	-7.320595	-7.145127	-7.249966	NaN	-7.190284	-7.199961	-7.237571	-7.245354	-7.267477	-7.234846	-6.311179	NaN	-7.243485
363.803000	-7.226507	-7.216536	-7.208724	-7.320791	-7.145069	-7.249712	NaN	-7.190356	-7.200092	-7.237622	-7.245510	-7.267397	-7.234824	-6.311066	NaN	-7.243649
384.003000	-7.226192	-7.216587	-7.208554	-7.320893	-7.145174	-7.250038	NaN	-7.190567	-7.199700	-7.237640	-7.245213	-7.267085	-7.235191	-6.311295	NaN	-7.243493
404.203000	-7.226732	-7.216221	-7.208876	-7.321423	-7.144895	-7.249861	NaN	-7.190520	-7.199965	-7.237375	-7.245877	-7.267532	-7.234748	-6.310968	NaN	-7.243645
424.403000	-7.226609	-7.216337	-7.208710	-7.321560	-7.145112	-7.249882	NaN	-7.190458	-7.199958	-7.237371	-7.245557	-7.267390	-7.234937	-6.311055	NaN	-7.243656
444.603000	-7.226504	-7.216362	-7.208717	-7.321749	-7.145058	-7.249999	NaN	-7.190378	-7.200074	-7.237498	-7.245564	-7.267285	-7.234900	-6.311059	NaN	-7.243612
464.803000	-7.226518	-7.216195	-7.208771	-7.321829	-7.145054	-7.249882	NaN	-7.190538	-7.200001	-7.237433	-7.245601	-7.267455	-7.234886	-6.311070	NaN	-7.243591
485.003000	-7.226740	-7.215988	-7.208851	-7.322166	-7.145228	-7.250136	NaN	-7.190607	-7.199740	-7.237455	-7.245793	-7.267434	-7.235096	-6.311353	NaN	-7.243968
505.203000	-7.226475	-7.216660	-7.208757	-7.322326	-7.145159	-7.250031	NaN	-7.190480	-7.200117	-7.237277	-7.245575	-7.267702	-7.234882	-6.310772	NaN	-7.243576
525.403000	-7.226428	-7.216406	-7.208691	-7.322406	-7.145018	-7.249792	NaN	-7.190483	-7.200052	-7.237520	-7.245604	-7.267383	-7.234781	-6.311110	NaN	-7.243634
545.603000	-7.226304	-7.215941	-7.208691	-7.322188	-7.145377	-7.250020	NaN	-7.190741	-7.200397	-7.237128	-7.245724	-7.267368	-7.235216	-6.311048	NaN	-7.243663
565.803000	-7.226304	-7.216271	-7.208517	-7.322468	-7.145334	-7.249763	NaN	-7.190396	-7.199635	-7.237422	-7.245416	-7.267430	-7.234893	-6.311106	NaN	-7.243710
586.003000	-7.226754	-7.216210	-7.208615	-7.321829	-7.144655	-7.249948	NaN	-7.190418	-7.199874	-7.237473	-7.245902	-7.267408	-7.234791	-6.311070	NaN	-7.243634
606.203000	-7.226787	-7.216134	-7.208778	-7.321909	-7.145243	-7.250445	NaN	-7.190059	-7.199860	-7.237723	-7.245913	-7.267194	-7.235132	-6.311287	NaN	-7.243511
626.403000	-7.226468	-7.216467	-7.208728	-7.322714	-7.145000	-7.249755	NaN	-7.190295	-7.200045	-7.237625	-7.245662	-7.267408	-7.234966	-6.311335	NaN	-7.243507
646.583000	-7.226653	-7.216242	-7.208793	-7.322486	-7.145337	-7.249937	-7.233315	-7.190425	-7.200436	-7.237447	-7.245496	-7.267477	-7.234639	-6.311189	NaN	-7.243591
666.764000	-7.226370	-7.216297	-7.208430	-7.322852	-7.144869	-7.249668	-7.233271	-7.190367	-7.200426	-7.237818	-7.245996	-7.267303	-7.235303	-6.311382	NaN	-7.243344
686.943000	-7.226322	-7.216467	-7.208430	-7.322794	-7.144942	-7.249683	-7.232698	-7.190589	-7.199910	-7.237832	-7.245281	-7.267840	-7.235143	-6.311211	NaN	-7.243946
707.123000	-7.226293	-7.216210	-7.208474	-7.322627	-7.144974	-7.249991	-7.232894	-7.190342	-7.200019	-7.237506	-7.245354	-7.267445	-7.234715	-6.311131	NaN	-7.243591
727.303000	-7.226526	-7.215941	-7.208811	-7.322326	-7.144735	-7.250184	-7.232770	-7.190135	-7.200386	-7.237302	-7.245877	-7.267655	-7.235180	-6.311367	NaN	-7.243696
747.483000	-7.226439	-7.216329	-7.208833	-7.322605	-7.145051	-7.249926	-7.233075	-7.190313	-7.200055	-7.237466	-7.245670	-7.267524	-7.234900	-6.311081	NaN	-7.243699
767.663000	-7.226725	-7.216388	-7.208332	-7.322544	-7.144684	-7.249853	-7.233162	-7.190302	-7.199765	-7.237549	-7.245804	-7.267535	-7.235089	-6.310928	NaN	-7.243892
787.843000	-7.226362	-7.216010	-7.208924	-7.322819	-7.144710	-7.250191	-7.233061	-7.190737	-7.200378	-7.237643	-7.245975	-7.267151	-7.234603	-6.310729	NaN	-7.243322
808.023000	-7.226689	-7.216025	-7.208840	-7.322297	-7.144826	-7.249922	-7.233093	-7.190023	-7.199762	-7.237429	-7.245975	-7.267869	-7.234878	-6.311066	NaN	-7.243380
828.203000	-7.226616	-7.216384	-7.208858	-7.322700	-7.145218	-7.250104	-7.232759	-7.190411	-7.200095	-7.237535	-7.245372	-7.267604	-7.234574	-6.311081	NaN	-7.243776
848.383000	-7.226827	-7.216554	-7.208902	-7.322605	-7.145290	-7.249806	-7.233340	-7.190364	-7.199820	-7.237368	-7.245993	-7.267619	-7.235132	-6.311218	NaN	-7.243478
868.563000	-7.226732	-7.216148	-7.208735	-7.322772	-7.145087	-7.249745	-7.233293	-7.190208	-7.200204	-7.237611	-7.245786	-7.267321	-7.234523	-6.311324	NaN	-7.243569
888.743000	-7.226195	-7.215959	-7.208768	-7.322620	-7.145047	-7.249828	-7.232676	-7.190585	-7.199798	-7.237364	-7.245895	-7.267608	-7.234849	-6.310986	NaN	-7.243322
908.923000	-7.226286	-7.216290	-7.209105	-7.323077	-7.145228	-7.249853	-7.232886	-7.190556	-7.200019	-7.237175	-7.245811	-7.267862	-7.235238	-6.310921	NaN	-7.243464
929.113000	-7.226420	-7.216536	-7.208953	-7.322649	-7.144706	-7.250136	-7.232781	-7.190520	-7.200407	-7.237426	-7.245684	-7.267706	-7.234733	-6.311418	NaN	-7.243823
949.293000	-7.226257	-7.216261	-7.208427	-7.322881	-7.145268	-7.250020	-7.233115	-7.190400	-7.200368	-7.237506	-7.245789	-7.267561	-7.235201	-6.311139	NaN	-7.243689
969.473000	-7.226707	-7.216068	-7.209007	-7.322616	-7.145236	-7.250086	-7.233253	-7.190317	-7.200117	-7.237437	-7.245463	-7.267673	-7.234976	-6.310943	NaN	-7.243660
989.653000	-7.226841	-7.216253	-7.208524	-7.322885	-7.145348	-7.250009	-7.233101	-7.190727	-7.200266	-7.237760	-7.245601	-7.267949	-7.235252	-6.310783	NaN	-7.243935
1009.833000	-7.226798	-7.216319	-7.209065	-7.323386	-7.145290	-7.250209	-7.233039	-7.190502	-7.200364	-7.237339	-7.245583	-7.267807	-7.235201	-6.310957	NaN	-7.243279
1030.013000	-7.226649	-7.215767	-7.208717	-7.323538	-7.145312	-7.249694	-7.233162	-7.190124	-7.199762	-7.237379	-7.245673	-7.267169	-7.235223	-6.310696	NaN	-7.243358
1050.193000	-7.226253	-7.216083	-7.208746	-7.323226	-7.145011	-7.249628	-7.232741	-7.190302	-7.200201	-7.237451	-7.245641	-7.267742	-7.234900	-6.310863	NaN	-7.243689
1070.373000	-7.226504	-7.216166	-7.208699	-7.323389	-7.145040	-7.249999	-7.233144	-7.190320	-7.200248	-7.237466	-7.245724	-7.267630	-7.234871	-6.311149	NaN	-7.243692
1090.553000	-7.226493	-7.216475	-7.208720	-7.322827	-7.145029	-7.249774	-7.232970	-7.190131	-7.200099	-7.237233	-7.245702	-7.267833	-7.234871	-6.311095	NaN	-7.243747
1110.733000	-7.226849	-7.216413	-7.209007	-7.323099	-7.144920	-7.249759	-7.232803	-7.190610	-7.200357	-7.237331	-7.245452	-7.267405	-7.235035	-6.310910	NaN	-7.243739
1130.913000	-7.226351	-7.215948	-7.208927	-7.323556	-7.145312	-7.250202	-7.233209	-7.190349	-7.200458	-7.237415	-7.246040	-7.267757	-7.235067	-6.311414	NaN	-7.243533
1151.093000	-7.226801	-7.216533	-7.208554	-7.323596	-7.144967	-7.250028	-7.232596	-7.190229	-7.200074	-7.237244	-7.245474	-7.267826	-7.235172	-6.311414	NaN	-7.243485
1171.273000	-7.226772	-7.216507	-7.208826	-7.323055	-7.144720	-7.249875	-7.232799	-7.190099	-7.200378	-7.237535	-7.245456	-7.267401	-7.234897	-6.310729	NaN	-7.243649
1191.453000	-7.226319	-7.216475	-7.208470	-7.323454	-7.145174	-7.250046	-7.232622	-7.190070	-7.199885	-7.237741	-7.246022	-7.267800	-7.235103	-6.311059	NaN	-7.243943
1211.633000	-7.226518	-7.216573	-7.208343	-7.323128	-7.145236	-7.249726	-7.233296	-7.190698	-7.199841	-7.237426	-7.245427	-7.267586	-7.235158	-6.310812	NaN	-7.244055
1231.813000	-7.226442	-7.216224	-7.208572	-7.323589	-7.145040	-7.249679	-7.233253	-7.190291	-7.200077	-7.237404	-7.245543	-7.267423	-7.235122	-6.310848	NaN	-7.243402
1251.993000	-7.226769	-7.216217	-7.208550	-7.323571	-7.145435	-7.249977	-7.233021	-7.190418	-7.199849	-7.237495	-7.245488	-7.267688	-7.234606	-6.311113	NaN	-7.243609
1272.173000	-7.226279	-7.216134	-7.208470	-7.323106	-7.144746	-7.250009	-7.233169	-7.190665	-7.200309	-7.237331	-7.246040	-7.267564	-7.235223	-6.310906	NaN	-7.243928
1292.353000	-7.226515	-7.216290	-7.208706	-7.323516	-7.145032	-7.250017	-7.232923	-7.190389	-7.200204	-7.237469	-7.245789	-7.267702	-7.234875	-6.311110	NaN	-7.243612
1312.533000	-7.226732	-7.216402	-7.208793	-7.323378	-7.145025	-7.249988	-7.232890	-7.190411	-7.200106	-7.237651	-7.245662	-7.267746	-7.234849	-6.311099	NaN	-7.243620
1332.713000	-7.226798	-7.216184	-7.208532	-7.323534	-7.145054	-7.250006	-7.232799	-7.190444	-7.200513	-7.237506	-7.245496	-7.267753	-7.234962	-6.311052	NaN	-7.243674
1352.893000	-7.226540	-7.216565	-7.208793	-7.323484	-7.145319	-7.250046	-7.232963	-7.190433	-7.200041	-7.237799	-7.245488	-7.267484	-7.235259	-6.311215	NaN	-7.243482
1373.073000	-7.226888	-7.216623	-7.208470	-7.323200	-7.144731	-7.249752	-7.233159	-7.190411	-7.199976	-7.237186	-7.245706	-7.267655	-7.235172	-6.311019	NaN	-7.243819
1393.253000	-7.226362	-7.216250	-7.208895	-7.323611	-7.144826	-7.250017	-7.232622	-7.190400	-7.200103	-7.237484	-7.245597	-7.267833	-7.235042	-6.311091	NaN	-7.243670
1413.433000	-7.226399	-7.216250	-7.208405	-7.323694	-7.144804	-7.249959	-7.232694	-7.190444	-7.200016	-7.237582	-7.245496	-7.267796	-7.234788	-6.311070	NaN	-7.243598
1433.613000	-7.226384	-7.215992	-7.208365	-7.323995	-7.144989	-7.249861	-7.233209	-7.190592	-7.200487	-7.237255	-7.245837	-7.268050	-7.234882	-6.311324	NaN	-7.243790
1453.793000	-7.226609	-7.216039	-7.208579	-7.323429	-7.145424	-7.250046	-7.233198	-7.190698	-7.199885	-7.237640	-7.245506	-7.267982	-7.234973	-6.310779	NaN	-7.243674
1473.973000	-7.226224	-7.216384	-7.208456	-7.323513	-7.144753	-7.249828	-7.232487	-7.190610	-7.200063	-7.237622	-7.245564	-7.268101	-7.234987	-6.311403	NaN	-7.243376
1494.153000	-7.226500	-7.216333	-7.208851	-7.323796	-7.145257	-7.249973	-7.233220	-7.190349	-7.200476	-7.237513	-7.245935	-7.267786	-7.234751	-6.311113	NaN	-7.243645
1514.333000	-7.226613	-7.216304	-7.208731	-7.323835	-7.145199	-7.249991	-7.233003	-7.190429	-7.200309	-7.237480	-7.245644	-7.267855	-7.234766	-6.311110	NaN	-7.243609
1534.513000	-7.226337	-7.215985	-7.208539	-7.324133	-7.145294	-7.250184	-7.232622	-7.190164	-7.200095	-7.237723	-7.246105	-7.267601	-7.234664	-6.311084	NaN	-7.244041
1554.693000	-7.226529	-7.216017	-7.208778	-7.324060	-7.145025	-7.250151	-7.232861	-7.190200	-7.200117	-7.237560	-7.246018	-7.267818	-7.234875	-6.311015	NaN	-7.243718
1574.873000	-7.226526	-7.216202	-7.208757	-7.323912	-7.145101	-7.249930	-7.232886	-7.190393	-7.200197	-7.237520	-7.245800	-7.267822	-7.234937	-6.311120	NaN	-7.243656
1595.053000	-7.226805	-7.216304	-7.208430	-7.323865	-7.144993	-7.249999	-7.233151	-7.190451	-7.200106	-7.237487	-7.245535	-7.267865	-7.234668	-6.311052	NaN	-7.243587
1615.233000	-7.226838	-7.216290	-7.208416	-7.323981	-7.144855	-7.249980	-7.232643	-7.190422	-7.200466	-7.237531	-7.245644	-7.267873	-7.234628	-6.311041	NaN	-7.243623
1635.413000	-7.226468	-7.216279	-7.208688	-7.324039	-7.145080	-7.249966	-7.232912	-7.190382	-7.200128	-7.237538	-7.245902	-7.267887	-7.234882	-6.311182	NaN	-7.243601
1655.593000	-7.226526	-7.216188	-7.208713	-7.324129	-7.145239	-7.250104	-7.232959	-7.190610	-7.200095	-7.237335	-7.245717	-7.267738	-7.235074	-6.310845	NaN	-7.243681
1675.773000	-7.226598	-7.216362	-7.208942	-7.324013	-7.144942	-7.249915	-7.232654	-7.190462	-7.200455	-7.237524	-7.245604	-7.267909	-7.234708	-6.311088	NaN	-7.243649
1695.953000	-7.226261	-7.216181	-7.208956	-7.324006	-7.144858	-7.250068	-7.232966	-7.190462	-7.200451	-7.237455	-7.245532	-7.267923	-7.235074	-6.311117	NaN	-7.243660
1716.133000	-7.226464	-7.216373	-7.208612	-7.324318	-7.144898	-7.250009	-7.233071	-7.190625	-7.200179	-7.237734	-7.246120	-7.268283	-7.234701	-6.310917	NaN	-7.243990
1736.313000	-7.226515	-7.216268	-7.208673	-7.323850	-7.145032	-7.249708	-7.232876	-7.190309	-7.200150	-7.237691	-7.245840	-7.267764	-7.234955	-6.310939	NaN	-7.243551
1756.493000	-7.226674	-7.215916	-7.208474	-7.323952	-7.144949	-7.249788	-7.232596	-7.190320	-7.200317	-7.237389	-7.246007	-7.267923	-7.234973	-6.311117	NaN	-7.243982
1776.673000	-7.226326	-7.216311	-7.208967	-7.323901	-7.145232	-7.249904	-7.233140	-7.190585	-7.199914	-7.237143	-7.245579	-7.267673	-7.234791	-6.310779	NaN	-7.243961
1796.853000	-7.226515	-7.216257	-7.208757	-7.324028	-7.145022	-7.250038	-7.232865	-7.190389	-7.200219	-7.237509	-7.245786	-7.267989	-7.234831	-6.311095	NaN	-7.243660
1817.033000	-7.226736	-7.216050	-7.208898	-7.323770	-7.145149	-7.250231	-7.232821	-7.190527	-7.200371	-7.237368	-7.245630	-7.267691	-7.234585	-6.311019	NaN	-7.243906
1837.213000	-7.226246	-7.216242	-7.208572	-7.324126	-7.145101	-7.250038	-7.232603	-7.190418	-7.200164	-7.237455	-7.245895	-7.267938	-7.235230	-6.311095	NaN	-7.243660
1857.393000	-7.226482	-7.216482	-7.208710	-7.324129	-7.145062	-7.250285	-7.232828	-7.190679	-7.200201	-7.237371	-7.245840	-7.268207	-7.234849	-6.311374	NaN	-7.243660
1877.579000	-7.226446	-7.216217	-7.208691	-7.324220	-7.145022	-7.250013	-7.232828	-7.190487	-7.200204	-7.237469	-7.245677	-7.268105	-7.234911	-6.311001	NaN	-7.243660
1897.763000	-7.226551	-7.216210	-7.208753	-7.324071	-7.145091	-7.250126	-7.232716	-7.190502	-7.200335	-7.237433	-7.245710	-7.267956	-7.234759	-6.311084	NaN	-7.243678
1917.953000	-7.226282	-7.216057	-7.209018	-7.323850	-7.145007	-7.250198	-7.232509	-7.190023	-7.200574	-7.237375	-7.245938	-7.267923	-7.234969	-6.311407	NaN	-7.243881
1938.133000	-7.226569	-7.216231	-7.208532	-7.324311	-7.145192	-7.249937	-7.232694	-7.190436	-7.200273	-7.237480	-7.246062	-7.268105	-7.234842	-6.311088	NaN	-7.243612
1958.323000	-7.226834	-7.215934	-7.209083	-7.324579	-7.145043	-7.250325	-7.232556	-7.190113	-7.200444	-7.237215	-7.245543	-7.268326	-7.234853	-6.310819	NaN	-7.243641
1978.503000	-7.226406	-7.216268	-7.209025	-7.324329	-7.144895	-7.250013	-7.233010	-7.190422	-7.200193	-7.237520	-7.245488	-7.268109	-7.235107	-6.311117	NaN	-7.243652
1998.683000	-7.226544	-7.216388	-7.208655	-7.324060	-7.144902	-7.249795	-7.232854	-7.190356	-7.200146	-7.237741	-7.245677	-7.267793	-7.234893	-6.311124	NaN	-7.243583
2018.863000	-7.226293	-7.215876	-7.209083	-7.324663	-7.144644	-7.249628	-7.232890	-7.190150	-7.200440	-7.237770	-7.245583	-7.267746	-7.235198	-6.310710	NaN	-7.243329
2039.043000	-7.226181	-7.216228	-7.208909	-7.324354	-7.145032	-7.249951	-7.232669	-7.190389	-7.200458	-7.237509	-7.245757	-7.268080	-7.234791	-6.311077	NaN	-7.243627
2059.223000	-7.226515	-7.216257	-7.208691	-7.324253	-7.145014	-7.249973	-7.232868	-7.190396	-7.200182	-7.237480	-7.245873	-7.267992	-7.234933	-6.311081	NaN	-7.243609
2079.403000	-7.226536	-7.216130	-7.208753	-7.324376	-7.144945	-7.249999	-7.232796	-7.190400	-7.200219	-7.237582	-7.245822	-7.268029	-7.234900	-6.311070	NaN	-7.243750
2099.584000	-7.226486	-7.216206	-7.208702	-7.324398	-7.145087	-7.249988	-7.232865	-7.190367	-7.200182	-7.237516	-7.245833	-7.268061	-7.234951	-6.311106	NaN	-7.243591
2119.763000	-7.226297	-7.216050	-7.209065	-7.324685	-7.144764	-7.250343	-7.233079	-7.190222	-7.200491	-7.237175	-7.245989	-7.268373	-7.234523	-6.311356	NaN	-7.243249
2139.943000	-7.226667	-7.215956	-7.208474	-7.324463	-7.145149	-7.250180	-7.232701	-7.190476	-7.200397	-7.237487	-7.246025	-7.268123	-7.235259	-6.310841	NaN	-7.243641
2160.123000	-7.226500	-7.216522	-7.208775	-7.324438	-7.144902	-7.249806	-7.232749	-7.190462	-7.200538	-7.237451	-7.245840	-7.267931	-7.234751	-6.311077	NaN	-7.243634
2180.303000	-7.226707	-7.216391	-7.208811	-7.324333	-7.145159	-7.249788	-7.232640	-7.190781	-7.200008	-7.237589	-7.245884	-7.268069	-7.234853	-6.310776	NaN	-7.243739
2200.483000	-7.226435	-7.216159	-7.208506	-7.324521	-7.144739	-7.249941	-7.232574	-7.190433	-7.200444	-7.237440	-7.246214	-7.268069	-7.234759	-6.311149	NaN	-7.243627
2220.663000	-7.226166	-7.216384	-7.208557	-7.324536	-7.144706	-7.250321	-7.232491	-7.190476	-7.200578	-7.237658	-7.245728	-7.268250	-7.234624	-6.310895	NaN	-7.243681
2240.843000	-7.226627	-7.216224	-7.208789	-7.324514	-7.145003	-7.249995	-7.232622	-7.190331	-7.200313	-7.237531	-7.245877	-7.268069	-7.234802	-6.311298	NaN	-7.243638
2261.023000	-7.226366	-7.216482	-7.208760	-7.324641	-7.145029	-7.249922	-7.232912	-7.190353	-7.200095	-7.237560	-7.245869	-7.268083	-7.234976	-6.311128	NaN	-7.243656
2281.203000	-7.226522	-7.216184	-7.208815	-7.324663	-7.144804	-7.250191	-7.232796	-7.190215	-7.200201	-7.237382	-7.245855	-7.268199	-7.235060	-6.310921	NaN	-7.243667
2301.383000	-7.226536	-7.216591	-7.208757	-7.324884	-7.145014	-7.250042	-7.232836	-7.190563	-7.200270	-7.237738	-7.245837	-7.268272	-7.234897	-6.311222	NaN	-7.243707
2321.563000	-7.226518	-7.216471	-7.208644	-7.324300	-7.145007	-7.250136	-7.232857	-7.190186	-7.200204	-7.237796	-7.245829	-7.268199	-7.234908	-6.311251	NaN	-7.243380
2341.743000	-7.226282	-7.216348	-7.208477	-7.324692	-7.144829	-7.250104	-7.232847	-7.190211	-7.200012	-7.237629	-7.245583	-7.268239	-7.235147	-6.310899	NaN	-7.243946
2361.923000	-7.226722	-7.216398	-7.208858	-7.324764	-7.144996	-7.250024	-7.232661	-7.190077	-7.200088	-7.237854	-7.245681	-7.268384	-7.234479	-6.310805	NaN	-7.243888
2382.103000	-7.226402	-7.216046	-7.208608	-7.324612	-7.145087	-7.249984	-7.232640	-7.190396	-7.200110	-7.237520	-7.245906	-7.268116	-7.235053	-6.311062	NaN	-7.243630
2402.283000	-7.226790	-7.216500	-7.208321	-7.324783	-7.144862	-7.249817	-7.232723	-7.190204	-7.200545	-7.237785	-7.245608	-7.268181	-7.234741	-6.311251	NaN	-7.243275
2422.463000	-7.226700	-7.216268	-7.208695	-7.324855	-7.145247	-7.249999	-7.232814	-7.190164	-7.200375	-7.237716	-7.246083	-7.267956	-7.234824	-6.310743	NaN	-7.243467
2442.643000	-7.226667	-7.216268	-7.208760	-7.324764	-7.144837	-7.249937	-7.232915	-7.190447	-7.200534	-7.237487	-7.246178	-7.268047	-7.234527	-6.311233	NaN	-7.243612
2462.823000	-7.226424	-7.216319	-7.208753	-7.324764	-7.144916	-7.250209	-7.232861	-7.190476	-7.200411	-7.237458	-7.245880	-7.268192	-7.234973	-6.311273	NaN	-7.243612
2483.003000	-7.226518	-7.216279	-7.208818	-7.324895	-7.145141	-7.249922	-7.232792	-7.190476	-7.200114	-7.237473	-7.245793	-7.268279	-7.234788	-6.310903	NaN	-7.243587
2503.183000	-7.226515	-7.216311	-7.208706	-7.324688	-7.145047	-7.249977	-7.232886	-7.190324	-7.200197	-7.237469	-7.245833	-7.268272	-7.234976	-6.311106	NaN	-7.243689
2523.363000	-7.226468	-7.216228	-7.208764	-7.324968	-7.145149	-7.249911	-7.232807	-7.190360	-7.200172	-7.237662	-7.245891	-7.268228	-7.234900	-6.311099	NaN	-7.243638
2543.543000	-7.226312	-7.216163	-7.208742	-7.324699	-7.144927	-7.250107	-7.232665	-7.190425	-7.200030	-7.237774	-7.245913	-7.268537	-7.235136	-6.310877	NaN	-7.243347
2563.723000	-7.226529	-7.216409	-7.208572	-7.324841	-7.145087	-7.249999	-7.232792	-7.190226	-7.200259	-7.237313	-7.245916	-7.268112	-7.234955	-6.311059	NaN	-7.243496
2583.903000	-7.226391	-7.216141	-7.208815	-7.325109	-7.144971	-7.250198	-7.232999	-7.190745	-7.200277	-7.237157	-7.246087	-7.268519	-7.234810	-6.311371	NaN	-7.243895
2604.083000	-7.226486	-7.216039	-7.208390	-7.325153	-7.144695	-7.249719	-7.232458	-7.190142	-7.199976	-7.237847	-7.245655	-7.268519	-7.234839	-6.311059	NaN	-7.243456
2624.263000	-7.226566	-7.216282	-7.208699	-7.325066	-7.145218	-7.250013	-7.232596	-7.190429	-7.200088	-7.237433	-7.245869	-7.268246	-7.234820	-6.311091	NaN	-7.243750
2644.443000	-7.226192	-7.215956	-7.209051	-7.325418	-7.145185	-7.249603	-7.232556	-7.190356	-7.199947	-7.237760	-7.245724	-7.268167	-7.234610	-6.311429	NaN	-7.243449
2664.623000	-7.226475	-7.216573	-7.208739	-7.325120	-7.145091	-7.249661	-7.232832	-7.190248	-7.200237	-7.237339	-7.245848	-7.268515	-7.234842	-6.311309	NaN	-7.243311
2684.803000	-7.226286	-7.216398	-7.208437	-7.325026	-7.144873	-7.250017	-7.232883	-7.190121	-7.200491	-7.237738	-7.245811	-7.268069	-7.234624	-6.311367	NaN	-7.243783
2704.983000	-7.226232	-7.216250	-7.208430	-7.325218	-7.144768	-7.250209	-7.232531	-7.190654	-7.200103	-7.237310	-7.245967	-7.267956	-7.234722	-6.311175	NaN	-7.243315
2725.163000	-7.226315	-7.216275	-7.208666	-7.325298	-7.145250	-7.249948	-7.232803	-7.190393	-7.200085	-7.237745	-7.245975	-7.268232	-7.234704	-6.311124	NaN	-7.243601
2745.343000	-7.226224	-7.215977	-7.208434	-7.325153	-7.144789	-7.249621	-7.232705	-7.190385	-7.200542	-7.237865	-7.245619	-7.268341	-7.235194	-6.311360	NaN	-7.243805
2765.523000	-7.226888	-7.216362	-7.208459	-7.325385	-7.144753	-7.249911	-7.233057	-7.190563	-7.200643	-7.237408	-7.245818	-7.268533	-7.234751	-6.311251	NaN	-7.243728
2785.704000	-7.226743	-7.216061	-7.208543	-7.325632	-7.145167	-7.250195	-7.233039	-7.190229	-7.199914	-7.237828	-7.245590	-7.267956	-7.234588	-6.310954	NaN	-7.243888
2805.883000	-7.226489	-7.215898	-7.208942	-7.325570	-7.144782	-7.249991	-7.232941	-7.190560	-7.200491	-7.237836	-7.245895	-7.268417	-7.235194	-6.310714	NaN	-7.243217
2826.063000	-7.226253	-7.216137	-7.208855	-7.325095	-7.145003	-7.249781	-7.232709	-7.190342	-7.200502	-7.237531	-7.245953	-7.268577	-7.234494	-6.311335	NaN	-7.243485
2846.243000	-7.226751	-7.216348	-7.208884	-7.325218	-7.145218	-7.249748	-7.232611	-7.190034	-7.200502	-7.237676	-7.246043	-7.268490	-7.235111	-6.311385	NaN	-7.243692
2866.423000	-7.226362	-7.216279	-7.208956	-7.325505	-7.144710	-7.249988	-7.232752	-7.190367	-7.199979	-7.237491	-7.245728	-7.268246	-7.235005	-6.311124	NaN	-7.243620
2886.603000	-7.226399	-7.216253	-7.208554	-7.325813	-7.144866	-7.249872	-7.233006	-7.190690	-7.200636	-7.237295	-7.246239	-7.268609	-7.234661	-6.311008	NaN	-7.243620
2906.783000	-7.226471	-7.216206	-7.208728	-7.325581	-7.145130	-7.249799	-7.232901	-7.190531	-7.200368	-7.237353	-7.245855	-7.268428	-7.234755	-6.311182	NaN	-7.243620
2926.963000	-7.226551	-7.216043	-7.208666	-7.325171	-7.145058	-7.250282	-7.232778	-7.190694	-7.200248	-7.237451	-7.245858	-7.268156	-7.234871	-6.310805	NaN	-7.243366
2947.143000	-7.226841	-7.216369	-7.208717	-7.325410	-7.145116	-7.250035	-7.232839	-7.190487	-7.200313	-7.237081	-7.245920	-7.268025	-7.234878	-6.310943	NaN	-7.243308
2967.323000	-7.226562	-7.215956	-7.208935	-7.325218	-7.145181	-7.249799	-7.233082	-7.190095	-7.200495	-7.237288	-7.245800	-7.268268	-7.234516	-6.310790	NaN	-7.243888
2987.503000	-7.226497	-7.216253	-7.208742	-7.325559	-7.145029	-7.249879	-7.232778	-7.190407	-7.200288	-7.237527	-7.245898	-7.268341	-7.234889	-6.311091	NaN	-7.243594
3007.683000	-7.226500	-7.216163	-7.208710	-7.325523	-7.144953	-7.249941	-7.232854	-7.190240	-7.200164	-7.237538	-7.245750	-7.268482	-7.234770	-6.311149	NaN	-7.243638
3027.863000	-7.226203	-7.215974	-7.208655	-7.325385	-7.145312	-7.250107	-7.233013	-7.190179	-7.200447	-7.237313	-7.245525	-7.268689	-7.235103	-6.311407	NaN	-7.243993
3048.043000	-7.226377	-7.216475	-7.208641	-7.325690	-7.145308	-7.250136	-7.232589	-7.190498	-7.200447	-7.237658	-7.245855	-7.268653	-7.235241	-6.310794	NaN	-7.243478
3068.223000	-7.226609	-7.216417	-7.208808	-7.325657	-7.144971	-7.250002	-7.232803	-7.190364	-7.200201	-7.237618	-7.245833	-7.268297	-7.234969	-6.311099	NaN	-7.243638
3088.403000	-7.226362	-7.216261	-7.208815	-7.325737	-7.145018	-7.250053	-7.232705	-7.190385	-7.200389	-7.237614	-7.245735	-7.268279	-7.234846	-6.311110	NaN	-7.243627
3108.583000	-7.226486	-7.216094	-7.208757	-7.325432	-7.144655	-7.250332	-7.232749	-7.190244	-7.200237	-7.237477	-7.246268	-7.268283	-7.234995	-6.310914	NaN	-7.243645
3128.763000	-7.226765	-7.216565	-7.208989	-7.325853	-7.145257	-7.250271	-7.232712	-7.190179	-7.200088	-7.237709	-7.246069	-7.268000	-7.234454	-6.311418	NaN	-7.243765
3148.943000	-7.226547	-7.216268	-7.208677	-7.325701	-7.145170	-7.249879	-7.232745	-7.190440	-7.200219	-7.237458	-7.245920	-7.268319	-7.234795	-6.311102	NaN	-7.243627
3169.123000	-7.226573	-7.216478	-7.208710	-7.325730	-7.145069	-7.249748	-7.232774	-7.190026	-7.200331	-7.237814	-7.245880	-7.268177	-7.234955	-6.311262	NaN	-7.243681
3189.303000	-7.226540	-7.216170	-7.208564	-7.326154	-7.145145	-7.249875	-7.232723	-7.190251	-7.200600	-7.237498	-7.245604	-7.268548	-7.234828	-6.311171	NaN	-7.243776
3209.483000	-7.226507	-7.216239	-7.208691	-7.325799	-7.145022	-7.250002	-7.232767	-7.190389	-7.200277	-7.237535	-7.245877	-7.268402	-7.234918	-6.311070	NaN	-7.243681
3229.663000	-7.226351	-7.216130	-7.208760	-7.326180	-7.144648	-7.250314	-7.232944	-7.190574	-7.200643	-7.237143	-7.245550	-7.268058	-7.234643	-6.310710	NaN	-7.244011
3249.843000	-7.226613	-7.216253	-7.208695	-7.325802	-7.145123	-7.249922	-7.232669	-7.190378	-7.200244	-7.237498	-7.246025	-7.268334	-7.234849	-6.311044	NaN	-7.243634
3270.023000	-7.226798	-7.216199	-7.208945	-7.325867	-7.144942	-7.250009	-7.233032	-7.190385	-7.199961	-7.237491	-7.246054	-7.268486	-7.235074	-6.311099	NaN	-7.243667
3290.203000	-7.226206	-7.216569	-7.208782	-7.325802	-7.145225	-7.250068	-7.232672	-7.190625	-7.200161	-7.237625	-7.245608	-7.268776	-7.234570	-6.310776	NaN	-7.243961
3310.383000	-7.226576	-7.216413	-7.208742	-7.325791	-7.145058	-7.250234	-7.232763	-7.190364	-7.200219	-7.237836	-7.245916	-7.268214	-7.234857	-6.311120	NaN	-7.243322
3330.563000	-7.226544	-7.216293	-7.208757	-7.325751	-7.145043	-7.249784	-7.232720	-7.190121	-7.200328	-7.237799	-7.245906	-7.268685	-7.234646	-6.310917	NaN	-7.243435
3350.743000	-7.226547	-7.216072	-7.208677	-7.326053	-7.145083	-7.249784	-7.232839	-7.190429	-7.200571	-7.237756	-7.245826	-7.268341	-7.234929	-6.311218	NaN	-7.243674
3370.923000	-7.226471	-7.216250	-7.208641	-7.326013	-7.145058	-7.249995	-7.232763	-7.190411	-7.200295	-7.237574	-7.245935	-7.268515	-7.234897	-6.311012	NaN	-7.243627
3391.103000	-7.226613	-7.216598	-7.208811	-7.325849	-7.145345	-7.250006	-7.233104	-7.190560	-7.200556	-7.237429	-7.246058	-7.268177	-7.234563	-6.310946	NaN	-7.243990
3411.283000	-7.226489	-7.216094	-7.208778	-7.325958	-7.144833	-7.249755	-7.232476	-7.190393	-7.199958	-7.237683	-7.246167	-7.268747	-7.234995	-6.311345	NaN	-7.243576
3431.463000	-7.226362	-7.216257	-7.208876	-7.325958	-7.145011	-7.249850	-7.232934	-7.190636	-7.200244	-7.237549	-7.246076	-7.268439	-7.234878	-6.310903	NaN	-7.243667
3451.643000	-7.226391	-7.216075	-7.208677	-7.326270	-7.145080	-7.250242	-7.232770	-7.190320	-7.200288	-7.237516	-7.245924	-7.268562	-7.234886	-6.311284	NaN	-7.243235
3471.823000	-7.226551	-7.216279	-7.208677	-7.326060	-7.145032	-7.249948	-7.232803	-7.190324	-7.200266	-7.237437	-7.245902	-7.268504	-7.234835	-6.311055	NaN	-7.243674
3492.003000	-7.226838	-7.216311	-7.208423	-7.326252	-7.145384	-7.250311	-7.232984	-7.190012	-7.200074	-7.237897	-7.245880	-7.268718	-7.235220	-6.311229	NaN	-7.243308
3512.183000	-7.226526	-7.216329	-7.208688	-7.325911	-7.145091	-7.250042	-7.232763	-7.190516	-7.200273	-7.237382	-7.245873	-7.268479	-7.234966	-6.310899	NaN	-7.243580
3532.363000	-7.226235	-7.215956	-7.208837	-7.326020	-7.144942	-7.250086	-7.232415	-7.190070	-7.200426	-7.237527	-7.245608	-7.268722	-7.234980	-6.310885	NaN	-7.243525
3552.543000	-7.226700	-7.216017	-7.208358	-7.325889	-7.145326	-7.249734	-7.232832	-7.190690	-7.200208	-7.237560	-7.246156	-7.268838	-7.235103	-6.310754	NaN	-7.243409
3572.723000	-7.226471	-7.216304	-7.208626	-7.326303	-7.145000	-7.249886	-7.232803	-7.190324	-7.200255	-7.237447	-7.245851	-7.268664	-7.234878	-6.311033	NaN	-7.243678
3592.903000	-7.226286	-7.216246	-7.208960	-7.326426	-7.144891	-7.250082	-7.232589	-7.190556	-7.200640	-7.237738	-7.245906	-7.268243	-7.235085	-6.311298	NaN	-7.243877
3613.083000	-7.226507	-7.216271	-7.208343	-7.326375	-7.144691	-7.249639	-7.232589	-7.190766	-7.199932	-7.237535	-7.245750	-7.268914	-7.235252	-6.311501	NaN	-7.243569
3633.263000	-7.226580	-7.216286	-7.208583	-7.326321	-7.144949	-7.249882	-7.232712	-7.190255	-7.200400	-7.237553	-7.246087	-7.268442	-7.234860	-6.311091	NaN	-7.243681
3653.443000	-7.226348	-7.216268	-7.208902	-7.326441	-7.145152	-7.250013	-7.232883	-7.190414	-7.200502	-7.237640	-7.245985	-7.268558	-7.235056	-6.311266	NaN	-7.243667
3673.623000	-7.226399	-7.216130	-7.208604	-7.326615	-7.145156	-7.249988	-7.232886	-7.190440	-7.200375	-7.237252	-7.246072	-7.268733	-7.234664	-6.310863	NaN	-7.243318
3693.813000	-7.226500	-7.215898	-7.208673	-7.326637	-7.145058	-7.250292	-7.232752	-7.190400	-7.200545	-7.237506	-7.245633	-7.268558	-7.235060	-6.311124	NaN	-7.243681
3713.993000	-7.226475	-7.216177	-7.208702	-7.326346	-7.145054	-7.249919	-7.232643	-7.190429	-7.200262	-7.237437	-7.245949	-7.268678	-7.234784	-6.311204	NaN	-7.243620
3734.173000	-7.226536	-7.216261	-7.208688	-7.326466	-7.144996	-7.249995	-7.232799	-7.190429	-7.200313	-7.237556	-7.245935	-7.268551	-7.234904	-6.311055	NaN	-7.243616
3754.353000	-7.226693	-7.216268	-7.208456	-7.326455	-7.145083	-7.249980	-7.232524	-7.190324	-7.200023	-7.237437	-7.246112	-7.268566	-7.234868	-6.311128	NaN	-7.243670
3774.533000	-7.226370	-7.215941	-7.208427	-7.326415	-7.144702	-7.250013	-7.232687	-7.190603	-7.200433	-7.237574	-7.245960	-7.268863	-7.234980	-6.310856	NaN	-7.243953
3794.713000	-7.226544	-7.216348	-7.208728	-7.326571	-7.144978	-7.250057	-7.232734	-7.190367	-7.200313	-7.237538	-7.245884	-7.268450	-7.234799	-6.310950	NaN	-7.243674
3814.893000	-7.226417	-7.216504	-7.208677	-7.326277	-7.144967	-7.249610	-7.232872	-7.190066	-7.200603	-7.237778	-7.245648	-7.268758	-7.235089	-6.310906	NaN	-7.243859
3835.073000	-7.226417	-7.216671	-7.209011	-7.326579	-7.145080	-7.249719	-7.232368	-7.190520	-7.200694	-7.237389	-7.246116	-7.268693	-7.234719	-6.310870	NaN	-7.244001
3855.253000	-7.226468	-7.216246	-7.208757	-7.326510	-7.145000	-7.249919	-7.232828	-7.190465	-7.200389	-7.237574	-7.245916	-7.268548	-7.234871	-6.311095	NaN	-7.243620
3875.433000	-7.226529	-7.216377	-7.208753	-7.326829	-7.144938	-7.250169	-7.232781	-7.190327	-7.200291	-7.237371	-7.246018	-7.268758	-7.234871	-6.311157	NaN	-7.243605
3895.613000	-7.226671	-7.216329	-7.208441	-7.326430	-7.144967	-7.250042	-7.232589	-7.190244	-7.200186	-7.237832	-7.246163	-7.268871	-7.235071	-6.311044	NaN	-7.243536
3915.793000	-7.226253	-7.216112	-7.208437	-7.326793	-7.145080	-7.249679	-7.233180	-7.190683	-7.200349	-7.237328	-7.246007	-7.268900	-7.234708	-6.311367	NaN	-7.243518
3935.973000	-7.226529	-7.216046	-7.208710	-7.326466	-7.145062	-7.249904	-7.232756	-7.190331	-7.200313	-7.237691	-7.245978	-7.268355	-7.234853	-6.310798	NaN	-7.243895
3956.153000	-7.226529	-7.216322	-7.208604	-7.326619	-7.145076	-7.250013	-7.232723	-7.190349	-7.200302	-7.237538	-7.245902	-7.268588	-7.234915	-6.311052	NaN	-7.243601
3976.333000	-7.226493	-7.216213	-7.208662	-7.326669	-7.145116	-7.249973	-7.232734	-7.190411	-7.200299	-7.237466	-7.245942	-7.268675	-7.234824	-6.311095	NaN	-7.243620
3996.513000	-7.226341	-7.216159	-7.208590	-7.326952	-7.144789	-7.250227	-7.232807	-7.190505	-7.200208	-7.237208	-7.245916	-7.268548	-7.234846	-6.311316	NaN	-7.243543
4016.693000	-7.226587	-7.216177	-7.208710	-7.326960	-7.145152	-7.250049	-7.232828	-7.190222	-7.200241	-7.237524	-7.245931	-7.268722	-7.234839	-6.310979	NaN	-7.243594
4036.873000	-7.226413	-7.216231	-7.208662	-7.326691	-7.145130	-7.250013	-7.232810	-7.190458	-7.200208	-7.237491	-7.245949	-7.268682	-7.234886	-6.311106	NaN	-7.243620
4057.053000	-7.226457	-7.216322	-7.208706	-7.326880	-7.145062	-7.249882	-7.232720	-7.190396	-7.200313	-7.237484	-7.245898	-7.268624	-7.234937	-6.311128	NaN	-7.243616
4077.233000	-7.226355	-7.216576	-7.209043	-7.326680	-7.144724	-7.250343	-7.232516	-7.190520	-7.200542	-7.237865	-7.246254	-7.268341	-7.235064	-6.311175	NaN	-7.243645
4097.413000	-7.226464	-7.216097	-7.208626	-7.327105	-7.145007	-7.249716	-7.232676	-7.190679	-7.200357	-7.237320	-7.245942	-7.268359	-7.234929	-6.310794	NaN	-7.243445
4117.593000	-7.226602	-7.216591	-7.208528	-7.326648	-7.144749	-7.249988	-7.232680	-7.190302	-7.200487	-7.237567	-7.245681	-7.268979	-7.235143	-6.310779	NaN	-7.243340
4137.773000	-7.226489	-7.216282	-7.208895	-7.326967	-7.145341	-7.249875	-7.232821	-7.190385	-7.200081	-7.237477	-7.246011	-7.268733	-7.235103	-6.311106	NaN	-7.243638
4157.953000	-7.226497	-7.216319	-7.208655	-7.326949	-7.145065	-7.249948	-7.232807	-7.190324	-7.200375	-7.237531	-7.245858	-7.268656	-7.234820	-6.311091	NaN	-7.243718
4178.133000	-7.226199	-7.215945	-7.208459	-7.327090	-7.144996	-7.249763	-7.232963	-7.190215	-7.200436	-7.237375	-7.246250	-7.268417	-7.235096	-6.310910	NaN	-7.243583
4198.313000	-7.226700	-7.216108	-7.208506	-7.327268	-7.144808	-7.249817	-7.232926	-7.190465	-7.200397	-7.237513	-7.245746	-7.268548	-7.234955	-6.310983	NaN	-7.244037
4218.493000	-7.226471	-7.216115	-7.208706	-7.327272	-7.144808	-7.250006	-7.232796	-7.190643	-7.200219	-7.237215	-7.246058	-7.268424	-7.234712	-6.311411	NaN	-7.243732
4238.673000	-7.226536	-7.216602	-7.208731	-7.326985	-7.145047	-7.249991	-7.232741	-7.190200	-7.200349	-7.237843	-7.245942	-7.268526	-7.234882	-6.310765	NaN	-7.243268
4258.853000	-7.226511	-7.216104	-7.208662	-7.326992	-7.144985	-7.249781	-7.232778	-7.190280	-7.200331	-7.237604	-7.245906	-7.268631	-7.234875	-6.311124	NaN	-7.243634
4279.033000	-7.226489	-7.216239	-7.208641	-7.326818	-7.145047	-7.250053	-7.232763	-7.190171	-7.200295	-7.237723	-7.245935	-7.268900	-7.234813	-6.311284	NaN	-7.243660
4299.213000	-7.226428	-7.215967	-7.208405	-7.326938	-7.144829	-7.250176	-7.233035	-7.190581	-7.200164	-7.237168	-7.245644	-7.268990	-7.234530	-6.311480	NaN	-7.243420
4319.393000	-7.226341	-7.216279	-7.208477	-7.327098	-7.145120	-7.249922	-7.232803	-7.190335	-7.200480	-7.237498	-7.246297	-7.268773	-7.234639	-6.311117	NaN	-7.243641
4339.573000	-7.226736	-7.216616	-7.208506	-7.326804	-7.145181	-7.250169	-7.233024	-7.190084	-7.199990	-7.237208	-7.245666	-7.269041	-7.234926	-6.310957	NaN	-7.243282
4359.753000	-7.226475	-7.216264	-7.208673	-7.327166	-7.144982	-7.249944	-7.232730	-7.190433	-7.200309	-7.237484	-7.245895	-7.268747	-7.234871	-6.311055	NaN	-7.243667
4379.933000	-7.226217	-7.216231	-7.208953	-7.327156	-7.144833	-7.249955	-7.232974	-7.190324	-7.200055	-7.237495	-7.246163	-7.268718	-7.234577	-6.311102	NaN	-7.243736
4400.113000	-7.226366	-7.216493	-7.208873	-7.327119	-7.144869	-7.250369	-7.232984	-7.190556	-7.200509	-7.237197	-7.245858	-7.269085	-7.234559	-6.311102	NaN	-7.243333
4420.293000	-7.226112	-7.216366	-7.208448	-7.327032	-7.144546	-7.249527	-7.232738	-7.190581	-7.200375	-7.237440	-7.245975	-7.268802	-7.234846	-6.310790	NaN	-7.243358
4440.473000	-7.226253	-7.216420	-7.208800	-7.327268	-7.144829	-7.249861	-7.233013	-7.190346	-7.200600	-7.237455	-7.246007	-7.268504	-7.234712	-6.310957	NaN	-7.243732
4460.653000	-7.226235	-7.216253	-7.208368	-7.327293	-7.145029	-7.250013	-7.232966	-7.190335	-7.200476	-7.237567	-7.246000	-7.268722	-7.235158	-6.311081	NaN	-7.243670
4480.833000	-7.226428	-7.216224	-7.208539	-7.327330	-7.145181	-7.249977	-7.232876	-7.190549	-7.200168	-7.237589	-7.245808	-7.268776	-7.234878	-6.311081	NaN	-7.243660
4501.013000	-7.226732	-7.216224	-7.208717	-7.327323	-7.145377	-7.249901	-7.232868	-7.190313	-7.200030	-7.237527	-7.245677	-7.268769	-7.235078	-6.311106	NaN	-7.243612
4521.193000	-7.226584	-7.216261	-7.208550	-7.327301	-7.144837	-7.249904	-7.232901	-7.190298	-7.200549	-7.237498	-7.245742	-7.268733	-7.234933	-6.311110	NaN	-7.243714
4541.373000	-7.226584	-7.216496	-7.208942	-7.327660	-7.144931	-7.249824	-7.232349	-7.190124	-7.200658	-7.237186	-7.246022	-7.269092	-7.235212	-6.311273	NaN	-7.243420
4561.553000	-7.226682	-7.216235	-7.208822	-7.327442	-7.144818	-7.249763	-7.232705	-7.190574	-7.200422	-7.237458	-7.246040	-7.268947	-7.234904	-6.310950	NaN	-7.243739
4581.733000	-7.226482	-7.216395	-7.208840	-7.327148	-7.145051	-7.250195	-7.232781	-7.190422	-7.200273	-7.237273	-7.245953	-7.268845	-7.234842	-6.311088	NaN	-7.243652
4601.913000	-7.226449	-7.216355	-7.208731	-7.327373	-7.145003	-7.250209	-7.232701	-7.190342	-7.200371	-7.237233	-7.245945	-7.268497	-7.234842	-6.311345	NaN	-7.243300
4622.093000	-7.226464	-7.216362	-7.208833	-7.327417	-7.145007	-7.249955	-7.232720	-7.190523	-7.200469	-7.237404	-7.245898	-7.268642	-7.234810	-6.311153	NaN	-7.243594
4642.273000	-7.226312	-7.215861	-7.209032	-7.327148	-7.145363	-7.249657	-7.233042	-7.190237	-7.200593	-7.237281	-7.246207	-7.268910	-7.235002	-6.310772	NaN	-7.243837
4662.453000	-7.226522	-7.216115	-7.208764	-7.327442	-7.145032	-7.249832	-7.232658	-7.190462	-7.200397	-7.237339	-7.245902	-7.268718	-7.234882	-6.311287	NaN	-7.243543
4682.633000	-7.226497	-7.216326	-7.208699	-7.327609	-7.144985	-7.249799	-7.232741	-7.190654	-7.200295	-7.237458	-7.245945	-7.268533	-7.234908	-6.310758	NaN	-7.243605
4702.813000	-7.226272	-7.216348	-7.208786	-7.327544	-7.145000	-7.249977	-7.232698	-7.190280	-7.200117	-7.237455	-7.246004	-7.268842	-7.235085	-6.311240	NaN	-7.243739
4722.993000	-7.226653	-7.216170	-7.208557	-7.327569	-7.144876	-7.249973	-7.232926	-7.190356	-7.200397	-7.237756	-7.246120	-7.268816	-7.235027	-6.311142	NaN	-7.243641
4743.183000	-7.226616	-7.216112	-7.208579	-7.327772	-7.145101	-7.249890	-7.232643	-7.190396	-7.200273	-7.237672	-7.246007	-7.268758	-7.234900	-6.310979	NaN	-7.243707
4763.363000	-7.226439	-7.216446	-7.208517	-7.327373	-7.145007	-7.249784	-7.232723	-7.190360	-7.200368	-7.237527	-7.246076	-7.268998	-7.234918	-6.311244	NaN	-7.243685
4783.543000	-7.226457	-7.216275	-7.208702	-7.327576	-7.145054	-7.249926	-7.232741	-7.190414	-7.200357	-7.237502	-7.245913	-7.268838	-7.234882	-6.311153	NaN	-7.243663
4803.723000	-7.226468	-7.216192	-7.208648	-7.327348	-7.145054	-7.249683	-7.232738	-7.190636	-7.200360	-7.237894	-7.245920	-7.268569	-7.234933	-6.311149	NaN	-7.243583
4823.903000	-7.226783	-7.216094	-7.208267	-7.327232	-7.144778	-7.249643	-7.232651	-7.190730	-7.200524	-7.237103	-7.246348	-7.269023	-7.234820	-6.310823	NaN	-7.243877
4844.083000	-7.226634	-7.216155	-7.208713	-7.327820	-7.144996	-7.250165	-7.232738	-7.190596	-7.200429	-7.237466	-7.246029	-7.268936	-7.234998	-6.310975	NaN	-7.243816
4864.263000	-7.226729	-7.216279	-7.208397	-7.327707	-7.145243	-7.250013	-7.232872	-7.190317	-7.200491	-7.237477	-7.245713	-7.268812	-7.234755	-6.311117	NaN	-7.243663
4884.443000	-7.226790	-7.216250	-7.208648	-7.327733	-7.145359	-7.250028	-7.232890	-7.190338	-7.200411	-7.237502	-7.245615	-7.268871	-7.235234	-6.311091	NaN	-7.243678
4904.623000	-7.226420	-7.216221	-7.208597	-7.327667	-7.145243	-7.250274	-7.232894	-7.190458	-7.200585	-7.237317	-7.246022	-7.268646	-7.235002	-6.310903	NaN	-7.243442
4924.803000	-7.226867	-7.215985	-7.208503	-7.328034	-7.145018	-7.249948	-7.233137	-7.190229	-7.200368	-7.237767	-7.245724	-7.268711	-7.234918	-6.311422	NaN	-7.243460
4944.983000	-7.226526	-7.216431	-7.208666	-7.327794	-7.145003	-7.249752	-7.232745	-7.190549	-7.200331	-7.237215	-7.246007	-7.268577	-7.234882	-6.311364	NaN	-7.243855
4965.163000	-7.226558	-7.216507	-7.209000	-7.327918	-7.144662	-7.249792	-7.232814	-7.190070	-7.199987	-7.237549	-7.245662	-7.268979	-7.235158	-6.310819	NaN	-7.244033
4985.343000	-7.226656	-7.216268	-7.208768	-7.327921	-7.145308	-7.249966	-7.232723	-7.190262	-7.200625	-7.237531	-7.246370	-7.268863	-7.234603	-6.311070	NaN	-7.243627
5005.526000	-7.226729	-7.216228	-7.208249	-7.327805	-7.144938	-7.250006	-7.232720	-7.190393	-7.200313	-7.237564	-7.245927	-7.268838	-7.234857	-6.311131	NaN	-7.243645
5025.703000	-7.226224	-7.216246	-7.208630	-7.327743	-7.145167	-7.250038	-7.232977	-7.190414	-7.200335	-7.237516	-7.246243	-7.268910	-7.234958	-6.311135	NaN	-7.243649
5045.883000	-7.226471	-7.216188	-7.208691	-7.327874	-7.145047	-7.250002	-7.232767	-7.190451	-7.200397	-7.237611	-7.245960	-7.268885	-7.234889	-6.311113	NaN	-7.243696
5066.063000	-7.226388	-7.216271	-7.208619	-7.327820	-7.145022	-7.250013	-7.232720	-7.190512	-7.200509	-7.237535	-7.246018	-7.268827	-7.235100	-6.311139	NaN	-7.243638
5086.243000	-7.226598	-7.216097	-7.208978	-7.327856	-7.145163	-7.250093	-7.233024	-7.190186	-7.200400	-7.237756	-7.245648	-7.269277	-7.235024	-6.310870	NaN	-7.243660
5106.423000	-7.226442	-7.216605	-7.208670	-7.328168	-7.144989	-7.249908	-7.232698	-7.190505	-7.200095	-7.237502	-7.246014	-7.268635	-7.234878	-6.310685	NaN	-7.243707
5126.603000	-7.226417	-7.216050	-7.208731	-7.328295	-7.145247	-7.250158	-7.232981	-7.190629	-7.200542	-7.237749	-7.245691	-7.269146	-7.235031	-6.310714	NaN	-7.243739
5146.783000	-7.226729	-7.216235	-7.208731	-7.327700	-7.145381	-7.249774	-7.232502	-7.190385	-7.200694	-7.237447	-7.246120	-7.268936	-7.234802	-6.310776	NaN	-7.243848
5166.963000	-7.226471	-7.216003	-7.208797	-7.327910	-7.145058	-7.250274	-7.232723	-7.190222	-7.200415	-7.237738	-7.246004	-7.268794	-7.234893	-6.311393	NaN	-7.243888
5187.143000	-7.226518	-7.216282	-7.208681	-7.328103	-7.145011	-7.249995	-7.232709	-7.190349	-7.200324	-7.237491	-7.245953	-7.268921	-7.234871	-6.311106	NaN	-7.243598
5207.323000	-7.226693	-7.216007	-7.208909	-7.327743	-7.145257	-7.249911	-7.232404	-7.190117	-7.200110	-7.237694	-7.245960	-7.268805	-7.234878	-6.311008	NaN	-7.243569
5227.503000	-7.226500	-7.216279	-7.208608	-7.328095	-7.144902	-7.249814	-7.232622	-7.190317	-7.200226	-7.237480	-7.246120	-7.268910	-7.234759	-6.311208	NaN	-7.243601
5247.683000	-7.226304	-7.216478	-7.208408	-7.327852	-7.144949	-7.250307	-7.232600	-7.190643	-7.200643	-7.237320	-7.245630	-7.269088	-7.235270	-6.311480	NaN	-7.243362
5267.863000	-7.226439	-7.216239	-7.208681	-7.328215	-7.145007	-7.250024	-7.232738	-7.190436	-7.200360	-7.237473	-7.245993	-7.268903	-7.234868	-6.311124	NaN	-7.243656
5288.043000	-7.226482	-7.216326	-7.208749	-7.328106	-7.145051	-7.250195	-7.232749	-7.190389	-7.200382	-7.237204	-7.245927	-7.268910	-7.234908	-6.311480	NaN	-7.243329
5308.223000	-7.226602	-7.215934	-7.209058	-7.328513	-7.144797	-7.250234	-7.232640	-7.190059	-7.200524	-7.237792	-7.245786	-7.269259	-7.234686	-6.311440	NaN	-7.243914
5328.403000	-7.226471	-7.216319	-7.208706	-7.328222	-7.145065	-7.249995	-7.232712	-7.190378	-7.200422	-7.237495	-7.246000	-7.268914	-7.234878	-6.311135	NaN	-7.243660
5348.583000	-7.226497	-7.216257	-7.208608	-7.328197	-7.145014	-7.249951	-7.232676	-7.190407	-7.200411	-7.237513	-7.246007	-7.269012	-7.234871	-6.311113	NaN	-7.243667
5368.763000	-7.226272	-7.216264	-7.208949	-7.328288	-7.145159	-7.249941	-7.232636	-7.190349	-7.200582	-7.237484	-7.245884	-7.268961	-7.235176	-6.311008	NaN	-7.243565
5388.943000	-7.226239	-7.216282	-7.208350	-7.328299	-7.144760	-7.249959	-7.232487	-7.190364	-7.200168	-7.237578	-7.246105	-7.269008	-7.234654	-6.311059	NaN	-7.243656
5409.123000	-7.226805	-7.216304	-7.208430	-7.328157	-7.145257	-7.249973	-7.232988	-7.190404	-7.200716	-7.237564	-7.245735	-7.268994	-7.234748	-6.311084	NaN	-7.243689
5429.303000	-7.226504	-7.216239	-7.208488	-7.328346	-7.145265	-7.249988	-7.232433	-7.190349	-7.200251	-7.237418	-7.245833	-7.268914	-7.234889	-6.311052	NaN	-7.243699
5449.483000	-7.226203	-7.216286	-7.208818	-7.328611	-7.145428	-7.250064	-7.232603	-7.190349	-7.200502	-7.237241	-7.245691	-7.269117	-7.234722	-6.310856	NaN	-7.243435
5469.663000	-7.226547	-7.216253	-7.208554	-7.328458	-7.144895	-7.249835	-7.232807	-7.190338	-7.200480	-7.237477	-7.245949	-7.268990	-7.235085	-6.311041	NaN	-7.243507
5489.843000	-7.226489	-7.216409	-7.208688	-7.328270	-7.145007	-7.250006	-7.232709	-7.190121	-7.200317	-7.237669	-7.245880	-7.268642	-7.234973	-6.310957	NaN	-7.243620
5510.023000	-7.226406	-7.216300	-7.209083	-7.328077	-7.144960	-7.250002	-7.232955	-7.190063	-7.200052	-7.237223	-7.246199	-7.268667	-7.235183	-6.311331	NaN	-7.244037
5530.203000	-7.226166	-7.216112	-7.208967	-7.328353	-7.144630	-7.250209	-7.233046	-7.190545	-7.200589	-7.237426	-7.246283	-7.269208	-7.235187	-6.311295	NaN	-7.243576
5550.383000	-7.226457	-7.216170	-7.208619	-7.328248	-7.145000	-7.250089	-7.232636	-7.190081	-7.200349	-7.237792	-7.245931	-7.269001	-7.234940	-6.311247	NaN	-7.244019
5570.563000	-7.226693	-7.216631	-7.208608	-7.328592	-7.144982	-7.250169	-7.232328	-7.190121	-7.200277	-7.237694	-7.246265	-7.269034	-7.235078	-6.311273	NaN	-7.243569
5590.743000	-7.226649	-7.216210	-7.208905	-7.328585	-7.144699	-7.249948	-7.233021	-7.190375	-7.200393	-7.237509	-7.245993	-7.268979	-7.234937	-6.311088	NaN	-7.243710
5610.923000	-7.226522	-7.216195	-7.208641	-7.328549	-7.145072	-7.249973	-7.232759	-7.190331	-7.200422	-7.237560	-7.245989	-7.268987	-7.234922	-6.311041	NaN	-7.243689
5631.103000	-7.226152	-7.216583	-7.208713	-7.328306	-7.144822	-7.250263	-7.232665	-7.190687	-7.200099	-7.237574	-7.245840	-7.268754	-7.234610	-6.310750	NaN	-7.244011
5651.283000	-7.226667	-7.215930	-7.208521	-7.328433	-7.145087	-7.249915	-7.232977	-7.190523	-7.200484	-7.237604	-7.246326	-7.268704	-7.235100	-6.310841	NaN	-7.243500
5671.463000	-7.226460	-7.216279	-7.208673	-7.328897	-7.145011	-7.249991	-7.232749	-7.190349	-7.200368	-7.237509	-7.246000	-7.269016	-7.234897	-6.311153	NaN	-7.243645
5691.643000	-7.226497	-7.216569	-7.208659	-7.328941	-7.144993	-7.250205	-7.232618	-7.190625	-7.200389	-7.237183	-7.245960	-7.269027	-7.234947	-6.311476	NaN	-7.243467
5711.823000	-7.226536	-7.216253	-7.208579	-7.328632	-7.144829	-7.250075	-7.232734	-7.190440	-7.200397	-7.237477	-7.245982	-7.269048	-7.234835	-6.311055	NaN	-7.243689
5732.003000	-7.226689	-7.215832	-7.208778	-7.328465	-7.144782	-7.249650	-7.232451	-7.190117	-7.200426	-7.237897	-7.245837	-7.269233	-7.234537	-6.311251	NaN	-7.243536
5752.183000	-7.226406	-7.216228	-7.208503	-7.328814	-7.144891	-7.250035	-7.232934	-7.190346	-7.200302	-7.237447	-7.246192	-7.268802	-7.234958	-6.311088	NaN	-7.243656
5772.363000	-7.226286	-7.216050	-7.208681	-7.328836	-7.144880	-7.250358	-7.232683	-7.190186	-7.200455	-7.237774	-7.245978	-7.269175	-7.234868	-6.311353	NaN	-7.243493
5792.543000	-7.226286	-7.216003	-7.208307	-7.328422	-7.145283	-7.249966	-7.232375	-7.190048	-7.200291	-7.237636	-7.246181	-7.269415	-7.234672	-6.311186	NaN	-7.243402
5812.723000	-7.226453	-7.215941	-7.208408	-7.328647	-7.145036	-7.249723	-7.232821	-7.190436	-7.200114	-7.237324	-7.245989	-7.268816	-7.235005	-6.311052	NaN	-7.243946
5832.903000	-7.226660	-7.216134	-7.208612	-7.328694	-7.144898	-7.249875	-7.232701	-7.190538	-7.200480	-7.237509	-7.246047	-7.269030	-7.234802	-6.310975	NaN	-7.243739
5853.083000	-7.226515	-7.216319	-7.208659	-7.328788	-7.145069	-7.249970	-7.232741	-7.190360	-7.200458	-7.237437	-7.246033	-7.269164	-7.234944	-6.311142	NaN	-7.243638
5873.263000	-7.226772	-7.216587	-7.208593	-7.328375	-7.145326	-7.250144	-7.232643	-7.190266	-7.200622	-7.237335	-7.245906	-7.269302	-7.234813	-6.311193	NaN	-7.243874
5893.443000	-7.226152	-7.216043	-7.208778	-7.328977	-7.145051	-7.249668	-7.232527	-7.190527	-7.200291	-7.237825	-7.246385	-7.269092	-7.235071	-6.310899	NaN	-7.243982
5913.623000	-7.226714	-7.216290	-7.208844	-7.328763	-7.144826	-7.249915	-7.232469	-7.190356	-7.200825	-7.237444	-7.246203	-7.269146	-7.234530	-6.311088	NaN	-7.243623
5933.803000	-7.226116	-7.216264	-7.208964	-7.328894	-7.145272	-7.249980	-7.232542	-7.190389	-7.200324	-7.237520	-7.245858	-7.269135	-7.234617	-6.311073	NaN	-7.243707
5953.983000	-7.226740	-7.216221	-7.208811	-7.328857	-7.144710	-7.249944	-7.233115	-7.190338	-7.200331	-7.237495	-7.246247	-7.269114	-7.234693	-6.311048	NaN	-7.243718
5974.163000	-7.226322	-7.216351	-7.208365	-7.329195	-7.144811	-7.249821	-7.232567	-7.190661	-7.200622	-7.237233	-7.245691	-7.269223	-7.234857	-6.310827	NaN	-7.243779
5994.343000	-7.226500	-7.216358	-7.208935	-7.329024	-7.144873	-7.249977	-7.232712	-7.190378	-7.200135	-7.237339	-7.245808	-7.269161	-7.235056	-6.311102	NaN	-7.243580
6014.523000	-7.226653	-7.216155	-7.208434	-7.328538	-7.145083	-7.249879	-7.232407	-7.190694	-7.200484	-7.237313	-7.246007	-7.269201	-7.234875	-6.311411	NaN	-7.243565
6034.703000	-7.226206	-7.216311	-7.208437	-7.328959	-7.144786	-7.249951	-7.232752	-7.190353	-7.200168	-7.237553	-7.246261	-7.269114	-7.234628	-6.311073	NaN	-7.243714
6054.883000	-7.226671	-7.216569	-7.208510	-7.329333	-7.144720	-7.250082	-7.233042	-7.190727	-7.200839	-7.237281	-7.245735	-7.269172	-7.234606	-6.310841	NaN	-7.243707
6075.063000	-7.226399	-7.216424	-7.208681	-7.328850	-7.144749	-7.249897	-7.232836	-7.190483	-7.200375	-7.237560	-7.245848	-7.269085	-7.234882	-6.310968	NaN	-7.243634
6095.243000	-7.226812	-7.216456	-7.208724	-7.329169	-7.145051	-7.249977	-7.232600	-7.190226	-7.200756	-7.237491	-7.245750	-7.269070	-7.234904	-6.311110	NaN	-7.243761
6115.423000	-7.226787	-7.216261	-7.208517	-7.328981	-7.144749	-7.250024	-7.232756	-7.190349	-7.200509	-7.237516	-7.245721	-7.269063	-7.234726	-6.311099	NaN	-7.243630
6135.603000	-7.226268	-7.215999	-7.208688	-7.328596	-7.145450	-7.249980	-7.232680	-7.190190	-7.200077	-7.237883	-7.245927	-7.268954	-7.234886	-6.310874	NaN	-7.243627
6155.783000	-7.226264	-7.215985	-7.209029	-7.329104	-7.144601	-7.250271	-7.232654	-7.190200	-7.200505	-7.237154	-7.245753	-7.268871	-7.235209	-6.311095	NaN	-7.243721
6175.963000	-7.226192	-7.216217	-7.208913	-7.328926	-7.144855	-7.249948	-7.232451	-7.190375	-7.200868	-7.237527	-7.246225	-7.269146	-7.234875	-6.311102	NaN	-7.243674
6196.143000	-7.226555	-7.216239	-7.208731	-7.328901	-7.145025	-7.249908	-7.232694	-7.190382	-7.200404	-7.237545	-7.245935	-7.269121	-7.234853	-6.311142	NaN	-7.243692
6216.323000	-7.226820	-7.215883	-7.208437	-7.328632	-7.145323	-7.249672	-7.232658	-7.190520	-7.200114	-7.237876	-7.245931	-7.269462	-7.235176	-6.310979	NaN	-7.243308
6236.503000	-7.226050	-7.216046	-7.208996	-7.328770	-7.144710	-7.249770	-7.233006	-7.190545	-7.200730	-7.237237	-7.246243	-7.269509	-7.234864	-6.310768	NaN	-7.243460
6256.683000	-7.226239	-7.216155	-7.208358	-7.328879	-7.144884	-7.250118	-7.232832	-7.190200	-7.200654	-7.237382	-7.246279	-7.269096	-7.234955	-6.311425	NaN	-7.243525
6276.863000	-7.226304	-7.216184	-7.208441	-7.328937	-7.145025	-7.250013	-7.232839	-7.190353	-7.200284	-7.237542	-7.245757	-7.269114	-7.235114	-6.311012	NaN	-7.243692
6297.043000	-7.226370	-7.216660	-7.208608	-7.328963	-7.145101	-7.250147	-7.233017	-7.190516	-7.200066	-7.237393	-7.245586	-7.269027	-7.234773	-6.310750	NaN	-7.243917
6317.223000	-7.226609	-7.216054	-7.208967	-7.329336	-7.144829	-7.250176	-7.233057	-7.190433	-7.200763	-7.237531	-7.246225	-7.269135	-7.235020	-6.311309	NaN	-7.243435
6337.403000	-7.226243	-7.216228	-7.208387	-7.329104	-7.144855	-7.249951	-7.232542	-7.190367	-7.200407	-7.237560	-7.245869	-7.269212	-7.235176	-6.311113	NaN	-7.243641
6357.583000	-7.226341	-7.216348	-7.208800	-7.328738	-7.145123	-7.249995	-7.232622	-7.190077	-7.200241	-7.237654	-7.246337	-7.269415	-7.234490	-6.311099	NaN	-7.243899
6377.763000	-7.226522	-7.216525	-7.208677	-7.329391	-7.144960	-7.249904	-7.232690	-7.190396	-7.200433	-7.237545	-7.246033	-7.268943	-7.234878	-6.310866	NaN	-7.243641
6397.943000	-7.226566	-7.216177	-7.208684	-7.329061	-7.144862	-7.250075	-7.232788	-7.190385	-7.200375	-7.237480	-7.246018	-7.269204	-7.234995	-6.311099	NaN	-7.243641
6418.123000	-7.226631	-7.216398	-7.208586	-7.328807	-7.144619	-7.249988	-7.233032	-7.190701	-7.200709	-7.237625	-7.246091	-7.268961	-7.234770	-6.311534	NaN	-7.243583
6438.303000	-7.226573	-7.216268	-7.208586	-7.329220	-7.144717	-7.249821	-7.232466	-7.190244	-7.200705	-7.237418	-7.245920	-7.269066	-7.234933	-6.311244	NaN	-7.243565
6458.483000	-7.226221	-7.215909	-7.208550	-7.328905	-7.145323	-7.250195	-7.232999	-7.190128	-7.200738	-7.237404	-7.245724	-7.269023	-7.235238	-6.310852	NaN	-7.243743
6478.663000	-7.226148	-7.216667	-7.208993	-7.329140	-7.144768	-7.250180	-7.232534	-7.190396	-7.200273	-7.237397	-7.246276	-7.269466	-7.235114	-6.310834	NaN	-7.243928
6498.843000	-7.226507	-7.216279	-7.208601	-7.329130	-7.145029	-7.250042	-7.232745	-7.190360	-7.200400	-7.237480	-7.246022	-7.269219	-7.234918	-6.311139	NaN	-7.243721
6519.023000	-7.226544	-7.216202	-7.208550	-7.329046	-7.145094	-7.250184	-7.232578	-7.190563	-7.200157	-7.237582	-7.246087	-7.269114	-7.234741	-6.310983	NaN	-7.243540
6539.203000	-7.226649	-7.216536	-7.208659	-7.328984	-7.145261	-7.249846	-7.232491	-7.190335	-7.200589	-7.237636	-7.246345	-7.269553	-7.235234	-6.311440	NaN	-7.243322
6559.383000	-7.226801	-7.216420	-7.208724	-7.329572	-7.145228	-7.249650	-7.232422	-7.190541	-7.200400	-7.237215	-7.246272	-7.269502	-7.234893	-6.310798	NaN	-7.243268
6579.563000	-7.226409	-7.216228	-7.208670	-7.329217	-7.144985	-7.249962	-7.232723	-7.190385	-7.200407	-7.237502	-7.246025	-7.269233	-7.234875	-6.311088	NaN	-7.243689
6599.743000	-7.226493	-7.215905	-7.208739	-7.329384	-7.144978	-7.250093	-7.232680	-7.190211	-7.200404	-7.237284	-7.246036	-7.269509	-7.234908	-6.310808	NaN	-7.243482
6619.923000	-7.226591	-7.216340	-7.208383	-7.329627	-7.145007	-7.249806	-7.232476	-7.190237	-7.200462	-7.237738	-7.246072	-7.269310	-7.235125	-6.311378	NaN	-7.243710
6640.103000	-7.226529	-7.216271	-7.208648	-7.329402	-7.145065	-7.249962	-7.232669	-7.190396	-7.200473	-7.237426	-7.246051	-7.269175	-7.234933	-6.311062	NaN	-7.243670
6660.283000	-7.226529	-7.216235	-7.208608	-7.329471	-7.145043	-7.250111	-7.232868	-7.190592	-7.200407	-7.237506	-7.246076	-7.269244	-7.234933	-6.311146	NaN	-7.243649
6680.463000	-7.226489	-7.216409	-7.208884	-7.329184	-7.144786	-7.249784	-7.232665	-7.190396	-7.200219	-7.237727	-7.246305	-7.269506	-7.234976	-6.311454	NaN	-7.243982
6700.643000	-7.226464	-7.216297	-7.208706	-7.329645	-7.145047	-7.250104	-7.232752	-7.190672	-7.200455	-7.237662	-7.246022	-7.269509	-7.234958	-6.311276	NaN	-7.243351
6720.823000	-7.226188	-7.216286	-7.208550	-7.329409	-7.145225	-7.249694	-7.232992	-7.190607	-7.200045	-7.237161	-7.245902	-7.269487	-7.235241	-6.310743	NaN	-7.243982
6741.003000	-7.226605	-7.216456	-7.208775	-7.329213	-7.145272	-7.249814	-7.232905	-7.190596	-7.200440	-7.237313	-7.245906	-7.269099	-7.234951	-6.310790	NaN	-7.243961
6761.183000	-7.226475	-7.216427	-7.208710	-7.329463	-7.144993	-7.249784	-7.232836	-7.190171	-7.200411	-7.237230	-7.246033	-7.269535	-7.234839	-6.311164	NaN	-7.243413
6781.367000	-7.226279	-7.215919	-7.208608	-7.329844	-7.145297	-7.249690	-7.232999	-7.190636	-7.200346	-7.237030	-7.245699	-7.269538	-7.234788	-6.310921	NaN	-7.243863
6801.553000	-7.226384	-7.216583	-7.208368	-7.329656	-7.145083	-7.250129	-7.232665	-7.190639	-7.200251	-7.237244	-7.245924	-7.269545	-7.234563	-6.311128	NaN	-7.243435
6821.733000	-7.226493	-7.216558	-7.209051	-7.329717	-7.144677	-7.249763	-7.232752	-7.190393	-7.200146	-7.237767	-7.246363	-7.269193	-7.234947	-6.311001	NaN	-7.243652
6841.913000	-7.226878	-7.216003	-7.208728	-7.329503	-7.145294	-7.250271	-7.232857	-7.190240	-7.200810	-7.237803	-7.245717	-7.269560	-7.234915	-6.311454	NaN	-7.243957
6862.093000	-7.226468	-7.216446	-7.208488	-7.329518	-7.144684	-7.249694	-7.232727	-7.190596	-7.200749	-7.237535	-7.245793	-7.269223	-7.234937	-6.311055	NaN	-7.243935
6882.273000	-7.226631	-7.216431	-7.208655	-7.329369	-7.145257	-7.249650	-7.233119	-7.190465	-7.200756	-7.237658	-7.245746	-7.268954	-7.235122	-6.311429	NaN	-7.243438
6902.453000	-7.226772	-7.216028	-7.208394	-7.329906	-7.145207	-7.249784	-7.233057	-7.190335	-7.200778	-7.237255	-7.245771	-7.269066	-7.234918	-6.311008	NaN	-7.243420
6922.633000	-7.226449	-7.216300	-7.208717	-7.329819	-7.144996	-7.249991	-7.232549	-7.190353	-7.200738	-7.237433	-7.245728	-7.269328	-7.235172	-6.311110	NaN	-7.243660
6942.813000	-7.226834	-7.216554	-7.208771	-7.329884	-7.144681	-7.250263	-7.232349	-7.190106	-7.200687	-7.237785	-7.245975	-7.269212	-7.235031	-6.311302	NaN	-7.243369
6962.993000	-7.226341	-7.216308	-7.208648	-7.329598	-7.145065	-7.249911	-7.232854	-7.190404	-7.200284	-7.237480	-7.246091	-7.269320	-7.234878	-6.311237	NaN	-7.243609
6983.173000	-7.226555	-7.215967	-7.208463	-7.329638	-7.145228	-7.250274	-7.232988	-7.190360	-7.200440	-7.237745	-7.245652	-7.269027	-7.234897	-6.310921	NaN	-7.243779
7003.353000	-7.226442	-7.215970	-7.208575	-7.329616	-7.145109	-7.250220	-7.232923	-7.190512	-7.200618	-7.237658	-7.246072	-7.269444	-7.234824	-6.311142	NaN	-7.243714
7023.533000	-7.226769	-7.216300	-7.208626	-7.329950	-7.145381	-7.249755	-7.232930	-7.190654	-7.200810	-7.237810	-7.246345	-7.269462	-7.235053	-6.311400	NaN	-7.243656
7043.713000	-7.226507	-7.216083	-7.208713	-7.329627	-7.144960	-7.250155	-7.232712	-7.190650	-7.200280	-7.237204	-7.245840	-7.269266	-7.234922	-6.311425	NaN	-7.243826
7063.893000	-7.226446	-7.215967	-7.208633	-7.329558	-7.145062	-7.249690	-7.232767	-7.190081	-7.200422	-7.237404	-7.246047	-7.269059	-7.234820	-6.310881	NaN	-7.243355
7084.073000	-7.226319	-7.216286	-7.209098	-7.329579	-7.144710	-7.250238	-7.232502	-7.190012	-7.200571	-7.237760	-7.246087	-7.268943	-7.235310	-6.311433	NaN	-7.243616
7104.253000	-7.226293	-7.216279	-7.208651	-7.329881	-7.145192	-7.250140	-7.232847	-7.190414	-7.200455	-7.237513	-7.245731	-7.269364	-7.235074	-6.311102	NaN	-7.243649
7124.433000	-7.226667	-7.216362	-7.208568	-7.330156	-7.145457	-7.250162	-7.232462	-7.190821	-7.200625	-7.237912	-7.245564	-7.269379	-7.235038	-6.311128	NaN	-7.243612
7144.613000	-7.226428	-7.216544	-7.208866	-7.330106	-7.144895	-7.249908	-7.232611	-7.190589	-7.200128	-7.237172	-7.245630	-7.269190	-7.235172	-6.311425	NaN	-7.243946
7164.793000	-7.226210	-7.216529	-7.209025	-7.329830	-7.145247	-7.250325	-7.232912	-7.190614	-7.200132	-7.237818	-7.245880	-7.269085	-7.234508	-6.311342	NaN	-7.243743
7184.973000	-7.226765	-7.216253	-7.208597	-7.330145	-7.144753	-7.249777	-7.232683	-7.190708	-7.200270	-7.237186	-7.245953	-7.269770	-7.235245	-6.311052	NaN	-7.243634
7205.153000	-7.226562	-7.216311	-7.208608	-7.330131	-7.145069	-7.249941	-7.232611	-7.190367	-7.200484	-7.237491	-7.246054	-7.269346	-7.234831	-6.311091	NaN	-7.243634
7225.333000	-7.226435	-7.215883	-7.208361	-7.330182	-7.144746	-7.249654	-7.232473	-7.190625	-7.200567	-7.237106	-7.246210	-7.269408	-7.234897	-6.311284	NaN	-7.243979
7245.513000	-7.226489	-7.216144	-7.208695	-7.329804	-7.145000	-7.249839	-7.232730	-7.190447	-7.200484	-7.237208	-7.246007	-7.269629	-7.234882	-6.311197	NaN	-7.243914
7265.693000	-7.226533	-7.216384	-7.208662	-7.330164	-7.145105	-7.249784	-7.232730	-7.190266	-7.200422	-7.237444	-7.246007	-7.269462	-7.234831	-6.311059	NaN	-7.243663
7285.873000	-7.226224	-7.216300	-7.209003	-7.329982	-7.144840	-7.250126	-7.232498	-7.190785	-7.200219	-7.237273	-7.245797	-7.269313	-7.234654	-6.311306	NaN	-7.243649
7306.053000	-7.226166	-7.216319	-7.208630	-7.330207	-7.144648	-7.250042	-7.233061	-7.190422	-7.200375	-7.237491	-7.246076	-7.269535	-7.234799	-6.311131	NaN	-7.243641
7326.233000	-7.226642	-7.216373	-7.208833	-7.330305	-7.145058	-7.249970	-7.232709	-7.190295	-7.200429	-7.237531	-7.246138	-7.269462	-7.234715	-6.311106	NaN	-7.243598
7346.413000	-7.226511	-7.216315	-7.208749	-7.330399	-7.144964	-7.249930	-7.232636	-7.190440	-7.200502	-7.237426	-7.246094	-7.269495	-7.234915	-6.311037	NaN	-7.243783
7366.593000	-7.226435	-7.215880	-7.208993	-7.330693	-7.145341	-7.249926	-7.232712	-7.190614	-7.200821	-7.237807	-7.245750	-7.269204	-7.234683	-6.311378	NaN	-7.244001
7386.773000	-7.226515	-7.216558	-7.208695	-7.330269	-7.145032	-7.250274	-7.232738	-7.190324	-7.200466	-7.237208	-7.246000	-7.269059	-7.234860	-6.311088	NaN	-7.243761
7406.953000	-7.226500	-7.216507	-7.208655	-7.330302	-7.145032	-7.249752	-7.232799	-7.190186	-7.200400	-7.237745	-7.246025	-7.269480	-7.234868	-6.311396	NaN	-7.243453
7427.133000	-7.226344	-7.216152	-7.208793	-7.330407	-7.144953	-7.250133	-7.232778	-7.190534	-7.200498	-7.237498	-7.246109	-7.269386	-7.234835	-6.311033	NaN	-7.243689
7447.313000	-7.226177	-7.216511	-7.208710	-7.330178	-7.144887	-7.249966	-7.232930	-7.190520	-7.200614	-7.237273	-7.246247	-7.269669	-7.235114	-6.310892	NaN	-7.243478
7467.493000	-7.226881	-7.216500	-7.208241	-7.330113	-7.145112	-7.249814	-7.232843	-7.190781	-7.200215	-7.237651	-7.245525	-7.269342	-7.235158	-6.310823	NaN	-7.243344
7487.673000	-7.226290	-7.216279	-7.208724	-7.330563	-7.145174	-7.249908	-7.232959	-7.190404	-7.200222	-7.237466	-7.246283	-7.269426	-7.234991	-6.311131	NaN	-7.243656
7507.853000	-7.226428	-7.216043	-7.208822	-7.330392	-7.145159	-7.249784	-7.232745	-7.190197	-7.200386	-7.237364	-7.245887	-7.269593	-7.234839	-6.311276	NaN	-7.243460
7528.033000	-7.226326	-7.215890	-7.208416	-7.330592	-7.144862	-7.249777	-7.232629	-7.190632	-7.200179	-7.237672	-7.246047	-7.269161	-7.234947	-6.310736	NaN	-7.243387
7548.213000	-7.226330	-7.216279	-7.208466	-7.330744	-7.144974	-7.250405	-7.233090	-7.190240	-7.200157	-7.237193	-7.246385	-7.269553	-7.234860	-6.310823	NaN	-7.243968
7568.393000	-7.226849	-7.216500	-7.208927	-7.330962	-7.145395	-7.250227	-7.232349	-7.189972	-7.200255	-7.237531	-7.245746	-7.269223	-7.234508	-6.311480	NaN	-7.243311
7588.573000	-7.226859	-7.215912	-7.208989	-7.330581	-7.145330	-7.249694	-7.232614	-7.190117	-7.200153	-7.237828	-7.245960	-7.269458	-7.234537	-6.311295	NaN	-7.243917
7608.753000	-7.226743	-7.216652	-7.209036	-7.330639	-7.145094	-7.250336	-7.232948	-7.190128	-7.200825	-7.237767	-7.246443	-7.269244	-7.234661	-6.311353	NaN	-7.243355
7628.933000	-7.226576	-7.216163	-7.208459	-7.330563	-7.144880	-7.249719	-7.232839	-7.190182	-7.200349	-7.237433	-7.246258	-7.269331	-7.234926	-6.311189	NaN	-7.243859
7649.113000	-7.226685	-7.216623	-7.208368	-7.330414	-7.145072	-7.249632	-7.232440	-7.190342	-7.200625	-7.237150	-7.245840	-7.269487	-7.235082	-6.311360	NaN	-7.243957
7669.293000	-7.226874	-7.216406	-7.208568	-7.331357	-7.145403	-7.249661	-7.232560	-7.190505	-7.200280	-7.237117	-7.246218	-7.269422	-7.235252	-6.311385	NaN	-7.243525
7689.473000	-7.226497	-7.216293	-7.208760	-7.331256	-7.144989	-7.250151	-7.232694	-7.189994	-7.200545	-7.237495	-7.246029	-7.269542	-7.234904	-6.311458	NaN	-7.243460
7709.653000	-7.226605	-7.216210	-7.208619	-7.331074	-7.145236	-7.249908	-7.232919	-7.190168	-7.200480	-7.237535	-7.246116	-7.269633	-7.234737	-6.311320	NaN	-7.243674
7729.833000	-7.226703	-7.216482	-7.208470	-7.330628	-7.145036	-7.249893	-7.232339	-7.190745	-7.200476	-7.237861	-7.246207	-7.269854	-7.235201	-6.311414	NaN	-7.243315
7750.013000	-7.226805	-7.215970	-7.208811	-7.330831	-7.145388	-7.250162	-7.232375	-7.190745	-7.200208	-7.237828	-7.245731	-7.269611	-7.235223	-6.311396	NaN	-7.243380
7770.193000	-7.226188	-7.215996	-7.208967	-7.330824	-7.145120	-7.250372	-7.232553	-7.190287	-7.200491	-7.237604	-7.246250	-7.269335	-7.235194	-6.310983	NaN	-7.243990
7790.373000	-7.226631	-7.216199	-7.208720	-7.331165	-7.145192	-7.249966	-7.232607	-7.190451	-7.200288	-7.237458	-7.246203	-7.269578	-7.234940	-6.311131	NaN	-7.243612
7810.553000	-7.226243	-7.216623	-7.208797	-7.331201	-7.144800	-7.249748	-7.232495	-7.190596	-7.200778	-7.237701	-7.245804	-7.269204	-7.234730	-6.310993	NaN	-7.243943
7830.733000	-7.226518	-7.216456	-7.208702	-7.331546	-7.144935	-7.250267	-7.232712	-7.190476	-7.200545	-7.237760	-7.246102	-7.269317	-7.234875	-6.311276	NaN	-7.243500
7850.913000	-7.226442	-7.216438	-7.208608	-7.331550	-7.145065	-7.249723	-7.232665	-7.190440	-7.200563	-7.237785	-7.246043	-7.269720	-7.234951	-6.311001	NaN	-7.243453
7871.093000	-7.226420	-7.216391	-7.208778	-7.331089	-7.145014	-7.250107	-7.232749	-7.190476	-7.200531	-7.237502	-7.246102	-7.269687	-7.234904	-6.311059	NaN	-7.243707
7891.273000	-7.226402	-7.216293	-7.208673	-7.331169	-7.145170	-7.249843	-7.232756	-7.190317	-7.200455	-7.237553	-7.245945	-7.269607	-7.234915	-6.311095	NaN	-7.243623
7911.453000	-7.226714	-7.215988	-7.208942	-7.331361	-7.144797	-7.249861	-7.232353	-7.190687	-7.200404	-7.237252	-7.246443	-7.269574	-7.235016	-6.311345	NaN	-7.243464
7931.633000	-7.226747	-7.216286	-7.208543	-7.330933	-7.145236	-7.250300	-7.232524	-7.190462	-7.200476	-7.237320	-7.246109	-7.269640	-7.235027	-6.310964	NaN	-7.243416
7951.813000	-7.226246	-7.216388	-7.208760	-7.331020	-7.145301	-7.249697	-7.232712	-7.190179	-7.200632	-7.237288	-7.245902	-7.269262	-7.234650	-6.311237	NaN	-7.243895
7971.993000	-7.226489	-7.216489	-7.208651	-7.331114	-7.144978	-7.250213	-7.232683	-7.190088	-7.200520	-7.237466	-7.246112	-7.269306	-7.234904	-6.311393	NaN	-7.243572
7992.173000	-7.226344	-7.215999	-7.208771	-7.331194	-7.145101	-7.249890	-7.232712	-7.190063	-7.200545	-7.237226	-7.246446	-7.269375	-7.235227	-6.311425	NaN	-7.243358
8012.353000	-7.226250	-7.216228	-7.208829	-7.331379	-7.145250	-7.249991	-7.232984	-7.190356	-7.200502	-7.237535	-7.246319	-7.269614	-7.234704	-6.311120	NaN	-7.243670
8032.533000	-7.226344	-7.216319	-7.208862	-7.331452	-7.145276	-7.249657	-7.232411	-7.190233	-7.200259	-7.237727	-7.245902	-7.269317	-7.234683	-6.310943	NaN	-7.243395
8052.713000	-7.226370	-7.216489	-7.208564	-7.331568	-7.144844	-7.249719	-7.232542	-7.190708	-7.200687	-7.237825	-7.246062	-7.269683	-7.234614	-6.310874	NaN	-7.243424
8072.893000	-7.226576	-7.216380	-7.208622	-7.331786	-7.144699	-7.249973	-7.232930	-7.190730	-7.200208	-7.237542	-7.246007	-7.269331	-7.235234	-6.310765	NaN	-7.243311
8093.073000	-7.226761	-7.215996	-7.208637	-7.331517	-7.144713	-7.250078	-7.232531	-7.190411	-7.200651	-7.237560	-7.246011	-7.269730	-7.234777	-6.311106	NaN	-7.243787
8113.253000	-7.226511	-7.216213	-7.208641	-7.331532	-7.144935	-7.249955	-7.232698	-7.190596	-7.200520	-7.237154	-7.246127	-7.269219	-7.234922	-6.310819	NaN	-7.243456
8133.433000	-7.226515	-7.216050	-7.209018	-7.331884	-7.144800	-7.250165	-7.232643	-7.190592	-7.200208	-7.237749	-7.246417	-7.269284	-7.234603	-6.310790	NaN	-7.243601
8153.613000	-7.226464	-7.216678	-7.208492	-7.331760	-7.144993	-7.250216	-7.232792	-7.190200	-7.200582	-7.237168	-7.246069	-7.269582	-7.234708	-6.311462	NaN	-7.243975
8173.793000	-7.226468	-7.216275	-7.208702	-7.331717	-7.145007	-7.249988	-7.232781	-7.190291	-7.200502	-7.237353	-7.246058	-7.269687	-7.234777	-6.311291	NaN	-7.243660
8193.973000	-7.226667	-7.216137	-7.208347	-7.331880	-7.144851	-7.249654	-7.233028	-7.190538	-7.200698	-7.237516	-7.245898	-7.270064	-7.234512	-6.310895	NaN	-7.243609
8214.153000	-7.226707	-7.216482	-7.208858	-7.331923	-7.144989	-7.250151	-7.232774	-7.190581	-7.200288	-7.237687	-7.245866	-7.269328	-7.234595	-6.310957	NaN	-7.243228
8234.333000	-7.226308	-7.215967	-7.208641	-7.331619	-7.145257	-7.249687	-7.232259	-7.190287	-7.200233	-7.237473	-7.245898	-7.269288	-7.234494	-6.310848	NaN	-7.243500
8254.513000	-7.226526	-7.216246	-7.208699	-7.331677	-7.145272	-7.250035	-7.232335	-7.190378	-7.200215	-7.237495	-7.245902	-7.269712	-7.234802	-6.311110	NaN	-7.243707
8274.693000	-7.226838	-7.216199	-7.208942	-7.331278	-7.145377	-7.250238	-7.232407	-7.190592	-7.200335	-7.237527	-7.246363	-7.269625	-7.234751	-6.311099	NaN	-7.243707
8294.873000	-7.226849	-7.215974	-7.209014	-7.331448	-7.144662	-7.250347	-7.232498	-7.190650	-7.200451	-7.237574	-7.246283	-7.269792	-7.235111	-6.310975	NaN	-7.243997
8315.053000	-7.226261	-7.216471	-7.208608	-7.331601	-7.145232	-7.249955	-7.232473	-7.190117	-7.200244	-7.237418	-7.246348	-7.269792	-7.235118	-6.310986	NaN	-7.243663
8335.233000	-7.226500	-7.216268	-7.208590	-7.331891	-7.144960	-7.249814	-7.232712	-7.190451	-7.200545	-7.237542	-7.246091	-7.269455	-7.234987	-6.310968	NaN	-7.243612
	-7.226522															
