8.193000	-7.167466	-7.170327	-7.146407	-7.114468	-7.133238	-7.143242	-7.195623	-7.160611	-7.104739	-7.173921	-7.157429	-7.171094	-7.160268	-7.161578	-15.155773	-7.147577
20.403000	-7.167505	-7.170364	-7.146550	-7.114524	-7.133284	-7.143255	-7.195652	-7.160641	-7.104748	-7.173936	-7.157457	-7.171105	-7.160299	-7.161611	-15.155862	-7.147610
32.608000	-7.167527	-7.170401	-7.146577	-7.114547	-7.133298	-7.143255	-7.195653	-7.160648	-7.104747	-7.173932	-7.157477	-7.171112	-7.160322	-7.161641	-15.156021	-7.147619
44.789000	-7.167530	-7.170398	-7.146374	-7.114549	-7.133332	-7.143279	-7.195665	-7.160678	-7.104738	-7.173958	-7.157464	-7.171138	-7.160359	-7.161649	-15.156198	-7.147621
56.977000	-7.167547	-7.170417	-7.146597	-7.114553	-7.133332	-7.143271	-7.195655	-7.160677	-7.104764	-7.173950	-7.157471	-7.171142	-7.160368	-7.161678	-15.156282	-7.147625
69.189000	-7.167547	-7.170424	-7.146631	-7.114579	-7.133349	-7.143291	-7.195662	-7.160677	-7.104756	-7.173951	-7.157494	-7.171146	-7.160377	-7.161681	-15.156505	-7.147611
81.394000	-7.167565	-7.170435	-7.146617	-7.114560	-7.133350	-7.143265	-7.195664	-7.160673	-7.104721	-7.173960	-7.157500	-7.171125	-7.160383	-7.161669	-15.156525	-7.147647
93.602000	-7.167538	-7.170401	-7.146589	-7.114564	-7.133331	-7.143229	-7.195670	-7.160648	-7.104675	-7.173938	-7.157436	-7.171045	-7.160328	-7.161615	-15.156676	-7.147595
105.801000	-7.167518	-7.170361	-7.146414	-7.114530	-7.133306	-7.143176	-7.195642	-7.160550	-7.104598	-7.173896	-7.157363	-7.170879	-7.160252	-7.161508	-15.156702	-7.147542
118.015000	-7.167453	-7.170286	-7.146224	-7.114494	-7.133199	-7.143083	-7.195572	-7.160434	-7.104508	-7.173827	-7.157255	-7.170733	-7.160123	-7.161385	-15.156638	-7.147436
130.196000	-7.167386	-7.170219	-7.145863	-7.114433	-7.133118	-7.143012	-7.195504	-7.160287	-7.104434	-7.173778	-7.157135	-7.170545	-7.159994	-7.161219	-15.156693	-7.147371
142.406000	-7.167351	-7.170141	-7.145584	-7.114344	-7.133040	-7.142919	-7.195427	-7.160133	-7.104335	-7.173725	-7.157026	-7.170400	-7.159838	-7.161058	-15.156942	-7.147291
154.616000	-7.167278	-7.170043	-7.145299	-7.114262	-7.132948	-7.142837	-7.195354	-7.159997	-7.104208	-7.173672	-7.156891	-7.170243	-7.159658	-7.160876	-15.156830	-7.147189
166.792000	-7.167237	-7.169978	-7.144996	-7.114169	-7.132858	-7.142732	-7.195276	-7.159881	-7.104123	-7.173592	-7.156793	-7.170082	-7.159504	-7.160696	-15.157115	-7.147113
179.002000	-7.167182	-7.169888	-7.144803	-7.114089	-7.132747	-7.142654	-7.195187	-7.159732	-7.104025	-7.173529	-7.156675	-7.169937	-7.159339	-7.160530	-15.157083	-7.147032
191.215000	-7.167133	-7.169813	-7.144537	-7.113986	-7.132666	-7.142560	-7.195125	-7.159607	-7.103940	-7.173472	-7.156565	-7.169806	-7.159187	-7.160349	-15.156805	-7.146964
203.421000	-7.167068	-7.169739	-7.144270	-7.113897	-7.132564	-7.142492	-7.195043	-7.159466	-7.103856	-7.173402	-7.156461	-7.169686	-7.159038	-7.160189	-15.156980	-7.146896
215.638000	-7.167021	-7.169681	-7.143998	-7.113806	-7.132488	-7.142443	-7.194981	-7.159363	-7.103780	-7.173346	-7.156344	-7.169565	-7.158903	-7.160023	-15.156684	-7.146850
227.826000	-7.166979	-7.169599	-7.143882	-7.113731	-7.132410	-7.142359	-7.194926	-7.159280	-7.103729	-7.173285	-7.156275	-7.169456	-7.158781	-7.159917	-15.156662	-7.146771
240.016000	-7.166919	-7.169560	-7.143698	-7.113670	-7.132324	-7.142302	-7.194875	-7.159200	-7.103681	-7.173241	-7.156193	-7.169375	-7.158675	-7.159810	-15.156762	-7.146722
252.216000	-7.166895	-7.169509	-7.143482	-7.113615	-7.132267	-7.142256	-7.194830	-7.159117	-7.103634	-7.173192	-7.156123	-7.169289	-7.158602	-7.159718	-15.156931	-7.146698
264.405000	-7.166884	-7.169468	-7.143403	-7.113543	-7.132218	-7.142210	-7.194781	-7.159068	-7.103607	-7.173161	-7.156066	-7.169248	-7.158514	-7.159651	-15.157045	-7.146673
276.608000	-7.166847	-7.169424	-7.143278	-7.113487	-7.132174	-7.142197	-7.194752	-7.159026	-7.103581	-7.173141	-7.156016	-7.169207	-7.158453	-7.159591	-15.156935	-7.146637
288.819000	-7.166830	-7.169396	-7.143204	-7.113458	-7.132149	-7.142161	-7.194727	-7.158972	-7.103542	-7.173124	-7.156004	-7.169163	-7.158427	-7.159569	-15.156963	-7.146627
301.000000	-7.166821	-7.169367	-7.143184	-7.113429	-7.132118	-7.142149	-7.194705	-7.158974	-7.103557	-7.173093	-7.155979	-7.169133	-7.158383	-7.159534	-15.157174	-7.146626
313.203000	-7.166793	-7.169350	-7.143090	-7.113397	-7.132086	-7.142130	-7.194694	-7.158929	-7.103521	-7.173100	-7.155970	-7.169126	-7.158353	-7.159510	-15.157106	-7.146622
325.401000	-7.166786	-7.169340	-7.143028	-7.113366	-7.132071	-7.142138	-7.194664	-7.158926	-7.103523	-7.173093	-7.155936	-7.169110	-7.158324	-7.159475	-15.157096	-7.146607
337.617000	-7.166776	-7.169328	-7.143007	-7.113348	-7.132053	-7.142118	-7.194670	-7.158917	-7.103508	-7.173080	-7.155925	-7.169089	-7.158319	-7.159473	-15.157174	-7.146584
349.801000	-7.166766	-7.169337	-7.142982	-7.113355	-7.132031	-7.142114	-7.194672	-7.158908	-7.103503	-7.173076	-7.155912	-7.169083	-7.158287	-7.159452	-15.157079	-7.146576
361.989000	-7.166754	-7.169324	-7.142993	-7.113333	-7.132041	-7.142108	-7.194669	-7.158905	-7.103497	-7.173056	-7.155916	-7.169080	-7.158283	-7.159438	-15.157118	-7.146577
374.189000	-7.166749	-7.169306	-7.142927	-7.113313	-7.132018	-7.142088	-7.194681	-7.158882	-7.103517	-7.173045	-7.155912	-7.169054	-7.158269	-7.159419	-15.157156	-7.146572
386.383000	-7.166746	-7.169312	-7.142899	-7.113322	-7.132013	-7.142090	-7.194664	-7.158884	-7.103511	-7.173039	-7.155907	-7.169057	-7.158279	-7.159420	-15.157240	-7.146562
398.576000	-7.166737	-7.169303	-7.142936	-7.113312	-7.131989	-7.142078	-7.194662	-7.158882	-7.103492	-7.173050	-7.155902	-7.169047	-7.158263	-7.159394	-15.157314	-7.146560
410.761000	-7.166741	-7.169279	-7.142890	-7.113311	-7.131992	-7.142085	-7.194659	-7.158859	-7.103493	-7.173052	-7.155891	-7.169054	-7.158260	-7.159411	-15.157424	-7.146556
422.957000	-7.166721	-7.169295	-7.142874	-7.113292	-7.131979	-7.142069	-7.194659	-7.158869	-7.103494	-7.173042	-7.155869	-7.169034	-7.158243	-7.159390	-15.157503	-7.146566
435.145000	-7.166705	-7.169296	-7.142854	-7.113286	-7.131983	-7.142090	-7.194648	-7.158869	-7.103486	-7.173037	-7.155892	-7.169032	-7.158217	-7.159408	-15.157584	-7.146546
447.344000	-7.166719	-7.169291	-7.142886	-7.113300	-7.131995	-7.142083	-7.194653	-7.158864	-7.103499	-7.173056	-7.155884	-7.169014	-7.158228	-7.159384	-15.157196	-7.146554
459.541000	-7.166710	-7.169276	-7.142921	-7.113283	-7.131988	-7.142063	-7.194642	-7.158864	-7.103484	-7.173024	-7.155887	-7.169024	-7.158224	-7.159381	-15.157230	-7.146542
471.718000	-7.166718	-7.169269	-7.142843	-7.113296	-7.131989	-7.142068	-7.194639	-7.158853	-7.103496	-7.173041	-7.155888	-7.169022	-7.158211	-7.159363	-15.157342	-7.146551
483.891000	-7.166708	-7.169282	-7.142781	-7.113299	-7.131974	-7.142070	-7.194636	-7.158867	-7.103487	-7.173035	-7.155885	-7.169022	-7.158216	-7.159373	-15.157253	-7.146528
496.072000	-7.166702	-7.169272	-7.142781	-7.113295	-7.131979	-7.142059	-7.194626	-7.158846	-7.103489	-7.173040	-7.155870	-7.169006	-7.158211	-7.159370	-15.157474	-7.146546
508.248000	-7.166700	-7.169271	-7.142846	-7.113289	-7.131961	-7.142056	-7.194643	-7.158850	-7.103505	-7.173057	-7.155872	-7.169009	-7.158202	-7.159355	-15.157426	-7.146531
520.439000	-7.166707	-7.169282	-7.142768	-7.113269	-7.131971	-7.142054	-7.194640	-7.158847	-7.103484	-7.173037	-7.155860	-7.169006	-7.158206	-7.159351	-15.157450	-7.146536
532.606000	-7.166715	-7.169263	-7.142751	-7.113290	-7.131958	-7.142068	-7.194628	-7.158848	-7.103461	-7.173036	-7.155863	-7.169003	-7.158198	-7.159357	-15.157353	-7.146544
544.801000	-7.166697	-7.169255	-7.142818	-7.113270	-7.131960	-7.142078	-7.194630	-7.158836	-7.103474	-7.173019	-7.155850	-7.168994	-7.158203	-7.159335	-15.157242	-7.146545
556.976000	-7.166711	-7.169253	-7.142777	-7.113270	-7.131936	-7.142059	-7.194623	-7.158842	-7.103486	-7.173046	-7.155836	-7.168986	-7.158190	-7.159349	-15.157233	-7.146547
569.164000	-7.166692	-7.169265	-7.142822	-7.113253	-7.131937	-7.142053	-7.194613	-7.158828	-7.103479	-7.173023	-7.155852	-7.168998	-7.158185	-7.159337	-15.157242	-7.146549
581.355000	-7.166696	-7.169259	-7.142834	-7.113256	-7.131938	-7.142050	-7.194622	-7.158830	-7.103477	-7.173022	-7.155844	-7.168986	-7.158192	-7.159333	-15.157191	-7.146544
593.556000	-7.166694	-7.169248	-7.142787	-7.113271	-7.131940	-7.142058	-7.194626	-7.158827	-7.103505	-7.173022	-7.155840	-7.168983	-7.158177	-7.159343	-15.157388	-7.146542
605.743000	-7.166699	-7.169249	-7.142763	-7.113250	-7.131937	-7.142064	-7.194630	-7.158822	-7.103463	-7.173023	-7.155843	-7.168982	-7.158162	-7.159348	-15.157143	-7.146532
617.933000	-7.166687	-7.169256	-7.142728	-7.113283	-7.131952	-7.142036	-7.194619	-7.158845	-7.103473	-7.173032	-7.155843	-7.168998	-7.158178	-7.159346	-15.157151	-7.146523
630.120000	-7.166698	-7.169240	-7.142778	-7.113274	-7.131937	-7.142049	-7.194637	-7.158819	-7.103477	-7.173035	-7.155851	-7.168974	-7.158173	-7.159342	-15.157231	-7.146513
642.314000	-7.166685	-7.169267	-7.142749	-7.113261	-7.131936	-7.142054	-7.194624	-7.158819	-7.103469	-7.173040	-7.155840	-7.168982	-7.158183	-7.159316	-15.157227	-7.146536
654.541000	-7.166694	-7.169258	-7.142722	-7.113277	-7.131931	-7.142058	-7.194619	-7.158825	-7.103466	-7.173039	-7.155843	-7.168972	-7.158182	-7.159346	-15.157321	-7.146539
666.728000	-7.166689	-7.169260	-7.142771	-7.113277	-7.131939	-7.142044	-7.194623	-7.158813	-7.103457	-7.173019	-7.155848	-7.168969	-7.158157	-7.159326	-15.157266	-7.146524
678.915000	-7.166698	-7.169249	-7.142735	-7.113270	-7.131933	-7.142040	-7.194619	-7.158828	-7.103472	-7.173027	-7.155843	-7.168957	-7.158157	-7.159312	-15.157330	-7.146530
691.107000	-7.166695	-7.169254	-7.142803	-7.113254	-7.131924	-7.142037	-7.194632	-7.158819	-7.103454	-7.173031	-7.155831	-7.168975	-7.158156	-7.159315	-15.157427	-7.146531
703.307000	-7.166673	-7.169258	-7.142823	-7.113247	-7.131915	-7.142042	-7.194621	-7.158825	-7.103469	-7.173010	-7.155839	-7.168975	-7.158167	-7.159312	-15.157391	-7.146524
715.493000	-7.166686	-7.169235	-7.142775	-7.113239	-7.131916	-7.142042	-7.194629	-7.158829	-7.103444	-7.173014	-7.155831	-7.168969	-7.158161	-7.159314	-15.157182	-7.146528
727.700000	-7.166680	-7.169254	-7.142813	-7.113254	-7.131934	-7.142040	-7.194623	-7.158831	-7.103451	-7.173017	-7.155839	-7.168963	-7.158162	-7.159317	-15.157253	-7.146517
739.909000	-7.166685	-7.169262	-7.142779	-7.113251	-7.131916	-7.142037	-7.194624	-7.158833	-7.103461	-7.172999	-7.155843	-7.168969	-7.158168	-7.159320	-15.157308	-7.146527
752.086000	-7.166683	-7.169265	-7.142770	-7.113252	-7.131920	-7.142039	-7.194619	-7.158820	-7.103473	-7.173015	-7.155812	-7.168967	-7.158142	-7.159319	-15.157437	-7.146518
764.264000	-7.166687	-7.169260	-7.142771	-7.113236	-7.131941	-7.142039	-7.194607	-7.158820	-7.103471	-7.173011	-7.155814	-7.168977	-7.158134	-7.159318	-15.157416	-7.146524
776.443000	-7.166692	-7.169256	-7.142755	-7.113240	-7.131916	-7.142021	-7.194603	-7.158812	-7.103451	-7.173014	-7.155816	-7.168973	-7.158146	-7.159311	-15.157372	-7.146527
788.627000	-7.166661	-7.169259	-7.142710	-7.113253	-7.131918	-7.142016	-7.194620	-7.158826	-7.103454	-7.173007	-7.155828	-7.168967	-7.158148	-7.159322	-15.157414	-7.146523
800.819000	-7.166688	-7.169247	-7.142745	-7.113257	-7.131909	-7.142019	-7.194616	-7.158828	-7.103450	-7.172996	-7.155830	-7.168946	-7.158145	-7.159317	-15.157459	-7.146505
813.007000	-7.166672	-7.169265	-7.142707	-7.113232	-7.131928	-7.142029	-7.194619	-7.158813	-7.103454	-7.172993	-7.155813	-7.168946	-7.158157	-7.159306	-15.157341	-7.146519
825.191000	-7.166674	-7.169261	-7.142700	-7.113236	-7.131914	-7.142010	-7.194613	-7.158820	-7.103441	-7.173013	-7.155815	-7.168945	-7.158140	-7.159311	-15.157373	-7.146533
837.402000	-7.166684	-7.169244	-7.142689	-7.113223	-7.131914	-7.142025	-7.194613	-7.158818	-7.103453	-7.173005	-7.155820	-7.168931	-7.158134	-7.159302	-15.157419	-7.146521
849.604000	-7.166680	-7.169258	-7.142670	-7.113232	-7.131901	-7.142006	-7.194608	-7.158825	-7.103438	-7.173021	-7.155852	-7.168956	-7.158132	-7.159312	-15.157600	-7.146529
861.781000	-7.166692	-7.169255	-7.142718	-7.113233	-7.131922	-7.142019	-7.194616	-7.158804	-7.103453	-7.173002	-7.155843	-7.168942	-7.158139	-7.159292	-15.157622	-7.146523
873.986000	-7.166706	-7.169256	-7.142694	-7.113244	-7.131906	-7.142018	-7.194623	-7.158822	-7.103455	-7.173024	-7.155844	-7.168948	-7.158148	-7.159302	-15.157556	-7.146518
886.186000	-7.166682	-7.169254	-7.142680	-7.113228	-7.131919	-7.142020	-7.194632	-7.158816	-7.103436	-7.173007	-7.155841	-7.168957	-7.158150	-7.159304	-15.157604	-7.146524
898.369000	-7.166682	-7.169267	-7.142713	-7.113241	-7.131923	-7.142011	-7.194621	-7.158826	-7.103424	-7.173019	-7.155841	-7.168952	-7.158140	-7.159303	-15.157539	-7.146523
910.592000	-7.166680	-7.169264	-7.142671	-7.113246	-7.131930	-7.142012	-7.194620	-7.158815	-7.103441	-7.173012	-7.155838	-7.168946	-7.158164	-7.159308	-15.157544	-7.146516
922.786000	-7.166681	-7.169267	-7.142766	-7.113252	-7.131926	-7.142013	-7.194628	-7.158841	-7.103439	-7.173008	-7.155829	-7.168948	-7.158140	-7.159300	-15.157746	-7.146508
934.982000	-7.166692	-7.169246	-7.142750	-7.113238	-7.131923	-7.142042	-7.194637	-7.158841	-7.103473	-7.173015	-7.155844	-7.168973	-7.158142	-7.159306	-15.157692	-7.146508
947.216000	-7.166685	-7.169254	-7.142744	-7.113248	-7.131940	-7.142046	-7.194641	-7.158842	-7.103456	-7.173021	-7.155836	-7.168969	-7.158137	-7.159317	-15.157559	-7.146515
959.411000	-7.166678	-7.169251	-7.142719	-7.113244	-7.131930	-7.142043	-7.194627	-7.158848	-7.103447	-7.173028	-7.155838	-7.168977	-7.158158	-7.159310	-15.157543	-7.146533
971.621000	-7.166753	-7.169470	-7.142853	-7.113308	-7.132122	-7.142397	-7.194691	-7.159087	-7.103789	-7.173080	-7.155930	-7.169321	-7.158359	-7.159607	-15.157579	-7.146588
983.809000	-7.166946	-7.169679	-7.143445	-7.113405	-7.132248	-7.142537	-7.194830	-7.159401	-7.104064	-7.173306	-7.156265	-7.169932	-7.158838	-7.160156	-15.157534	-7.146968
996.015000	-7.167127	-7.169863	-7.144324	-7.113607	-7.132472	-7.142780	-7.195046	-7.159815	-7.104372	-7.173502	-7.156686	-7.170524	-7.159295	-7.160681	-15.157249	-7.147269
1008.201000	-7.167278	-7.170068	-7.145137	-7.113864	-7.132715	-7.143007	-7.195275	-7.160180	-7.104620	-7.173664	-7.157055	-7.170941	-7.159697	-7.161093	-15.157291	-7.147461
1020.445000	-7.167416	-7.170254	-7.145856	-7.114110	-7.132928	-7.143213	-7.195452	-7.160512	-7.104822	-7.173819	-7.157347	-7.171277	-7.160048	-7.161442	-15.157360	-7.147619
1032.647000	-7.167548	-7.170372	-7.146535	-7.114312	-7.133111	-7.143355	-7.195594	-7.160788	-7.104957	-7.173940	-7.157578	-7.171496	-7.160314	-7.161713	-15.157177	-7.147738
1044.827000	-7.167625	-7.170530	-7.146912	-7.114474	-7.133269	-7.143467	-7.195742	-7.160965	-7.105051	-7.174040	-7.157743	-7.171671	-7.160541	-7.161925	-15.157373	-7.147797
1057.031000	-7.167695	-7.170617	-7.147460	-7.114620	-7.133407	-7.143545	-7.195819	-7.161128	-7.105125	-7.174109	-7.157875	-7.171794	-7.160744	-7.162113	-15.157423	-7.147867
1069.216000	-7.167761	-7.170706	-7.147703	-7.114755	-7.133499	-7.143628	-7.195895	-7.161257	-7.105185	-7.174173	-7.157972	-7.171906	-7.160874	-7.162269	-15.157377	-7.147919
1081.430000	-7.167818	-7.170787	-7.147897	-7.114854	-7.133597	-7.143694	-7.195988	-7.161350	-7.105230	-7.174222	-7.158081	-7.172013	-7.161032	-7.162421	-15.157239	-7.147971
1093.620000	-7.167883	-7.170850	-7.148175	-7.114959	-7.133695	-7.143748	-7.196065	-7.161447	-7.105281	-7.174285	-7.158163	-7.172098	-7.161156	-7.162523	-15.157224	-7.148005
1105.838000	-7.167937	-7.170910	-7.148308	-7.115030	-7.133785	-7.143792	-7.196113	-7.161501	-7.105332	-7.174338	-7.158228	-7.172151	-7.161257	-7.162603	-15.157698	-7.148061
1118.047000	-7.167977	-7.170969	-7.148380	-7.115114	-7.133854	-7.143847	-7.196167	-7.161570	-7.105384	-7.174363	-7.158285	-7.172207	-7.161338	-7.162700	-15.157384	-7.148100
1130.242000	-7.167999	-7.170999	-7.148486	-7.115178	-7.133899	-7.143896	-7.196206	-7.161601	-7.105406	-7.174405	-7.158349	-7.172264	-7.161388	-7.162760	-15.157166	-7.148106
1142.452000	-7.168047	-7.171043	-7.148579	-7.115222	-7.133945	-7.143909	-7.196245	-7.161650	-7.105426	-7.174453	-7.158395	-7.172294	-7.161443	-7.162822	-15.157375	-7.148144
1154.623000	-7.168065	-7.171074	-7.148578	-7.115246	-7.133998	-7.143938	-7.196272	-7.161668	-7.105437	-7.174465	-7.158414	-7.172327	-7.161487	-7.162863	-15.157174	-7.148165
1166.822000	-7.168089	-7.171091	-7.148641	-7.115280	-7.134026	-7.143968	-7.196304	-7.161704	-7.105461	-7.174501	-7.158445	-7.172371	-7.161540	-7.162906	-15.157335	-7.148184
1179.011000	-7.168112	-7.171117	-7.148719	-7.115313	-7.134047	-7.143956	-7.196332	-7.161715	-7.105485	-7.174521	-7.158463	-7.172389	-7.161589	-7.162936	-15.157503	-7.148182
1191.194000	-7.168122	-7.171135	-7.148792	-7.115325	-7.134070	-7.143975	-7.196325	-7.161736	-7.105475	-7.174522	-7.158486	-7.172404	-7.161600	-7.162954	-15.157563	-7.148196
1203.378000	-7.168126	-7.171132	-7.148820	-7.115348	-7.134080	-7.143982	-7.196350	-7.161768	-7.105482	-7.174538	-7.158500	-7.172427	-7.161625	-7.162985	-15.157375	-7.148208
1215.593000	-7.168147	-7.171151	-7.148845	-7.115369	-7.134110	-7.144002	-7.196374	-7.161776	-7.105491	-7.174559	-7.158507	-7.172461	-7.161643	-7.163011	-15.157305	-7.148223
1227.820000	-7.168154	-7.171146	-7.148827	-7.115379	-7.134113	-7.144009	-7.196374	-7.161790	-7.105497	-7.174567	-7.158541	-7.172504	-7.161663	-7.163003	-15.157465	-7.148241
1239.992000	-7.168149	-7.171167	-7.148879	-7.115376	-7.134112	-7.144008	-7.196375	-7.161799	-7.105519	-7.174570	-7.158539	-7.172534	-7.161672	-7.163018	-15.157078	-7.148235
1252.168000	-7.168160	-7.171168	-7.148905	-7.115404	-7.134127	-7.144001	-7.196389	-7.161808	-7.105520	-7.174577	-7.158574	-7.172581	-7.161682	-7.163045	-15.157287	-7.148240
1264.375000	-7.168172	-7.171173	-7.148917	-7.115395	-7.134146	-7.144025	-7.196412	-7.161817	-7.105524	-7.174599	-7.158572	-7.172610	-7.161707	-7.163036	-15.157310	-7.148244
1276.573000	-7.168161	-7.171179	-7.149025	-7.115423	-7.134149	-7.144032	-7.196427	-7.161827	-7.105543	-7.174614	-7.158570	-7.172621	-7.161714	-7.163060	-15.157315	-7.148228
1288.758000	-7.168181	-7.171191	-7.149006	-7.115417	-7.134153	-7.144033	-7.196437	-7.161838	-7.105534	-7.174608	-7.158586	-7.172667	-7.161723	-7.163069	-15.157212	-7.148264
1300.945000	-7.168176	-7.171181	-7.149031	-7.115428	-7.134148	-7.144024	-7.196442	-7.161830	-7.105532	-7.174636	-7.158603	-7.172682	-7.161744	-7.163078	-15.157399	-7.148260
1313.156000	-7.168186	-7.171202	-7.149050	-7.115445	-7.134172	-7.144020	-7.196469	-7.161842	-7.105536	-7.174649	-7.158617	-7.172697	-7.161743	-7.163078	-15.157173	-7.148258
1325.343000	-7.168203	-7.171217	-7.149119	-7.115448	-7.134184	-7.144021	-7.196478	-7.161861	-7.105539	-7.174665	-7.158622	-7.172736	-7.161749	-7.163093	-15.157234	-7.148258
1337.531000	-7.168189	-7.171218	-7.149163	-7.115442	-7.134180	-7.144058	-7.196473	-7.161847	-7.105550	-7.174672	-7.158635	-7.172756	-7.161755	-7.163088	-15.157209	-7.148251
1349.707000	-7.168198	-7.171228	-7.149116	-7.115458	-7.134181	-7.144067	-7.196503	-7.161852	-7.105556	-7.174682	-7.158656	-7.172774	-7.161779	-7.163112	-15.157122	-7.148262
1361.929000	-7.168212	-7.171221	-7.149164	-7.115471	-7.134199	-7.144074	-7.196507	-7.161862	-7.105543	-7.174690	-7.158663	-7.172798	-7.161769	-7.163134	-15.157237	-7.148263
1374.142000	-7.168205	-7.171240	-7.149167	-7.115489	-7.134197	-7.144068	-7.196524	-7.161866	-7.105550	-7.174696	-7.158676	-7.172801	-7.161767	-7.163140	-15.157537	-7.148265
1386.363000	-7.168221	-7.171229	-7.149195	-7.115475	-7.134212	-7.144056	-7.196539	-7.161881	-7.105555	-7.174726	-7.158687	-7.172812	-7.161786	-7.163144	-15.157409	-7.148285
1398.576000	-7.168222	-7.171243	-7.149133	-7.115473	-7.134210	-7.144066	-7.196549	-7.161870	-7.105553	-7.174730	-7.158700	-7.172857	-7.161781	-7.163142	-15.157342	-7.148276
1410.771000	-7.168213	-7.171235	-7.149240	-7.115481	-7.134198	-7.144062	-7.196575	-7.161892	-7.105561	-7.174716	-7.158717	-7.172847	-7.161785	-7.163154	-15.157213	-7.148287
1422.975000	-7.168227	-7.171247	-7.149259	-7.115472	-7.134215	-7.144082	-7.196575	-7.161888	-7.105565	-7.174752	-7.158718	-7.172874	-7.161802	-7.163157	-15.157267	-7.148292
1435.165000	-7.168225	-7.171237	-7.149202	-7.115482	-7.134230	-7.144071	-7.196596	-7.161914	-7.105559	-7.174739	-7.158730	-7.172881	-7.161803	-7.163159	-15.157355	-7.148300
1447.360000	-7.168218	-7.171251	-7.149209	-7.115506	-7.134210	-7.144089	-7.196599	-7.161891	-7.105574	-7.174757	-7.158753	-7.172881	-7.161829	-7.163164	-15.157389	-7.148305
1459.546000	-7.168231	-7.171250	-7.149197	-7.115505	-7.134223	-7.144097	-7.196595	-7.161903	-7.105577	-7.174769	-7.158755	-7.172887	-7.161810	-7.163189	-15.157251	-7.148320
1471.768000	-7.168236	-7.171233	-7.149258	-7.115497	-7.134244	-7.144084	-7.196624	-7.161937	-7.105578	-7.174761	-7.158754	-7.172914	-7.161839	-7.163192	-15.157385	-7.148313
1484.002000	-7.168264	-7.171243	-7.149260	-7.115522	-7.134227	-7.144094	-7.196621	-7.161923	-7.105572	-7.174779	-7.158766	-7.172904	-7.161847	-7.163204	-15.157335	-7.148317
1496.206000	-7.168241	-7.171245	-7.149263	-7.115506	-7.134254	-7.144084	-7.196614	-7.161931	-7.105593	-7.174771	-7.158775	-7.172916	-7.161836	-7.163193	-15.157460	-7.148304
1508.388000	-7.168231	-7.171242	-7.149216	-7.115511	-7.134248	-7.144093	-7.196624	-7.161924	-7.105587	-7.174803	-7.158787	-7.172944	-7.161853	-7.163186	-15.157248	-7.148315
1520.588000	-7.168230	-7.171239	-7.149242	-7.115507	-7.134255	-7.144102	-7.196643	-7.161928	-7.105586	-7.174790	-7.158782	-7.172952	-7.161842	-7.163193	-15.157571	-7.148324
1532.792000	-7.168244	-7.171265	-7.149294	-7.115522	-7.134258	-7.144104	-7.196630	-7.161940	-7.105591	-7.174813	-7.158795	-7.172950	-7.161851	-7.163211	-15.157488	-7.148316
1545.011000	-7.168251	-7.171259	-7.149266	-7.115514	-7.134258	-7.144095	-7.196651	-7.161942	-7.105589	-7.174816	-7.158797	-7.172977	-7.161855	-7.163210	-15.157399	-7.148324
1557.191000	-7.168252	-7.171252	-7.149305	-7.115519	-7.134266	-7.144106	-7.196652	-7.161948	-7.105590	-7.174816	-7.158807	-7.172967	-7.161858	-7.163205	-15.157376	-7.148312
1569.383000	-7.168262	-7.171247	-7.149251	-7.115517	-7.134261	-7.144119	-7.196651	-7.161957	-7.105592	-7.174826	-7.158821	-7.172964	-7.161867	-7.163218	-15.157263	-7.148326
1581.574000	-7.168244	-7.171265	-7.149289	-7.115538	-7.134269	-7.144123	-7.196672	-7.161956	-7.105601	-7.174821	-7.158819	-7.172985	-7.161853	-7.163212	-15.157247	-7.148326
1593.792000	-7.168256	-7.171260	-7.149251	-7.115535	-7.134260	-7.144134	-7.196668	-7.161967	-7.105578	-7.174818	-7.158820	-7.173006	-7.161871	-7.163219	-15.157361	-7.148321
1605.992000	-7.168246	-7.171272	-7.149242	-7.115515	-7.134270	-7.144120	-7.196669	-7.161953	-7.105588	-7.174816	-7.158818	-7.173010	-7.161887	-7.163216	-15.157246	-7.148330
1618.159000	-7.168239	-7.171260	-7.149316	-7.115517	-7.134272	-7.144110	-7.196677	-7.161949	-7.105608	-7.174816	-7.158844	-7.173046	-7.161867	-7.163224	-15.157473	-7.148321
1630.344000	-7.168242	-7.171253	-7.149301	-7.115522	-7.134280	-7.144115	-7.196684	-7.161953	-7.105595	-7.174833	-7.158844	-7.173048	-7.161879	-7.163220	-15.157405	-7.148330
1642.529000	-7.168245	-7.171271	-7.149285	-7.115525	-7.134270	-7.144122	-7.196691	-7.161946	-7.105591	-7.174825	-7.158842	-7.173066	-7.161881	-7.163229	-15.157451	-7.148325
1654.726000	-7.168235	-7.171270	-7.149250	-7.115532	-7.134263	-7.144114	-7.196697	-7.161963	-7.105593	-7.174842	-7.158874	-7.173053	-7.161891	-7.163225	-15.157413	-7.148338
1666.918000	-7.168248	-7.171267	-7.149287	-7.115529	-7.134262	-7.144134	-7.196700	-7.161944	-7.105605	-7.174847	-7.158875	-7.173044	-7.161875	-7.163210	-15.157501	-7.148343
1679.107000	-7.168260	-7.171268	-7.149260	-7.115517	-7.134275	-7.144125	-7.196705	-7.161961	-7.105621	-7.174846	-7.158878	-7.173056	-7.161878	-7.163206	-15.157457	-7.148344
1691.309000	-7.168246	-7.171268	-7.149293	-7.115514	-7.134273	-7.144132	-7.196707	-7.161962	-7.105597	-7.174855	-7.158876	-7.173062	-7.161876	-7.163212	-15.157496	-7.148323
1703.484000	-7.168259	-7.171271	-7.149328	-7.115514	-7.134290	-7.144102	-7.196705	-7.161974	-7.105608	-7.174854	-7.158880	-7.173064	-7.161881	-7.163214	-15.157104	-7.148337
1715.667000	-7.168244	-7.171276	-7.149364	-7.115515	-7.134286	-7.144101	-7.196702	-7.161973	-7.105600	-7.174864	-7.158887	-7.173093	-7.161876	-7.163206	-15.157129	-7.148340
1727.862000	-7.168250	-7.171267	-7.149309	-7.115542	-7.134272	-7.144113	-7.196697	-7.161953	-7.105609	-7.174852	-7.158893	-7.173083	-7.161877	-7.163204	-15.157449	-7.148336
1740.034000	-7.168244	-7.171269	-7.149288	-7.115531	-7.134275	-7.144120	-7.196702	-7.161951	-7.105595	-7.174868	-7.158892	-7.173081	-7.161871	-7.163214	-15.157329	-7.148340
1752.220000	-7.168259	-7.171258	-7.149356	-7.115529	-7.134297	-7.144130	-7.196715	-7.161961	-7.105605	-7.174887	-7.158898	-7.173114	-7.161887	-7.163204	-15.157386	-7.148326
1764.425000	-7.168259	-7.171268	-7.149341	-7.115533	-7.134303	-7.144110	-7.196711	-7.161969	-7.105614	-7.174864	-7.158899	-7.173115	-7.161878	-7.163202	-15.157343	-7.148334
1776.624000	-7.168259	-7.171273	-7.149370	-7.115522	-7.134273	-7.144129	-7.196723	-7.161966	-7.105638	-7.174885	-7.158907	-7.173104	-7.161888	-7.163187	-15.157494	-7.148337
1788.819000	-7.168263	-7.171261	-7.149371	-7.115533	-7.134291	-7.144118	-7.196710	-7.161954	-7.105619	-7.174871	-7.158895	-7.173110	-7.161896	-7.163198	-15.157508	-7.148320
1801.019000	-7.168262	-7.171253	-7.149327	-7.115535	-7.134276	-7.144123	-7.196721	-7.161964	-7.105608	-7.174887	-7.158890	-7.173119	-7.161891	-7.163174	-15.157396	-7.148337
1813.234000	-7.168269	-7.171264	-7.149457	-7.115520	-7.134268	-7.144097	-7.196713	-7.161977	-7.105609	-7.174891	-7.158897	-7.173110	-7.161884	-7.163181	-15.157475	-7.148339
1825.411000	-7.168273	-7.171260	-7.149384	-7.115522	-7.134292	-7.144122	-7.196719	-7.161970	-7.105612	-7.174889	-7.158899	-7.173111	-7.161889	-7.163179	-15.157319	-7.148340
1837.584000	-7.168265	-7.171253	-7.149305	-7.115531	-7.134281	-7.144100	-7.196717	-7.161976	-7.105585	-7.174901	-7.158886	-7.173084	-7.161887	-7.163160	-15.157254	-7.148360
1849.795000	-7.168253	-7.171230	-7.149326	-7.115520	-7.134259	-7.144067	-7.196672	-7.161960	-7.105553	-7.174868	-7.158822	-7.172947	-7.161852	-7.163124	-15.157268	-7.148303
1861.975000	-7.168233	-7.171230	-7.149175	-7.115493	-7.134220	-7.144028	-7.196579	-7.161879	-7.105502	-7.174789	-7.158663	-7.172660	-7.161758	-7.163025	-15.157251	-7.148229
1874.174000	-7.168170	-7.171190	-7.148967	-7.115438	-7.134156	-7.143966	-7.196417	-7.161771	-7.105414	-7.174679	-7.158486	-7.172308	-7.161667	-7.162859	-15.157428	-7.148126
1886.361000	-7.168135	-7.171154	-7.148683	-7.115395	-7.134103	-7.143907	-7.196307	-7.161681	-7.105324	-7.174539	-7.158347	-7.172079	-7.161575	-7.162748	-15.157376	-7.148063
1898.550000	-7.168056	-7.171095	-7.148524	-7.115311	-7.134012	-7.143823	-7.196234	-7.161575	-7.105232	-7.174446	-7.158215	-7.171916	-7.161463	-7.162623	-15.157554	-7.147999
1910.767000	-7.168016	-7.171034	-7.148224	-7.115228	-7.133919	-7.143752	-7.196152	-7.161470	-7.105155	-7.174364	-7.158107	-7.171791	-7.161352	-7.162510	-15.157463	-7.147919
1922.967000	-7.167962	-7.170966	-7.148104	-7.115174	-7.133874	-7.143699	-7.196093	-7.161364	-7.105092	-7.174303	-7.158008	-7.171707	-7.161267	-7.162425	-15.157301	-7.147875
1935.176000	-7.167932	-7.170930	-7.147907	-7.115094	-7.133814	-7.143625	-7.196027	-7.161281	-7.105021	-7.174254	-7.157920	-7.171607	-7.161173	-7.162330	-15.157376	-7.147841
1947.367000	-7.167897	-7.170900	-7.147769	-7.115030	-7.133760	-7.143596	-7.196012	-7.161217	-7.104984	-7.174231	-7.157890	-7.171546	-7.161115	-7.162265	-15.157591	-7.147821
1959.564000	-7.167860	-7.170865	-7.147641	-7.114976	-7.133714	-7.143566	-7.195981	-7.161177	-7.104957	-7.174198	-7.157849	-7.171513	-7.161053	-7.162210	-15.157400	-7.147800
1971.762000	-7.167844	-7.170824	-7.147562	-7.114945	-7.133682	-7.143546	-7.195939	-7.161122	-7.104952	-7.174174	-7.157830	-7.171492	-7.161010	-7.162169	-15.157308	-7.147787
1983.986000	-7.167831	-7.170798	-7.147410	-7.114916	-7.133655	-7.143535	-7.195927	-7.161094	-7.104944	-7.174162	-7.157789	-7.171476	-7.160965	-7.162154	-15.157407	-7.147780
1996.185000	-7.167812	-7.170782	-7.147430	-7.114883	-7.133641	-7.143514	-7.195902	-7.161064	-7.104926	-7.174140	-7.157781	-7.171445	-7.160927	-7.162121	-15.157186	-7.147763
2008.384000	-7.167807	-7.170763	-7.147388	-7.114850	-7.133619	-7.143501	-7.195910	-7.161052	-7.104923	-7.174144	-7.157756	-7.171453	-7.160901	-7.162099	-15.157318	-7.147766
	-7.167800	-7.170773	-7.147318	-7.114860	-7.133599	-7.143501	-7.195876	-7.161039	-7.104934	-7.174126	-7.157724					
