0.179000	-7.012152	-7.000457	-6.286403	-6.990410	-6.282506	-6.287916	-6.294026	-6.289291	-6.285659	-6.307670	-6.995566	-6.283515	-6.311530	-6.290554	NaN	-6.994949
20.359000	-7.011452	-6.999579	-6.286461	-6.989216	-6.283406	-6.288043	-6.294966	-6.290884	-6.286599	-6.307140	-6.994895	-6.283319	-6.311505	-6.290064	NaN	-6.993665
40.539000	-7.012421	-7.000929	-6.286363	-6.991212	-6.282488	-6.287314	-6.294016	-6.289821	-6.285670	-6.306908	-6.995726	-6.284396	-6.311530	-6.289211	NaN	-6.994986
60.719000	-7.012631	-7.000650	-6.285318	-6.991147	-6.283587	-6.288997	-6.294988	-6.289669	-6.286690	-6.308834	-6.995650	-6.284244	-6.310558	-6.290968	NaN	-6.994296
80.909000	-7.012569	-7.000835	-6.286352	-6.990454	-6.281987	-6.288119	-6.294128	-6.289799	-6.285641	-6.307771	-6.995813	-6.283522	-6.311574	-6.290289	NaN	-6.994724
101.089000	-7.011982	-6.999982	-6.287285	-6.991255	-6.281468	-6.287208	-6.292967	-6.288986	-6.285612	-6.306570	-6.996589	-6.282847	-6.311487	-6.289741	NaN	-6.994906
121.272000	-7.011978	-7.000472	-6.285855	-6.990131	-6.283322	-6.288892	-6.293025	-6.289074	-6.285274	-6.307020	-6.995269	-6.282901	-6.312347	-6.290754	NaN	-6.994666
141.459000	-7.012294	-7.000715	-6.286385	-6.989949	-6.282223	-6.287829	-6.294233	-6.290024	-6.285626	-6.307789	-6.995084	-6.283576	-6.311276	-6.290119	NaN	-6.994663
161.639000	-7.013335	-7.000548	-6.286860	-6.990156	-6.282793	-6.288156	-6.293439	-6.289770	-6.285779	-6.307789	-6.996706	-6.283547	-6.312445	-6.290090	NaN	-6.994775
181.829000	-7.013676	-7.000711	-6.285510	-6.990352	-6.282136	-6.287430	-6.293163	-6.288616	-6.286203	-6.306657	-6.996633	-6.284309	-6.311320	-6.290536	NaN	-6.995798
202.009000	-7.012595	-7.000399	-6.286417	-6.990243	-6.282473	-6.288152	-6.293976	-6.289545	-6.285739	-6.307869	-6.995802	-6.283620	-6.311596	-6.290093	NaN	-6.994536
222.189000	-7.012678	-7.000704	-6.285732	-6.990265	-6.282277	-6.288152	-6.294324	-6.289777	-6.286414	-6.307797	-6.996575	-6.283486	-6.312543	-6.290108	NaN	-6.994891
242.369000	-7.011372	-7.001760	-6.286904	-6.990751	-6.281787	-6.289015	-6.294215	-6.290902	-6.286192	-6.308348	-6.996488	-6.284349	-6.312576	-6.289425	NaN	-6.994086
262.549000	-7.013125	-7.001851	-6.287477	-6.989920	-6.282934	-6.289273	-6.294643	-6.289709	-6.285565	-6.306719	-6.996437	-6.283290	-6.312028	-6.289190	NaN	-6.993777
282.729000	-7.011485	-7.000011	-6.286526	-6.988995	-6.283794	-6.287843	-6.293860	-6.289335	-6.285155	-6.307285	-6.996361	-6.283355	-6.311607	-6.291171	NaN	-6.994198
302.911000	-7.013110	-7.001125	-6.286708	-6.991324	-6.281519	-6.289117	-6.294585	-6.290793	-6.286563	-6.307176	-6.995134	-6.282742	-6.312590	-6.290960	NaN	-6.993933
323.089000	-7.012424	-6.999714	-6.286359	-6.991259	-6.282455	-6.289150	-6.293958	-6.290946	-6.285714	-6.308704	-6.995599	-6.282999	-6.311567	-6.291269	NaN	-6.995345
343.269000	-7.012504	-7.000519	-6.286385	-6.990210	-6.282531	-6.288116	-6.293968	-6.289785	-6.285714	-6.307779	-6.995820	-6.283504	-6.311581	-6.290093	NaN	-6.994717
363.449000	-7.011524	-7.001887	-6.285674	-6.989253	-6.283137	-6.289034	-6.294745	-6.290899	-6.284792	-6.307822	-6.995835	-6.283645	-6.311734	-6.290463	NaN	-6.995729
383.629000	-7.012348	-7.001201	-6.286327	-6.991281	-6.282470	-6.287891	-6.293914	-6.290714	-6.285681	-6.308102	-6.995570	-6.284371	-6.311570	-6.290884	NaN	-6.995007
403.809000	-7.011608	-6.999924	-6.286105	-6.990838	-6.281679	-6.288380	-6.293435	-6.289781	-6.284828	-6.307724	-6.996666	-6.282923	-6.310721	-6.289538	NaN	-6.994311
423.989000	-7.012163	-7.001542	-6.286802	-6.989376	-6.282992	-6.287248	-6.292902	-6.290097	-6.284712	-6.308776	-6.996862	-6.282484	-6.312216	-6.290358	NaN	-6.995555
444.169000	-7.012410	-7.001615	-6.287100	-6.990624	-6.283217	-6.287216	-6.294324	-6.289375	-6.286628	-6.308784	-6.995715	-6.282727	-6.312078	-6.289854	NaN	-6.995396
464.349000	-7.012617	-7.000182	-6.286378	-6.990323	-6.282571	-6.288032	-6.293979	-6.289473	-6.285732	-6.307525	-6.995686	-6.283613	-6.311538	-6.290090	NaN	-6.994703
484.529000	-7.013277	-6.999750	-6.286795	-6.990272	-6.283210	-6.288722	-6.293660	-6.288954	-6.285129	-6.308414	-6.996074	-6.282767	-6.311581	-6.290590	NaN	-6.994068
504.710000	-7.012638	-7.000515	-6.286414	-6.990210	-6.282448	-6.288108	-6.293943	-6.289796	-6.285728	-6.307779	-6.995838	-6.283529	-6.311570	-6.290133	NaN	-6.994514
524.889000	-7.011416	-6.999536	-6.286240	-6.991433	-6.281501	-6.289168	-6.293479	-6.290957	-6.285416	-6.308330	-6.994801	-6.284462	-6.312427	-6.289908	NaN	-6.995533
545.069000	-7.012319	-7.001372	-6.286425	-6.990864	-6.282491	-6.288983	-6.293939	-6.288968	-6.285764	-6.307205	-6.995679	-6.283446	-6.311520	-6.289262	NaN	-6.995276
565.249000	-7.011717	-7.000878	-6.286301	-6.989920	-6.283094	-6.288322	-6.294473	-6.290122	-6.285314	-6.307931	-6.995856	-6.283558	-6.310983	-6.290246	NaN	-6.994946
585.429000	-7.012308	-7.000501	-6.286367	-6.991346	-6.282502	-6.287524	-6.293943	-6.290525	-6.285724	-6.307771	-6.995610	-6.284444	-6.311556	-6.289346	NaN	-6.995461
605.609000	-7.012479	-7.000740	-6.286160	-6.990544	-6.283126	-6.288497	-6.293373	-6.289269	-6.286407	-6.307728	-6.995225	-6.284193	-6.312271	-6.290735	NaN	-6.995367
625.789000	-7.011601	-7.000708	-6.287608	-6.990330	-6.282270	-6.287502	-6.293275	-6.290648	-6.285235	-6.308370	-6.996499	-6.284385	-6.312481	-6.290826	NaN	-6.995621
645.969000	-7.013727	-7.000679	-6.286769	-6.990232	-6.283584	-6.288123	-6.295144	-6.289828	-6.285180	-6.307771	-6.994848	-6.283518	-6.310895	-6.290104	NaN	-6.994895
666.149000	-7.013527	-6.999521	-6.286073	-6.989028	-6.282408	-6.289219	-6.293997	-6.289088	-6.284603	-6.306708	-6.996560	-6.283090	-6.311596	-6.290024	NaN	-6.993915
686.329000	-7.012352	-6.999913	-6.286381	-6.989815	-6.282426	-6.288965	-6.293950	-6.290772	-6.285779	-6.308258	-6.995671	-6.283395	-6.311589	-6.289331	NaN	-6.995033
706.509000	-7.012606	-7.000570	-6.286530	-6.990091	-6.283308	-6.288678	-6.294339	-6.290616	-6.285383	-6.307242	-6.995602	-6.284041	-6.312351	-6.290293	NaN	-6.994441
726.689000	-7.013038	-7.000947	-6.287259	-6.990403	-6.282074	-6.288558	-6.294857	-6.290732	-6.284893	-6.306940	-6.995635	-6.282985	-6.310667	-6.290543	NaN	-6.994158
746.869000	-7.011735	-6.999793	-6.285343	-6.990969	-6.281588	-6.287862	-6.294567	-6.290754	-6.284897	-6.306973	-6.995338	-6.284092	-6.310957	-6.291055	NaN	-6.995319
767.049000	-7.012297	-7.000842	-6.286403	-6.990410	-6.282444	-6.288145	-6.293979	-6.289850	-6.285670	-6.307840	-6.995559	-6.283518	-6.311530	-6.290177	NaN	-6.994949
787.229000	-7.012388	-7.000871	-6.286374	-6.990428	-6.282462	-6.288025	-6.293950	-6.289821	-6.285753	-6.307815	-6.995552	-6.283536	-6.311498	-6.290144	NaN	-6.995025
807.409000	-7.012522	-7.000864	-6.286287	-6.990403	-6.282593	-6.288156	-6.293896	-6.290267	-6.285743	-6.307844	-6.995628	-6.283555	-6.311465	-6.290191	NaN	-6.994993
827.589000	-7.013023	-7.001782	-6.287049	-6.989260	-6.282988	-6.287147	-6.293939	-6.289251	-6.286646	-6.307151	-6.995152	-6.282386	-6.310533	-6.289161	NaN	-6.994761
847.769000	-7.011597	-7.001782	-6.285325	-6.991364	-6.283555	-6.288497	-6.292981	-6.289959	-6.284643	-6.308526	-6.996248	-6.284041	-6.311911	-6.289005	NaN	-6.996089
867.949000	-7.011648	-7.000171	-6.286229	-6.989184	-6.282938	-6.287448	-6.293156	-6.290822	-6.286748	-6.307162	-6.995592	-6.282818	-6.311919	-6.290899	NaN	-6.995936
888.129000	-7.013353	-6.999873	-6.287230	-6.990943	-6.282865	-6.288921	-6.293072	-6.290902	-6.285329	-6.307358	-6.996143	-6.284592	-6.312507	-6.290460	NaN	-6.993966
908.309000	-7.013139	-7.001767	-6.286632	-6.990522	-6.282422	-6.287716	-6.294861	-6.288936	-6.285296	-6.308366	-6.996422	-6.284389	-6.311748	-6.289901	NaN	-6.995301
928.489000	-7.011804	-7.000661	-6.287285	-6.990265	-6.281657	-6.288108	-6.293032	-6.289785	-6.284904	-6.308443	-6.994982	-6.282738	-6.310656	-6.290126	NaN	-6.994884
948.669000	-7.013262	-7.000628	-6.287078	-6.990229	-6.281566	-6.288126	-6.293069	-6.289828	-6.285322	-6.307826	-6.996637	-6.283558	-6.311632	-6.290151	NaN	-6.994851
968.849000	-7.013067	-7.000599	-6.287372	-6.990229	-6.281642	-6.288083	-6.292967	-6.289814	-6.285206	-6.307822	-6.995160	-6.283580	-6.310841	-6.290137	NaN	-6.994837
989.029000	-7.013016	-7.000650	-6.287633	-6.990283	-6.283242	-6.287571	-6.294651	-6.289331	-6.285176	-6.307949	-6.996208	-6.283591	-6.311117	-6.290151	NaN	-6.994982
1009.209000	-7.011909	-7.000396	-6.286026	-6.989543	-6.283413	-6.287876	-6.292800	-6.289269	-6.285557	-6.308414	-6.994779	-6.284215	-6.311770	-6.291113	NaN	-6.996103
1029.389000	-7.012577	-7.000196	-6.285848	-6.989848	-6.281871	-6.288772	-6.293682	-6.289792	-6.285695	-6.307768	-6.995011	-6.283602	-6.311041	-6.290177	NaN	-6.994982
1049.569000	-7.012461	-7.000606	-6.286417	-6.991346	-6.282510	-6.287259	-6.293961	-6.290568	-6.285786	-6.308203	-6.995653	-6.282702	-6.311556	-6.290888	NaN	-6.995947
1069.749000	-7.012323	-7.000875	-6.286417	-6.990417	-6.282484	-6.287967	-6.294070	-6.289912	-6.285938	-6.307739	-6.995577	-6.283605	-6.311806	-6.290227	NaN	-6.995047
1089.929000	-7.011455	-6.999699	-6.285372	-6.991393	-6.282967	-6.287611	-6.292996	-6.290797	-6.285042	-6.307586	-6.996640	-6.284592	-6.310504	-6.289455	NaN	-6.995813
1110.109000	-7.012522	-7.001092	-6.286417	-6.990399	-6.282176	-6.288235	-6.293928	-6.289792	-6.285782	-6.307819	-6.995392	-6.283587	-6.311592	-6.290173	NaN	-6.994957
1130.289000	-7.012461	-7.001564	-6.286414	-6.990268	-6.282488	-6.287491	-6.293943	-6.290710	-6.285772	-6.307840	-6.995566	-6.283348	-6.311585	-6.290982	NaN	-6.995047
1150.479000	-7.012355	-7.000701	-6.285481	-6.989579	-6.282771	-6.288997	-6.293119	-6.290830	-6.284864	-6.307757	-6.995860	-6.283573	-6.310986	-6.290191	NaN	-6.994964
1170.659000	-7.011503	-7.000653	-6.287107	-6.990287	-6.282582	-6.288188	-6.293054	-6.289825	-6.284748	-6.307833	-6.996383	-6.283540	-6.310453	-6.290162	NaN	-6.994946
1190.849000	-7.012566	-7.000555	-6.285982	-6.990287	-6.282451	-6.288174	-6.293928	-6.289709	-6.285724	-6.307641	-6.995504	-6.283623	-6.311552	-6.290173	NaN	-6.994960
1211.029000	-7.012493	-6.999757	-6.285750	-6.990588	-6.283685	-6.288039	-6.294222	-6.290808	-6.286889	-6.308051	-6.994449	-6.284001	-6.311244	-6.291251	NaN	-6.996089
1231.209000	-7.012145	-7.001669	-6.287459	-6.990450	-6.281631	-6.287927	-6.293254	-6.290478	-6.287140	-6.307390	-6.996154	-6.284465	-6.311607	-6.289690	NaN	-6.993745
1251.409000	-7.012696	-7.000802	-6.286388	-6.990526	-6.282437	-6.288188	-6.293696	-6.289825	-6.285412	-6.307633	-6.995820	-6.283580	-6.312075	-6.290503	NaN	-6.995113
1271.589000	-7.012417	-7.000922	-6.286653	-6.990156	-6.282894	-6.287920	-6.294074	-6.289803	-6.285942	-6.307583	-6.995617	-6.283718	-6.311523	-6.290333	NaN	-6.994946
1291.769000	-7.012954	-7.000661	-6.286486	-6.990203	-6.282495	-6.288152	-6.293968	-6.289810	-6.285811	-6.307655	-6.995969	-6.283565	-6.311578	-6.290242	NaN	-6.994891
1311.949000	-7.013582	-7.000642	-6.287470	-6.990283	-6.281552	-6.288145	-6.294803	-6.289792	-6.285024	-6.307800	-6.996089	-6.283594	-6.310587	-6.290169	NaN	-6.994935
1332.129000	-7.011960	-7.000577	-6.286853	-6.991266	-6.283605	-6.287618	-6.293591	-6.288664	-6.286813	-6.307147	-6.996999	-6.283272	-6.312782	-6.290815	NaN	-6.994518
1352.319000	-7.012747	-7.001165	-6.286080	-6.990653	-6.282513	-6.287894	-6.293968	-6.289636	-6.285844	-6.307594	-6.995802	-6.283613	-6.311549	-6.290293	NaN	-6.994615
1372.499000	-7.011844	-7.001350	-6.287506	-6.990207	-6.281450	-6.287938	-6.294288	-6.290456	-6.285605	-6.308983	-6.996346	-6.283130	-6.311335	-6.291124	NaN	-6.994663
1392.679000	-7.012497	-7.000352	-6.286410	-6.989586	-6.282517	-6.287920	-6.293918	-6.289621	-6.285808	-6.308711	-6.995610	-6.283783	-6.311530	-6.289291	NaN	-6.994706
1412.859000	-7.012555	-6.999790	-6.287296	-6.991339	-6.282121	-6.288493	-6.294313	-6.288856	-6.286171	-6.307644	-6.994467	-6.284142	-6.310761	-6.290670	NaN	-6.994144
1433.039000	-7.013321	-7.000552	-6.286182	-6.990141	-6.283090	-6.288145	-6.294625	-6.289832	-6.284959	-6.307826	-6.995856	-6.283565	-6.310732	-6.290202	NaN	-6.994848
1453.219000	-7.013088	-7.001154	-6.286973	-6.990196	-6.282448	-6.287462	-6.293914	-6.290253	-6.285837	-6.307626	-6.995806	-6.283076	-6.311440	-6.290431	NaN	-6.994220
1473.399000	-7.011749	-7.000664	-6.287408	-6.991295	-6.281885	-6.288312	-6.292967	-6.289632	-6.286856	-6.306908	-6.996259	-6.284581	-6.312634	-6.289204	NaN	-6.993970
1493.579000	-7.012388	-7.001749	-6.286446	-6.989731	-6.282444	-6.288928	-6.293950	-6.290129	-6.285779	-6.308541	-6.995621	-6.283765	-6.311498	-6.289480	NaN	-6.995305
1513.759000	-7.012965	-7.000657	-6.285329	-6.991346	-6.281348	-6.287506	-6.294832	-6.290746	-6.285253	-6.307927	-6.996644	-6.284208	-6.311556	-6.291167	NaN	-6.994209
1533.939000	-7.012497	-7.000628	-6.285663	-6.990236	-6.281715	-6.288123	-6.293094	-6.289857	-6.285761	-6.307826	-6.995708	-6.283540	-6.312467	-6.290122	NaN	-6.994888
1554.129000	-7.012696	-7.000646	-6.285899	-6.990472	-6.282118	-6.287858	-6.293105	-6.290362	-6.285351	-6.307985	-6.996368	-6.283812	-6.311081	-6.290235	NaN	-6.994674
1574.309000	-7.013110	-7.000965	-6.285401	-6.991292	-6.282575	-6.289164	-6.292923	-6.289139	-6.286893	-6.306770	-6.994652	-6.282920	-6.310957	-6.290616	NaN	-6.994191
1594.489000	-7.012138	-7.000563	-6.287020	-6.990236	-6.282840	-6.288126	-6.293301	-6.289810	-6.286443	-6.307833	-6.995581	-6.283602	-6.310921	-6.290158	NaN	-6.994801
1614.669000	-7.013513	-6.999728	-6.286490	-6.989808	-6.282495	-6.287462	-6.293965	-6.289531	-6.285848	-6.306926	-6.995650	-6.284197	-6.311091	-6.289861	NaN	-6.993872
1634.859000	-7.012381	-7.000904	-6.286468	-6.990468	-6.282480	-6.288188	-6.294005	-6.289839	-6.285797	-6.307782	-6.995842	-6.283903	-6.311324	-6.290137	NaN	-6.994830
1655.039000	-7.013712	-7.000592	-6.285380	-6.991343	-6.282176	-6.289280	-6.292996	-6.288722	-6.285420	-6.308787	-6.995719	-6.284705	-6.311962	-6.289338	NaN	-6.995987
1675.219000	-7.012471	-7.001299	-6.286421	-6.991118	-6.282488	-6.287669	-6.293939	-6.288888	-6.285866	-6.306766	-6.995621	-6.282578	-6.311545	-6.289904	NaN	-6.994532
1695.399000	-7.012464	-7.001481	-6.286381	-6.990268	-6.282491	-6.287292	-6.293936	-6.289716	-6.285779	-6.308091	-6.995548	-6.284436	-6.311581	-6.291243	NaN	-6.994412
1715.579000	-7.012867	-7.001448	-6.285888	-6.989942	-6.282557	-6.288043	-6.294182	-6.289854	-6.285238	-6.307920	-6.995962	-6.283616	-6.311182	-6.289777	NaN	-6.994989
1735.759000	-7.011985	-7.000606	-6.285997	-6.991172	-6.282778	-6.289175	-6.292952	-6.289861	-6.284647	-6.307811	-6.996785	-6.283544	-6.312452	-6.289788	NaN	-6.994035
1755.939000	-7.012406	-7.000650	-6.285597	-6.990232	-6.283181	-6.288116	-6.293203	-6.289814	-6.285369	-6.307884	-6.995973	-6.283562	-6.311313	-6.290162	NaN	-6.994786
1776.129000	-7.013295	-7.000650	-6.286831	-6.990239	-6.282332	-6.288105	-6.294364	-6.289861	-6.285815	-6.307960	-6.995682	-6.284153	-6.311552	-6.289988	NaN	-6.994249
1796.309000	-7.012519	-7.000407	-6.286657	-6.990802	-6.282379	-6.287778	-6.293667	-6.290144	-6.285949	-6.307354	-6.996031	-6.284041	-6.311603	-6.290677	NaN	-6.995294
1816.489000	-7.011477	-7.000628	-6.287321	-6.990649	-6.283293	-6.287023	-6.293239	-6.289451	-6.284901	-6.308562	-6.994851	-6.282760	-6.311073	-6.290652	NaN	-6.994935
1836.669000	-7.012439	-7.001136	-6.286399	-6.989851	-6.282499	-6.287241	-6.293950	-6.290583	-6.285804	-6.307702	-6.995592	-6.282666	-6.311592	-6.290336	NaN	-6.994372
1856.849000	-7.012279	-7.001125	-6.286566	-6.990813	-6.282510	-6.287974	-6.293620	-6.290144	-6.286236	-6.307525	-6.995319	-6.283540	-6.311291	-6.290264	NaN	-6.994960
1877.029000	-7.012776	-7.001038	-6.286109	-6.990385	-6.282306	-6.288355	-6.294128	-6.290071	-6.285909	-6.308163	-6.995232	-6.283301	-6.311628	-6.290024	NaN	-6.995007
1897.209000	-7.012500	-7.001484	-6.287223	-6.989423	-6.282422	-6.287662	-6.294135	-6.289233	-6.284698	-6.306748	-6.995508	-6.282491	-6.311233	-6.290837	NaN	-6.995740
1917.389000	-7.012018	-7.000650	-6.286018	-6.990290	-6.281853	-6.288166	-6.293228	-6.289836	-6.285053	-6.307844	-6.994837	-6.283623	-6.312539	-6.290195	NaN	-6.994822
1937.579000	-7.013651	-7.000305	-6.287154	-6.990225	-6.281559	-6.289222	-6.292818	-6.288722	-6.284944	-6.308414	-6.994826	-6.284679	-6.310939	-6.289672	NaN	-6.994906
1957.759000	-7.013023	-7.000657	-6.285539	-6.990207	-6.282564	-6.288166	-6.294817	-6.289792	-6.284941	-6.307862	-6.996266	-6.283623	-6.312554	-6.290187	NaN	-6.994931
1977.939000	-7.012686	-6.999554	-6.286817	-6.990087	-6.282462	-6.287680	-6.293961	-6.289948	-6.285797	-6.307898	-6.995693	-6.282647	-6.311563	-6.289302	NaN	-6.994111
1998.119000	-7.012352	-7.000864	-6.286403	-6.990497	-6.282310	-6.288130	-6.293921	-6.289792	-6.285775	-6.307942	-6.995533	-6.283638	-6.311541	-6.290231	NaN	-6.994967
2018.299000	-7.012341	-7.000838	-6.286425	-6.990497	-6.282491	-6.288145	-6.293950	-6.289865	-6.285775	-6.307891	-6.995530	-6.283598	-6.311599	-6.290198	NaN	-6.994982
2038.479000	-7.012373	-7.001183	-6.286439	-6.991114	-6.282495	-6.288551	-6.294436	-6.289335	-6.285801	-6.308493	-6.995443	-6.283242	-6.311643	-6.290699	NaN	-6.995044
2058.659000	-7.012784	-7.000802	-6.285968	-6.990472	-6.282851	-6.288119	-6.294270	-6.289857	-6.285561	-6.307902	-6.995809	-6.283631	-6.311313	-6.290166	NaN	-6.994917
2078.839000	-7.012421	-7.001277	-6.286486	-6.990406	-6.282484	-6.287996	-6.293979	-6.289182	-6.285768	-6.307673	-6.995541	-6.284182	-6.312140	-6.289640	NaN	-6.995642
2099.019000	-7.012363	-7.000798	-6.286446	-6.990464	-6.282488	-6.288145	-6.293943	-6.289839	-6.285804	-6.307459	-6.995544	-6.283921	-6.311792	-6.290420	NaN	-6.994953
2119.199000	-7.012526	-7.000820	-6.286399	-6.990283	-6.282818	-6.288163	-6.294611	-6.289763	-6.286087	-6.308533	-6.995817	-6.284378	-6.311030	-6.289629	NaN	-6.994924
2139.379000	-7.012424	-7.000857	-6.286632	-6.990504	-6.282949	-6.288166	-6.293685	-6.289875	-6.285830	-6.307797	-6.995584	-6.283613	-6.311371	-6.290177	NaN	-6.995203
2159.559000	-7.012246	-7.000853	-6.286733	-6.990472	-6.282121	-6.288145	-6.293704	-6.289879	-6.285652	-6.307851	-6.995258	-6.283605	-6.311607	-6.290198	NaN	-6.995036
2179.749000	-7.012471	-7.000109	-6.286475	-6.989652	-6.282495	-6.289132	-6.293943	-6.288936	-6.286817	-6.307891	-6.996354	-6.283594	-6.311937	-6.290166	NaN	-6.994855
2199.929000	-7.013429	-7.001045	-6.285616	-6.990330	-6.281748	-6.288163	-6.294386	-6.289912	-6.285053	-6.307902	-6.996343	-6.283584	-6.311777	-6.290119	NaN	-6.994949
2220.109000	-7.013575	-7.001513	-6.286976	-6.990174	-6.281958	-6.289175	-6.292905	-6.289124	-6.287107	-6.308011	-6.997116	-6.284516	-6.310536	-6.289661	NaN	-6.994097
2240.289000	-7.011593	-7.000802	-6.286991	-6.990015	-6.281737	-6.288203	-6.294578	-6.289113	-6.285873	-6.307002	-6.996404	-6.282793	-6.310888	-6.289396	NaN	-6.994634
2260.469000	-7.012450	-6.999804	-6.286446	-6.990631	-6.282459	-6.288235	-6.293896	-6.289451	-6.285859	-6.308588	-6.995679	-6.284436	-6.311563	-6.289796	NaN	-6.996078
2280.649000	-7.012638	-7.000454	-6.286232	-6.989507	-6.282491	-6.288163	-6.293402	-6.290053	-6.285507	-6.308196	-6.995907	-6.283943	-6.311668	-6.290754	NaN	-6.994597
2300.829000	-7.012903	-7.000918	-6.286675	-6.990628	-6.283039	-6.288613	-6.293584	-6.289839	-6.285641	-6.307445	-6.996179	-6.283613	-6.311179	-6.289937	NaN	-6.994848
2321.009000	-7.012312	-7.000838	-6.286969	-6.991328	-6.282194	-6.289248	-6.293304	-6.289298	-6.286073	-6.308994	-6.995098	-6.282887	-6.310856	-6.290859	NaN	-6.994242
2341.189000	-7.013364	-7.000900	-6.286091	-6.991393	-6.281726	-6.289055	-6.295155	-6.288925	-6.286345	-6.306639	-6.996452	-6.283250	-6.311440	-6.289607	NaN	-6.994423
2361.369000	-7.011713	-7.000704	-6.285746	-6.990294	-6.283486	-6.288159	-6.294825	-6.289825	-6.286214	-6.307880	-6.995944	-6.283627	-6.312307	-6.290217	NaN	-6.995018
2381.549000	-7.013379	-7.000635	-6.287125	-6.990352	-6.281606	-6.288130	-6.294680	-6.289854	-6.285543	-6.307840	-6.996655	-6.283620	-6.311425	-6.290184	NaN	-6.994989
2401.729000	-7.012780	-7.000574	-6.286693	-6.990210	-6.282038	-6.288108	-6.293925	-6.289872	-6.285224	-6.307819	-6.996393	-6.283569	-6.312104	-6.289806	NaN	-6.994256
2421.909000	-7.012718	-7.000544	-6.286541	-6.990171	-6.282484	-6.288166	-6.293994	-6.289806	-6.285859	-6.307797	-6.995827	-6.283627	-6.311607	-6.290180	NaN	-6.994793
2442.089000	-7.012500	-7.000428	-6.286472	-6.989448	-6.282510	-6.287190	-6.293950	-6.289132	-6.285822	-6.307717	-6.995624	-6.282615	-6.311596	-6.289741	NaN	-6.995127
2462.269000	-7.012174	-6.999931	-6.286889	-6.991477	-6.283195	-6.287473	-6.293268	-6.290155	-6.287038	-6.308199	-6.995076	-6.283885	-6.310612	-6.290434	NaN	-6.994891
2482.449000	-7.013212	-7.000624	-6.285648	-6.989292	-6.283250	-6.288504	-6.292807	-6.290492	-6.285989	-6.307024	-6.995225	-6.282669	-6.311349	-6.290405	NaN	-6.995526
2502.629000	-7.013567	-6.999677	-6.285307	-6.989565	-6.282190	-6.287379	-6.295082	-6.290884	-6.285489	-6.307572	-6.995497	-6.282676	-6.312499	-6.289150	NaN	-6.993897
2522.809000	-7.012856	-7.000563	-6.286523	-6.989909	-6.282702	-6.288145	-6.294400	-6.289716	-6.285485	-6.308018	-6.995298	-6.283591	-6.312104	-6.290594	NaN	-6.994891
2542.999000	-7.012758	-7.001463	-6.286722	-6.990798	-6.282760	-6.288333	-6.293718	-6.290489	-6.285354	-6.307278	-6.995367	-6.282705	-6.311832	-6.290666	NaN	-6.995432
2563.189000	-7.013306	-7.000095	-6.285721	-6.991023	-6.282415	-6.287470	-6.294774	-6.290456	-6.285071	-6.307684	-6.996288	-6.283903	-6.311824	-6.289734	NaN	-6.995824
2583.369000	-7.013676	-7.000265	-6.287433	-6.989681	-6.283170	-6.288881	-6.293323	-6.289451	-6.286708	-6.307035	-6.995813	-6.283061	-6.311563	-6.289277	NaN	-6.993763
2603.549000	-7.013437	-7.000947	-6.287473	-6.989013	-6.283373	-6.288994	-6.293170	-6.289081	-6.285797	-6.308229	-6.995679	-6.282419	-6.311592	-6.289269	NaN	-6.995120
2623.729000	-7.012308	-7.000414	-6.286896	-6.990864	-6.282499	-6.288547	-6.293881	-6.289324	-6.285721	-6.307488	-6.995421	-6.283605	-6.311581	-6.290209	NaN	-6.995127
2643.909000	-7.012326	-7.000813	-6.286436	-6.990450	-6.282415	-6.288141	-6.293947	-6.289875	-6.285819	-6.307880	-6.995581	-6.283587	-6.311603	-6.290224	NaN	-6.995062
2664.099000	-7.012381	-7.000933	-6.286457	-6.990493	-6.282513	-6.288137	-6.293994	-6.289806	-6.285830	-6.307822	-6.995722	-6.283584	-6.311451	-6.290169	NaN	-6.994499
2684.279000	-7.012758	-7.000505	-6.287212	-6.990134	-6.282172	-6.288159	-6.294759	-6.289770	-6.285235	-6.307811	-6.995795	-6.283634	-6.312369	-6.290180	NaN	-6.994851
2704.459000	-7.012754	-7.000505	-6.286436	-6.990472	-6.282448	-6.287840	-6.293950	-6.289806	-6.285815	-6.307880	-6.995878	-6.283663	-6.311639	-6.290060	NaN	-6.994525
2724.639000	-7.012718	-7.000566	-6.286512	-6.990091	-6.282408	-6.288130	-6.293809	-6.289817	-6.285430	-6.307848	-6.996060	-6.283308	-6.312064	-6.289803	NaN	-6.994764
2744.819000	-7.012722	-7.000588	-6.286475	-6.990359	-6.282546	-6.288399	-6.294012	-6.289665	-6.285848	-6.307670	-6.995780	-6.283406	-6.311748	-6.290373	NaN	-6.994855
2764.999000	-7.011913	-7.000505	-6.286051	-6.990838	-6.282531	-6.289023	-6.294999	-6.290706	-6.285264	-6.308668	-6.996321	-6.284571	-6.311835	-6.289491	NaN	-6.995983
2785.189000	-7.012845	-6.999558	-6.286189	-6.991172	-6.281904	-6.288685	-6.292847	-6.290812	-6.286679	-6.307173	-6.994445	-6.282753	-6.310485	-6.290481	NaN	-6.995301
2805.370000	-7.012471	-6.999968	-6.286421	-6.989688	-6.282499	-6.287720	-6.293856	-6.290790	-6.285837	-6.308022	-6.995621	-6.284462	-6.311628	-6.289785	NaN	-6.995740
2825.549000	-7.012588	-7.001223	-6.287132	-6.990544	-6.283003	-6.289015	-6.294397	-6.288910	-6.286552	-6.308911	-6.995363	-6.283979	-6.311770	-6.291055	NaN	-6.994166
2845.729000	-7.011256	-7.000671	-6.285630	-6.989985	-6.281682	-6.288693	-6.293606	-6.289625	-6.285427	-6.308065	-6.994387	-6.284269	-6.311353	-6.289988	NaN	-6.995864
2865.909000	-7.012395	-7.000842	-6.286432	-6.990802	-6.282383	-6.288765	-6.294469	-6.290373	-6.286033	-6.308359	-6.995835	-6.283997	-6.311618	-6.290071	NaN	-6.995138
2886.099000	-7.011532	-7.001677	-6.287459	-6.990686	-6.281374	-6.288293	-6.293221	-6.288892	-6.285336	-6.307252	-6.996876	-6.282546	-6.312597	-6.290275	NaN	-6.993861
2906.279000	-7.012675	-7.000537	-6.286472	-6.990210	-6.282520	-6.287963	-6.293958	-6.289832	-6.285880	-6.307844	-6.995842	-6.283732	-6.311621	-6.290206	NaN	-6.994869
2926.459000	-7.012649	-7.000563	-6.286486	-6.990185	-6.282499	-6.288112	-6.294153	-6.289353	-6.286084	-6.307652	-6.995348	-6.283170	-6.312129	-6.290169	NaN	-6.994891
2946.639000	-7.012718	-7.000780	-6.286987	-6.990265	-6.282020	-6.288130	-6.293943	-6.289335	-6.286211	-6.307895	-6.995682	-6.283261	-6.312064	-6.290431	NaN	-6.995051
2966.819000	-7.011343	-7.001905	-6.285430	-6.989735	-6.281450	-6.289233	-6.293743	-6.290877	-6.284984	-6.308014	-6.996564	-6.282988	-6.311741	-6.289284	NaN	-6.994053
2986.999000	-7.012370	-7.000871	-6.286472	-6.990425	-6.282412	-6.288275	-6.293656	-6.290148	-6.285891	-6.307441	-6.995327	-6.283213	-6.311872	-6.290489	NaN	-6.995073
3007.179000	-7.012471	-7.000788	-6.286403	-6.990395	-6.282466	-6.288166	-6.293958	-6.289879	-6.285877	-6.307844	-6.995508	-6.283685	-6.311592	-6.290151	NaN	-6.995073
3027.359000	-7.012388	-7.000976	-6.286446	-6.990410	-6.282807	-6.288068	-6.294186	-6.290311	-6.285608	-6.308062	-6.995751	-6.283986	-6.311639	-6.290169	NaN	-6.995084
3047.539000	-7.012435	-7.000091	-6.286454	-6.990189	-6.282484	-6.289168	-6.293976	-6.290031	-6.285790	-6.307379	-6.995544	-6.283780	-6.311541	-6.289338	NaN	-6.994129
3067.719000	-7.011593	-7.001608	-6.287252	-6.990552	-6.282194	-6.289008	-6.293616	-6.289211	-6.285264	-6.308925	-6.996778	-6.283166	-6.311879	-6.289966	NaN	-6.993712
3087.899000	-7.012715	-7.000610	-6.287183	-6.990272	-6.283050	-6.288174	-6.294357	-6.289901	-6.285779	-6.307858	-6.996466	-6.283605	-6.312365	-6.290217	NaN	-6.994898
3108.079000	-7.012268	-7.001288	-6.285728	-6.989978	-6.281689	-6.286940	-6.294012	-6.290296	-6.286138	-6.308156	-6.995261	-6.284592	-6.311977	-6.290993	NaN	-6.994365
3128.259000	-7.013350	-7.000436	-6.286497	-6.989463	-6.283558	-6.288475	-6.293965	-6.289803	-6.286835	-6.308856	-6.996419	-6.284117	-6.311748	-6.291145	NaN	-6.995849
3148.439000	-7.011234	-7.000577	-6.287172	-6.989485	-6.283460	-6.287390	-6.294262	-6.290797	-6.284774	-6.307176	-6.994423	-6.283765	-6.312492	-6.290964	NaN	-6.994957
3168.619000	-7.012559	-7.000581	-6.287100	-6.990152	-6.282143	-6.288159	-6.293079	-6.289821	-6.285184	-6.307869	-6.996564	-6.283656	-6.311632	-6.290180	NaN	-6.994797
3188.809000	-7.012675	-7.001524	-6.285634	-6.989673	-6.282049	-6.288406	-6.293283	-6.290924	-6.285605	-6.306766	-6.995537	-6.283522	-6.312064	-6.290169	NaN	-6.993723
3208.999000	-7.012657	-7.000468	-6.286505	-6.990435	-6.282488	-6.288181	-6.293889	-6.289879	-6.285859	-6.307895	-6.995595	-6.283616	-6.311560	-6.290187	NaN	-6.995156
3229.179000	-7.013607	-6.999717	-6.285880	-6.990189	-6.281494	-6.287702	-6.293635	-6.289378	-6.286566	-6.308145	-6.994565	-6.283119	-6.311411	-6.289230	NaN	-6.994024
3249.359000	-7.013553	-7.001390	-6.287462	-6.990922	-6.282818	-6.287296	-6.293032	-6.290801	-6.286222	-6.308624	-6.996136	-6.282644	-6.312597	-6.290322	NaN	-6.994826
3269.539000	-7.011626	-7.000599	-6.286399	-6.990530	-6.281885	-6.288065	-6.294603	-6.289788	-6.285938	-6.308464	-6.995508	-6.283682	-6.311861	-6.290253	NaN	-6.995069
3289.719000	-7.012410	-6.999819	-6.286454	-6.989383	-6.282480	-6.287216	-6.293958	-6.288885	-6.285848	-6.307521	-6.995624	-6.284639	-6.311498	-6.290017	NaN	-6.996038
3309.899000	-7.011768	-7.000886	-6.287034	-6.989173	-6.282263	-6.289110	-6.294418	-6.288947	-6.285173	-6.307067	-6.995036	-6.283478	-6.311403	-6.290325	NaN	-6.995113
3330.079000	-7.012940	-7.000922	-6.286301	-6.989844	-6.281755	-6.288406	-6.294368	-6.289266	-6.286058	-6.308167	-6.995011	-6.284048	-6.311777	-6.290412	NaN	-6.994630
3350.269000	-7.013538	-7.000240	-6.285971	-6.989844	-6.281290	-6.288174	-6.293072	-6.289030	-6.284639	-6.308196	-6.994917	-6.284411	-6.312361	-6.290539	NaN	-6.994242
3370.449000	-7.012330	-7.000828	-6.286432	-6.990501	-6.282510	-6.288185	-6.294288	-6.289894	-6.286414	-6.307931	-6.996096	-6.283598	-6.311712	-6.290246	NaN	-6.995073
3390.629000	-7.013179	-7.000726	-6.286697	-6.990345	-6.282179	-6.288163	-6.294854	-6.289865	-6.286417	-6.307902	-6.996579	-6.283689	-6.310718	-6.290206	NaN	-6.995080
3410.809000	-7.011622	-7.000846	-6.285532	-6.990425	-6.281929	-6.288123	-6.294807	-6.289861	-6.286007	-6.307884	-6.994768	-6.283692	-6.312459	-6.290187	NaN	-6.995029
3430.989000	-7.013179	-7.000878	-6.286653	-6.990425	-6.282905	-6.288174	-6.293065	-6.289839	-6.286461	-6.307938	-6.995316	-6.283591	-6.312253	-6.290249	NaN	-6.995134
3451.169000	-7.013451	-7.000254	-6.285924	-6.991502	-6.282684	-6.287960	-6.293196	-6.289607	-6.286559	-6.308704	-6.995766	-6.283457	-6.312459	-6.289269	NaN	-6.995657
3471.349000	-7.012609	-7.000283	-6.286436	-6.989300	-6.282539	-6.287553	-6.294005	-6.288965	-6.285851	-6.307042	-6.995748	-6.283856	-6.311596	-6.290478	NaN	-6.995348
3491.529000	-7.012773	-6.999663	-6.287085	-6.991397	-6.283355	-6.288326	-6.292996	-6.290344	-6.285169	-6.307706	-6.994996	-6.282771	-6.310623	-6.291476	NaN	-6.995029
3511.709000	-7.012773	-7.000563	-6.286425	-6.990290	-6.282499	-6.288119	-6.293972	-6.289846	-6.285880	-6.307866	-6.995475	-6.283544	-6.311581	-6.290209	NaN	-6.995232
3531.889000	-7.012286	-7.001390	-6.286693	-6.989245	-6.282364	-6.288674	-6.295151	-6.290913	-6.285362	-6.308392	-6.995490	-6.283932	-6.312873	-6.290997	NaN	-6.995773
3552.079000	-7.013567	-7.000900	-6.286737	-6.989474	-6.282814	-6.287201	-6.292786	-6.288961	-6.286951	-6.307532	-6.995922	-6.282851	-6.312790	-6.289371	NaN	-6.995882
3572.259000	-7.012678	-6.999703	-6.285935	-6.990581	-6.283275	-6.288351	-6.293718	-6.290982	-6.285191	-6.307935	-6.996190	-6.284541	-6.312401	-6.289487	NaN	-6.995911
3592.439000	-7.012675	-6.999902	-6.286534	-6.990610	-6.282531	-6.288540	-6.293972	-6.290307	-6.285913	-6.307543	-6.995813	-6.283678	-6.311661	-6.289498	NaN	-6.994877
3612.619000	-7.012533	-7.001325	-6.286497	-6.991154	-6.282480	-6.288025	-6.293997	-6.290703	-6.285870	-6.308805	-6.995737	-6.284081	-6.311603	-6.290637	NaN	-6.995846
3632.799000	-7.012686	-7.000857	-6.286457	-6.990798	-6.282528	-6.287299	-6.293899	-6.290441	-6.285826	-6.307075	-6.995849	-6.282869	-6.311578	-6.291008	NaN	-6.994895
3652.989000	-7.012950	-7.000777	-6.286573	-6.989877	-6.282520	-6.287579	-6.293990	-6.289571	-6.286149	-6.308352	-6.995787	-6.284146	-6.311574	-6.289926	NaN	-6.995182
3673.170000	-7.013386	-7.000809	-6.285873	-6.990276	-6.282103	-6.288148	-6.294701	-6.289284	-6.285111	-6.307898	-6.995058	-6.283623	-6.312169	-6.290206	NaN	-6.995004
3693.349000	-7.012261	-7.000671	-6.285590	-6.990962	-6.282208	-6.287535	-6.293134	-6.290463	-6.285423	-6.307100	-6.996205	-6.284092	-6.312496	-6.289741	NaN	-6.994416
3713.539000	-7.012366	-7.000345	-6.286192	-6.990617	-6.282851	-6.288551	-6.294349	-6.289585	-6.286098	-6.307702	-6.995559	-6.283653	-6.311814	-6.290224	NaN	-6.995316
3733.729000	-7.011670	-7.000817	-6.287158	-6.990457	-6.283134	-6.288137	-6.294255	-6.289846	-6.285949	-6.307869	-6.994764	-6.283105	-6.311632	-6.290939	NaN	-6.994264
3753.909000	-7.012667	-6.999666	-6.286461	-6.989652	-6.282520	-6.287865	-6.294045	-6.289190	-6.285870	-6.307604	-6.995838	-6.284182	-6.311668	-6.290870	NaN	-6.994042
3774.099000	-7.012769	-7.001078	-6.286428	-6.989819	-6.282499	-6.288711	-6.293968	-6.289973	-6.285899	-6.307506	-6.995798	-6.283747	-6.311654	-6.289552	NaN	-6.995051
3794.279000	-7.012348	-7.000846	-6.286468	-6.990472	-6.282520	-6.288185	-6.294005	-6.289908	-6.285848	-6.307887	-6.995559	-6.283642	-6.311592	-6.290202	NaN	-6.995036
3814.459000	-7.012671	-7.001092	-6.286443	-6.990998	-6.282618	-6.287680	-6.294132	-6.289349	-6.285899	-6.308312	-6.995406	-6.284030	-6.311578	-6.290739	NaN	-6.995036
3834.639000	-7.012138	-7.001190	-6.287002	-6.989967	-6.281806	-6.287354	-6.293889	-6.290351	-6.286846	-6.307173	-6.995501	-6.283838	-6.312724	-6.290735	NaN	-6.994750
3854.819000	-7.012733	-7.000352	-6.286501	-6.989848	-6.282502	-6.287785	-6.293936	-6.289320	-6.285891	-6.308421	-6.995795	-6.284019	-6.311614	-6.289734	NaN	-6.994855
3874.999000	-7.011822	-7.000457	-6.286983	-6.990062	-6.281816	-6.287793	-6.294019	-6.289763	-6.286149	-6.307506	-6.996524	-6.284295	-6.311019	-6.289846	NaN	-6.995167
3895.179000	-7.013117	-7.000552	-6.287524	-6.990395	-6.281791	-6.287782	-6.294085	-6.290960	-6.286777	-6.307122	-6.996691	-6.284454	-6.310525	-6.291410	NaN	-6.994082
3915.365000	-7.013204	-7.000835	-6.286621	-6.990446	-6.282085	-6.288224	-6.294807	-6.289861	-6.285623	-6.307884	-6.996335	-6.283682	-6.312409	-6.290217	NaN	-6.995109
3935.549000	-7.012551	-6.999939	-6.286991	-6.990265	-6.283540	-6.289019	-6.294698	-6.289770	-6.285020	-6.309056	-6.996430	-6.282618	-6.312565	-6.290692	NaN	-6.994053
3955.729000	-7.012740	-7.000864	-6.287219	-6.990395	-6.282999	-6.288174	-6.293645	-6.289879	-6.286305	-6.307920	-6.996477	-6.283620	-6.311770	-6.290177	NaN	-6.995087
3975.909000	-7.012479	-7.000824	-6.286468	-6.990040	-6.282825	-6.288014	-6.294291	-6.289440	-6.286258	-6.308374	-6.995240	-6.283195	-6.311610	-6.290217	NaN	-6.994761
3996.089000	-7.011873	-6.999888	-6.287662	-6.990011	-6.283344	-6.288417	-6.294640	-6.288994	-6.285808	-6.308795	-6.994967	-6.284763	-6.312390	-6.290275	NaN	-6.995417
4016.269000	-7.012580	-7.000029	-6.287216	-6.990312	-6.282851	-6.287749	-6.292996	-6.289186	-6.286189	-6.307122	-6.995842	-6.284404	-6.311244	-6.289375	NaN	-6.994848
4036.449000	-7.013538	-6.999612	-6.287386	-6.990835	-6.283435	-6.287535	-6.294226	-6.289596	-6.286867	-6.308091	-6.996263	-6.282640	-6.310910	-6.291494	NaN	-6.994674
4056.629000	-7.013393	-7.000798	-6.285463	-6.990395	-6.281504	-6.288126	-6.294923	-6.289872	-6.286534	-6.307858	-6.994739	-6.283638	-6.312325	-6.290249	NaN	-6.995109
4076.809000	-7.011437	-6.999946	-6.287499	-6.990236	-6.282197	-6.287208	-6.293798	-6.290779	-6.285089	-6.308853	-6.995889	-6.282560	-6.312630	-6.291145	NaN	-6.994681
4096.989000	-7.012664	-7.000849	-6.286479	-6.989858	-6.282633	-6.287401	-6.293787	-6.290460	-6.285935	-6.307089	-6.995664	-6.282891	-6.311625	-6.290249	NaN	-6.996110
4117.169000	-7.012664	-7.000109	-6.286526	-6.989800	-6.282510	-6.288660	-6.293961	-6.289970	-6.285485	-6.307445	-6.995468	-6.283489	-6.311400	-6.290024	NaN	-6.994924
4137.349000	-7.012508	-7.000675	-6.286494	-6.990962	-6.282524	-6.289121	-6.293954	-6.290608	-6.285851	-6.308562	-6.995675	-6.284095	-6.311643	-6.289331	NaN	-6.994790
4157.529000	-7.012457	-7.000363	-6.286457	-6.991270	-6.282488	-6.289320	-6.293958	-6.290325	-6.285870	-6.306984	-6.995621	-6.283790	-6.311607	-6.290140	NaN	-6.995156
4177.709000	-7.013687	-6.999982	-6.286160	-6.989220	-6.282658	-6.287110	-6.294727	-6.290249	-6.285917	-6.307670	-6.994880	-6.284164	-6.310758	-6.291323	NaN	-6.995708
4197.889000	-7.013092	-7.000574	-6.286087	-6.990160	-6.282557	-6.288330	-6.293638	-6.290217	-6.285637	-6.307760	-6.995740	-6.283623	-6.311200	-6.290518	NaN	-6.994630
4218.069000	-7.013546	-7.000653	-6.286381	-6.990189	-6.281679	-6.288137	-6.294952	-6.289839	-6.286737	-6.307855	-6.996067	-6.283653	-6.310964	-6.290206	NaN	-6.994975
4238.249000	-7.012686	-7.000704	-6.287550	-6.990265	-6.282941	-6.288116	-6.294981	-6.289810	-6.286671	-6.307880	-6.994808	-6.283671	-6.311193	-6.290162	NaN	-6.994449
4258.439000	-7.012657	-7.000530	-6.286512	-6.990131	-6.282477	-6.288126	-6.294001	-6.289977	-6.285819	-6.307862	-6.995530	-6.283667	-6.311581	-6.290177	NaN	-6.995123
4278.619000	-7.011455	-7.000131	-6.287208	-6.989851	-6.283137	-6.288849	-6.293446	-6.290500	-6.286621	-6.307115	-6.995225	-6.283689	-6.311113	-6.289429	NaN	-6.994387
4298.819000	-7.012174	-6.999372	-6.285899	-6.991005	-6.282488	-6.287488	-6.292786	-6.289447	-6.284752	-6.308323	-6.994906	-6.284204	-6.312401	-6.291233	NaN	-6.995904
4318.999000	-7.012682	-7.000958	-6.286047	-6.991237	-6.282466	-6.287437	-6.293950	-6.289596	-6.285920	-6.308229	-6.995697	-6.284059	-6.311084	-6.290855	NaN	-6.995907
4339.189000	-7.012609	-7.001582	-6.286490	-6.990403	-6.281512	-6.288217	-6.293196	-6.289828	-6.286759	-6.307909	-6.995646	-6.283663	-6.312256	-6.290166	NaN	-6.995091
4359.389000	-7.011637	-7.000817	-6.286196	-6.990432	-6.282528	-6.288297	-6.293932	-6.290445	-6.285859	-6.307365	-6.995838	-6.282684	-6.311679	-6.290434	NaN	-6.994996
4379.569000	-7.012580	-7.000853	-6.286461	-6.990417	-6.283134	-6.287931	-6.294331	-6.289894	-6.286352	-6.307916	-6.995635	-6.283671	-6.311480	-6.290206	NaN	-6.995029
4399.749000	-7.012468	-7.000780	-6.286468	-6.990417	-6.282125	-6.288166	-6.293442	-6.289897	-6.285659	-6.307902	-6.995911	-6.283696	-6.312071	-6.289821	NaN	-6.995116
4419.929000	-7.012334	-7.000824	-6.286421	-6.990425	-6.282089	-6.288181	-6.294433	-6.289872	-6.285460	-6.307891	-6.995526	-6.283634	-6.311991	-6.290213	NaN	-6.995377
4440.109000	-7.012595	-7.001796	-6.287546	-6.990105	-6.281700	-6.288986	-6.294444	-6.290783	-6.286809	-6.306773	-6.994724	-6.284168	-6.312049	-6.289596	NaN	-6.996165
4460.299000	-7.012900	-7.000922	-6.286530	-6.990287	-6.281298	-6.288177	-6.293693	-6.289894	-6.286697	-6.307873	-6.995592	-6.283616	-6.310475	-6.290238	NaN	-6.995105
4480.479000	-7.012101	-7.000769	-6.285978	-6.990414	-6.281954	-6.288199	-6.293366	-6.289560	-6.285674	-6.307869	-6.995178	-6.283663	-6.310972	-6.290238	NaN	-6.995613
4500.659000	-7.012762	-7.000722	-6.286222	-6.990385	-6.283555	-6.288152	-6.294077	-6.289890	-6.285895	-6.307931	-6.994449	-6.283653	-6.311745	-6.290213	NaN	-6.995094
4520.839000	-7.012624	-7.000555	-6.287379	-6.991234	-6.282506	-6.287695	-6.294150	-6.289230	-6.286664	-6.307463	-6.994677	-6.284277	-6.311687	-6.290046	NaN	-6.994133
4541.019000	-7.012715	-7.000436	-6.286497	-6.989543	-6.282480	-6.287129	-6.294008	-6.289948	-6.285851	-6.307343	-6.995708	-6.283076	-6.311610	-6.289262	NaN	-6.994750
4561.209000	-7.012413	-7.000508	-6.286468	-6.990203	-6.282495	-6.288130	-6.294005	-6.289850	-6.285909	-6.307898	-6.995835	-6.283634	-6.311665	-6.290198	NaN	-6.994880
4581.399000	-7.011851	-7.000247	-6.287339	-6.991096	-6.281385	-6.289164	-6.293696	-6.289709	-6.286733	-6.308689	-6.994815	-6.283565	-6.311781	-6.289418	NaN	-6.995069
4601.579000	-7.012624	-7.001321	-6.286505	-6.991078	-6.282462	-6.287140	-6.293936	-6.290082	-6.285870	-6.306908	-6.995758	-6.284266	-6.311618	-6.290822	NaN	-6.994547
4621.769000	-7.012537	-7.000762	-6.285561	-6.990446	-6.282357	-6.288163	-6.294879	-6.289879	-6.284955	-6.308834	-6.995889	-6.284538	-6.311589	-6.291011	NaN	-6.995613
4641.949000	-7.013085	-7.000740	-6.285289	-6.990301	-6.281664	-6.288170	-6.294912	-6.289883	-6.286664	-6.307931	-6.995265	-6.283685	-6.312503	-6.290249	NaN	-6.995055
4662.129000	-7.012272	-7.000907	-6.286432	-6.990109	-6.282491	-6.288116	-6.293979	-6.289552	-6.285848	-6.307895	-6.995787	-6.283660	-6.311835	-6.290028	NaN	-6.994913
4682.312000	-7.013208	-7.001390	-6.287510	-6.989438	-6.283043	-6.287608	-6.293479	-6.289222	-6.286827	-6.308940	-6.996085	-6.282811	-6.312478	-6.290830	NaN	-6.995599
4702.499000	-7.012432	-7.000581	-6.286563	-6.990406	-6.282484	-6.288152	-6.294186	-6.289582	-6.285764	-6.307666	-6.995537	-6.283917	-6.311472	-6.290380	NaN	-6.994851
4722.679000	-7.012682	-7.000105	-6.286980	-6.989735	-6.282876	-6.288156	-6.293529	-6.289571	-6.285300	-6.307887	-6.996183	-6.283663	-6.312038	-6.290162	NaN	-6.994757
4742.859000	-7.013589	-6.999587	-6.286827	-6.990682	-6.283464	-6.287143	-6.293548	-6.290416	-6.286806	-6.307104	-6.994837	-6.284505	-6.312020	-6.290271	NaN	-6.995889
4763.039000	-7.013375	-7.000831	-6.286994	-6.990359	-6.283057	-6.288163	-6.293943	-6.289868	-6.285369	-6.307909	-6.996568	-6.283678	-6.312499	-6.290253	NaN	-6.995004
4783.219000	-7.011869	-7.001800	-6.287310	-6.989347	-6.283598	-6.289269	-6.293587	-6.290935	-6.286160	-6.306886	-6.995849	-6.282611	-6.312663	-6.291233	NaN	-6.994332
4803.399000	-7.012693	-7.000541	-6.286508	-6.990171	-6.282535	-6.288417	-6.293577	-6.289846	-6.285884	-6.308160	-6.995494	-6.283264	-6.311817	-6.290677	NaN	-6.994888
4823.579000	-7.012119	-7.000744	-6.287045	-6.990152	-6.282245	-6.287640	-6.293529	-6.289894	-6.285753	-6.307855	-6.996165	-6.283660	-6.311175	-6.290202	NaN	-6.994917
4843.759000	-7.011612	-7.000581	-6.287531	-6.990004	-6.283558	-6.287902	-6.295071	-6.290387	-6.285837	-6.307586	-6.996426	-6.283816	-6.310435	-6.290975	NaN	-6.995211
4863.959000	-7.012366	-7.000824	-6.287129	-6.990425	-6.281958	-6.288199	-6.294542	-6.289346	-6.285844	-6.307935	-6.994855	-6.283725	-6.312140	-6.290213	NaN	-6.995102
4884.139000	-7.011619	-7.001009	-6.285543	-6.989811	-6.281845	-6.287114	-6.294451	-6.288729	-6.286947	-6.306853	-6.994612	-6.283007	-6.310837	-6.290431	NaN	-6.995965
4904.319000	-7.012609	-7.000309	-6.286454	-6.990127	-6.282488	-6.288032	-6.293950	-6.289505	-6.285848	-6.308323	-6.996241	-6.284200	-6.311353	-6.289875	NaN	-6.995189
4924.519000	-7.012403	-7.000965	-6.286454	-6.990196	-6.282473	-6.287833	-6.293914	-6.289444	-6.285841	-6.307499	-6.995472	-6.283885	-6.312071	-6.290024	NaN	-6.994869
4944.699000	-7.012707	-7.000276	-6.286534	-6.990276	-6.283010	-6.288410	-6.293914	-6.289854	-6.285380	-6.307372	-6.995584	-6.283500	-6.311581	-6.290844	NaN	-6.994884
4964.879000	-7.013498	-7.000555	-6.285547	-6.989467	-6.283587	-6.289197	-6.292992	-6.289186	-6.286693	-6.307249	-6.995258	-6.282818	-6.310732	-6.289425	NaN	-6.994151
4985.069000	-7.012969	-7.001430	-6.286581	-6.990504	-6.282691	-6.289008	-6.293939	-6.289839	-6.286748	-6.307891	-6.995700	-6.283642	-6.311440	-6.290191	NaN	-6.994986
5005.261000	-7.012363	-7.000882	-6.286446	-6.990737	-6.282477	-6.288039	-6.293907	-6.289596	-6.286084	-6.307427	-6.995700	-6.284124	-6.311937	-6.290213	NaN	-6.994742
5025.469000	-7.011992	-6.999942	-6.287023	-6.990831	-6.282967	-6.287314	-6.293025	-6.288914	-6.286534	-6.306708	-6.995606	-6.283039	-6.311298	-6.289658	NaN	-6.995751
5045.649000	-7.012239	-7.001078	-6.287049	-6.991136	-6.283522	-6.289168	-6.292880	-6.290336	-6.287027	-6.307263	-6.995555	-6.284806	-6.310964	-6.289338	NaN	-6.995116
5065.829000	-7.012544	-7.000813	-6.286174	-6.990443	-6.282731	-6.288163	-6.293700	-6.289886	-6.285808	-6.307913	-6.994931	-6.283685	-6.311062	-6.290180	NaN	-6.995084
5086.009000	-7.013230	-7.001248	-6.286189	-6.990250	-6.281849	-6.289317	-6.292945	-6.290993	-6.284817	-6.306871	-6.995642	-6.284157	-6.310758	-6.290964	NaN	-6.994924
5106.189000	-7.012642	-7.000512	-6.286443	-6.990156	-6.282491	-6.288148	-6.294012	-6.289912	-6.285909	-6.307837	-6.995824	-6.283772	-6.311694	-6.290507	NaN	-6.994913
5126.369000	-7.013233	-7.000998	-6.287042	-6.990348	-6.283399	-6.288032	-6.294545	-6.290583	-6.285507	-6.307423	-6.995581	-6.284229	-6.310700	-6.289509	NaN	-6.994340
5146.559000	-7.013571	-6.999775	-6.285394	-6.989107	-6.281592	-6.288682	-6.293235	-6.290289	-6.286475	-6.308773	-6.995352	-6.284766	-6.312390	-6.291153	NaN	-6.995987
5166.739000	-7.011582	-7.000842	-6.287205	-6.990435	-6.283184	-6.288224	-6.293170	-6.289861	-6.285010	-6.307913	-6.994713	-6.283700	-6.311538	-6.290242	NaN	-6.995102
5186.919000	-7.011590	-7.000690	-6.287339	-6.990316	-6.281465	-6.288166	-6.295013	-6.289865	-6.286461	-6.307949	-6.996259	-6.283663	-6.312517	-6.290227	NaN	-6.994949
5207.099000	-7.011807	-6.999797	-6.285655	-6.989525	-6.281599	-6.287811	-6.294901	-6.290307	-6.286613	-6.308490	-6.996695	-6.284266	-6.312543	-6.289988	NaN	-6.993861
5227.279000	-7.012236	-7.000577	-6.286555	-6.990239	-6.282499	-6.287745	-6.294201	-6.289894	-6.285844	-6.307887	-6.995860	-6.284004	-6.311505	-6.290162	NaN	-6.994898
5247.459000	-7.012769	-7.000621	-6.286018	-6.990163	-6.283170	-6.288032	-6.293954	-6.289825	-6.285699	-6.307916	-6.995341	-6.283671	-6.312155	-6.290148	NaN	-6.994884
5267.649000	-7.012631	-7.000566	-6.286450	-6.990548	-6.282510	-6.288555	-6.293928	-6.289476	-6.285826	-6.308254	-6.995566	-6.283250	-6.311534	-6.290289	NaN	-6.995439
5287.829000	-7.012403	-7.000777	-6.286490	-6.990414	-6.282491	-6.288203	-6.293939	-6.289857	-6.285880	-6.307895	-6.995544	-6.283653	-6.311603	-6.290224	NaN	-6.995149
5308.009000	-7.013342	-7.000015	-6.287470	-6.990276	-6.283166	-6.289215	-6.293119	-6.290797	-6.285010	-6.306810	-6.996129	-6.284088	-6.312289	-6.289157	NaN	-6.993980
5328.189000	-7.012562	-7.000523	-6.286486	-6.989826	-6.282470	-6.288903	-6.293936	-6.290031	-6.285891	-6.308617	-6.995693	-6.282753	-6.311650	-6.291211	NaN	-6.995791
5348.369000	-7.013749	-7.001611	-6.287455	-6.990610	-6.282056	-6.289259	-6.293025	-6.289302	-6.285173	-6.306897	-6.994906	-6.284229	-6.310493	-6.290082	NaN	-6.993919
5368.549000	-7.012834	-7.001604	-6.286994	-6.991499	-6.281457	-6.288591	-6.292996	-6.290920	-6.285989	-6.307234	-6.994877	-6.283369	-6.311861	-6.289596	NaN	-6.993922
5388.729000	-7.012678	-7.000349	-6.286505	-6.989742	-6.282502	-6.287811	-6.293954	-6.289843	-6.285873	-6.308363	-6.995595	-6.284059	-6.311948	-6.290264	NaN	-6.994884
5408.909000	-7.011539	-6.999949	-6.285343	-6.990508	-6.282459	-6.288163	-6.293388	-6.290637	-6.285144	-6.307390	-6.995221	-6.282756	-6.312126	-6.289560	NaN	-6.994568
5429.089000	-7.011778	-7.001753	-6.286098	-6.990519	-6.281820	-6.287648	-6.294727	-6.289879	-6.285028	-6.307165	-6.994953	-6.283986	-6.311422	-6.291265	NaN	-6.994503
5449.269000	-7.013350	-7.001698	-6.285303	-6.989122	-6.283163	-6.287074	-6.293526	-6.288791	-6.286153	-6.308551	-6.996724	-6.283678	-6.310485	-6.290471	NaN	-6.994282
5469.449000	-7.012918	-7.000537	-6.286628	-6.990203	-6.282510	-6.288119	-6.294371	-6.289817	-6.285913	-6.307895	-6.995896	-6.283656	-6.311316	-6.290217	NaN	-6.994859
5489.629000	-7.012700	-7.000555	-6.286338	-6.990109	-6.282771	-6.288094	-6.293675	-6.289825	-6.285782	-6.307848	-6.995668	-6.283994	-6.311683	-6.290198	NaN	-6.994913
5509.809000	-7.012725	-7.000055	-6.286494	-6.989731	-6.282495	-6.288769	-6.293958	-6.290260	-6.286410	-6.307263	-6.995345	-6.283250	-6.311665	-6.289701	NaN	-6.994869
5529.989000	-7.012744	-7.000352	-6.286526	-6.991056	-6.283057	-6.289059	-6.294567	-6.288947	-6.286109	-6.308559	-6.996303	-6.284763	-6.310464	-6.289741	NaN	-6.994031
5550.169000	-7.012490	-7.000842	-6.286367	-6.990392	-6.282647	-6.288192	-6.293910	-6.289937	-6.285525	-6.307898	-6.995573	-6.283667	-6.311643	-6.290249	NaN	-6.995450
5570.349000	-7.013408	-7.000726	-6.285953	-6.990308	-6.283094	-6.288163	-6.293834	-6.289872	-6.284922	-6.307887	-6.996190	-6.283656	-6.312322	-6.290253	NaN	-6.995022
5590.539000	-7.013070	-7.001031	-6.287459	-6.990907	-6.281755	-6.287481	-6.294843	-6.288830	-6.286806	-6.307448	-6.994811	-6.283036	-6.312147	-6.291341	NaN	-6.995022
5610.719000	-7.011401	-7.000062	-6.287383	-6.989220	-6.282796	-6.289179	-6.295057	-6.289523	-6.286592	-6.308813	-6.995483	-6.282927	-6.312670	-6.290797	NaN	-6.996038
5630.899000	-7.011586	-6.999924	-6.285441	-6.989927	-6.283061	-6.287332	-6.293482	-6.290841	-6.286359	-6.306650	-6.995610	-6.284708	-6.312158	-6.289542	NaN	-6.994982
5651.079000	-7.012689	-7.000541	-6.286534	-6.990232	-6.282528	-6.288145	-6.293968	-6.289806	-6.285957	-6.307902	-6.995824	-6.283783	-6.311530	-6.289806	NaN	-6.995229
5671.259000	-7.013302	-7.000697	-6.286940	-6.990305	-6.282451	-6.288174	-6.293932	-6.289868	-6.286385	-6.307924	-6.994855	-6.283674	-6.312049	-6.290209	NaN	-6.995113
5691.449000	-7.013168	-6.999844	-6.287426	-6.990417	-6.283642	-6.288257	-6.292775	-6.290296	-6.286693	-6.308689	-6.994891	-6.282720	-6.312361	-6.290979	NaN	-6.995856
5711.639000	-7.012940	-7.000730	-6.287234	-6.990345	-6.282513	-6.287785	-6.293954	-6.290180	-6.285906	-6.308537	-6.995748	-6.283990	-6.311697	-6.290692	NaN	-6.994220
5731.819000	-7.011648	-7.000040	-6.287386	-6.989630	-6.281537	-6.289266	-6.294803	-6.289745	-6.286403	-6.308054	-6.996720	-6.282684	-6.312735	-6.290053	NaN	-6.996089
5752.009000	-7.012544	-7.000853	-6.286298	-6.990417	-6.283253	-6.288163	-6.293939	-6.290761	-6.285880	-6.307136	-6.995860	-6.282785	-6.311610	-6.289538	NaN	-6.994735
5772.189000	-7.012638	-7.000479	-6.286628	-6.990116	-6.282324	-6.288119	-6.294001	-6.289861	-6.285826	-6.307916	-6.996005	-6.283656	-6.311643	-6.290195	NaN	-6.994946
5792.369000	-7.013589	-6.999467	-6.286973	-6.990127	-6.283602	-6.288711	-6.293805	-6.288776	-6.287009	-6.308653	-6.994674	-6.283224	-6.310823	-6.290518	NaN	-6.994815
5812.549000	-7.011564	-7.001499	-6.286417	-6.990189	-6.282266	-6.287481	-6.293678	-6.289240	-6.285278	-6.308889	-6.996793	-6.284494	-6.312122	-6.290997	NaN	-6.995664
5832.729000	-7.012892	-6.999652	-6.285782	-6.990377	-6.282049	-6.288961	-6.292909	-6.289963	-6.284821	-6.306922	-6.995613	-6.283366	-6.310583	-6.289095	NaN	-6.994572
5852.909000	-7.011590	-7.001281	-6.285775	-6.990007	-6.282633	-6.289055	-6.292952	-6.288798	-6.287023	-6.308443	-6.995200	-6.282655	-6.312419	-6.289690	NaN	-6.995824
5873.089000	-7.012497	-6.999826	-6.287129	-6.990660	-6.281769	-6.288185	-6.294807	-6.289868	-6.286120	-6.307125	-6.995142	-6.282796	-6.312474	-6.289306	NaN	-6.994351
5893.269000	-7.012087	-7.000338	-6.285888	-6.990577	-6.282524	-6.288322	-6.293460	-6.290028	-6.284868	-6.308940	-6.996542	-6.283943	-6.310602	-6.289367	NaN	-6.996125
5913.449000	-7.012584	-7.000831	-6.287317	-6.990363	-6.282012	-6.288108	-6.294328	-6.289915	-6.286334	-6.307946	-6.996346	-6.283714	-6.310794	-6.290249	NaN	-6.995055
5933.629000	-7.013201	-7.000784	-6.286922	-6.990406	-6.282462	-6.288181	-6.293152	-6.289941	-6.284973	-6.307898	-6.995791	-6.283714	-6.310569	-6.290209	NaN	-6.995120
5953.809000	-7.012983	-7.000701	-6.286617	-6.990334	-6.283195	-6.288156	-6.294052	-6.289904	-6.286922	-6.307927	-6.995312	-6.283721	-6.310631	-6.290169	NaN	-6.995113
5973.989000	-7.013389	-7.000748	-6.287114	-6.990334	-6.281552	-6.288185	-6.292869	-6.289897	-6.286798	-6.307877	-6.995755	-6.283732	-6.310957	-6.290264	NaN	-6.995105
5994.169000	-7.013212	-7.000715	-6.286704	-6.990308	-6.281755	-6.288181	-6.293573	-6.289865	-6.285351	-6.307971	-6.996274	-6.283743	-6.312249	-6.290195	NaN	-6.995080
6014.359000	-7.013473	-7.001600	-6.286461	-6.989717	-6.282520	-6.287368	-6.293961	-6.288852	-6.285880	-6.308816	-6.995744	-6.283874	-6.311683	-6.289302	NaN	-6.994013
6034.539000	-7.012780	-7.000777	-6.286497	-6.990403	-6.282520	-6.288148	-6.293961	-6.288994	-6.285902	-6.308580	-6.995740	-6.284487	-6.311676	-6.289640	NaN	-6.994586
6054.719000	-7.012711	-7.000182	-6.286134	-6.989833	-6.282412	-6.287680	-6.293410	-6.289977	-6.286403	-6.307916	-6.995152	-6.283584	-6.311639	-6.290920	NaN	-6.995004
6074.899000	-7.013749	-7.000653	-6.286831	-6.989165	-6.281998	-6.287927	-6.292840	-6.289832	-6.285706	-6.307503	-6.994637	-6.284117	-6.310631	-6.290547	NaN	-6.995036
6095.079000	-7.012660	-7.000367	-6.286338	-6.990366	-6.282346	-6.288141	-6.294284	-6.289821	-6.285884	-6.307869	-6.995831	-6.283667	-6.311632	-6.290195	NaN	-6.994826
6115.269000	-7.012627	-7.000058	-6.286479	-6.989209	-6.282484	-6.288377	-6.293943	-6.290510	-6.285888	-6.307652	-6.996328	-6.284665	-6.312735	-6.290169	NaN	-6.995109
6135.449000	-7.012014	-7.000817	-6.285801	-6.990660	-6.281766	-6.289150	-6.294901	-6.289284	-6.285507	-6.308791	-6.996161	-6.284574	-6.310776	-6.289560	NaN	-6.994641
6155.629000	-7.013012	-7.001746	-6.286283	-6.990631	-6.281374	-6.289255	-6.293772	-6.289425	-6.287056	-6.307474	-6.995631	-6.284411	-6.311062	-6.289066	NaN	-6.995904
6175.809000	-7.012715	-7.000566	-6.286479	-6.990087	-6.282513	-6.288159	-6.293936	-6.289803	-6.285909	-6.307895	-6.995751	-6.283649	-6.311705	-6.290217	NaN	-6.994790
6195.989000	-7.013741	-7.000512	-6.287100	-6.990098	-6.283003	-6.288185	-6.293990	-6.289331	-6.286374	-6.307768	-6.996016	-6.283536	-6.311179	-6.290173	NaN	-6.994249
6216.169000	-7.012384	-7.000577	-6.286661	-6.990149	-6.282401	-6.288166	-6.293849	-6.289886	-6.286156	-6.307920	-6.995784	-6.283631	-6.311915	-6.290173	NaN	-6.994761
6236.359000	-7.011535	-7.000958	-6.286036	-6.990497	-6.283594	-6.287219	-6.293776	-6.290623	-6.285329	-6.308980	-6.996735	-6.284447	-6.311893	-6.290561	NaN	-6.996085
6256.539000	-7.012704	-7.001466	-6.286490	-6.990483	-6.282488	-6.287898	-6.293972	-6.290630	-6.285906	-6.307314	-6.995729	-6.284066	-6.311654	-6.291106	NaN	-6.994126
6276.719000	-7.013760	-7.000929	-6.287212	-6.990033	-6.283515	-6.287303	-6.295082	-6.290768	-6.286559	-6.308773	-6.994757	-6.284287	-6.312764	-6.289531	NaN	-6.994202
6296.899000	-7.013331	-7.000697	-6.287600	-6.990290	-6.283126	-6.287597	-6.293399	-6.290529	-6.286813	-6.308976	-6.995214	-6.284324	-6.310616	-6.290264	NaN	-6.994514
6317.079000	-7.013324	-7.000744	-6.285695	-6.990352	-6.281798	-6.288192	-6.294727	-6.289908	-6.284756	-6.307985	-6.995719	-6.283721	-6.312492	-6.290260	NaN	-6.995105
6337.259000	-7.011466	-7.001945	-6.287052	-6.990080	-6.283529	-6.288747	-6.294063	-6.290423	-6.285365	-6.307608	-6.994550	-6.282549	-6.310707	-6.289752	NaN	-6.996023
6357.439000	-7.013172	-7.000497	-6.286352	-6.990087	-6.282223	-6.288065	-6.293787	-6.289836	-6.285674	-6.307949	-6.995769	-6.283692	-6.311371	-6.289810	NaN	-6.994848
6377.619000	-7.012620	-7.000784	-6.286802	-6.990105	-6.282506	-6.288159	-6.293990	-6.289825	-6.285946	-6.307927	-6.995787	-6.283707	-6.311647	-6.290129	NaN	-6.994917
6397.799000	-7.012693	-7.000080	-6.286497	-6.989775	-6.282575	-6.287691	-6.293961	-6.290735	-6.285891	-6.308827	-6.995820	-6.283054	-6.311672	-6.290550	NaN	-6.995606
6417.979000	-7.012638	-6.999757	-6.286508	-6.991176	-6.282506	-6.288809	-6.293976	-6.289088	-6.285913	-6.307673	-6.995729	-6.284549	-6.311647	-6.290227	NaN	-6.994274
6438.159000	-7.013310	-7.001731	-6.287753	-6.991132	-6.281925	-6.289019	-6.293587	-6.289001	-6.286127	-6.307768	-6.995200	-6.282702	-6.311687	-6.289687	NaN	-6.996096
6458.339000	-7.011815	-7.001789	-6.286577	-6.989289	-6.283656	-6.289190	-6.294977	-6.290993	-6.285441	-6.307423	-6.996651	-6.283627	-6.312510	-6.291189	NaN	-6.993853
6478.519000	-7.013070	-7.000864	-6.285768	-6.990472	-6.283322	-6.288217	-6.294168	-6.289904	-6.286769	-6.307927	-6.994953	-6.283711	-6.311679	-6.290285	NaN	-6.995073
6498.699000	-7.012657	-7.000599	-6.286523	-6.990120	-6.282531	-6.288159	-6.293979	-6.289854	-6.285953	-6.307887	-6.995802	-6.283663	-6.311763	-6.290217	NaN	-6.994895
6518.879000	-7.013139	-7.001553	-6.287560	-6.991513	-6.283504	-6.287085	-6.293918	-6.290949	-6.284785	-6.308998	-6.995802	-6.283511	-6.311592	-6.289309	NaN	-6.996179
6539.069000	-7.011492	-7.000704	-6.287419	-6.990308	-6.282597	-6.288177	-6.294476	-6.289912	-6.285753	-6.307920	-6.996553	-6.283685	-6.310529	-6.290213	NaN	-6.995156
6559.249000	-7.011528	-6.999438	-6.285543	-6.990758	-6.282753	-6.288464	-6.293188	-6.290957	-6.286802	-6.306810	-6.996125	-6.282295	-6.312623	-6.290478	NaN	-6.996165
6579.429000	-7.012471	-7.000835	-6.286501	-6.990454	-6.282335	-6.288083	-6.294364	-6.289930	-6.285928	-6.307916	-6.995504	-6.283703	-6.311643	-6.290256	NaN	-6.995120
6599.609000	-7.011619	-7.000784	-6.287216	-6.990359	-6.283206	-6.288152	-6.294382	-6.289894	-6.285253	-6.307924	-6.996227	-6.283729	-6.311179	-6.290260	NaN	-6.995087
6619.789000	-7.012940	-7.000867	-6.286334	-6.990385	-6.282477	-6.288210	-6.293181	-6.289825	-6.285587	-6.307935	-6.995160	-6.283700	-6.312289	-6.290217	NaN	-6.995105
6639.969000	-7.012500	-7.000693	-6.287107	-6.990341	-6.282658	-6.288156	-6.293537	-6.289875	-6.285521	-6.307906	-6.994681	-6.283645	-6.311309	-6.290249	NaN	-6.995142
6660.149000	-7.012203	-7.001691	-6.287325	-6.991132	-6.282016	-6.289295	-6.293479	-6.288769	-6.286592	-6.309074	-6.996713	-6.283910	-6.310790	-6.289433	NaN	-6.996045
6680.329000	-7.012725	-7.000864	-6.286541	-6.989485	-6.282470	-6.287473	-6.294008	-6.290155	-6.285902	-6.307724	-6.995842	-6.282814	-6.311647	-6.290158	NaN	-6.995581
6700.519000	-7.012972	-7.001669	-6.287060	-6.991118	-6.282241	-6.288210	-6.293631	-6.289904	-6.286272	-6.307887	-6.994967	-6.283388	-6.312187	-6.289825	NaN	-6.994514
6720.699000	-7.011495	-7.000407	-6.287408	-6.991005	-6.282869	-6.287023	-6.293413	-6.290013	-6.286915	-6.307695	-6.994902	-6.283145	-6.311338	-6.289288	NaN	-6.995076
6740.879000	-7.011778	-7.001111	-6.285430	-6.991197	-6.281497	-6.287234	-6.293108	-6.290833	-6.284843	-6.307017	-6.994844	-6.284730	-6.311636	-6.291029	NaN	-6.995820
6761.059000	-7.012860	-7.001495	-6.286737	-6.989358	-6.283054	-6.289277	-6.292854	-6.289788	-6.286287	-6.306908	-6.994724	-6.282582	-6.311211	-6.290227	NaN	-6.994264
6781.239000	-7.013273	-7.000494	-6.287089	-6.989728	-6.281987	-6.288529	-6.293903	-6.290344	-6.285855	-6.308406	-6.996020	-6.283547	-6.311364	-6.289973	NaN	-6.994859
6801.429000	-7.012791	-7.000878	-6.286439	-6.990414	-6.282531	-6.288199	-6.293939	-6.289865	-6.285862	-6.307927	-6.995773	-6.283736	-6.311810	-6.290271	NaN	-6.994869
6821.619000	-7.012384	-7.000722	-6.287085	-6.990316	-6.283184	-6.288217	-6.293457	-6.289197	-6.285859	-6.307394	-6.995802	-6.283094	-6.311585	-6.289259	NaN	-6.995944
	-7.013604															
