0.179000	0.675107	0.670992	0.671787	0.666612	0.664490	0.668147	0.670252	0.667349	0.666873	0.670807	0.665843	0.667146	0.670607	9.851978	NaN	9.843454
10.359000	0.674856	0.670698	0.671108	0.668553	0.666438	0.669018	0.669990	0.667011	0.666808	0.670386	0.665796	0.668615	0.671993	9.849659	NaN	9.844213
20.539000	0.675201	0.671213	0.671141	0.668996	0.667697	0.669312	0.670509	0.667632	0.668180	0.670934	0.667287	0.669323	0.673133	9.850479	NaN	9.843650
30.719000	0.674599	0.671812	0.672857	0.669297	0.666587	0.669834	0.671471	0.668064	0.668826	0.671035	0.665916	0.669704	0.673535	9.852243	NaN	9.845200
40.899000	0.675684	0.671572	0.673626	0.671043	0.666619	0.670477	0.669530	0.669127	0.667897	0.671427	0.665905	0.669889	0.673924	9.851060	NaN	9.845131
51.079000	0.676808	0.672033	0.673757	0.669236	0.666645	0.671681	0.669921	0.668107	0.669501	0.670607	0.666072	0.669758	0.672247	9.847395	NaN	9.842783
61.259000	0.674784	0.673648	0.673837	0.668659	0.668572	0.670723	0.669903	0.670415	0.670774	0.671420	0.666928	0.668993	0.673104	9.850185	NaN	9.841506
71.439000	0.675382	0.672712	0.673731	0.670009	0.669058	0.670974	0.671239	0.669395	0.670034	0.672102	0.669011	0.670974	0.672570	9.849699	NaN	9.842798
81.619000	0.676547	0.673067	0.673027	0.670219	0.668778	0.671191	0.671761	0.669573	0.669602	0.672168	0.668220	0.671079	0.673594	9.849761	NaN	9.843494
91.799000	0.676384	0.672443	0.672287	0.671369	0.670277	0.672088	0.671006	0.670818	0.668601	0.670927	0.667160	0.672146	0.674570	9.849365	NaN	9.843556
101.979000	0.677012	0.674047	0.673677	0.669515	0.669228	0.671188	0.672026	0.668993	0.670117	0.673408	0.668481	0.670654	0.673688	9.848944	NaN	9.844434
112.159000	0.676253	0.674051	0.673840	0.670455	0.668604	0.671747	0.672588	0.669196	0.670709	0.672284	0.668673	0.671638	0.674094	9.848095	NaN	9.842500
122.339000	0.676627	0.672708	0.674642	0.670335	0.670901	0.670923	0.670937	0.671493	0.671141	0.672578	0.667846	0.672661	0.672737	9.847286	NaN	9.843081
132.519000	0.677491	0.673401	0.672454	0.669548	0.670934	0.670752	0.670934	0.670807	0.670810	0.671743	0.670081	0.671841	0.672734	9.847439	NaN	9.843269
142.699000	0.677966	0.675201	0.674994	0.671467	0.668350	0.672222	0.671852	0.669599	0.672465	0.674098	0.670371	0.672298	0.674120	9.848915	NaN	9.843473
152.879000	0.677868	0.673699	0.673949	0.671355	0.670157	0.672117	0.672465	0.670763	0.671064	0.672730	0.669236	0.672298	0.674102	9.849318	NaN	9.845407
163.059000	0.677890	0.674199	0.674446	0.671808	0.668964	0.673706	0.673670	0.671249	0.670607	0.673318	0.668818	0.673575	0.673971	9.848781	NaN	9.842145
173.239000	0.676094	0.673238	0.674185	0.669631	0.668978	0.673699	0.672062	0.670110	0.672443	0.672875	0.670117	0.672490	0.674428	9.848088	NaN	9.842761
183.429000	0.678517	0.673488	0.674334	0.670168	0.671402	0.671369	0.674160	0.669918	0.670665	0.672730	0.670324	0.671402	0.675466	9.848277	NaN	9.842308
193.609000	0.676678	0.674657	0.674958	0.671322	0.671249	0.673165	0.672324	0.671391	0.672113	0.673209	0.671133	0.672962	0.675440	9.848861	NaN	9.841869
203.789000	0.678891	0.674809	0.674515	0.671474	0.671122	0.673292	0.672178	0.671453	0.672977	0.673390	0.670382	0.672933	0.673245	9.848215	NaN	9.841459
213.969000	0.677774	0.674867	0.675459	0.671456	0.670567	0.673223	0.673140	0.671493	0.673053	0.673365	0.671032	0.672991	0.675582	9.848219	NaN	9.842137
224.149000	0.678256	0.674987	0.675335	0.671503	0.670702	0.673398	0.672070	0.671533	0.671293	0.673340	0.670030	0.673046	0.675709	9.848023	NaN	9.842388
234.329000	0.676903	0.673924	0.675088	0.671427	0.671297	0.673612	0.672607	0.671638	0.673151	0.672403	0.670970	0.672033	0.673731	9.850922	NaN	9.842112
244.509000	0.676895	0.675147	0.674853	0.671678	0.672378	0.673742	0.674345	0.671783	0.673837	0.673281	0.669515	0.673314	0.675215	9.850617	NaN	9.842682
254.689000	0.678757	0.675212	0.676456	0.671728	0.670375	0.673721	0.674443	0.671845	0.671402	0.673441	0.670487	0.673387	0.674559	9.848846	NaN	9.841310
264.869000	0.677356	0.675244	0.676565	0.671961	0.669726	0.673818	0.674421	0.671953	0.671917	0.673648	0.670676	0.674744	0.674247	9.847733	NaN	9.840370
275.049000	0.679356	0.675324	0.676391	0.672059	0.670839	0.673862	0.672378	0.672113	0.672661	0.673782	0.669279	0.673521	0.676130	9.846912	NaN	9.840682
285.239000	0.679287	0.675368	0.675861	0.671830	0.670796	0.673989	0.674599	0.673488	0.672683	0.673935	0.670604	0.672730	0.674893	9.845965	NaN	9.837892
295.419000	0.677726	0.674218	0.675099	0.670208	0.670752	0.674185	0.674617	0.670854	0.672458	0.673430	0.670727	0.673024	0.674969	9.845566	NaN	9.840711
305.599000	0.677621	0.676123	0.674120	0.670607	0.672548	0.675208	0.672650	0.671598	0.673477	0.673408	0.670527	0.672298	0.674472	9.846604	NaN	9.840835
315.779000	0.678263	0.675306	0.675281	0.672316	0.671308	0.674058	0.673869	0.672367	0.672857	0.674174	0.670927	0.673797	0.675128	9.846074	NaN	9.839260
325.959000	0.677973	0.675520	0.676260	0.672091	0.670556	0.674232	0.674087	0.672443	0.672313	0.674047	0.670121	0.673895	0.675876	9.848807	NaN	9.841350
336.149000	0.678579	0.675495	0.676123	0.672080	0.672146	0.673314	0.673877	0.671333	0.673020	0.675255	0.670952	0.674889	0.675078	9.846633	NaN	9.840022
346.329000	0.678354	0.674457	0.675390	0.672784	0.671554	0.673343	0.673804	0.671384	0.673202	0.675121	0.670985	0.675248	0.674998	9.848110	NaN	9.839840
356.509000	0.679080	0.676932	0.675070	0.670927	0.670963	0.673779	0.673046	0.672523	0.674363	0.675288	0.670513	0.675226	0.673782	9.845095	NaN	9.840421
366.689000	0.679845	0.675785	0.674758	0.671235	0.672305	0.675687	0.674990	0.671779	0.672226	0.675716	0.671972	0.674370	0.674584	9.845987	NaN	9.839735
376.869000	0.677302	0.676979	0.674377	0.673608	0.673129	0.673652	0.675226	0.673307	0.674083	0.672940	0.672668	0.673902	0.676507	9.844793	NaN	9.838346
387.049000	0.677545	0.674798	0.676594	0.671961	0.670752	0.673837	0.675121	0.673525	0.673873	0.673626	0.672429	0.672886	0.676068	9.845134	NaN	9.839503
397.229000	0.678735	0.674729	0.674722	0.673877	0.671928	0.675992	0.673256	0.674501	0.673728	0.675281	0.671761	0.674722	0.675981	9.844619	NaN	9.839583
407.409000	0.677512	0.674889	0.674087	0.674236	0.673496	0.673927	0.674530	0.672356	0.674936	0.675738	0.670934	0.673075	0.675020	9.845483	NaN	9.837736
417.589000	0.679845	0.675078	0.676424	0.672382	0.671075	0.673953	0.675665	0.671939	0.674112	0.673430	0.672284	0.673949	0.676533	9.845824	NaN	9.838701
427.769000	0.678779	0.675909	0.675575	0.672908	0.672175	0.674795	0.674697	0.673405	0.673666	0.674747	0.671903	0.674555	0.675604	9.846887	NaN	9.838803
437.949000	0.678811	0.675049	0.675644	0.674131	0.672204	0.675992	0.674733	0.673499	0.673728	0.676144	0.671866	0.674043	0.675749	9.844692	NaN	9.839394
448.129000	0.678920	0.675528	0.675622	0.674421	0.672345	0.673848	0.674417	0.674399	0.673822	0.673459	0.671870	0.673750	0.675694	9.847417	NaN	9.841470
458.319000	0.680085	0.674853	0.675956	0.671667	0.671344	0.675194	0.675636	0.674131	0.672821	0.674475	0.670622	0.674352	0.675887	9.845486	NaN	9.838991
468.499000	0.623861	0.589550	0.560761	0.623037	0.583689	0.602340	0.581578	0.605798	0.618846	0.606306	0.599147	0.606186	0.611952	9.843636	NaN	9.837268
478.679000	0.586672	0.575162	0.567840	0.595108	0.579727	0.579190	0.578359	0.581033	0.580964	0.563968	0.582612	0.580456	0.586139	9.847751	NaN	9.842758
488.859000	0.584099	0.574310	0.568011	0.592735	0.579459	0.576694	0.577967	0.579607	0.579248	0.563671	0.581462	0.577819	0.584560	9.853803	NaN	9.849975
499.039000	0.581795	0.575703	0.568417	0.591455	0.579020	0.575794	0.579001	0.578983	0.579923	0.561682	0.580689	0.577456	0.584647	9.856020	NaN	9.855117
509.219000	0.583501	0.575217	0.567114	0.593131	0.579981	0.578185	0.578707	0.578076	0.577568	0.560812	0.580725	0.576570	0.582859	9.852867	NaN	9.849953
519.399000	0.581596	0.575188	0.569237	0.592405	0.579807	0.577111	0.577550	0.579713	0.576846	0.563170	0.578878	0.578348	0.583523	9.850116	NaN	9.845134
529.579000	0.582456	0.573704	0.568413	0.592416	0.578983	0.576719	0.577713	0.578987	0.578014	0.562267	0.579542	0.577858	0.582750	9.847384	NaN	9.841622
539.759000	0.581708	0.573337	0.567826	0.591175	0.579059	0.576458	0.577753	0.578555	0.578225	0.561392	0.579484	0.577104	0.583577	9.845189	NaN	9.840788
549.939000	0.582129	0.573900	0.568134	0.591709	0.578922	0.576861	0.577735	0.578337	0.577964	0.561770	0.579263	0.577238	0.583120	9.847511	NaN	9.841785
560.129000	0.582111	0.573885	0.568207	0.591640	0.578805	0.576490	0.577742	0.578294	0.577924	0.561748	0.579012	0.577158	0.583116	9.851789	NaN	9.844002
570.309000	0.582986	0.573072	0.567492	0.591455	0.579139	0.576806	0.577626	0.578617	0.578722	0.561145	0.579684	0.577775	0.583156	9.853320	NaN	9.845156
580.489000	0.582057	0.573813	0.567818	0.591618	0.579292	0.576741	0.577467	0.578243	0.578127	0.561403	0.578853	0.576908	0.583073	9.857932	NaN	9.853701
590.669000	0.582311	0.573900	0.568704	0.591585	0.579596	0.576683	0.578094	0.578250	0.578145	0.561595	0.578588	0.577020	0.582786	9.857667	NaN	9.856383
600.849000	0.581933	0.573740	0.568119	0.591527	0.578922	0.576683	0.577688	0.578181	0.577844	0.561672	0.578424	0.576991	0.582913	9.855135	NaN	9.851593
611.029000	0.582713	0.573809	0.567060	0.591117	0.578932	0.575670	0.576730	0.578762	0.576810	0.560695	0.578337	0.576189	0.582129	9.857871	NaN	9.850559
621.209000	0.582721	0.573769	0.566835	0.592097	0.579491	0.576911	0.578860	0.577154	0.579001	0.561352	0.576599	0.576581	0.583642	9.858800	NaN	9.856227
631.389000	0.582739	0.573606	0.569284	0.592144	0.578613	0.576672	0.576603	0.578628	0.576766	0.561443	0.577089	0.576258	0.582365	9.859689	NaN	9.859424
641.569000	0.580946	0.573062	0.568686	0.592285	0.577913	0.577314	0.576643	0.577340	0.576614	0.561432	0.576614	0.577311	0.581988	9.857613	NaN	9.858270
651.749000	0.581403	0.573653	0.568896	0.591444	0.578668	0.576788	0.578156	0.578004	0.578214	0.561610	0.577916	0.576962	0.582271	9.861408	NaN	9.859137
661.929000	0.580348	0.573054	0.566646	0.592695	0.579684	0.576207	0.577438	0.577107	0.577434	0.560449	0.577042	0.577826	0.583149	9.857653	NaN	9.853952
672.109000	0.582311	0.573530	0.568319	0.590656	0.580199	0.577213	0.576313	0.576908	0.577594	0.561454	0.578323	0.577289	0.583653	9.850541	NaN	9.849362
682.289000	0.582623	0.573649	0.568950	0.591364	0.577213	0.576581	0.577144	0.578073	0.576694	0.561657	0.578178	0.576810	0.581933	9.856495	NaN	9.852203
692.469000	0.582115	0.573225	0.568178	0.591603	0.578272	0.576157	0.577278	0.577779	0.577372	0.561298	0.577060	0.576501	0.582808	9.858767	NaN	9.855280
702.659000	0.581901	0.572604	0.566784	0.592195	0.577423	0.577906	0.577989	0.578998	0.576875	0.562593	0.576465	0.577300	0.582898	9.858901	NaN	9.858858
712.839000	0.582245	0.573823	0.568791	0.591298	0.577909	0.575275	0.576070	0.578588	0.576900	0.561443	0.576632	0.576806	0.583965	9.855886	NaN	9.852196
723.019000	0.580623	0.573635	0.569106	0.591346	0.580130	0.576505	0.576280	0.578014	0.578091	0.561566	0.575202	0.576792	0.582924	9.859710	NaN	9.853651
733.199000	0.580496	0.573657	0.568080	0.591302	0.577575	0.576527	0.577561	0.577949	0.576436	0.561537	0.577242	0.576744	0.583758	9.859823	NaN	9.854815
743.379000	0.581875	0.573646	0.568544	0.591331	0.579528	0.576530	0.577071	0.577985	0.578348	0.561592	0.576313	0.576795	0.581643	9.857051	NaN	9.851608
753.559000	0.582449	0.572379	0.567078	0.590914	0.579938	0.576599	0.578112	0.577670	0.577358	0.562455	0.576001	0.578359	0.583911	9.850349	NaN	9.843937
763.739000	0.580932	0.572985	0.566686	0.592873	0.577699	0.577684	0.576559	0.577662	0.576712	0.562756	0.577278	0.578250	0.581175	9.857689	NaN	9.849296
773.919000	0.583040	0.572670	0.569335	0.589981	0.578787	0.577902	0.576182	0.577964	0.576494	0.562938	0.574175	0.576882	0.581258	9.863756	NaN	9.857272
784.099000	0.581516	0.573907	0.568827	0.591792	0.579800	0.575373	0.577165	0.577641	0.577430	0.561211	0.575188	0.576523	0.581839	9.866169	NaN	9.861434
	0.581694															
