8.192000	-7.214952	-6.999830	-7.013306	-6.994277	-6.997872	-7.009673	-7.012913	-7.011106	-6.994366	-6.999519	-6.999106	-7.002695	-7.009525	-6.999093	-15.005368	-6.999182
20.367000	-7.214971	-6.999838	-7.013311	-6.994288	-6.997894	-7.009656	-7.012910	-7.011103	-6.994341	-6.999492	-6.999091	-7.002693	-7.009522	-6.999119	-15.005440	-6.999158
32.547000	-7.214967	-6.999837	-7.013244	-6.994282	-6.997877	-7.009590	-7.012903	-7.011073	-6.994307	-6.999475	-6.999052	-7.002636	-7.009508	-6.999098	-15.005398	-6.999113
44.737000	-7.214955	-6.999833	-7.013181	-6.994291	-6.997858	-7.009541	-7.012866	-7.011034	-6.994269	-6.999440	-6.999004	-7.002601	-7.009494	-6.999082	-15.005553	-6.999070
56.961000	-7.214932	-6.999821	-7.013164	-6.994294	-6.997833	-7.009510	-7.012872	-7.011017	-6.994247	-6.999420	-6.998980	-7.002573	-7.009504	-6.999065	-15.005762	-6.999047
69.155000	-7.214932	-6.999808	-7.013139	-6.994299	-6.997829	-7.009498	-7.012861	-7.011007	-6.994241	-6.999410	-6.998959	-7.002557	-7.009499	-6.999053	-15.005795	-6.999031
81.355000	-7.214933	-6.999806	-7.013114	-6.994293	-6.997816	-7.009478	-7.012848	-7.010984	-6.994237	-6.999400	-6.998929	-7.002548	-7.009486	-6.999054	-15.005777	-6.999022
93.563000	-7.214922	-6.999784	-7.013110	-6.994301	-6.997809	-7.009478	-7.012852	-7.010975	-6.994225	-6.999388	-6.998928	-7.002545	-7.009458	-6.999040	-15.006239	-6.999020
105.739000	-7.214906	-6.999791	-7.013117	-6.994300	-6.997783	-7.009480	-7.012818	-7.010973	-6.994228	-6.999394	-6.998936	-7.002536	-7.009464	-6.999042	-15.005890	-6.998992
117.938000	-7.214905	-6.999791	-7.013114	-6.994322	-6.997790	-7.009475	-7.012821	-7.010966	-6.994229	-6.999394	-6.998927	-7.002547	-7.009468	-6.999036	-15.005861	-6.998989
130.111000	-7.214910	-6.999799	-7.013107	-6.994305	-6.997791	-7.009476	-7.012826	-7.010971	-6.994219	-6.999382	-6.998925	-7.002543	-7.009465	-6.999029	-15.006116	-6.998992
142.280000	-7.214905	-6.999780	-7.013108	-6.994296	-6.997786	-7.009467	-7.012820	-7.010964	-6.994211	-6.999384	-6.998912	-7.002535	-7.009470	-6.999021	-15.005994	-6.998990
154.479000	-7.214891	-6.999784	-7.013116	-6.994311	-6.997779	-7.009465	-7.012800	-7.010969	-6.994230	-6.999387	-6.998911	-7.002538	-7.009467	-6.999030	-15.006072	-6.998995
166.662000	-7.214895	-6.999771	-7.013112	-6.994306	-6.997780	-7.009468	-7.012808	-7.010956	-6.994222	-6.999388	-6.998922	-7.002531	-7.009473	-6.999034	-15.006146	-6.998998
178.860000	-7.214895	-6.999788	-7.013107	-6.994297	-6.997786	-7.009464	-7.012811	-7.010945	-6.994227	-6.999391	-6.998936	-7.002521	-7.009458	-6.999029	-15.006188	-6.998987
191.046000	-7.214886	-6.999776	-7.013119	-6.994304	-6.997778	-7.009472	-7.012805	-7.010956	-6.994222	-6.999375	-6.998930	-7.002526	-7.009462	-6.999026	-15.006091	-6.998983
203.260000	-7.214886	-6.999790	-7.013100	-6.994300	-6.997761	-7.009479	-7.012808	-7.010959	-6.994225	-6.999362	-6.998947	-7.002531	-7.009472	-6.999069	-15.006429	-6.999009
215.449000	-7.214882	-6.999771	-7.013063	-6.994316	-6.997872	-7.009505	-7.012804	-7.010978	-6.994175	-6.999311	-6.998895	-7.002484	-7.009463	-6.999215	-15.006555	-6.998966
227.652000	-7.214828	-6.999736	-7.012980	-6.994337	-6.997932	-7.009445	-7.012759	-7.010910	-6.994055	-6.999181	-6.998802	-7.002301	-7.009413	-6.999255	-15.006565	-6.998798
239.840000	-7.214765	-6.999682	-7.012832	-6.994342	-6.997923	-7.009325	-7.012672	-7.010791	-6.993914	-6.999044	-6.998672	-7.002083	-7.009330	-6.999248	-15.006366	-6.998587
252.033000	-7.214700	-6.999584	-7.012695	-6.994358	-6.997857	-7.009172	-7.012542	-7.010644	-6.993781	-6.998866	-6.998546	-7.001850	-7.009223	-6.999213	-15.006531	-6.998375
264.220000	-7.214609	-6.999501	-7.012526	-6.994359	-6.997759	-7.009040	-7.012392	-7.010505	-6.993648	-6.998715	-6.998388	-7.001611	-7.009130	-6.999155	-15.006539	-6.998183
276.427000	-7.214506	-6.999371	-7.012365	-6.994350	-6.997655	-7.008899	-7.012240	-7.010363	-6.993521	-6.998555	-6.998263	-7.001412	-7.009025	-6.999108	-15.006535	-6.997990
288.626000	-7.214392	-6.999283	-7.012225	-6.994349	-6.997557	-7.008784	-7.012082	-7.010223	-6.993458	-6.998403	-6.998135	-7.001224	-7.008912	-6.999028	-15.006702	-6.997810
300.814000	-7.214280	-6.999163	-7.012085	-6.994338	-6.997464	-7.008679	-7.011932	-7.010111	-6.993380	-6.998268	-6.998037	-7.001022	-7.008814	-6.998981	-15.006659	-6.997668
313.002000	-7.214177	-6.999064	-7.011970	-6.994346	-6.997352	-7.008600	-7.011803	-7.009999	-6.993298	-6.998156	-6.997934	-7.000919	-7.008726	-6.998908	-15.006545	-6.997525
325.201000	-7.214090	-6.998957	-7.011892	-6.994319	-6.997271	-7.008524	-7.011679	-7.009904	-6.993254	-6.998054	-6.997877	-7.000821	-7.008643	-6.998851	-15.006697	-6.997416
337.381000	-7.214003	-6.998872	-7.011837	-6.994314	-6.997182	-7.008480	-7.011593	-7.009848	-6.993217	-6.997973	-6.997819	-7.000731	-7.008582	-6.998805	-15.006637	-6.997379
349.547000	-7.213950	-6.998791	-7.011787	-6.994305	-6.997109	-7.008458	-7.011489	-7.009788	-6.993173	-6.997930	-6.997770	-7.000699	-7.008538	-6.998763	-15.006803	-6.997312
361.728000	-7.213894	-6.998746	-7.011723	-6.994313	-6.997047	-7.008429	-7.011416	-7.009739	-6.993153	-6.997894	-6.997725	-7.000649	-7.008473	-6.998737	-15.006782	-6.997282
373.928000	-7.213859	-6.998711	-7.011707	-6.994297	-6.997006	-7.008416	-7.011343	-7.009719	-6.993131	-6.997855	-6.997726	-7.000622	-7.008449	-6.998701	-15.006600	-6.997237
386.117000	-7.213821	-6.998678	-7.011702	-6.994292	-6.996990	-7.008394	-7.011310	-7.009703	-6.993137	-6.997823	-6.997698	-7.000598	-7.008409	-6.998695	-15.006800	-6.997201
398.307000	-7.213788	-6.998649	-7.011682	-6.994288	-6.996961	-7.008404	-7.011283	-7.009680	-6.993126	-6.997812	-6.997697	-7.000593	-7.008421	-6.998687	-15.006839	-6.997160
410.489000	-7.213766	-6.998614	-7.011646	-6.994270	-6.996957	-7.008395	-7.011245	-7.009660	-6.993123	-6.997805	-6.997688	-7.000562	-7.008379	-6.998678	-15.006731	-6.997157
422.699000	-7.213737	-6.998611	-7.011633	-6.994278	-6.996922	-7.008392	-7.011211	-7.009658	-6.993113	-6.997778	-6.997668	-7.000547	-7.008370	-6.998661	-15.006974	-6.997138
434.909000	-7.213737	-6.998578	-7.011631	-6.994288	-6.996922	-7.008380	-7.011220	-7.009623	-6.993107	-6.997775	-6.997682	-7.000520	-7.008363	-6.998660	-15.006862	-6.997104
447.105000	-7.213728	-6.998567	-7.011607	-6.994280	-6.996906	-7.008361	-7.011189	-7.009613	-6.993097	-6.997765	-6.997659	-7.000518	-7.008350	-6.998641	-15.006767	-6.997095
459.297000	-7.213716	-6.998567	-7.011618	-6.994282	-6.996883	-7.008383	-7.011181	-7.009610	-6.993076	-6.997740	-6.997672	-7.000516	-7.008335	-6.998627	-15.006481	-6.997085
471.483000	-7.213710	-6.998553	-7.011594	-6.994284	-6.996902	-7.008366	-7.011180	-7.009592	-6.993078	-6.997734	-6.997670	-7.000528	-7.008351	-6.998640	-15.006761	-6.997083
483.684000	-7.213716	-6.998554	-7.011589	-6.994297	-6.996886	-7.008367	-7.011179	-7.009594	-6.993062	-6.997734	-6.997652	-7.000502	-7.008335	-6.998635	-15.006969	-6.997061
495.881000	-7.213697	-6.998568	-7.011598	-6.994287	-6.996870	-7.008380	-7.011163	-7.009576	-6.993090	-6.997730	-6.997649	-7.000522	-7.008333	-6.998637	-15.006882	-6.997056
508.067000	-7.213703	-6.998540	-7.011569	-6.994292	-6.996880	-7.008362	-7.011162	-7.009569	-6.993090	-6.997716	-6.997646	-7.000494	-7.008344	-6.998638	-15.006840	-6.997051
520.247000	-7.213673	-6.998520	-7.011572	-6.994277	-6.996842	-7.008344	-7.011147	-7.009555	-6.993086	-6.997719	-6.997640	-7.000487	-7.008334	-6.998624	-15.007038	-6.997040
532.446000	-7.213683	-6.998509	-7.011580	-6.994274	-6.996863	-7.008345	-7.011149	-7.009583	-6.993083	-6.997710	-6.997637	-7.000497	-7.008321	-6.998621	-15.006899	-6.997053
544.652000	-7.213674	-6.998516	-7.011560	-6.994271	-6.996854	-7.008341	-7.011110	-7.009583	-6.993064	-6.997716	-6.997637	-7.000487	-7.008321	-6.998639	-15.006923	-6.997046
556.861000	-7.213678	-6.998510	-7.011558	-6.994279	-6.996870	-7.008315	-7.011112	-7.009582	-6.993074	-6.997709	-6.997640	-7.000489	-7.008324	-6.998617	-15.006879	-6.997044
569.050000	-7.213682	-6.998518	-7.011571	-6.994281	-6.996840	-7.008347	-7.011113	-7.009573	-6.993070	-6.997719	-6.997640	-7.000468	-7.008325	-6.998617	-15.007009	-6.997029
581.255000	-7.213668	-6.998514	-7.011554	-6.994276	-6.996860	-7.008322	-7.011110	-7.009556	-6.993068	-6.997714	-6.997638	-7.000475	-7.008311	-6.998616	-15.007020	-6.997019
593.437000	-7.213637	-6.998495	-7.011564	-6.994279	-6.996846	-7.008314	-7.011107	-7.009567	-6.993072	-6.997701	-6.997623	-7.000474	-7.008312	-6.998634	-15.006958	-6.997038
605.615000	-7.213633	-6.998500	-7.011549	-6.994277	-6.996850	-7.008349	-7.011100	-7.009551	-6.993071	-6.997707	-6.997638	-7.000481	-7.008319	-6.998622	-15.006922	-6.997018
617.810000	-7.213655	-6.998511	-7.011558	-6.994274	-6.996853	-7.008347	-7.011106	-7.009552	-6.993066	-6.997712	-6.997638	-7.000465	-7.008306	-6.998610	-15.006895	-6.997016
629.984000	-7.213650	-6.998511	-7.011535	-6.994279	-6.996845	-7.008340	-7.011105	-7.009537	-6.993062	-6.997712	-6.997607	-7.000461	-7.008296	-6.998620	-15.006906	-6.997019
642.204000	-7.213623	-6.998486	-7.011535	-6.994282	-6.996849	-7.008316	-7.011101	-7.009534	-6.993053	-6.997685	-6.997611	-7.000453	-7.008290	-6.998614	-15.007009	-6.997008
654.397000	-7.213625	-6.998488	-7.011519	-6.994274	-6.996841	-7.008327	-7.011108	-7.009533	-6.993057	-6.997697	-6.997614	-7.000449	-7.008295	-6.998615	-15.006914	-6.997005
666.602000	-7.213614	-6.998501	-7.011521	-6.994271	-6.996830	-7.008330	-7.011084	-7.009527	-6.993055	-6.997695	-6.997624	-7.000455	-7.008294	-6.998605	-15.006956	-6.996996
678.813000	-7.213620	-6.998503	-7.011512	-6.994277	-6.996852	-7.008313	-7.011099	-7.009538	-6.993051	-6.997690	-6.997608	-7.000467	-7.008307	-6.998587	-15.006860	-6.997001
691.019000	-7.213620	-6.998475	-7.011515	-6.994275	-6.996851	-7.008311	-7.011091	-7.009544	-6.993041	-6.997690	-6.997632	-7.000469	-7.008301	-6.998601	-15.006932	-6.996995
703.223000	-7.213628	-6.998491	-7.011521	-6.994276	-6.996833	-7.008328	-7.011086	-7.009530	-6.993051	-6.997702	-6.997622	-7.000449	-7.008299	-6.998606	-15.006795	-6.996982
715.420000	-7.213630	-6.998486	-7.011519	-6.994267	-6.996850	-7.008324	-7.011080	-7.009524	-6.993053	-6.997681	-6.997607	-7.000454	-7.008301	-6.998601	-15.006999	-6.996985
727.615000	-7.213624	-6.998476	-7.011527	-6.994261	-6.996834	-7.008334	-7.011082	-7.009534	-6.993047	-6.997684	-6.997623	-7.000443	-7.008298	-6.998599	-15.006987	-6.996975
739.826000	-7.213610	-6.998460	-7.011519	-6.994255	-6.996835	-7.008314	-7.011053	-7.009540	-6.993049	-6.997688	-6.997620	-7.000432	-7.008285	-6.998585	-15.007017	-6.996972
752.014000	-7.213619	-6.998473	-7.011521	-6.994258	-6.996839	-7.008327	-7.011061	-7.009536	-6.993051	-6.997685	-6.997614	-7.000431	-7.008278	-6.998609	-15.006815	-6.996981
764.199000	-7.213612	-6.998456	-7.011505	-6.994270	-6.996835	-7.008299	-7.011066	-7.009540	-6.993052	-6.997683	-6.997613	-7.000429	-7.008287	-6.998598	-15.006996	-6.996971
776.390000	-7.213607	-6.998463	-7.011519	-6.994268	-6.996828	-7.008307	-7.011047	-7.009539	-6.993042	-6.997682	-6.997606	-7.000441	-7.008305	-6.998584	-15.006861	-6.996977
788.614000	-7.213597	-6.998444	-7.011511	-6.994280	-6.996828	-7.008312	-7.011066	-7.009546	-6.993062	-6.997685	-6.997608	-7.000446	-7.008274	-6.998595	-15.006995	-6.996979
800.805000	-7.213598	-6.998469	-7.011505	-6.994266	-6.996833	-7.008304	-7.011064	-7.009543	-6.993064	-6.997669	-6.997603	-7.000447	-7.008278	-6.998583	-15.006941	-6.996978
812.975000	-7.213598	-6.998452	-7.011500	-6.994261	-6.996824	-7.008303	-7.011063	-7.009533	-6.993049	-6.997658	-6.997602	-7.000449	-7.008292	-6.998611	-15.006962	-6.996978
825.157000	-7.213602	-6.998465	-7.011513	-6.994266	-6.996836	-7.008310	-7.011066	-7.009535	-6.993044	-6.997670	-6.997615	-7.000418	-7.008282	-6.998598	-15.006759	-6.996979
837.326000	-7.213606	-6.998464	-7.011514	-6.994259	-6.996833	-7.008323	-7.011053	-7.009514	-6.993045	-6.997685	-6.997617	-7.000417	-7.008268	-6.998592	-15.006888	-6.996976
849.522000	-7.213601	-6.998439	-7.011497	-6.994260	-6.996831	-7.008299	-7.011050	-7.009519	-6.993044	-6.997657	-6.997610	-7.000411	-7.008285	-6.998591	-15.006804	-6.996964
861.719000	-7.213595	-6.998453	-7.011512	-6.994260	-6.996838	-7.008305	-7.011067	-7.009530	-6.993038	-6.997663	-6.997604	-7.000417	-7.008292	-6.998587	-15.006819	-6.996964
873.928000	-7.213601	-6.998458	-7.011528	-6.994268	-6.996817	-7.008307	-7.011060	-7.009530	-6.993035	-6.997649	-6.997589	-7.000434	-7.008300	-6.998596	-15.006800	-6.996968
886.151000	-7.213589	-6.998454	-7.011506	-6.994247	-6.996811	-7.008326	-7.011061	-7.009518	-6.993040	-6.997657	-6.997583	-7.000415	-7.008284	-6.998576	-15.006774	-6.996947
898.345000	-7.213602	-6.998451	-7.011497	-6.994249	-6.996815	-7.008299	-7.011066	-7.009517	-6.993048	-6.997674	-6.997602	-7.000406	-7.008284	-6.998592	-15.006855	-6.996960
910.552000	-7.213594	-6.998451	-7.011510	-6.994251	-6.996824	-7.008312	-7.011042	-7.009530	-6.993040	-6.997646	-6.997604	-7.000438	-7.008308	-6.998590	-15.006880	-6.996959
922.727000	-7.213606	-6.998445	-7.011513	-6.994265	-6.996817	-7.008313	-7.011047	-7.009512	-6.993034	-6.997651	-6.997601	-7.000403	-7.008297	-6.998588	-15.006942	-6.996955
934.917000	-7.213600	-6.998440	-7.011507	-6.994260	-6.996805	-7.008303	-7.011044	-7.009509	-6.993032	-6.997661	-6.997587	-7.000404	-7.008285	-6.998572	-15.007116	-6.996950
947.117000	-7.213601	-6.998439	-7.011494	-6.994280	-6.996817	-7.008319	-7.011043	-7.009514	-6.993026	-6.997645	-6.997605	-7.000426	-7.008295	-6.998584	-15.007018	-6.996953
959.320000	-7.213596	-6.998449	-7.011494	-6.994260	-6.996806	-7.008316	-7.011040	-7.009499	-6.993033	-6.997667	-6.997582	-7.000424	-7.008282	-6.998582	-15.006963	-6.996946
971.510000	-7.213616	-6.998444	-7.011504	-6.994260	-6.996810	-7.008330	-7.011036	-7.009504	-6.993026	-6.997646	-6.997588	-7.000419	-7.008291	-6.998603	-15.007028	-6.996947
983.690000	-7.213582	-6.998450	-7.011482	-6.994257	-6.996790	-7.008317	-7.011041	-7.009510	-6.993037	-6.997667	-6.997600	-7.000422	-7.008282	-6.998593	-15.007087	-6.996946
995.888000	-7.213586	-6.998459	-7.011494	-6.994266	-6.996812	-7.008311	-7.011043	-7.009515	-6.993044	-6.997668	-6.997604	-7.000406	-7.008293	-6.998588	-15.006797	-6.996944
1008.100000	-7.213590	-6.998451	-7.011492	-6.994273	-6.996807	-7.008299	-7.011067	-7.009503	-6.993048	-6.997652	-6.997606	-7.000421	-7.008271	-6.998582	-15.006994	-6.996944
1020.289000	-7.213593	-6.998438	-7.011492	-6.994264	-6.996809	-7.008298	-7.011069	-7.009516	-6.993033	-6.997636	-6.997609	-7.000409	-7.008285	-6.998570	-15.007011	-6.996939
1032.480000	-7.213570	-6.998442	-7.011476	-6.994259	-6.996802	-7.008309	-7.011056	-7.009500	-6.993035	-6.997638	-6.997593	-7.000414	-7.008280	-6.998578	-15.007067	-6.996945
1044.681000	-7.213591	-6.998434	-7.011502	-6.994271	-6.996822	-7.008325	-7.011048	-7.009503	-6.993034	-6.997627	-6.997594	-7.000408	-7.008278	-6.998575	-15.007099	-6.996951
1056.858000	-7.213591	-6.998435	-7.011481	-6.994265	-6.996816	-7.008318	-7.011046	-7.009502	-6.993048	-6.997646	-6.997607	-7.000408	-7.008279	-6.998591	-15.007000	-6.996947
1069.065000	-7.213588	-6.998431	-7.011489	-6.994263	-6.996818	-7.008335	-7.011060	-7.009496	-6.993053	-6.997633	-6.997583	-7.000408	-7.008277	-6.998589	-15.006953	-6.996956
1081.273000	-7.213580	-6.998445	-7.011487	-6.994267	-6.996816	-7.008313	-7.011036	-7.009496	-6.993039	-6.997643	-6.997593	-7.000388	-7.008267	-6.998606	-15.006702	-6.996937
1093.444000	-7.213576	-6.998439	-7.011477	-6.994256	-6.996818	-7.008310	-7.011037	-7.009494	-6.993052	-6.997643	-6.997616	-7.000414	-7.008256	-6.998593	-15.006860	-6.996932
1105.644000	-7.213587	-6.998438	-7.011495	-6.994277	-6.996819	-7.008306	-7.011041	-7.009480	-6.993031	-6.997631	-6.997612	-7.000408	-7.008270	-6.998593	-15.007117	-6.996940
1117.855000	-7.213575	-6.998432	-7.011482	-6.994265	-6.996825	-7.008316	-7.011041	-7.009503	-6.993032	-6.997641	-6.997607	-7.000405	-7.008265	-6.998588	-15.007148	-6.996931
1130.058000	-7.213566	-6.998439	-7.011485	-6.994260	-6.996813	-7.008333	-7.011025	-7.009489	-6.993038	-6.997627	-6.997601	-7.000413	-7.008277	-6.998599	-15.006840	-6.996946
1142.245000	-7.213565	-6.998444	-7.011469	-6.994262	-6.996806	-7.008328	-7.011028	-7.009507	-6.993028	-6.997650	-6.997608	-7.000410	-7.008287	-6.998590	-15.007043	-6.996938
1154.467000	-7.213564	-6.998437	-7.011470	-6.994261	-6.996822	-7.008324	-7.011030	-7.009516	-6.993037	-6.997641	-6.997615	-7.000403	-7.008273	-6.998583	-15.006956	-6.996927
1166.659000	-7.213591	-6.998429	-7.011478	-6.994256	-6.996805	-7.008321	-7.011032	-7.009495	-6.993050	-6.997648	-6.997614	-7.000394	-7.008263	-6.998572	-15.006901	-6.996932
1178.839000	-7.213594	-6.998427	-7.011485	-6.994250	-6.996805	-7.008304	-7.011041	-7.009499	-6.993037	-6.997639	-6.997598	-7.000409	-7.008274	-6.998568	-15.007212	-6.996927
1191.023000	-7.213582	-6.998432	-7.011482	-6.994261	-6.996806	-7.008312	-7.011043	-7.009501	-6.993018	-6.997643	-6.997587	-7.000396	-7.008282	-6.998580	-15.006895	-6.996936
1203.216000	-7.213592	-6.998431	-7.011466	-6.994265	-6.996800	-7.008304	-7.011032	-7.009507	-6.993026	-6.997643	-6.997593	-7.000398	-7.008275	-6.998583	-15.006997	-6.996933
1215.428000	-7.213584	-6.998432	-7.011475	-6.994262	-6.996811	-7.008299	-7.011035	-7.009497	-6.993031	-6.997622	-6.997598	-7.000399	-7.008268	-6.998575	-15.006734	-6.996927
1227.616000	-7.213577	-6.998427	-7.011474	-6.994267	-6.996796	-7.008308	-7.011030	-7.009500	-6.993024	-6.997630	-6.997612	-7.000413	-7.008274	-6.998580	-15.006960	-6.996932
1239.819000	-7.213570	-6.998430	-7.011473	-6.994257	-6.996802	-7.008313	-7.011033	-7.009496	-6.993018	-6.997622	-6.997592	-7.000419	-7.008275	-6.998552	-15.006823	-6.996938
1252.009000	-7.213580	-6.998424	-7.011490	-6.994249	-6.996804	-7.008309	-7.011028	-7.009501	-6.993020	-6.997617	-6.997593	-7.000412	-7.008276	-6.998576	-15.006733	-6.996933
1264.205000	-7.213577	-6.998436	-7.011471	-6.994263	-6.996796	-7.008297	-7.011028	-7.009491	-6.993024	-6.997646	-6.997600	-7.000402	-7.008276	-6.998567	-15.007017	-6.996933
1276.402000	-7.213581	-6.998438	-7.011474	-6.994261	-6.996816	-7.008300	-7.011034	-7.009503	-6.993030	-6.997634	-6.997600	-7.000393	-7.008268	-6.998586	-15.007107	-6.996942
1288.602000	-7.213564	-6.998437	-7.011478	-6.994262	-6.996802	-7.008301	-7.011042	-7.009497	-6.993037	-6.997650	-6.997606	-7.000398	-7.008280	-6.998579	-15.006874	-6.996926
1300.803000	-7.213565	-6.998449	-7.011472	-6.994264	-6.996806	-7.008293	-7.011032	-7.009496	-6.993026	-6.997641	-6.997602	-7.000392	-7.008279	-6.998577	-15.007104	-6.996937
1312.985000	-7.213568	-6.998437	-7.011469	-6.994265	-6.996797	-7.008306	-7.011039	-7.009490	-6.993031	-6.997624	-6.997604	-7.000402	-7.008268	-6.998583	-15.006994	-6.996916
1325.185000	-7.213564	-6.998437	-7.011483	-6.994262	-6.996801	-7.008306	-7.011040	-7.009487	-6.993023	-6.997612	-6.997595	-7.000403	-7.008280	-6.998571	-15.007031	-6.996939
1337.386000	-7.213573	-6.998444	-7.011469	-6.994261	-6.996798	-7.008299	-7.011010	-7.009485	-6.993019	-6.997639	-6.997606	-7.000393	-7.008276	-6.998583	-15.007110	-6.996917
1349.567000	-7.213562	-6.998436	-7.011471	-6.994259	-6.996795	-7.008303	-7.011020	-7.009491	-6.993046	-6.997625	-6.997604	-7.000398	-7.008278	-6.998576	-15.006881	-6.996925
1361.768000	-7.213571	-6.998430	-7.011466	-6.994250	-6.996804	-7.008320	-7.011028	-7.009502	-6.993034	-6.997635	-6.997595	-7.000391	-7.008274	-6.998603	-15.007085	-6.996939
1373.967000	-7.213581	-6.998449	-7.011478	-6.994257	-6.996805	-7.008306	-7.011014	-7.009496	-6.993027	-6.997626	-6.997591	-7.000393	-7.008270	-6.998603	-15.006993	-6.996929
1386.168000	-7.213571	-6.998443	-7.011476	-6.994256	-6.996797	-7.008317	-7.011008	-7.009503	-6.993014	-6.997626	-6.997599	-7.000398	-7.008265	-6.998587	-15.006966	-6.996916
1398.356000	-7.213570	-6.998439	-7.011472	-6.994270	-6.996817	-7.008298	-7.011026	-7.009490	-6.993028	-6.997626	-6.997598	-7.000393	-7.008255	-6.998580	-15.006741	-6.996927
1410.525000	-7.213573	-6.998437	-7.011472	-6.994266	-6.996812	-7.008311	-7.011025	-7.009465	-6.993025	-6.997620	-6.997604	-7.000398	-7.008254	-6.998573	-15.006868	-6.996924
1422.716000	-7.213567	-6.998449	-7.011460	-6.994255	-6.996787	-7.008315	-7.011023	-7.009490	-6.993025	-6.997622	-6.997615	-7.000393	-7.008261	-6.998575	-15.006944	-6.996932
1434.916000	-7.213559	-6.998446	-7.011473	-6.994256	-6.996799	-7.008302	-7.011014	-7.009476	-6.993022	-6.997638	-6.997597	-7.000392	-7.008262	-6.998571	-15.007183	-6.996923
1447.115000	-7.213560	-6.998437	-7.011458	-6.994262	-6.996812	-7.008326	-7.011018	-7.009487	-6.993024	-6.997630	-6.997618	-7.000407	-7.008269	-6.998568	-15.007001	-6.996917
1459.302000	-7.213569	-6.998429	-7.011482	-6.994260	-6.996803	-7.008308	-7.011004	-7.009483	-6.993020	-6.997635	-6.997605	-7.000418	-7.008271	-6.998569	-15.007086	-6.996933
1471.503000	-7.213628	-6.998528	-7.011610	-6.994221	-6.996523	-7.008176	-7.011015	-7.009460	-6.993260	-6.997803	-6.997709	-7.000523	-7.008263	-6.997916	-15.007288	-6.996871
1483.702000	-7.213764	-6.998675	-7.011777	-6.994175	-6.996436	-7.008437	-7.011191	-7.009649	-6.993565	-6.998224	-6.998055	-7.001152	-7.008499	-6.997983	-15.006911	-6.997474
1495.910000	-7.213974	-6.998847	-7.012163	-6.994165	-6.996585	-7.008828	-7.011550	-7.010020	-6.993873	-6.998619	-6.998378	-7.001749	-7.008769	-6.998182	-15.006843	-6.998010
1508.097000	-7.214203	-6.999060	-7.012542	-6.994192	-6.996843	-7.009161	-7.011867	-7.010364	-6.994112	-6.998992	-6.998663	-7.002201	-7.008981	-6.998367	-15.006671	-6.998418
1520.303000	-7.214396	-6.999269	-7.012877	-6.994219	-6.997078	-7.009403	-7.012194	-7.010666	-6.994321	-6.999240	-6.998857	-7.002529	-7.009188	-6.998534	-15.006655	-6.998739
1532.493000	-7.214592	-6.999420	-7.013132	-6.994236	-6.997314	-7.009582	-7.012455	-7.010903	-6.994448	-6.999464	-6.999025	-7.002772	-7.009352	-6.998655	-15.006763	-6.999012
1544.688000	-7.214771	-6.999588	-7.013322	-6.994252	-6.997515	-7.009707	-7.012656	-7.011093	-6.994546	-6.999641	-6.999148	-7.002941	-7.009489	-6.998782	-15.006784	-6.999221
1556.878000	-7.214893	-6.999732	-7.013472	-6.994253	-6.997652	-7.009800	-7.012875	-7.011263	-6.994638	-6.999755	-6.999251	-7.003085	-7.009585	-6.998868	-15.006708	-6.999393
1569.078000	-7.215014	-6.999867	-7.013580	-6.994252	-6.997803	-7.009866	-7.013033	-7.011395	-6.994700	-6.999866	-6.999308	-7.003179	-7.009672	-6.998936	-15.006774	-6.999513
1581.280000	-7.215116	-6.999961	-7.013675	-6.994258	-6.997896	-7.009922	-7.013177	-7.011477	-6.994722	-6.999968	-6.999373	-7.003281	-7.009733	-6.998998	-15.006699	-6.999610
1593.462000	-7.215225	-7.000079	-7.013741	-6.994257	-6.997999	-7.009962	-7.013283	-7.011576	-6.994769	-7.000050	-6.999404	-7.003343	-7.009814	-6.999047	-15.007064	-6.999699
1605.643000	-7.215291	-7.000139	-7.013793	-6.994283	-6.998089	-7.010013	-7.013369	-7.011642	-6.994819	-7.000111	-6.999450	-7.003415	-7.009873	-6.999093	-15.006758	-6.999768
1617.885000	-7.215358	-7.000229	-7.013843	-6.994283	-6.998153	-7.010035	-7.013460	-7.011695	-6.994861	-7.000166	-6.999485	-7.003453	-7.009898	-6.999130	-15.006677	-6.999840
1630.087000	-7.215396	-7.000300	-7.013888	-6.994293	-6.998199	-7.010079	-7.013519	-7.011745	-6.994885	-7.000205	-6.999516	-7.003494	-7.009958	-6.999141	-15.006809	-6.999900
1642.287000	-7.215451	-7.000356	-7.013924	-6.994293	-6.998266	-7.010086	-7.013569	-7.011782	-6.994907	-7.000250	-6.999528	-7.003522	-7.009988	-6.999165	-15.006572	-6.999919
1654.476000	-7.215504	-7.000408	-7.013959	-6.994297	-6.998295	-7.010126	-7.013624	-7.011814	-6.994921	-7.000269	-6.999551	-7.003588	-7.010022	-6.999196	-15.006830	-6.999967
1666.678000	-7.215522	-7.000438	-7.013972	-6.994297	-6.998328	-7.010125	-7.013659	-7.011853	-6.994944	-7.000287	-6.999579	-7.003588	-7.010030	-6.999219	-15.006861	-6.999996
1678.861000	-7.215553	-7.000479	-7.014000	-6.994302	-6.998350	-7.010139	-7.013714	-7.011881	-6.994969	-7.000320	-6.999583	-7.003606	-7.010042	-6.999236	-15.006812	-7.000007
1691.046000	-7.215575	-7.000511	-7.014022	-6.994317	-6.998371	-7.010146	-7.013740	-7.011911	-6.994967	-7.000328	-6.999614	-7.003632	-7.010054	-6.999261	-15.006680	-7.000063
1703.235000	-7.215582	-7.000537	-7.014047	-6.994320	-6.998370	-7.010160	-7.013759	-7.011945	-6.994964	-7.000360	-6.999613	-7.003634	-7.010080	-6.999273	-15.006582	-7.000069
1715.439000	-7.215613	-7.000566	-7.014046	-6.994311	-6.998399	-7.010178	-7.013804	-7.011959	-6.994978	-7.000380	-6.999630	-7.003648	-7.010084	-6.999301	-15.006791	-7.000084
1727.643000	-7.215627	-7.000571	-7.014058	-6.994327	-6.998399	-7.010185	-7.013812	-7.011989	-6.994982	-7.000417	-6.999640	-7.003673	-7.010106	-6.999289	-15.006735	-7.000112
1739.832000	-7.215644	-7.000624	-7.014064	-6.994348	-6.998431	-7.010179	-7.013830	-7.012010	-6.994997	-7.000426	-6.999645	-7.003678	-7.010108	-6.999317	-15.006755	-7.000116
1752.011000	-7.215657	-7.000630	-7.014070	-6.994346	-6.998432	-7.010188	-7.013834	-7.012013	-6.994993	-7.000435	-6.999632	-7.003702	-7.010116	-6.999330	-15.006781	-7.000125
1764.202000	-7.215677	-7.000645	-7.014088	-6.994335	-6.998442	-7.010191	-7.013857	-7.012021	-6.995005	-7.000461	-6.999654	-7.003719	-7.010135	-6.999339	-15.006729	-7.000141
1776.389000	-7.215687	-7.000658	-7.014112	-6.994351	-6.998450	-7.010205	-7.013846	-7.012052	-6.995013	-7.000484	-6.999666	-7.003712	-7.010133	-6.999350	-15.006841	-7.000170
1788.597000	-7.215718	-7.000681	-7.014115	-6.994353	-6.998448	-7.010202	-7.013873	-7.012068	-6.995019	-7.000494	-6.999676	-7.003742	-7.010148	-6.999370	-15.006803	-7.000167
1800.791000	-7.215722	-7.000700	-7.014126	-6.994352	-6.998438	-7.010211	-7.013860	-7.012091	-6.995031	-7.000502	-6.999681	-7.003750	-7.010164	-6.999372	-15.006638	-7.000189
1812.962000	-7.215727	-7.000710	-7.014135	-6.994358	-6.998459	-7.010222	-7.013885	-7.012110	-6.995023	-7.000519	-6.999674	-7.003761	-7.010160	-6.999386	-15.006810	-7.000193
1825.178000	-7.215744	-7.000720	-7.014130	-6.994370	-6.998464	-7.010223	-7.013901	-7.012134	-6.995040	-7.000542	-6.999680	-7.003771	-7.010183	-6.999391	-15.006675	-7.000208
1837.376000	-7.215746	-7.000739	-7.014129	-6.994348	-6.998439	-7.010233	-7.013878	-7.012150	-6.995047	-7.000543	-6.999702	-7.003772	-7.010176	-6.999410	-15.006822	-7.000207
1849.536000	-7.215742	-7.000746	-7.014142	-6.994356	-6.998463	-7.010222	-7.013906	-7.012172	-6.995073	-7.000554	-6.999692	-7.003774	-7.010171	-6.999420	-15.006742	-7.000210
1861.715000	-7.215756	-7.000754	-7.014130	-6.994343	-6.998478	-7.010218	-7.013924	-7.012179	-6.995055	-7.000562	-6.999710	-7.003782	-7.010177	-6.999422	-15.006768	-7.000233
1873.911000	-7.215770	-7.000782	-7.014146	-6.994348	-6.998475	-7.010234	-7.013930	-7.012195	-6.995084	-7.000589	-6.999706	-7.003795	-7.010190	-6.999428	-15.006813	-7.000240
1886.086000	-7.215789	-7.000796	-7.014151	-6.994358	-6.998480	-7.010232	-7.013936	-7.012200	-6.995081	-7.000586	-6.999696	-7.003790	-7.010190	-6.999439	-15.006825	-7.000263
1898.269000	-7.215790	-7.000795	-7.014155	-6.994356	-6.998487	-7.010246	-7.013954	-7.012203	-6.995081	-7.000597	-6.999691	-7.003795	-7.010195	-6.999472	-15.006701	-7.000243
1910.477000	-7.215824	-7.000822	-7.014160	-6.994355	-6.998471	-7.010236	-7.013947	-7.012231	-6.995086	-7.000610	-6.999717	-7.003805	-7.010200	-6.999456	-15.006566	-7.000246
1922.687000	-7.215815	-7.000824	-7.014174	-6.994354	-6.998492	-7.010243	-7.013954	-7.012243	-6.995108	-7.000627	-6.999708	-7.003810	-7.010198	-6.999469	-15.006786	-7.000256
1934.871000	-7.215839	-7.000849	-7.014178	-6.994367	-6.998488	-7.010256	-7.013969	-7.012245	-6.995087	-7.000635	-6.999705	-7.003815	-7.010194	-6.999471	-15.006812	-7.000258
1947.063000	-7.215838	-7.000860	-7.014180	-6.994360	-6.998486	-7.010254	-7.013966	-7.012266	-6.995103	-7.000638	-6.999717	-7.003819	-7.010195	-6.999497	-15.006780	-7.000250
1959.265000	-7.215841	-7.000868	-7.014169	-6.994364	-6.998502	-7.010248	-7.013956	-7.012264	-6.995109	-7.000653	-6.999718	-7.003827	-7.010209	-6.999505	-15.006621	-7.000275
1971.447000	-7.215845	-7.000875	-7.014167	-6.994358	-6.998492	-7.010256	-7.013991	-7.012277	-6.995126	-7.000661	-6.999722	-7.003839	-7.010213	-6.999521	-15.006530	-7.000277
1983.649000	-7.215849	-7.000912	-7.014173	-6.994363	-6.998499	-7.010240	-7.013978	-7.012285	-6.995126	-7.000662	-6.999724	-7.003867	-7.010225	-6.999520	-15.006582	-7.000290
1995.850000	-7.215871	-7.000924	-7.014182	-6.994362	-6.998488	-7.010248	-7.013998	-7.012287	-6.995120	-7.000687	-6.999727	-7.003858	-7.010230	-6.999530	-15.006767	-7.000272
2008.020000	-7.215870	-7.000920	-7.014153	-6.994369	-6.998488	-7.010261	-7.013985	-7.012295	-6.995139	-7.000688	-6.999716	-7.003864	-7.010214	-6.999524	-15.006721	-7.000290
2020.202000	-7.215869	-7.000940	-7.014156	-6.994371	-6.998508	-7.010262	-7.013986	-7.012309	-6.995140	-7.000698	-6.999731	-7.003866	-7.010218	-6.999550	-15.006570	-7.000286
2032.403000	-7.215881	-7.000947	-7.014187	-6.994388	-6.998492	-7.010253	-7.014018	-7.012313	-6.995123	-7.000690	-6.999729	-7.003875	-7.010231	-6.999565	-15.006698	-7.000311
2044.614000	-7.215884	-7.000969	-7.014189	-6.994393	-6.998499	-7.010230	-7.014001	-7.012304	-6.995130	-7.000697	-6.999723	-7.003880	-7.010244	-6.999571	-15.006833	-7.000301
2056.803000	-7.215886	-7.000977	-7.014189	-6.994386	-6.998502	-7.010246	-7.014025	-7.012310	-6.995144	-7.000711	-6.999722	-7.003893	-7.010229	-6.999574	-15.006538	-7.000300
2069.003000	-7.215893	-7.000983	-7.014193	-6.994387	-6.998489	-7.010242	-7.014019	-7.012329	-6.995152	-7.000701	-6.999741	-7.003903	-7.010237	-6.999587	-15.006710	-7.000309
2081.187000	-7.215906	-7.001001	-7.014205	-6.994393	-6.998508	-7.010254	-7.014017	-7.012325	-6.995144	-7.000715	-6.999716	-7.003902	-7.010260	-6.999609	-15.006806	-7.000310
2093.385000	-7.215900	-7.001013	-7.014201	-6.994398	-6.998513	-7.010258	-7.014028	-7.012325	-6.995145	-7.000730	-6.999746	-7.003923	-7.010256	-6.999610	-15.006768	-7.000317
2105.579000	-7.215903	-7.001007	-7.014197	-6.994379	-6.998509	-7.010261	-7.014018	-7.012339	-6.995168	-7.000726	-6.999745	-7.003897	-7.010261	-6.999604	-15.006786	-7.000322
2117.773000	-7.215908	-7.001017	-7.014214	-6.994379	-6.998509	-7.010251	-7.014034	-7.012350	-6.995165	-7.000730	-6.999728	-7.003930	-7.010254	-6.999620	-15.006676	-7.000320
2129.957000	-7.215924	-7.001017	-7.014202	-6.994375	-6.998506	-7.010255	-7.014040	-7.012345	-6.995170	-7.000744	-6.999718	-7.003919	-7.010265	-6.999626	-15.006785	-7.000323
2142.150000	-7.215929	-7.001025	-7.014185	-6.994380	-6.998526	-7.010271	-7.014061	-7.012354	-6.995181	-7.000737	-6.999735	-7.003929	-7.010263	-6.999640	-15.006651	-7.000323
2154.331000	-7.215926	-7.001025	-7.014199	-6.994384	-6.998516	-7.010271	-7.014035	-7.012349	-6.995190	-7.000746	-6.999738	-7.003947	-7.010265	-6.999660	-15.006875	-7.000315
2166.533000	-7.215939	-7.001033	-7.014204	-6.994390	-6.998511	-7.010268	-7.014065	-7.012360	-6.995177	-7.000740	-6.999731	-7.003946	-7.010270	-6.999658	-15.006535	-7.000332
2178.721000	-7.215929	-7.001033	-7.014190	-6.994384	-6.998522	-7.010267	-7.014054	-7.012373	-6.995181	-7.000730	-6.999755	-7.003951	-7.010276	-6.999671	-15.006567	-7.000345
2190.909000	-7.215931	-7.001048	-7.014202	-6.994385	-6.998539	-7.010270	-7.014069	-7.012382	-6.995188	-7.000752	-6.999737	-7.003960	-7.010267	-6.999705	-15.006674	-7.000339
2203.108000	-7.215939	-7.001069	-7.014196	-6.994379	-6.998534	-7.010273	-7.014072	-7.012375	-6.995180	-7.000745	-6.999745	-7.003954	-7.010279	-6.999702	-15.006647	-7.000342
2215.293000	-7.215933	-7.001083	-7.014207	-6.994377	-6.998537	-7.010262	-7.014079	-7.012379	-6.995189	-7.000727	-6.999756	-7.003966	-7.010277	-6.999709	-15.006718	-7.000363
2227.492000	-7.215952	-7.001086	-7.014220	-6.994372	-6.998531	-7.010277	-7.014054	-7.012386	-6.995178	-7.000733	-6.999752	-7.003966	-7.010286	-6.999720	-15.006352	-7.000359
2239.668000	-7.215949	-7.001085	-7.014204	-6.994391	-6.998528	-7.010278	-7.014068	-7.012406	-6.995195	-7.000743	-6.999754	-7.003963	-7.010289	-6.999719	-15.006519	-7.000358
2251.877000	-7.215944	-7.001095	-7.014234	-6.994399	-6.998531	-7.010267	-7.014069	-7.012392	-6.995201	-7.000752	-6.999751	-7.003964	-7.010308	-6.999704	-15.006609	-7.000359
2264.058000	-7.215950	-7.001107	-7.014218	-6.994381	-6.998531	-7.010285	-7.014061	-7.012387	-6.995188	-7.000751	-6.999770	-7.003964	-7.010285	-6.999729	-15.006541	-7.000340
2276.263000	-7.215949	-7.001113	-7.014224	-6.994398	-6.998534	-7.010271	-7.014071	-7.012415	-6.995204	-7.000773	-6.999756	-7.003981	-7.010291	-6.999731	-15.006635	-7.000352
2288.466000	-7.215955	-7.001124	-7.014217	-6.994400	-6.998525	-7.010264	-7.014073	-7.012400	-6.995204	-7.000766	-6.999755	-7.003981	-7.010301	-6.999728	-15.006612	-7.000360
2300.678000	-7.215953	-7.001129	-7.014228	-6.994400	-6.998520	-7.010281	-7.014087	-7.012403	-6.995199	-7.000773	-6.999762	-7.003990	-7.010304	-6.999745	-15.006625	-7.000373
2312.862000	-7.215951	-7.001112	-7.014227	-6.994407	-6.998520	-7.010277	-7.014087	-7.012409	-6.995201	-7.000766	-6.999747	-7.004005	-7.010303	-6.999742	-15.006478	-7.000356
2325.054000	-7.215964	-7.001126	-7.014232	-6.994389	-6.998514	-7.010278	-7.014103	-7.012407	-6.995201	-7.000766	-6.999746	-7.004008	-7.010309	-6.999749	-15.006462	-7.000353
2337.262000	-7.215968	-7.001131	-7.014228	-6.994400	-6.998528	-7.010284	-7.014079	-7.012419	-6.995205	-7.000754	-6.999745	-7.004009	-7.010314	-6.999758	-15.006680	-7.000363
2349.458000	-7.215952	-7.001144	-7.014228	-6.994390	-6.998540	-7.010282	-7.014095	-7.012434	-6.995209	-7.000770	-6.999758	-7.004004	-7.010324	-6.999762	-15.006436	-7.000369
2361.661000	-7.215947	-7.001149	-7.014234	-6.994390	-6.998537	-7.010280	-7.014099	-7.012424	-6.995213	-7.000786	-6.999740	-7.004013	-7.010314	-6.999771	-15.006421	-7.000370
2373.852000	-7.215954	-7.001147	-7.014233	-6.994392	-6.998528	-7.010271	-7.014084	-7.012442	-6.995214	-7.000779	-6.999755	-7.004024	-7.010321	-6.999769	-15.006396	-7.000383
2386.045000	-7.215947	-7.001135	-7.014191	-6.994388	-6.998620	-7.010305	-7.014099	-7.012435	-6.995143	-7.000732	-6.999731	-7.003995	-7.010318	-6.999909	-15.006610	-7.000363
2398.230000	-7.215881	-7.001018	-7.014089	-6.994387	-6.998664	-7.010253	-7.014027	-7.012251	-6.994923	-7.000553	-6.999621	-7.003704	-7.010238	-6.999776	-15.006675	-7.000157
2410.434000	-7.215741	-7.000727	-7.013912	-6.994361	-6.998625	-7.010105	-7.013882	-7.011910	-6.994703	-7.000298	-6.999497	-7.003410	-7.010112	-6.999557	-15.006698	-6.999938
2422.618000	-7.215589	-7.000537	-7.013729	-6.994339	-6.998510	-7.009915	-7.013722	-7.011670	-6.994553	-7.000047	-6.999366	-7.003167	-7.010013	-6.999425	-15.006754	-6.999728
2434.818000	-7.215459	-7.000403	-7.013589	-6.994314	-6.998402	-7.009793	-7.013568	-7.011499	-6.994445	-6.999885	-6.999257	-7.003008	-7.009898	-6.999337	-15.006607	-6.999575
2447.005000	-7.215346	-7.000290	-7.013458	-6.994308	-6.998277	-7.009718	-7.013431	-7.011362	-6.994369	-6.999780	-6.999181	-7.002902	-7.009819	-6.999259	-15.006743	-6.999444
2459.193000	-7.215286	-7.000215	-7.013402	-6.994304	-6.998194	-7.009650	-7.013335	-7.011273	-6.994345	-6.999697	-6.999115	-7.002809	-7.009747	-6.999226	-15.006570	-6.999375
2471.370000	-7.215203	-7.000138	-7.013341	-6.994309	-6.998128	-7.009615	-7.013249	-7.011219	-6.994305	-6.999627	-6.999061	-7.002744	-7.009711	-6.999191	-15.006438	-6.999283
2483.554000	-7.215150	-7.000064	-7.013303	-6.994302	-6.998061	-7.009584	-7.013158	-7.011168	-6.994300	-6.999593	-6.999046	-7.002713	-7.009659	-6.999161	-15.006482	-6.999242
2495.739000	-7.215116	-7.000027	-7.013254	-6.994308	-6.998023	-7.009565	-7.013099	-7.011129	-6.994262	-6.999539	-6.999010	-7.002673	-7.009624	-6.999140	-15.006367	-6.999202
2507.927000	-7.215073	-6.999988	-7.013247	-6.994303	-6.997965	-7.009560	-7.013067	-7.011088	-6.994257	-6.999517	-6.999002	-7.002653	-7.009591	-6.999120	-15.006406	-6.999167
2520.142000	-7.215033	-6.999950	-7.013235	-6.994285	-6.997939	-7.009533	-7.013008	-7.011065	-6.994245	-6.999498	-6.998990	-7.002637	-7.009560	-6.999104	-15.006663	-6.999147
2532.321000	-7.215024	-6.999917	-7.013211	-6.994299	-6.997924	-7.009530	-7.012989	-7.011038	-6.994234	-6.999467	-6.998997	-7.002625	-7.009560	-6.999105	-15.006505	-6.999112
2544.543000	-7.214991	-6.999898	-7.013204	-6.994302	-6.997896	-7.009531	-7.012973	-7.011005	-6.994211	-6.999443	-6.998982	-7.002618	-7.009547	-6.999087	-15.006393	-6.999096
2556.722000	-7.214963	-6.999892	-7.013198	-6.994295	-6.997887	-7.009526	-7.012943	-7.011012	-6.994224	-6.999432	-6.998960	-7.002618	-7.009513	-6.999086	-15.006574	-6.999097
2568.930000	-7.214958	-6.999871	-7.013182	-6.994310	-6.997873	-7.009509	-7.012953	-7.011004	-6.994224	-6.999440	-6.998956	-7.002602	-7.009528	-6.999068	-15.006431	-6.999087
2581.123000	-7.214937	-6.999873	-7.013177	-6.994295	-6.997861	-7.009513	-7.012946	-7.011004	-6.994243	-6.999433	-6.998956	-7.002590	-7.009511	-6.999064	-15.006548	-6.999074
2593.342000	-7.214926	-6.999844	-7.013170	-6.994299	-6.997856	-7.009510	-7.012919	-7.010986	-6.994233	-6.999409	-6.998944	-7.002600	-7.009500	-6.999060	-15.006756	-6.999066
2605.535000	-7.214939	-6.999846	-7.013176	-6.994312	-6.997843	-7.009501	-7.012929	-7.010998	-6.994238	-6.999408	-6.998948	-7.002596	-7.009500	-6.999053	-15.006689	-6.999061
2617.718000	-7.214931	-6.999831	-7.013156	-6.994306	-6.997853	-7.009500	-7.012897	-7.010996	-6.994218	-6.999411	-6.998947	-7.002585	-7.009507	-6.999042	-15.006543	-6.999064
2629.901000	-7.214922	-6.999818	-7.013146	-6.994314	-6.997833	-7.009491	-7.012912	-7.010995	-6.994217	-6.999416	-6.998943	-7.002590	-7.009490	-6.999047	-15.006503	-6.999050
2642.107000	-7.214921	-6.999820	-7.013151	-6.994313	-6.997823	-7.009491	-7.012893	-7.010984	-6.994216	-6.999392	-6.998946	-7.002600	-7.009486	-6.999042	-15.006485	-6.999037
2654.294000	-7.214915	-6.999813	-7.013146	-6.994312	-6.997824	-7.009483	-7.012874	-7.010979	-6.994205	-6.999398	-6.998938	-7.002566	-7.009493	-6.999041	-15.006664	-6.999040
2666.513000	-7.214899	-6.999797	-7.013143	-6.994296	-6.997834	-7.009486	-7.012864	-7.010980	-6.994223	-6.999393	-6.998945	-7.002577	-7.009496	-6.999038	-15.006773	-6.999024
2678.703000	-7.214911	-6.999809	-7.013151	-6.994288	-6.997835	-7.009507	-7.012871	-7.010995	-6.994208	-6.999396	-6.998934	-7.002572	-7.009496	-6.999028	-15.006689	-6.999035
2690.895000	-7.214896	-6.999802	-7.013157	-6.994308	-6.997831	-7.009499	-7.012880	-7.010975	-6.994221	-6.999388	-6.998926	-7.002558	-7.009479	-6.999030	-15.006940	-6.999048
2703.107000	-7.214894	-6.999810	-7.013141	-6.994289	-6.997823	-7.009484	-7.012872	-7.010980	-6.994203	-6.999379	-6.998935	-7.002561	-7.009479	-6.999043	-15.006890	-6.999036
2715.304000	-7.214917	-6.999794	-7.013139	-6.994303	-6.997819	-7.009493	-7.012848	-7.010971	-6.994207	-6.999391	-6.998950	-7.002560	-7.009478	-6.999034	-15.006565	-6.999025
	-7.214895	-6.999814	-7.013130													
