8.175000	-7.005313	-7.010942	-7.009488	-6.971963	-6.990895	-6.999688	-7.008194	-7.002185	-7.003925	-6.996915	-6.993192	-6.988087	-7.012623	-6.992791	-15.003470	-11.249798
20.386000	-7.005480	-7.011038	-7.009543	-6.972055	-6.990954	-6.999711	-7.008221	-7.002256	-7.003999	-6.996976	-6.993250	-6.988120	-7.012688	-6.992841	-15.003705	-11.240503
32.580000	-7.005526	-7.011075	-7.009564	-6.972074	-6.990986	-6.999736	-7.008248	-7.002276	-7.004026	-6.996999	-6.993284	-6.988146	-7.012747	-6.992873	-15.004164	-11.235343
44.790000	-7.005567	-7.011116	-7.009561	-6.972126	-6.990994	-6.999744	-7.008280	-7.002304	-7.004059	-6.997007	-6.993327	-6.988183	-7.012761	-6.992886	-15.004422	-11.232159
57.011000	-7.005603	-7.011106	-7.009588	-6.972146	-6.991020	-6.999759	-7.008284	-7.002339	-7.004070	-6.997023	-6.993349	-6.988192	-7.012774	-6.992921	-15.004802	-11.230159
69.182000	-7.005608	-7.011143	-7.009586	-6.972149	-6.991039	-6.999764	-7.008288	-7.002349	-7.004071	-6.997039	-6.993359	-6.988205	-7.012797	-6.992925	-15.005150	-11.228870
81.399000	-7.005621	-7.011159	-7.009595	-6.972156	-6.991045	-6.999764	-7.008291	-7.002349	-7.004080	-6.997042	-6.993367	-6.988208	-7.012803	-6.992915	-15.005445	-11.227970
93.575000	-7.005621	-7.011165	-7.009592	-6.972160	-6.991056	-6.999776	-7.008299	-7.002360	-7.004074	-6.997033	-6.993377	-6.988222	-7.012814	-6.992910	-15.005355	-11.227295
105.751000	-7.005619	-7.011175	-7.009600	-6.972143	-6.991049	-6.999766	-7.008313	-7.002371	-7.004089	-6.997041	-6.993374	-6.988230	-7.012818	-6.992921	-15.005640	-11.226912
117.939000	-7.005623	-7.011172	-7.009589	-6.972160	-6.991043	-6.999765	-7.008310	-7.002378	-7.004079	-6.997036	-6.993380	-6.988225	-7.012805	-6.992936	-15.005943	-11.226712
130.133000	-7.005638	-7.011142	-7.009582	-6.972144	-6.991042	-6.999778	-7.008316	-7.002397	-7.004092	-6.997038	-6.993400	-6.988224	-7.012808	-6.992927	-15.005995	-11.226412
142.318000	-7.005637	-7.011162	-7.009592	-6.972160	-6.991056	-6.999789	-7.008331	-7.002407	-7.004090	-6.997054	-6.993387	-6.988234	-7.012811	-6.992921	-15.005915	-11.226143
154.505000	-7.005629	-7.011160	-7.009596	-6.972166	-6.991046	-6.999764	-7.008317	-7.002388	-7.004080	-6.997063	-6.993385	-6.988239	-7.012814	-6.992945	-15.005972	-11.226068
166.721000	-7.005637	-7.011172	-7.009597	-6.972153	-6.991054	-6.999768	-7.008310	-7.002384	-7.004090	-6.997069	-6.993380	-6.988237	-7.012815	-6.992952	-15.006054	-11.226022
178.956000	-7.005626	-7.011175	-7.009593	-6.972148	-6.991053	-6.999770	-7.008318	-7.002398	-7.004089	-6.997068	-6.993381	-6.988235	-7.012825	-6.992922	-15.006035	-11.225974
191.126000	-7.005634	-7.011174	-7.009589	-6.972158	-6.991048	-6.999775	-7.008323	-7.002398	-7.004089	-6.997077	-6.993385	-6.988232	-7.012807	-6.992942	-15.006058	-11.225244
203.308000	-7.005626	-7.011153	-7.009455	-6.972145	-6.991035	-6.999670	-7.008267	-7.002366	-7.004074	-6.997048	-6.993393	-6.988181	-7.012810	-6.992919	-15.006195	-11.223987
215.511000	-7.005559	-7.011073	-7.009273	-6.972090	-6.990926	-6.999447	-7.008189	-7.002237	-7.003983	-6.996982	-6.993314	-6.988048	-7.012768	-6.992837	-15.006355	-11.221685
227.701000	-7.005411	-7.010964	-7.009053	-6.971979	-6.990750	-6.999201	-7.008089	-7.002091	-7.003831	-6.996864	-6.993217	-6.987905	-7.012690	-6.992695	-15.006295	-11.218559
239.894000	-7.005190	-7.010788	-7.008849	-6.971813	-6.990530	-6.998958	-7.007985	-7.001913	-7.003668	-6.996772	-6.993087	-6.987730	-7.012580	-6.992557	-15.006440	-11.215053
252.104000	-7.004996	-7.010615	-7.008672	-6.971605	-6.990316	-6.998753	-7.007878	-7.001741	-7.003478	-6.996665	-6.992952	-6.987569	-7.012488	-6.992429	-15.006444	-11.211307
264.290000	-7.004802	-7.010444	-7.008506	-6.971441	-6.990127	-6.998562	-7.007774	-7.001574	-7.003336	-6.996573	-6.992798	-6.987432	-7.012366	-6.992280	-15.006380	-11.207461
276.458000	-7.004584	-7.010294	-7.008372	-6.971279	-6.989978	-6.998425	-7.007691	-7.001433	-7.003217	-6.996483	-6.992664	-6.987326	-7.012244	-6.992156	-15.006563	-11.204276
288.642000	-7.004383	-7.010158	-7.008282	-6.971128	-6.989823	-6.998303	-7.007594	-7.001324	-7.003113	-6.996410	-6.992545	-6.987222	-7.012132	-6.992049	-15.006697	-11.201383
300.847000	-7.004207	-7.010039	-7.008229	-6.970984	-6.989676	-6.998213	-7.007542	-7.001231	-7.003053	-6.996332	-6.992416	-6.987143	-7.012005	-6.991969	-15.006615	-11.199034
313.043000	-7.004059	-7.009943	-7.008189	-6.970901	-6.989578	-6.998136	-7.007459	-7.001160	-7.002998	-6.996294	-6.992322	-6.987078	-7.011911	-6.991894	-15.006530	-11.197269
325.217000	-7.003937	-7.009867	-7.008160	-6.970822	-6.989498	-6.998100	-7.007421	-7.001114	-7.002956	-6.996252	-6.992245	-6.987007	-7.011819	-6.991848	-15.006751	-11.195959
337.405000	-7.003845	-7.009818	-7.008141	-6.970762	-6.989436	-6.998053	-7.007388	-7.001078	-7.002908	-6.996207	-6.992173	-6.986989	-7.011772	-6.991807	-15.006648	-11.194884
349.601000	-7.003807	-7.009773	-7.008122	-6.970719	-6.989396	-6.998058	-7.007376	-7.001052	-7.002888	-6.996189	-6.992127	-6.986947	-7.011720	-6.991772	-15.006639	-11.194070
361.817000	-7.003749	-7.009746	-7.008114	-6.970680	-6.989368	-6.998025	-7.007350	-7.001022	-7.002885	-6.996170	-6.992101	-6.986943	-7.011678	-6.991745	-15.006699	-11.193291
374.015000	-7.003706	-7.009718	-7.008087	-6.970654	-6.989320	-6.998006	-7.007355	-7.001006	-7.002854	-6.996156	-6.992073	-6.986946	-7.011636	-6.991710	-15.006641	-11.192759
386.190000	-7.003685	-7.009690	-7.008095	-6.970635	-6.989321	-6.997997	-7.007327	-7.000986	-7.002854	-6.996141	-6.992054	-6.986923	-7.011617	-6.991701	-15.006794	-11.192355
398.393000	-7.003647	-7.009685	-7.008073	-6.970621	-6.989305	-6.997988	-7.007330	-7.000985	-7.002845	-6.996128	-6.992035	-6.986915	-7.011600	-6.991684	-15.006659	-11.191938
410.599000	-7.003632	-7.009665	-7.008077	-6.970606	-6.989276	-6.997965	-7.007324	-7.000953	-7.002840	-6.996125	-6.992000	-6.986909	-7.011571	-6.991659	-15.006805	-11.191620
422.787000	-7.003612	-7.009662	-7.008066	-6.970599	-6.989253	-6.997967	-7.007313	-7.000949	-7.002833	-6.996130	-6.991996	-6.986898	-7.011536	-6.991651	-15.006770	-11.191430
434.973000	-7.003585	-7.009642	-7.008046	-6.970585	-6.989260	-6.997949	-7.007310	-7.000947	-7.002810	-6.996136	-6.991999	-6.986883	-7.011549	-6.991636	-15.006870	-11.191254
447.174000	-7.003586	-7.009635	-7.008039	-6.970566	-6.989252	-6.997934	-7.007300	-7.000936	-7.002808	-6.996125	-6.991985	-6.986874	-7.011530	-6.991645	-15.006961	-11.191146
459.349000	-7.003540	-7.009626	-7.008043	-6.970574	-6.989242	-6.997925	-7.007306	-7.000941	-7.002798	-6.996120	-6.991997	-6.986872	-7.011503	-6.991626	-15.006783	-11.190918
471.536000	-7.003550	-7.009629	-7.008037	-6.970572	-6.989236	-6.997919	-7.007285	-7.000930	-7.002784	-6.996124	-6.991990	-6.986869	-7.011498	-6.991622	-15.006790	-11.190851
483.732000	-7.003527	-7.009616	-7.008035	-6.970557	-6.989230	-6.997919	-7.007275	-7.000926	-7.002790	-6.996101	-6.991976	-6.986869	-7.011508	-6.991615	-15.006937	-11.190698
495.903000	-7.003516	-7.009621	-7.008018	-6.970549	-6.989240	-6.997912	-7.007266	-7.000937	-7.002786	-6.996137	-6.991975	-6.986866	-7.011474	-6.991608	-15.007177	-11.190748
508.071000	-7.003492	-7.009595	-7.008016	-6.970549	-6.989230	-6.997902	-7.007281	-7.000917	-7.002774	-6.996122	-6.991966	-6.986865	-7.011458	-6.991611	-15.006945	-11.190511
520.259000	-7.003491	-7.009594	-7.008024	-6.970542	-6.989214	-6.997899	-7.007273	-7.000905	-7.002767	-6.996121	-6.991959	-6.986857	-7.011444	-6.991611	-15.007066	-11.190518
532.474000	-7.003488	-7.009589	-7.008019	-6.970554	-6.989213	-6.997892	-7.007268	-7.000910	-7.002771	-6.996096	-6.991974	-6.986859	-7.011461	-6.991602	-15.007021	-11.190401
544.664000	-7.003472	-7.009589	-7.008021	-6.970558	-6.989205	-6.997906	-7.007277	-7.000900	-7.002763	-6.996104	-6.991980	-6.986857	-7.011453	-6.991580	-15.007000	-11.190356
556.847000	-7.003475	-7.009593	-7.008022	-6.970528	-6.989202	-6.997899	-7.007256	-7.000893	-7.002764	-6.996097	-6.991964	-6.986838	-7.011442	-6.991575	-15.007145	-11.190329
569.046000	-7.003457	-7.009593	-7.008012	-6.970529	-6.989194	-6.997896	-7.007266	-7.000901	-7.002769	-6.996106	-6.991968	-6.986850	-7.011430	-6.991564	-15.007158	-11.190207
581.223000	-7.003447	-7.009581	-7.008016	-6.970536	-6.989178	-6.997874	-7.007280	-7.000907	-7.002764	-6.996110	-6.991969	-6.986836	-7.011435	-6.991567	-15.007188	-11.190234
593.407000	-7.003458	-7.009573	-7.008008	-6.970531	-6.989196	-6.997885	-7.007258	-7.000910	-7.002753	-6.996090	-6.991954	-6.986828	-7.011445	-6.991561	-15.007293	-11.190275
605.614000	-7.003447	-7.009563	-7.008005	-6.970533	-6.989182	-6.997881	-7.007251	-7.000886	-7.002751	-6.996097	-6.991966	-6.986840	-7.011453	-6.991571	-15.007173	-11.190151
617.784000	-7.003450	-7.009561	-7.008013	-6.970537	-6.989189	-6.997886	-7.007258	-7.000884	-7.002751	-6.996090	-6.991969	-6.986817	-7.011442	-6.991571	-15.007192	-11.190177
629.983000	-7.003448	-7.009567	-7.008006	-6.970521	-6.989169	-6.997874	-7.007254	-7.000890	-7.002744	-6.996075	-6.991950	-6.986836	-7.011433	-6.991562	-15.007268	-11.190064
642.178000	-7.003447	-7.009559	-7.008009	-6.970502	-6.989177	-6.997876	-7.007255	-7.000873	-7.002740	-6.996089	-6.991935	-6.986828	-7.011448	-6.991567	-15.007316	-11.190068
654.368000	-7.003444	-7.009562	-7.007986	-6.970512	-6.989178	-6.997885	-7.007240	-7.000867	-7.002723	-6.996076	-6.991937	-6.986834	-7.011419	-6.991567	-15.007140	-11.189875
666.569000	-7.003427	-7.009539	-7.007988	-6.970511	-6.989167	-6.997859	-7.007244	-7.000881	-7.002722	-6.996084	-6.991931	-6.986826	-7.011418	-6.991566	-15.007272	-11.190003
678.769000	-7.003432	-7.009557	-7.008006	-6.970490	-6.989164	-6.997855	-7.007253	-7.000874	-7.002733	-6.996081	-6.991931	-6.986822	-7.011417	-6.991575	-15.007509	-11.189995
690.952000	-7.003415	-7.009544	-7.007990	-6.970488	-6.989175	-6.997876	-7.007244	-7.000872	-7.002747	-6.996082	-6.991936	-6.986814	-7.011418	-6.991569	-15.007253	-11.189896
703.160000	-7.003432	-7.009544	-7.007986	-6.970487	-6.989157	-6.997867	-7.007231	-7.000873	-7.002726	-6.996092	-6.991930	-6.986817	-7.011394	-6.991563	-15.007242	-11.189861
715.343000	-7.003429	-7.009545	-7.007983	-6.970481	-6.989164	-6.997868	-7.007230	-7.000872	-7.002731	-6.996098	-6.991923	-6.986813	-7.011416	-6.991552	-15.007224	-11.189880
727.534000	-7.003407	-7.009547	-7.007983	-6.970486	-6.989176	-6.997858	-7.007242	-7.000853	-7.002728	-6.996091	-6.991943	-6.986817	-7.011416	-6.991546	-15.007349	-11.189798
739.706000	-7.003403	-7.009545	-7.007985	-6.970481	-6.989183	-6.997869	-7.007237	-7.000866	-7.002730	-6.996082	-6.991938	-6.986818	-7.011427	-6.991533	-15.006982	-11.189535
751.898000	-7.003401	-7.009548	-7.007987	-6.970486	-6.989163	-6.997856	-7.007243	-7.000853	-7.002727	-6.996098	-6.991940	-6.986815	-7.011419	-6.991544	-15.007004	-11.189567
764.081000	-7.003395	-7.009547	-7.007982	-6.970477	-6.989160	-6.997869	-7.007231	-7.000869	-7.002709	-6.996090	-6.991938	-6.986820	-7.011403	-6.991537	-15.007018	-11.189567
776.272000	-7.003408	-7.009547	-7.007966	-6.970485	-6.989166	-6.997874	-7.007237	-7.000862	-7.002723	-6.996090	-6.991944	-6.986818	-7.011397	-6.991557	-15.007311	-11.189593
788.465000	-7.003404	-7.009538	-7.007982	-6.970501	-6.989164	-6.997878	-7.007232	-7.000857	-7.002726	-6.996098	-6.991926	-6.986823	-7.011412	-6.991544	-15.007200	-11.189608
800.662000	-7.003401	-7.009549	-7.007973	-6.970500	-6.989159	-6.997869	-7.007234	-7.000873	-7.002713	-6.996092	-6.991939	-6.986828	-7.011424	-6.991556	-15.007051	-11.189446
812.852000	-7.003394	-7.009541	-7.007972	-6.970496	-6.989153	-6.997849	-7.007237	-7.000861	-7.002705	-6.996098	-6.991934	-6.986806	-7.011427	-6.991538	-15.006926	-11.189435
825.027000	-7.003390	-7.009523	-7.007980	-6.970499	-6.989176	-6.997865	-7.007211	-7.000859	-7.002708	-6.996087	-6.991937	-6.986812	-7.011428	-6.991538	-15.006866	-11.189401
837.207000	-7.003392	-7.009524	-7.007973	-6.970477	-6.989164	-6.997861	-7.007237	-7.000856	-7.002711	-6.996089	-6.991934	-6.986796	-7.011426	-6.991531	-15.007043	-11.189396
849.395000	-7.003380	-7.009518	-7.007972	-6.970493	-6.989170	-6.997840	-7.007218	-7.000858	-7.002713	-6.996069	-6.991937	-6.986814	-7.011426	-6.991532	-15.007193	-11.189455
861.606000	-7.003379	-7.009513	-7.007977	-6.970478	-6.989164	-6.997851	-7.007234	-7.000851	-7.002695	-6.996084	-6.991919	-6.986815	-7.011438	-6.991535	-15.006932	-11.189396
873.801000	-7.003371	-7.009506	-7.007953	-6.970495	-6.989167	-6.997853	-7.007225	-7.000862	-7.002711	-6.996072	-6.991947	-6.986801	-7.011408	-6.991528	-15.007147	-11.189458
886.005000	-7.003373	-7.009510	-7.007968	-6.970494	-6.989182	-6.997857	-7.007240	-7.000875	-7.002704	-6.996084	-6.991934	-6.986800	-7.011429	-6.991524	-15.007172	-11.189459
898.188000	-7.003387	-7.009511	-7.007973	-6.970477	-6.989166	-6.997851	-7.007238	-7.000854	-7.002695	-6.996088	-6.991936	-6.986815	-7.011419	-6.991530	-15.007159	-11.189348
910.391000	-7.003378	-7.009526	-7.007959	-6.970482	-6.989163	-6.997847	-7.007236	-7.000858	-7.002706	-6.996088	-6.991916	-6.986822	-7.011443	-6.991522	-15.007243	-11.189426
922.587000	-7.003371	-7.009506	-7.007955	-6.970466	-6.989163	-6.997838	-7.007242	-7.000865	-7.002686	-6.996093	-6.991928	-6.986803	-7.011421	-6.991530	-15.007083	-11.189388
934.773000	-7.003356	-7.009527	-7.007968	-6.970484	-6.989151	-6.997846	-7.007225	-7.000858	-7.002692	-6.996076	-6.991927	-6.986812	-7.011417	-6.991515	-15.007179	-11.189446
946.983000	-7.003356	-7.009516	-7.007951	-6.970487	-6.989155	-6.997834	-7.007234	-7.000852	-7.002701	-6.996091	-6.991915	-6.986808	-7.011423	-6.991516	-15.007277	-11.189495
959.189000	-7.003369	-7.009506	-7.007963	-6.970466	-6.989148	-6.997843	-7.007221	-7.000855	-7.002692	-6.996088	-6.991918	-6.986812	-7.011404	-6.991524	-15.007283	-11.189372
971.376000	-7.003362	-7.009531	-7.007963	-6.970481	-6.989145	-6.997829	-7.007222	-7.000860	-7.002683	-6.996083	-6.991922	-6.986803	-7.011425	-6.991507	-15.007227	-11.189286
983.561000	-7.003361	-7.009529	-7.007979	-6.970468	-6.989142	-6.997843	-7.007232	-7.000860	-7.002673	-6.996079	-6.991925	-6.986799	-7.011417	-6.991524	-15.007340	-11.189296
995.741000	-7.003352	-7.009532	-7.007985	-6.970476	-6.989149	-6.997855	-7.007236	-7.000868	-7.002688	-6.996109	-6.991908	-6.986800	-7.011420	-6.991521	-15.007253	-11.189294
1007.925000	-7.003376	-7.009527	-7.007957	-6.970463	-6.989141	-6.997844	-7.007220	-7.000868	-7.002690	-6.996105	-6.991920	-6.986787	-7.011417	-6.991515	-15.007200	-11.189238
1020.135000	-7.003381	-7.009516	-7.007957	-6.970468	-6.989145	-6.997835	-7.007240	-7.000852	-7.002691	-6.996101	-6.991919	-6.986779	-7.011418	-6.991533	-15.007168	-11.189196
1032.331000	-7.003371	-7.009510	-7.007968	-6.970468	-6.989138	-6.997832	-7.007235	-7.000856	-7.002693	-6.996091	-6.991910	-6.986783	-7.011424	-6.991528	-15.007045	-11.189146
1044.525000	-7.003376	-7.009510	-7.007950	-6.970476	-6.989150	-6.997873	-7.007249	-7.000860	-7.002583	-6.996086	-6.991822	-6.986747	-7.011375	-6.991558	-15.007199	-11.192619
1056.729000	-7.003542	-7.009723	-7.008569	-6.970558	-6.989359	-6.998383	-7.007487	-7.001074	-7.002743	-6.996236	-6.991949	-6.986992	-7.011401	-6.991762	-15.006930	-11.196557
1068.919000	-7.003986	-7.010027	-7.008960	-6.970856	-6.989781	-6.998985	-7.007712	-7.001472	-7.003181	-6.996481	-6.992275	-6.987395	-7.011632	-6.992093	-15.006867	-11.200616
1081.121000	-7.004512	-7.010381	-7.009314	-6.971248	-6.990204	-6.999461	-7.007931	-7.001818	-7.003585	-6.996704	-6.992577	-6.987731	-7.011895	-6.992373	-15.007002	-11.205315
1093.325000	-7.004968	-7.010697	-7.009609	-6.971606	-6.990567	-6.999823	-7.008131	-7.002139	-7.003907	-6.996885	-6.992866	-6.988010	-7.012117	-6.992603	-15.007186	-11.210528
1105.500000	-7.005333	-7.010967	-7.009860	-6.971905	-6.990881	-7.000095	-7.008305	-7.002398	-7.004162	-6.997058	-6.993126	-6.988236	-7.012345	-6.992775	-15.006999	-11.215482
1117.704000	-7.005630	-7.011207	-7.010017	-6.972140	-6.991119	-7.000282	-7.008434	-7.002597	-7.004354	-6.997191	-6.993332	-6.988429	-7.012530	-6.992948	-15.006936	-11.220074
1129.927000	-7.005870	-7.011392	-7.010164	-6.972336	-6.991334	-7.000415	-7.008529	-7.002756	-7.004484	-6.997290	-6.993517	-6.988553	-7.012707	-6.993084	-15.007056	-11.224282
1142.113000	-7.006057	-7.011540	-7.010251	-6.972503	-6.991493	-7.000543	-7.008620	-7.002885	-7.004564	-6.997372	-6.993683	-6.988656	-7.012862	-6.993205	-15.007018	-11.228424
1154.328000	-7.006202	-7.011643	-7.010312	-6.972624	-6.991632	-7.000619	-7.008674	-7.002981	-7.004640	-6.997428	-6.993789	-6.988719	-7.012981	-6.993289	-15.006898	-11.232172
1166.534000	-7.006339	-7.011740	-7.010380	-6.972726	-6.991742	-7.000668	-7.008727	-7.003061	-7.004700	-6.997485	-6.993869	-6.988794	-7.013088	-6.993371	-15.007055	-11.235650
1178.717000	-7.006452	-7.011819	-7.010405	-6.972794	-6.991824	-7.000735	-7.008782	-7.003118	-7.004722	-6.997528	-6.993957	-6.988832	-7.013177	-6.993444	-15.006836	-11.238418
1190.929000	-7.006517	-7.011879	-7.010451	-6.972867	-6.991893	-7.000779	-7.008832	-7.003154	-7.004763	-6.997568	-6.994003	-6.988863	-7.013244	-6.993503	-15.006901	-11.240852
1203.111000	-7.006592	-7.011917	-7.010484	-6.972908	-6.991940	-7.000802	-7.008866	-7.003193	-7.004786	-6.997604	-6.994038	-6.988895	-7.013311	-6.993542	-15.006593	-11.242792
1215.312000	-7.006639	-7.011957	-7.010511	-6.972951	-6.991977	-7.000821	-7.008885	-7.003243	-7.004795	-6.997617	-6.994084	-6.988922	-7.013366	-6.993561	-15.006987	-11.244804
1227.510000	-7.006681	-7.011993	-7.010531	-6.972993	-6.992013	-7.000846	-7.008889	-7.003247	-7.004827	-6.997630	-6.994115	-6.988945	-7.013393	-6.993612	-15.006949	-11.246225
1239.708000	-7.006716	-7.012026	-7.010549	-6.973011	-6.992054	-7.000859	-7.008902	-7.003280	-7.004844	-6.997670	-6.994125	-6.988972	-7.013417	-6.993649	-15.006761	-11.247359
1251.902000	-7.006756	-7.012049	-7.010551	-6.973032	-6.992089	-7.000911	-7.008941	-7.003299	-7.004849	-6.997685	-6.994151	-6.988962	-7.013447	-6.993654	-15.006960	-11.248526
1264.094000	-7.006796	-7.012077	-7.010579	-6.973068	-6.992094	-7.000919	-7.008962	-7.003294	-7.004866	-6.997696	-6.994170	-6.988997	-7.013450	-6.993708	-15.006708	-11.249525
1276.264000	-7.006820	-7.012078	-7.010600	-6.973080	-6.992114	-7.000936	-7.008960	-7.003308	-7.004883	-6.997719	-6.994193	-6.988987	-7.013488	-6.993713	-15.006919	-11.250372
1288.444000	-7.006830	-7.012085	-7.010617	-6.973089	-6.992129	-7.000963	-7.008986	-7.003345	-7.004892	-6.997742	-6.994201	-6.988999	-7.013510	-6.993735	-15.006745	-11.250967
1300.638000	-7.006854	-7.012101	-7.010615	-6.973113	-6.992135	-7.000954	-7.009004	-7.003351	-7.004895	-6.997745	-6.994233	-6.989022	-7.013526	-6.993751	-15.006819	-11.251642
1312.831000	-7.006867	-7.012116	-7.010638	-6.973124	-6.992162	-7.000975	-7.009013	-7.003367	-7.004906	-6.997759	-6.994245	-6.989022	-7.013521	-6.993759	-15.006732	-11.252175
1325.013000	-7.006858	-7.012116	-7.010656	-6.973117	-6.992169	-7.000976	-7.009013	-7.003380	-7.004923	-6.997782	-6.994247	-6.989031	-7.013526	-6.993767	-15.006795	-11.252579
1337.207000	-7.006880	-7.012146	-7.010674	-6.973112	-6.992173	-7.000994	-7.009022	-7.003392	-7.004929	-6.997792	-6.994269	-6.989053	-7.013532	-6.993795	-15.006731	-11.253094
1349.406000	-7.006901	-7.012151	-7.010685	-6.973119	-6.992194	-7.001003	-7.009044	-7.003403	-7.004934	-6.997821	-6.994257	-6.989046	-7.013550	-6.993807	-15.007009	-11.253608
1361.573000	-7.006901	-7.012154	-7.010698	-6.973139	-6.992204	-7.001012	-7.009037	-7.003416	-7.004941	-6.997835	-6.994266	-6.989055	-7.013562	-6.993815	-15.007055	-11.253941
1373.762000	-7.006908	-7.012169	-7.010712	-6.973139	-6.992220	-7.001030	-7.009052	-7.003421	-7.004951	-6.997862	-6.994271	-6.989069	-7.013571	-6.993840	-15.006884	-11.254191
1385.950000	-7.006911	-7.012173	-7.010738	-6.973139	-6.992224	-7.001038	-7.009069	-7.003419	-7.004964	-6.997850	-6.994291	-6.989092	-7.013576	-6.993843	-15.006897	-11.254602
1398.144000	-7.006930	-7.012190	-7.010743	-6.973171	-6.992218	-7.001057	-7.009081	-7.003446	-7.004963	-6.997892	-6.994301	-6.989094	-7.013590	-6.993860	-15.006855	-11.254785
1410.321000	-7.006927	-7.012197	-7.010747	-6.973163	-6.992237	-7.001048	-7.009098	-7.003443	-7.004970	-6.997896	-6.994293	-6.989082	-7.013595	-6.993864	-15.006838	-11.255089
1422.500000	-7.006954	-7.012190	-7.010754	-6.973169	-6.992234	-7.001058	-7.009103	-7.003452	-7.004981	-6.997909	-6.994306	-6.989070	-7.013599	-6.993868	-15.006874	-11.255314
1434.688000	-7.006955	-7.012206	-7.010771	-6.973197	-6.992249	-7.001062	-7.009114	-7.003442	-7.005003	-6.997920	-6.994309	-6.989080	-7.013603	-6.993882	-15.006746	-11.255425
1446.856000	-7.006966	-7.012214	-7.010781	-6.973170	-6.992240	-7.001082	-7.009122	-7.003427	-7.004996	-6.997931	-6.994319	-6.989081	-7.013602	-6.993909	-15.006626	-11.255649
1459.023000	-7.006966	-7.012207	-7.010791	-6.973197	-6.992252	-7.001079	-7.009133	-7.003446	-7.004996	-6.997948	-6.994323	-6.989094	-7.013609	-6.993920	-15.006777	-11.255933
1471.216000	-7.006980	-7.012214	-7.010800	-6.973193	-6.992247	-7.001082	-7.009141	-7.003456	-7.004999	-6.997966	-6.994321	-6.989084	-7.013638	-6.993928	-15.006795	-11.256033
1483.395000	-7.006976	-7.012237	-7.010808	-6.973175	-6.992251	-7.001089	-7.009159	-7.003456	-7.005010	-6.997993	-6.994333	-6.989081	-7.013637	-6.993940	-15.006645	-11.256130
1495.611000	-7.006991	-7.012232	-7.010832	-6.973186	-6.992251	-7.001100	-7.009181	-7.003461	-7.005016	-6.997992	-6.994330	-6.989097	-7.013630	-6.993972	-15.006613	-11.256314
1507.776000	-7.006994	-7.012249	-7.010836	-6.973206	-6.992262	-7.001094	-7.009168	-7.003476	-7.005002	-6.998015	-6.994332	-6.989096	-7.013647	-6.993983	-15.006636	-11.256403
1519.954000	-7.006996	-7.012233	-7.010831	-6.973207	-6.992266	-7.001092	-7.009178	-7.003467	-7.005029	-6.998030	-6.994344	-6.989100	-7.013639	-6.994002	-15.006652	-11.256591
1532.137000	-7.006999	-7.012245	-7.010837	-6.973201	-6.992260	-7.001118	-7.009192	-7.003476	-7.005008	-6.998041	-6.994350	-6.989106	-7.013655	-6.994002	-15.006515	-11.256703
1544.331000	-7.007003	-7.012255	-7.010838	-6.973205	-6.992269	-7.001115	-7.009198	-7.003484	-7.005025	-6.998033	-6.994341	-6.989109	-7.013657	-6.994010	-15.006667	-11.256902
1556.536000	-7.007011	-7.012245	-7.010862	-6.973208	-6.992261	-7.001125	-7.009199	-7.003488	-7.005008	-6.998044	-6.994349	-6.989103	-7.013660	-6.994035	-15.006740	-11.256942
1568.713000	-7.007013	-7.012266	-7.010870	-6.973221	-6.992276	-7.001112	-7.009209	-7.003495	-7.005009	-6.998069	-6.994346	-6.989112	-7.013671	-6.994032	-15.006763	-11.257077
1580.921000	-7.007012	-7.012250	-7.010874	-6.973215	-6.992265	-7.001106	-7.009217	-7.003495	-7.005021	-6.998073	-6.994359	-6.989101	-7.013672	-6.994063	-15.006880	-11.257404
1593.107000	-7.007004	-7.012261	-7.010887	-6.973221	-6.992260	-7.001122	-7.009225	-7.003489	-7.005009	-6.998073	-6.994359	-6.989101	-7.013673	-6.994060	-15.006655	-11.257309
1605.275000	-7.007018	-7.012259	-7.010879	-6.973213	-6.992267	-7.001120	-7.009217	-7.003507	-7.005032	-6.998087	-6.994360	-6.989106	-7.013675	-6.994075	-15.006554	-11.257362
1617.479000	-7.007022	-7.012261	-7.010884	-6.973214	-6.992275	-7.001136	-7.009247	-7.003501	-7.005024	-6.998094	-6.994357	-6.989100	-7.013693	-6.994100	-15.006746	-11.257524
1629.665000	-7.007020	-7.012255	-7.010894	-6.973224	-6.992276	-7.001133	-7.009253	-7.003505	-7.005033	-6.998097	-6.994358	-6.989103	-7.013697	-6.994097	-15.006788	-11.257685
1641.867000	-7.007022	-7.012257	-7.010890	-6.973231	-6.992255	-7.001136	-7.009241	-7.003501	-7.005027	-6.998090	-6.994358	-6.989124	-7.013682	-6.994112	-15.006836	-11.257784
1654.049000	-7.007040	-7.012267	-7.010891	-6.973225	-6.992263	-7.001141	-7.009245	-7.003512	-7.005027	-6.998124	-6.994370	-6.989116	-7.013693	-6.994110	-15.006864	-11.258068
1666.255000	-7.007024	-7.012265	-7.010905	-6.973244	-6.992281	-7.001142	-7.009256	-7.003515	-7.005027	-6.998121	-6.994370	-6.989111	-7.013697	-6.994131	-15.006963	-11.257962
1678.460000	-7.007024	-7.012265	-7.010916	-6.973237	-6.992272	-7.001147	-7.009269	-7.003520	-7.005025	-6.998110	-6.994369	-6.989138	-7.013689	-6.994141	-15.006654	-11.257962
1690.657000	-7.007030	-7.012284	-7.010904	-6.973259	-6.992279	-7.001157	-7.009267	-7.003506	-7.005023	-6.998119	-6.994386	-6.989108	-7.013698	-6.994152	-15.006806	-11.258151
1702.843000	-7.007033	-7.012284	-7.010901	-6.973251	-6.992291	-7.001152	-7.009296	-7.003520	-7.005035	-6.998130	-6.994381	-6.989116	-7.013691	-6.994149	-15.006755	-11.258177
1715.025000	-7.007042	-7.012277	-7.010919	-6.973246	-6.992299	-7.001159	-7.009282	-7.003515	-7.005038	-6.998120	-6.994376	-6.989122	-7.013688	-6.994159	-15.006786	-11.258199
1727.203000	-7.007035	-7.012266	-7.010918	-6.973242	-6.992291	-7.001163	-7.009286	-7.003527	-7.005030	-6.998134	-6.994389	-6.989127	-7.013695	-6.994168	-15.006791	-11.258208
1739.397000	-7.007032	-7.012274	-7.010922	-6.973249	-6.992288	-7.001179	-7.009310	-7.003514	-7.005027	-6.998142	-6.994397	-6.989124	-7.013702	-6.994167	-15.006736	-11.258342
1751.613000	-7.007053	-7.012272	-7.010927	-6.973246	-6.992295	-7.001169	-7.009311	-7.003544	-7.005018	-6.998146	-6.994391	-6.989140	-7.013715	-6.994177	-15.006960	-11.258453
1763.825000	-7.007064	-7.012303	-7.010937	-6.973252	-6.992273	-7.001164	-7.009299	-7.003519	-7.005013	-6.998157	-6.994390	-6.989147	-7.013709	-6.994181	-15.006731	-11.258455
1776.015000	-7.007060	-7.012297	-7.010936	-6.973259	-6.992289	-7.001173	-7.009306	-7.003524	-7.005029	-6.998157	-6.994375	-6.989149	-7.013725	-6.994203	-15.006785	-11.258543
1788.205000	-7.007069	-7.012295	-7.010945	-6.973263	-6.992291	-7.001179	-7.009325	-7.003533	-7.005046	-6.998158	-6.994385	-6.989142	-7.013723	-6.994199	-15.006677	-11.258491
1800.402000	-7.007070	-7.012310	-7.010955	-6.973255	-6.992311	-7.001175	-7.009320	-7.003530	-7.005031	-6.998153	-6.994378	-6.989139	-7.013720	-6.994202	-15.006724	-11.258593
1812.596000	-7.007063	-7.012297	-7.010928	-6.973247	-6.992291	-7.001167	-7.009323	-7.003524	-7.005023	-6.998191	-6.994403	-6.989139	-7.013729	-6.994202	-15.006764	-11.258034
1824.763000	-7.007045	-7.012259	-7.010744	-6.973236	-6.992263	-7.000988	-7.009242	-7.003465	-7.004989	-6.998102	-6.994366	-6.989091	-7.013719	-6.994121	-15.006752	-11.256811
1836.939000	-7.006871	-7.012165	-7.010442	-6.973150	-6.992149	-7.000680	-7.009055	-7.003296	-7.004840	-6.997883	-6.994282	-6.988948	-7.013656	-6.993853	-15.006726	-11.254170
1849.137000	-7.006661	-7.011987	-7.010191	-6.972984	-6.991962	-7.000436	-7.008863	-7.003110	-7.004675	-6.997623	-6.994149	-6.988797	-7.013540	-6.993634	-15.006808	-11.250833
1861.336000	-7.006463	-7.011833	-7.010026	-6.972846	-6.991787	-7.000253	-7.008744	-7.002965	-7.004510	-6.997496	-6.994022	-6.988679	-7.013424	-6.993482	-15.006853	-11.247303
1873.574000	-7.006300	-7.011697	-7.009912	-6.972723	-6.991611	-7.000124	-7.008643	-7.002842	-7.004413	-6.997412	-6.993915	-6.988571	-7.013323	-6.993374	-15.007108	-11.244133
1885.778000	-7.006177	-7.011596	-7.009818	-6.972588	-6.991488	-7.000022	-7.008592	-7.002735	-7.004330	-6.997344	-6.993818	-6.988506	-7.013234	-6.993282	-15.007190	-11.241271
1897.966000	-7.006045	-7.011496	-7.009764	-6.972524	-6.991405	-6.999974	-7.008537	-7.002678	-7.004253	-6.997288	-6.993753	-6.988450	-7.013158	-6.993205	-15.007232	-11.238862
1910.136000	-7.005949	-7.011432	-7.009733	-6.972447	-6.991333	-6.999915	-7.008503	-7.002614	-7.004221	-6.997255	-6.993683	-6.988409	-7.013088	-6.993147	-15.006918	-11.236582
1922.342000	-7.005887	-7.011381	-7.009714	-6.972393	-6.991251	-6.999871	-7.008464	-7.002600	-7.004185	-6.997214	-6.993630	-6.988382	-7.013050	-6.993116	-15.007248	-11.235067
1934.546000	-7.005839	-7.011351	-7.009702	-6.972347	-6.991216	-6.999855	-7.008447	-7.002561	-7.004160	-6.997211	-6.993596	-6.988349	-7.013001	-6.993081	-15.007189	-11.233573
1946.731000	-7.005790	-7.011328	-7.009692	-6.972321	-6.991187	-6.999853	-7.008412	-7.002535	-7.004159	-6.997181	-6.993548	-6.988330	-7.012974	-6.993057	-15.007116	-11.232367
1958.911000	-7.005753	-7.011296	-7.009662	-6.972285	-6.991163	-6.999820	-7.008404	-7.002511	-7.004127	-6.997173	-6.993526	-6.988338	-7.012926	-6.993033	-15.007162	-11.231540
1971.116000	-7.005739	-7.011260	-7.009668	-6.972270	-6.991120	-6.999807	-7.008370	-7.002509	-7.004115	-6.997157	-6.993510	-6.988310	-7.012915	-6.993027	-15.006822	-11.230668
1983.296000	-7.005716	-7.011247	-7.009668	-6.972262	-6.991101	-6.999811	-7.008372	-7.002506	-7.004125	-6.997145	-6.993489	-6.988292	-7.012895	-6.993013	-15.006967	-11.230045
1995.493000	-7.005703	-7.011236	-7.009648	-6.972244	-6.991095	-6.999796	-7.008380	-7.002479	-7.004115	-6.997130	-6.993474	-6.988285	-7.012889	-6.993014	-15.007047	-11.229576
2007.678000	-7.005670	-7.011231	-7.009649	-6.972229	-6.991070	-6.999784	-7.008353	-7.002476	-7.004118	-6.997120	-6.993465	-6.988293	-7.012866	-6.993004	-15.006963	-11.228971
2019.863000	-7.005670	-7.011228	-7.009642	-6.972236	-6.991077	-6.999787	-7.008358	-7.002468	-7.004105	-6.997117	-6.993475	-6.988273	-7.012869	-6.992971	-15.006857	-11.228604
2032.052000	-7.005660	-7.011220	-7.009630	-6.972228	-6.991061	-6.999783	-7.008358	-7.002466	-7.004105	-6.997118	-6.993449	-6.988264	-7.012853	-6.992971	-15.006945	-11.228423
2044.221000	-7.005657	-7.011213	-7.009614	-6.972209	-6.991061	-6.999783	-7.008358	-7.002468	-7.004097	-6.997125	-6.993468	-6.988274	-7.012854	-6.992959	-15.007147	-11.228234
	-7.005644	-7.011207	-7.009626	-6.972189	-6.991039	-6.999781	-7.008354	-7.002461	-7.004101	-6.997119	-6.993468	-6.988274	-7.012829			
