5.025000	-7.226554	-7.216386	-7.208839	-7.282434	-7.145124	-7.249965	-7.387449	-7.190561	-7.214302	-7.237562	-7.249120	-7.254487	-7.234832	-6.290050	-14.995736	-7.243710
25.065000	-7.226554	-7.216353	-7.208797	-7.282478	-7.145124	-7.249968	-7.393838	-7.190538	-7.214029	-7.237530	-7.249247	-7.254478	-7.234878	-6.290036	-14.995634	-7.243737
45.119000	-7.226551	-7.216363	-7.208769	-7.281707	-7.145144	-7.249958	-7.396623	-7.190539	-7.213951	-7.237516	-7.249275	-7.254475	-7.234874	-6.290031	-14.995653	-7.243749
65.127000	-7.226559	-7.216343	-7.208798	-7.281607	-7.145153	-7.249940	-7.398111	-7.190522	-7.213834	-7.237552	-7.249274	-7.254496	-7.234887	-6.290030	-14.995622	-7.243755
85.145000	-7.226556	-7.216355	-7.208778	-7.281536	-7.145150	-7.249943	-7.399065	-7.190536	-7.213804	-7.237536	-7.249299	-7.254465	-7.234897	-6.290031	-14.995645	-7.243734
105.155000	-7.226560	-7.216355	-7.208776	-7.281527	-7.145141	-7.249927	-7.400415	-7.190524	-7.213779	-7.237551	-7.249302	-7.254476	-7.234882	-6.290031	-14.995638	-7.243752
125.155000	-7.226553	-7.216379	-7.208775	-7.281527	-7.145132	-7.249949	-7.400778	-7.190525	-7.213738	-7.237542	-7.249320	-7.254456	-7.234875	-6.290033	-14.995657	-7.243748
145.195000	-7.226555	-7.216396	-7.208777	-7.281538	-7.145155	-7.249953	-7.401678	-7.190520	-7.213688	-7.237547	-7.249321	-7.254420	-7.234866	-6.290030	-14.995695	-7.243733
165.215000	-7.226536	-7.216383	-7.208774	-7.281502	-7.145134	-7.249965	-7.403890	-7.190527	-7.213667	-7.237541	-7.249321	-7.254449	-7.234866	-6.290031	-14.995639	-7.243746
185.185000	-7.226563	-7.216383	-7.208788	-7.281476	-7.145129	-7.249949	-7.403011	-7.190531	-7.213648	-7.237542	-7.249298	-7.254426	-7.234874	-6.290031	-14.995676	-7.243752
205.185000	-7.226544	-7.216387	-7.208765	-7.281464	-7.145147	-7.249948	-7.402277	-7.190522	-7.213635	-7.237546	-7.249317	-7.254415	-7.234896	-6.290031	-14.995604	-7.243752
225.235000	-7.226569	-7.216374	-7.208767	-7.281457	-7.145167	-7.249959	-7.402291	-7.190522	-7.213637	-7.237535	-7.249332	-7.254403	-7.234870	-6.290032	-14.995639	-7.243746
245.247000	-7.226537	-7.216382	-7.208768	-7.281443	-7.145148	-7.249937	-7.402853	-7.190519	-7.213639	-7.237531	-7.249331	-7.254395	-7.234896	-6.290033	-14.995633	-7.243752
265.275000	-7.226559	-7.216375	-7.208759	-7.281470	-7.145146	-7.249944	-7.403825	-7.190497	-7.213631	-7.237538	-7.249310	-7.254369	-7.234880	-6.290033	-14.995648	-7.243762
285.295000	-7.226569	-7.216370	-7.208754	-7.281448	-7.145175	-7.249936	-7.404788	-7.190523	-7.213623	-7.237523	-7.249335	-7.254382	-7.234876	-6.290034	-14.995646	-7.243768
305.335000	-7.226560	-7.216395	-7.208795	-7.281440	-7.145167	-7.249944	-7.404179	-7.190520	-7.213642	-7.237532	-7.249320	-7.254375	-7.234889	-6.290036	-14.995663	-7.243754
325.356000	-7.226588	-7.216393	-7.208784	-7.281435	-7.145175	-7.249934	-7.404528	-7.190526	-7.213620	-7.237526	-7.249312	-7.254367	-7.234879	-6.290035	-14.995662	-7.243764
345.375000	-7.226576	-7.216379	-7.208801	-7.281434	-7.145182	-7.249966	-7.405910	-7.190536	-7.213658	-7.237507	-7.249338	-7.254355	-7.234871	-6.290034	-14.995667	-7.243773
365.355000	-7.226562	-7.216383	-7.208783	-7.281421	-7.145154	-7.249974	-7.407083	-7.190523	-7.213657	-7.237534	-7.249324	-7.254377	-7.234865	-6.290034	-14.995595	-7.243772
385.366000	-7.226559	-7.216381	-7.208789	-7.281449	-7.145171	-7.249959	-7.406160	-7.190517	-7.213658	-7.237525	-7.249342	-7.254355	-7.234877	-6.290031	-14.995640	-7.243761
405.435000	-7.226570	-7.216391	-7.208776	-7.281438	-7.145169	-7.249943	-7.405402	-7.190503	-7.213683	-7.237541	-7.249318	-7.254361	-7.234860	-6.290036	-14.995666	-7.243772
425.475000	-7.226562	-7.216386	-7.208784	-7.281435	-7.145153	-7.249964	-7.405831	-7.190528	-7.213714	-7.237564	-7.249317	-7.254336	-7.234875	-6.290035	-14.995644	-7.243770
445.475000	-7.226556	-7.216393	-7.208781	-7.281425	-7.145169	-7.249961	-7.407208	-7.190513	-7.213740	-7.237542	-7.249311	-7.254321	-7.234888	-6.290033	-14.995600	-7.243754
465.535000	-7.226573	-7.216393	-7.208771	-7.281401	-7.145169	-7.249946	-7.406573	-7.190532	-7.213748	-7.237543	-7.249322	-7.254305	-7.234879	-6.290032	-14.995631	-7.243770
485.586000	-7.226574	-7.216361	-7.208780	-7.281410	-7.145160	-7.249942	-7.405914	-7.190520	-7.213736	-7.237534	-7.249322	-7.254306	-7.234892	-6.290033	-14.995593	-7.243773
505.616000	-7.226579	-7.216374	-7.208768	-7.281398	-7.145146	-7.249951	-7.406227	-7.190522	-7.213749	-7.237543	-7.249303	-7.254293	-7.234895	-6.290031	-14.995599	-7.243775
525.615000	-7.226576	-7.216371	-7.208775	-7.281407	-7.145151	-7.249969	-7.406528	-7.190522	-7.213772	-7.237555	-7.249322	-7.254309	-7.234887	-6.290032	-14.995579	-7.243764
545.625000	-7.226568	-7.216362	-7.208777	-7.281412	-7.145150	-7.249952	-7.406480	-7.190509	-7.213835	-7.237538	-7.249307	-7.254289	-7.234891	-6.290033	-14.995639	-7.243766
565.645000	-7.226559	-7.216369	-7.208774	-7.281417	-7.145155	-7.249943	-7.407481	-7.190507	-7.213828	-7.237530	-7.249329	-7.254281	-7.234901	-6.290035	-14.995597	-7.243805
585.635000	-7.226575	-7.216378	-7.208789	-7.281410	-7.145160	-7.249937	-7.407718	-7.190522	-7.213859	-7.237502	-7.249318	-7.254285	-7.234893	-6.290032	-14.995577	-7.243781
605.636000	-7.226574	-7.216385	-7.208771	-7.281391	-7.145145	-7.249942	-7.407394	-7.190514	-7.213884	-7.237526	-7.249331	-7.254277	-7.234901	-6.290033	-14.995532	-7.243766
625.685000	-7.226576	-7.216368	-7.208776	-7.281395	-7.145144	-7.249976	-7.407809	-7.190529	-7.213882	-7.237539	-7.249315	-7.254280	-7.234881	-6.290034	-14.995607	-7.243766
645.705000	-7.226585	-7.216360	-7.208773	-7.281406	-7.145143	-7.249952	-7.408922	-7.190532	-7.213931	-7.237532	-7.249340	-7.254274	-7.234891	-6.290032	-14.995599	-7.243756
665.705000	-7.226567	-7.216368	-7.208785	-7.281390	-7.145123	-7.249940	-7.408712	-7.190505	-7.213958	-7.237546	-7.249326	-7.254273	-7.234905	-6.290035	-14.995626	-7.243770
685.695000	-7.226580	-7.216356	-7.208795	-7.281396	-7.145148	-7.249946	-7.408385	-7.190501	-7.214001	-7.237550	-7.249340	-7.254271	-7.234900	-6.290034	-14.995577	-7.243778
705.675000	-7.226590	-7.216375	-7.208784	-7.281408	-7.145125	-7.249956	-7.408288	-7.190510	-7.214008	-7.237545	-7.249326	-7.254254	-7.234885	-6.290033	-14.995575	-7.243783
725.695000	-7.226581	-7.216363	-7.208779	-7.281380	-7.145124	-7.249941	-7.408032	-7.190504	-7.214019	-7.237553	-7.249348	-7.254248	-7.234909	-6.290034	-14.995557	-7.243768
745.715000	-7.226580	-7.216368	-7.208806	-7.281381	-7.145150	-7.249959	-7.409170	-7.190530	-7.214060	-7.237551	-7.249364	-7.254258	-7.234906	-6.290034	-14.995555	-7.243782
765.705000	-7.226603	-7.216375	-7.208798	-7.281374	-7.145153	-7.249965	-7.408873	-7.190490	-7.214087	-7.237545	-7.249352	-7.254243	-7.234896	-6.290032	-14.995542	-7.243772
785.725000	-7.226579	-7.216366	-7.208791	-7.281372	-7.145143	-7.249957	-7.407486	-7.190529	-7.214092	-7.237523	-7.249351	-7.254235	-7.234879	-6.290032	-14.995576	-7.243791
805.735000	-7.226591	-7.216381	-7.208813	-7.281373	-7.145135	-7.249957	-7.409180	-7.190522	-7.214057	-7.237546	-7.249349	-7.254251	-7.234890	-6.290035	-14.995580	-7.243776
825.785000	-7.226574	-7.216371	-7.208803	-7.281367	-7.145129	-7.249952	-7.408689	-7.190515	-7.214133	-7.237526	-7.249345	-7.254221	-7.234869	-6.290033	-14.995504	-7.243770
845.795000	-7.226585	-7.216376	-7.208806	-7.281363	-7.145125	-7.249970	-7.408792	-7.190508	-7.214161	-7.237527	-7.249364	-7.254228	-7.234916	-6.290036	-14.995579	-7.243780
865.835000	-7.226584	-7.216398	-7.208798	-7.281363	-7.145135	-7.249970	-7.408436	-7.190502	-7.214210	-7.237525	-7.249335	-7.254213	-7.234910	-6.290037	-14.995511	-7.243777
885.826000	-7.226613	-7.216397	-7.208776	-7.281311	-7.145121	-7.249904	-7.408976	-7.190508	-7.214076	-7.237493	-7.249189	-7.254178	-7.234861	-6.290049	-14.995575	-7.243757
905.825000	-7.226594	-7.216382	-7.208803	-7.281305	-7.145153	-7.249923	-7.409580	-7.190499	-7.214193	-7.237522	-7.249159	-7.254193	-7.234878	-6.290031	-14.995495	-7.243776
925.805000	-7.226574	-7.216373	-7.208805	-7.281311	-7.145137	-7.249932	-7.409053	-7.190520	-7.214262	-7.237506	-7.249185	-7.254204	-7.234888	-6.290021	-14.995519	-7.243802
945.845000	-7.226616	-7.216393	-7.208802	-7.281361	-7.145144	-7.249949	-7.408956	-7.190494	-7.214368	-7.237531	-7.249274	-7.254204	-7.234894	-6.290035	-14.995557	-7.243803
965.835000	-7.226593	-7.216360	-7.208783	-7.281363	-7.145153	-7.249972	-7.408416	-7.190522	-7.214428	-7.237531	-7.249326	-7.254199	-7.234909	-6.290033	-14.995469	-7.243791
985.845000	-7.226600	-7.216364	-7.208790	-7.271512	-7.145153	-7.249979	-7.276268	-7.190524	-7.217886	-7.237552	-7.248497	-7.254129	-7.234919	-6.290033	-14.995551	-7.243775
1005.855000	-7.226624	-7.216368	-7.208766	-7.271505	-7.145143	-7.249967	-7.304630	-7.190541	-7.217100	-7.237552	-7.248239	-7.254123	-7.234908	-6.290036	-14.995523	-7.243792
1025.865000	-7.226607	-7.216387	-7.208781	-7.271504	-7.145139	-7.249962	-7.304755	-7.190555	-7.217050	-7.237552	-7.248064	-7.254097	-7.234910	-6.290037	-14.995494	-7.243798
1045.885000	-7.226611	-7.216373	-7.208791	-7.271517	-7.145147	-7.249956	-7.304669	-7.190541	-7.217007	-7.237557	-7.247986	-7.254095	-7.234925	-6.290036	-14.995467	-7.243784
1065.915000	-7.226598	-7.216362	-7.208790	-7.271519	-7.145141	-7.249955	-7.304568	-7.190556	-7.216977	-7.237541	-7.247932	-7.254066	-7.234923	-6.290037	-14.995530	-7.243792
1085.955000	-7.226588	-7.216377	-7.208786	-7.271516	-7.145139	-7.249955	-7.304232	-7.190542	-7.216989	-7.237536	-7.247904	-7.254093	-7.234911	-6.290035	-14.995508	-7.243785
1105.959000	-7.226591	-7.216371	-7.208792	-7.271526	-7.145141	-7.249956	-7.304094	-7.190548	-7.216971	-7.237534	-7.247879	-7.254090	-7.234925	-6.290037	-14.995532	-7.243785
1125.975000	-7.226594	-7.216372	-7.208786	-7.271509	-7.145142	-7.249952	-7.303985	-7.190537	-7.216952	-7.237549	-7.247842	-7.254079	-7.234931	-6.290039	-14.995483	-7.243799
1145.985000	-7.226591	-7.216351	-7.208769	-7.271540	-7.145126	-7.249966	-7.304304	-7.190539	-7.216936	-7.237549	-7.247815	-7.254063	-7.234920	-6.290036	-14.995480	-7.243799
1165.995000	-7.226600	-7.216385	-7.208781	-7.271513	-7.145138	-7.249971	-7.304301	-7.190544	-7.216940	-7.237548	-7.247799	-7.254057	-7.234928	-6.290040	-14.995520	-7.243806
1186.025000	-7.226590	-7.216379	-7.208743	-7.271538	-7.145142	-7.249961	-7.304315	-7.190522	-7.216924	-7.237532	-7.247776	-7.254068	-7.234918	-6.290039	-14.995476	-7.243779
1206.045000	-7.226592	-7.216385	-7.208772	-7.271533	-7.145133	-7.249949	-7.303886	-7.190528	-7.216882	-7.237542	-7.247756	-7.254057	-7.234929	-6.290040	-14.995542	-7.243780
1226.035000	-7.226588	-7.216395	-7.208786	-7.271538	-7.145148	-7.249949	-7.303695	-7.190531	-7.216897	-7.237545	-7.247731	-7.254061	-7.234932	-6.290038	-14.995513	-7.243789
1246.065000	-7.226570	-7.216400	-7.208803	-7.271551	-7.145146	-7.249956	-7.303538	-7.190522	-7.216877	-7.237546	-7.247716	-7.254058	-7.234907	-6.290039	-14.995482	-7.243795
1266.085000	-7.226585	-7.216399	-7.208776	-7.271550	-7.145147	-7.249958	-7.303712	-7.190526	-7.216864	-7.237559	-7.247685	-7.254033	-7.234928	-6.290039	-14.995523	-7.243802
1286.105000	-7.226585	-7.216393	-7.208785	-7.271536	-7.145122	-7.249965	-7.303463	-7.190514	-7.216846	-7.237522	-7.247703	-7.254048	-7.234913	-6.290038	-14.995491	-7.243786
1306.115000	-7.226597	-7.216388	-7.208751	-7.271558	-7.145145	-7.249969	-7.302907	-7.190518	-7.216840	-7.237552	-7.247677	-7.254030	-7.234906	-6.290039	-14.995517	-7.243776
1326.135000	-7.226597	-7.216370	-7.208771	-7.271542	-7.145152	-7.249956	-7.302635	-7.190514	-7.216826	-7.237535	-7.247677	-7.254046	-7.234912	-6.290038	-14.995506	-7.243775
1346.145000	-7.226597	-7.216388	-7.208780	-7.271560	-7.145160	-7.249962	-7.302978	-7.190505	-7.216806	-7.237543	-7.247661	-7.254031	-7.234922	-6.290038	-14.995480	-7.243795
1366.135000	-7.226606	-7.216379	-7.208765	-7.271553	-7.145161	-7.249944	-7.302753	-7.190526	-7.216801	-7.237541	-7.247639	-7.254054	-7.234906	-6.290037	-14.995501	-7.243782
1386.145000	-7.226609	-7.216387	-7.208756	-7.271558	-7.145121	-7.249981	-7.302817	-7.190528	-7.216790	-7.237527	-7.247636	-7.254037	-7.234927	-6.290039	-14.995481	-7.243809
1406.155000	-7.226602	-7.216405	-7.208775	-7.271553	-7.145137	-7.249967	-7.302725	-7.190524	-7.216813	-7.237552	-7.247645	-7.254038	-7.234903	-6.290038	-14.995480	-7.243787
1426.165000	-7.226608	-7.216392	-7.208774	-7.271559	-7.145131	-7.249958	-7.302585	-7.190530	-7.216820	-7.237549	-7.247621	-7.254018	-7.234910	-6.290038	-14.995479	-7.243784
1446.165000	-7.226612	-7.216401	-7.208761	-7.271567	-7.145136	-7.249956	-7.302498	-7.190522	-7.216850	-7.237543	-7.247609	-7.254045	-7.234893	-6.290040	-14.995505	-7.243783
1466.165000	-7.226582	-7.216391	-7.208776	-7.271567	-7.145130	-7.249970	-7.301660	-7.190520	-7.216807	-7.237546	-7.247588	-7.254026	-7.234915	-6.290039	-14.995514	-7.243794
1486.185000	-7.226588	-7.216412	-7.208787	-7.271565	-7.145135	-7.249961	-7.301786	-7.190500	-7.216822	-7.237546	-7.247614	-7.254046	-7.234889	-6.290040	-14.995503	-7.243798
1506.175000	-7.226592	-7.216386	-7.208750	-7.271572	-7.145134	-7.249958	-7.302032	-7.190527	-7.216794	-7.237526	-7.247597	-7.254019	-7.234893	-6.290040	-14.995484	-7.243781
1526.175000	-7.226593	-7.216372	-7.208756	-7.271566	-7.145126	-7.249974	-7.301996	-7.190526	-7.216798	-7.237558	-7.247605	-7.254016	-7.234897	-6.290041	-14.995493	-7.243798
1546.165000	-7.226578	-7.216378	-7.208756	-7.271591	-7.145121	-7.249956	-7.301830	-7.190520	-7.216786	-7.237561	-7.247598	-7.254026	-7.234906	-6.290041	-14.995468	-7.243797
1566.165000	-7.226594	-7.216366	-7.208774	-7.271587	-7.145124	-7.249956	-7.301991	-7.190506	-7.216822	-7.237538	-7.247576	-7.254007	-7.234897	-6.290042	-14.995519	-7.243798
1586.145000	-7.226620	-7.216374	-7.208787	-7.271555	-7.145136	-7.249951	-7.302192	-7.190518	-7.216778	-7.237556	-7.247582	-7.254013	-7.234896	-6.290042	-14.995476	-7.243810
1606.175000	-7.226591	-7.216386	-7.208778	-7.271579	-7.145147	-7.249963	-7.301984	-7.190518	-7.216778	-7.237578	-7.247579	-7.253999	-7.234904	-6.290041	-14.995473	-7.243795
1626.170000	-7.226589	-7.216371	-7.208753	-7.271580	-7.145141	-7.249951	-7.301920	-7.190517	-7.216758	-7.237567	-7.247550	-7.253985	-7.234907	-6.290043	-14.995520	-7.243788
1646.185000	-7.226597	-7.216375	-7.208770	-7.271575	-7.145137	-7.249964	-7.301744	-7.190518	-7.216783	-7.237556	-7.247569	-7.253986	-7.234892	-6.290043	-14.995483	-7.243777
1666.255000	-7.226592	-7.216378	-7.208765	-7.271572	-7.145133	-7.249945	-7.301897	-7.190502	-7.216775	-7.237565	-7.247542	-7.254005	-7.234902	-6.290042	-14.995508	-7.243778
1686.245000	-7.226597	-7.216373	-7.208755	-7.271556	-7.145153	-7.249952	-7.301916	-7.190516	-7.216771	-7.237552	-7.247528	-7.253981	-7.234903	-6.290044	-14.995492	-7.243782
1706.255000	-7.226613	-7.216376	-7.208743	-7.271569	-7.145136	-7.249941	-7.301698	-7.190510	-7.216775	-7.237560	-7.247534	-7.254001	-7.234913	-6.290042	-14.995477	-7.243764
1726.225000	-7.226610	-7.216388	-7.208737	-7.271572	-7.145128	-7.249939	-7.301813	-7.190515	-7.216770	-7.237565	-7.247505	-7.254005	-7.234930	-6.290043	-14.995490	-7.243779
1746.245000	-7.226608	-7.216391	-7.208761	-7.271565	-7.145137	-7.249936	-7.301756	-7.190512	-7.216756	-7.237561	-7.247526	-7.253992	-7.234910	-6.290043	-14.995515	-7.243775
1766.215000	-7.226618	-7.216404	-7.208758	-7.271574	-7.145107	-7.249958	-7.301952	-7.190534	-7.216761	-7.237541	-7.247517	-7.253982	-7.234912	-6.290043	-14.995504	-7.243774
1786.208000	-7.226603	-7.216386	-7.208761	-7.271583	-7.145121	-7.249925	-7.301869	-7.190534	-7.216740	-7.237569	-7.247527	-7.253966	-7.234907	-6.290045	-14.995505	-7.243770
1806.205000	-7.226616	-7.216363	-7.208775	-7.271576	-7.145143	-7.249941	-7.302041	-7.190508	-7.216748	-7.237579	-7.247524	-7.253976	-7.234929	-6.290045	-14.995468	-7.243795
1826.245000	-7.226593	-7.216372	-7.208769	-7.271583	-7.145109	-7.249936	-7.301948	-7.190513	-7.216740	-7.237562	-7.247528	-7.253982	-7.234905	-6.290046	-14.995532	-7.243779
1846.265000	-7.226605	-7.216376	-7.208738	-7.271580	-7.145136	-7.249946	-7.302011	-7.190519	-7.216706	-7.237562	-7.247515	-7.253962	-7.234891	-6.290046	-14.995498	-7.243788
1866.275000	-7.226591	-7.216376	-7.208774	-7.271566	-7.145136	-7.249929	-7.302066	-7.190511	-7.216698	-7.237562	-7.247515	-7.253982	-7.234898	-6.290046	-14.995479	-7.243771
1886.245000	-7.226598	-7.216376	-7.208759	-7.271584	-7.145116	-7.249932	-7.301849	-7.190514	-7.216675	-7.237565	-7.247500	-7.253987	-7.234901	-6.290048	-14.995478	-7.243773
1906.286000	-7.226599	-7.216367	-7.208765	-7.271587	-7.145138	-7.249959	-7.302119	-7.190502	-7.216695	-7.237588	-7.247503	-7.253971	-7.234907	-6.290047	-14.995506	-7.243777
1926.295000	-7.226618	-7.216379	-7.208768	-7.271594	-7.145124	-7.249946	-7.301834	-7.190495	-7.216692	-7.237564	-7.247490	-7.253971	-7.234912	-6.290046	-14.995501	-7.243792
1946.305000	-7.226620	-7.216369	-7.208776	-7.271581	-7.145111	-7.249971	-7.301760	-7.190513	-7.216691	-7.237559	-7.247482	-7.253983	-7.234900	-6.290048	-14.995476	-7.243782
1966.265000	-7.226611	-7.216380	-7.208764	-7.271585	-7.145105	-7.249934	-7.301835	-7.190525	-7.216680	-7.237592	-7.247462	-7.253978	-7.234924	-6.290047	-14.995526	-7.243783
1986.235000	-7.226610	-7.216386	-7.208770	-7.271577	-7.145142	-7.249947	-7.301785	-7.190515	-7.216696	-7.237558	-7.247475	-7.253963	-7.234914	-6.290049	-14.995456	-7.243782
2006.215000	-7.226617	-7.216364	-7.208766	-7.271583	-7.145126	-7.249939	-7.301824	-7.190520	-7.216659	-7.237563	-7.247465	-7.253946	-7.234905	-6.290049	-14.995484	-7.243804
2026.205000	-7.226603	-7.216364	-7.208777	-7.271608	-7.145117	-7.249939	-7.301709	-7.190524	-7.216679	-7.237588	-7.247480	-7.253949	-7.234921	-6.290049	-14.995521	-7.243797
2046.216000	-7.226602	-7.216386	-7.208762	-7.271591	-7.145123	-7.249947	-7.301768	-7.190542	-7.216656	-7.237573	-7.247473	-7.253968	-7.234907	-6.290047	-14.995500	-7.243771
2066.235000	-7.226642	-7.216502	-7.208773	-7.271506	-7.144994	-7.249562	-7.301934	-7.190320	-7.215364	-7.237457	-7.246905	-7.253854	-7.234582	-6.290364	-14.995567	-7.243549
2086.218000	-7.226694	-7.217120	-7.209332	-7.271358	-7.144847	-7.249218	-7.302119	-7.190031	-7.214386	-7.237371	-7.246400	-7.253724	-7.234169	-6.290599	-14.995589	-7.243668
2106.185000	-7.226722	-7.217844	-7.209933	-7.271183	-7.144715	-7.249015	-7.302445	-7.189827	-7.213850	-7.237336	-7.246113	-7.253602	-7.233782	-6.290774	-14.995590	-7.243923
2126.165000	-7.226757	-7.218439	-7.210426	-7.271020	-7.144620	-7.248871	-7.302545	-7.189695	-7.213437	-7.237329	-7.245933	-7.253536	-7.233520	-6.290961	-14.995642	-7.244201
2146.225000	-7.226761	-7.218873	-7.210754	-7.270927	-7.144581	-7.248795	-7.302573	-7.189618	-7.213251	-7.237348	-7.245788	-7.253474	-7.233321	-6.291099	-14.995655	-7.244428
2166.255000	-7.226752	-7.219128	-7.210933	-7.270877	-7.144563	-7.248771	-7.302576	-7.189553	-7.213192	-7.237377	-7.245734	-7.253452	-7.233228	-6.291169	-14.995691	-7.244506
2186.236000	-7.226753	-7.219247	-7.211050	-7.270818	-7.144528	-7.248737	-7.302726	-7.189552	-7.213146	-7.237405	-7.245738	-7.253430	-7.233167	-6.291217	-14.995652	-7.244567
2206.255000	-7.226767	-7.219299	-7.211086	-7.270824	-7.144543	-7.248751	-7.302610	-7.189565	-7.213144	-7.237386	-7.245719	-7.253441	-7.233105	-6.291256	-14.995702	-7.244596
2226.245000	-7.226765	-7.219364	-7.211160	-7.270804	-7.144526	-7.248744	-7.302714	-7.189540	-7.213126	-7.237389	-7.245700	-7.253431	-7.233098	-6.291288	-14.995667	-7.244629
2246.215000	-7.226762	-7.219373	-7.211170	-7.270821	-7.144507	-7.248730	-7.302520	-7.189517	-7.213098	-7.237379	-7.245679	-7.253419	-7.233090	-6.291313	-14.995683	-7.244646
2266.205000	-7.226766	-7.219391	-7.211195	-7.270808	-7.144547	-7.248728	-7.302619	-7.189525	-7.213071	-7.237388	-7.245652	-7.253411	-7.233056	-6.291333	-14.995673	-7.244679
2286.235000	-7.226763	-7.219390	-7.211228	-7.270788	-7.144524	-7.248704	-7.302730	-7.189515	-7.213089	-7.237417	-7.245661	-7.253405	-7.233070	-6.291349	-14.995689	-7.244703
2306.275000	-7.226745	-7.219461	-7.211265	-7.270790	-7.144521	-7.248712	-7.302645	-7.189509	-7.213071	-7.237393	-7.245641	-7.253418	-7.233053	-6.291361	-14.995743	-7.244712
2326.285000	-7.226739	-7.219485	-7.211250	-7.270809	-7.144506	-7.248726	-7.302789	-7.189494	-7.213028	-7.237419	-7.245642	-7.253401	-7.233051	-6.291376	-14.995666	-7.244736
2346.316000	-7.226752	-7.219505	-7.211293	-7.270791	-7.144531	-7.248694	-7.302635	-7.189500	-7.213048	-7.237411	-7.245625	-7.253413	-7.233026	-6.291392	-14.995722	-7.244760
2366.345000	-7.226736	-7.219508	-7.211283	-7.270785	-7.144516	-7.248717	-7.302580	-7.189484	-7.213022	-7.237397	-7.245631	-7.253379	-7.233053	-6.291401	-14.995748	-7.244787
2386.355000	-7.226737	-7.219490	-7.211275	-7.270790	-7.144524	-7.248706	-7.302677	-7.189515	-7.213024	-7.237417	-7.245629	-7.253393	-7.233042	-6.291412	-14.995676	-7.244787
2406.365000	-7.226726	-7.219498	-7.211309	-7.270789	-7.144510	-7.248713	-7.302719	-7.189468	-7.213025	-7.237409	-7.245624	-7.253399	-7.233025	-6.291418	-14.995684	-7.244801
2426.365000	-7.226765	-7.219512	-7.211310	-7.270808	-7.144517	-7.248709	-7.302697	-7.189493	-7.213029	-7.237398	-7.245619	-7.253393	-7.232990	-6.291426	-14.995714	-7.244803
2446.365000	-7.226744	-7.219507	-7.211320	-7.270785	-7.144512	-7.248700	-7.302724	-7.189500	-7.213023	-7.237384	-7.245618	-7.253393	-7.232996	-6.291438	-14.995685	-7.244813
2466.365000	-7.226741	-7.219516	-7.211330	-7.270793	-7.144494	-7.248702	-7.302726	-7.189495	-7.213005	-7.237399	-7.245611	-7.253390	-7.232965	-6.291446	-14.995661	-7.244811
2486.395000	-7.226757	-7.219530	-7.211328	-7.270800	-7.144502	-7.248702	-7.302715	-7.189500	-7.213018	-7.237406	-7.245610	-7.253395	-7.232981	-6.291452	-14.995690	-7.244832
2506.385000	-7.226752	-7.219546	-7.211354	-7.270815	-7.144527	-7.248699	-7.302632	-7.189495	-7.213023	-7.237397	-7.245602	-7.253417	-7.233002	-6.291457	-14.995726	-7.244839
2526.405000	-7.226757	-7.219554	-7.211349	-7.270776	-7.144527	-7.248689	-7.302706	-7.189483	-7.213027	-7.237397	-7.245629	-7.253391	-7.233016	-6.291460	-14.995747	-7.244837
2546.415000	-7.226772	-7.219535	-7.211339	-7.270789	-7.144494	-7.248702	-7.302703	-7.189479	-7.213015	-7.237373	-7.245593	-7.253403	-7.232999	-6.291465	-14.995712	-7.244823
2566.435000	-7.226750	-7.219542	-7.211374	-7.270783	-7.144486	-7.248689	-7.302603	-7.189484	-7.212998	-7.237398	-7.245588	-7.253380	-7.232990	-6.291469	-14.995678	-7.244845
2586.425000	-7.226760	-7.219567	-7.211364	-7.270794	-7.144527	-7.248702	-7.302811	-7.189485	-7.213003	-7.237387	-7.245584	-7.253364	-7.232965	-6.291473	-14.995717	-7.244855
2606.445000	-7.226746	-7.219549	-7.211379	-7.270781	-7.144513	-7.248700	-7.302735	-7.189490	-7.212962	-7.237405	-7.245570	-7.253376	-7.232974	-6.291474	-14.995713	-7.244848
2626.425000	-7.226736	-7.219556	-7.211365	-7.270786	-7.144531	-7.248681	-7.302740	-7.189491	-7.212986	-7.237409	-7.245580	-7.253369	-7.232972	-6.291480	-14.995679	-7.244882
2646.425000	-7.226762	-7.219585	-7.211378	-7.270767	-7.144522	-7.248696	-7.302661	-7.189483	-7.212984	-7.237432	-7.245604	-7.253389	-7.232987	-6.291483	-14.995717	-7.244873
2666.425000	-7.226744	-7.219575	-7.211388	-7.270796	-7.144523	-7.248687	-7.302721	-7.189484	-7.212975	-7.237425	-7.245580	-7.253364	-7.232958	-6.291487	-14.995684	-7.244882
2686.445000	-7.226755	-7.219597	-7.211389	-7.270782	-7.144528	-7.248695	-7.302779	-7.189466	-7.212993	-7.237403	-7.245570	-7.253354	-7.232957	-6.291491	-14.995693	-7.244874
2706.475000	-7.226747	-7.219575	-7.211388	-7.270795	-7.144506	-7.248683	-7.302806	-7.189498	-7.212977	-7.237413	-7.245584	-7.253383	-7.232987	-6.291491	-14.995680	-7.244894
2726.485000	-7.226742	-7.219582	-7.211386	-7.270779	-7.144505	-7.248689	-7.302698	-7.189479	-7.212991	-7.237417	-7.245565	-7.253373	-7.232980	-6.291494	-14.995635	-7.244869
2746.498000	-7.226725	-7.219568	-7.211403	-7.270795	-7.144518	-7.248698	-7.302580	-7.189473	-7.212986	-7.237385	-7.245571	-7.253373	-7.232972	-6.291497	-14.995671	-7.244885
2766.465000	-7.226713	-7.219571	-7.211402	-7.270779	-7.144512	-7.248696	-7.302737	-7.189475	-7.212977	-7.237376	-7.245571	-7.253378	-7.232960	-6.291502	-14.995676	-7.244869
2786.515000	-7.226737	-7.219598	-7.211419	-7.270788	-7.144517	-7.248676	-7.302835	-7.189487	-7.212954	-7.237398	-7.245590	-7.253385	-7.232970	-6.291504	-14.995721	-7.244887
2806.565000	-7.226732	-7.219585	-7.211409	-7.270752	-7.144521	-7.248683	-7.302700	-7.189480	-7.212981	-7.237391	-7.245582	-7.253389	-7.232973	-6.291508	-14.995706	-7.244901
2826.546000	-7.226740	-7.219597	-7.211424	-7.270762	-7.144520	-7.248698	-7.302733	-7.189482	-7.212977	-7.237390	-7.245577	-7.253383	-7.232936	-6.291510	-14.995671	-7.244883
2846.535000	-7.226737	-7.219598	-7.211427	-7.270778	-7.144499	-7.248696	-7.302767	-7.189478	-7.212961	-7.237379	-7.245566	-7.253373	-7.232961	-6.291512	-14.995729	-7.244886
2866.555000	-7.226742	-7.219586	-7.211434	-7.270791	-7.144503	-7.248687	-7.302780	-7.189491	-7.212969	-7.237413	-7.245580	-7.253348	-7.232952	-6.291516	-14.995697	-7.244884
2886.555000	-7.226736	-7.219601	-7.211421	-7.270777	-7.144507	-7.248693	-7.302719	-7.189477	-7.212957	-7.237407	-7.245577	-7.253361	-7.232940	-6.291518	-14.995663	-7.244891
2906.577000	-7.226735	-7.219603	-7.211414	-7.270773	-7.144504	-7.248695	-7.302761	-7.189483	-7.212971	-7.237406	-7.245573	-7.253359	-7.232959	-6.291521	-14.995730	-7.244922
2926.585000	-7.226735	-7.219601	-7.211443	-7.270782	-7.144501	-7.248687	-7.302796	-7.189472	-7.212978	-7.237402	-7.245566	-7.253362	-7.232961	-6.291520	-14.995664	-7.244906
2946.615000	-7.226761	-7.219596	-7.211441	-7.270785	-7.144491	-7.248699	-7.302756	-7.189471	-7.212939	-7.237396	-7.245561	-7.253368	-7.232936	-6.291522	-14.995694	-7.244885
2966.625000	-7.226738	-7.219620	-7.211440	-7.270778	-7.144488	-7.248680	-7.302778	-7.189461	-7.212942	-7.237384	-7.245565	-7.253375	-7.232954	-6.291523	-14.995624	-7.244895
2986.665000	-7.226742	-7.219623	-7.211442	-7.270771	-7.144467	-7.248703	-7.302754	-7.189464	-7.212976	-7.237379	-7.245550	-7.253374	-7.232955	-6.291528	-14.995702	-7.244913
3006.655000	-7.226749	-7.219616	-7.211444	-7.270757	-7.144491	-7.248673	-7.302736	-7.189465	-7.212968	-7.237401	-7.245573	-7.253360	-7.232935	-6.291527	-14.995696	-7.244898
3026.676000	-7.226748	-7.219611	-7.211461	-7.270766	-7.144494	-7.248689	-7.302716	-7.189473	-7.212970	-7.237382	-7.245563	-7.253373	-7.232965	-6.291530	-14.995691	-7.244917
3046.675000	-7.226760	-7.219611	-7.211449	-7.270763	-7.144491	-7.248696	-7.302752	-7.189472	-7.212971	-7.237389	-7.245583	-7.253374	-7.232944	-6.291534	-14.995701	-7.244888
3066.685000	-7.226734	-7.219595	-7.211439	-7.270771	-7.144498	-7.248672	-7.302825	-7.189490	-7.212976	-7.237386	-7.245560	-7.253363	-7.232924	-6.291533	-14.995681	-7.244893
3086.665000	-7.226721	-7.219607	-7.211447	-7.270779	-7.144498	-7.248696	-7.302750	-7.189480	-7.212978	-7.237388	-7.245572	-7.253336	-7.232913	-6.291536	-14.995697	-7.244902
3106.685000	-7.226752	-7.219617	-7.211443	-7.270780	-7.144503	-7.248695	-7.302744	-7.189480	-7.212957	-7.237378	-7.245573	-7.253370	-7.232908	-6.291535	-14.995697	-7.244892
3126.685000	-7.226751	-7.219622	-7.211465	-7.270785	-7.144507	-7.248691	-7.302780	-7.189482	-7.212977	-7.237395	-7.245551	-7.253372	-7.232945	-6.291539	-14.995694	-7.244904
3146.665000	-7.226738	-7.219622	-7.211427	-7.270770	-7.144509	-7.248688	-7.302737	-7.189462	-7.212968	-7.237415	-7.245581	-7.253362	-7.232940	-6.291540	-14.995719	-7.244895
3166.645000	-7.226743	-7.219615	-7.211445	-7.270766	-7.144511	-7.248697	-7.302714	-7.189482	-7.212965	-7.237375	-7.245578	-7.253365	-7.232940	-6.291539	-14.995642	-7.244907
3186.665000	-7.226771	-7.219604	-7.211440	-7.270757	-7.144508	-7.248668	-7.302807	-7.189501	-7.212950	-7.237393	-7.245551	-7.253354	-7.232947	-6.291543	-14.995687	-7.244914
3206.695000	-7.226763	-7.219626	-7.211433	-7.270762	-7.144519	-7.248697	-7.302826	-7.189475	-7.212967	-7.237385	-7.245565	-7.253361	-7.232927	-6.291542	-14.995660	-7.244902
3226.735000	-7.226737	-7.219621	-7.211438	-7.270743	-7.144488	-7.248676	-7.302780	-7.189478	-7.212956	-7.237378	-7.245571	-7.253354	-7.232922	-6.291542	-14.995679	-7.244931
3246.745000	-7.226679	-7.218826	-7.210644	-7.270867	-7.144768	-7.249209	-7.302646	-7.189817	-7.215053	-7.237539	-7.246083	-7.253465	-7.233488	-6.291116	-14.995532	-7.244083
3266.735000	-7.226599	-7.217168	-7.209210	-7.271142	-7.144978	-7.249631	-7.302177	-7.190254	-7.216044	-7.237646	-7.246648	-7.253703	-7.234103	-6.291040	-14.995483	-7.243713
3286.765000	-7.226573	-7.216748	-7.208985	-7.271295	-7.145056	-7.249770	-7.301846	-7.190381	-7.216226	-7.237618	-7.246819	-7.253812	-7.234385	-6.290975	-14.995474	-7.243711
3306.755000	-7.226588	-7.216610	-7.208901	-7.271420	-7.145095	-7.249811	-7.301766	-7.190432	-7.216329	-7.237607	-7.246880	-7.253842	-7.234549	-6.290932	-14.995461	-7.243767
3326.735000	-7.226582	-7.216560	-7.208896	-7.271461	-7.145091	-7.249826	-7.301751	-7.190460	-7.216394	-7.237593	-7.246942	-7.253861	-7.234643	-6.290903	-14.995484	-7.243799
3346.745000	-7.226587	-7.216543	-7.208891	-7.271485	-7.145105	-7.249832	-7.301856	-7.190487	-7.216381	-7.237586	-7.246986	-7.253864	-7.234698	-6.290879	-14.995456	-7.243842
3366.745000	-7.226572	-7.216515	-7.208885	-7.271510	-7.145127	-7.249853	-7.301817	-7.190490	-7.216437	-7.237571	-7.247046	-7.253878	-7.234734	-6.290862	-14.995471	-7.243855
3386.775000	-7.226603	-7.216518	-7.208884	-7.271543	-7.145123	-7.249870	-7.301686	-7.190473	-7.216431	-7.237570	-7.247092	-7.253873	-7.234776	-6.290845	-14.995445	-7.243881
3406.795000	-7.226592	-7.216524	-7.208870	-7.271520	-7.145122	-7.249882	-7.301722	-7.190483	-7.216434	-7.237550	-7.247135	-7.253876	-7.234797	-6.290833	-14.995472	-7.243893
3426.795000	-7.226601	-7.216509	-7.208868	-7.271540	-7.145129	-7.249894	-7.301835	-7.190503	-7.216442	-7.237543	-7.247168	-7.253895	-7.234806	-6.290826	-14.995435	-7.243907
3446.815000	-7.226604	-7.216507	-7.208876	-7.271546	-7.145137	-7.249903	-7.301657	-7.190511	-7.216461	-7.237566	-7.247169	-7.253908	-7.234818	-6.290820	-14.995520	-7.243939
3466.825000	-7.226597	-7.216501	-7.208884	-7.271566	-7.145099	-7.249893	-7.301606	-7.190509	-7.216450	-7.237525	-7.247200	-7.253891	-7.234812	-6.290811	-14.995437	-7.243946
3486.805000	-7.226584	-7.216509	-7.208877	-7.271564	-7.145124	-7.249911	-7.301746	-7.190486	-7.216455	-7.237542	-7.247222	-7.253909	-7.234821	-6.290802	-14.995495	-7.243950
3506.799000	-7.226595	-7.216505	-7.208863	-7.271571	-7.145124	-7.249902	-7.301659	-7.190497	-7.216493	-7.237548	-7.247227	-7.253915	-7.234843	-6.290798	-14.995483	-7.243932
3526.805000	-7.226593	-7.216503	-7.208899	-7.271573	-7.145115	-7.249909	-7.301722	-7.190482	-7.216485	-7.237554	-7.247245	-7.253915	-7.234840	-6.290795	-14.995488	-7.243946
3546.825000	-7.226586	-7.216491	-7.208879	-7.271583	-7.145115	-7.249922	-7.301670	-7.190506	-7.216474	-7.237555	-7.247242	-7.253915	-7.234836	-6.290787	-14.995448	-7.243947
3566.849000	-7.226587	-7.216497	-7.208877	-7.271581	-7.145128	-7.249900	-7.301746	-7.190509	-7.216492	-7.237546	-7.247268	-7.253906	-7.234814	-6.290784	-14.995467	-7.243949
3586.876000	-7.226591	-7.216507	-7.208881	-7.271565	-7.145134	-7.249938	-7.301665	-7.190525	-7.216496	-7.237554	-7.247278	-7.253931	-7.234846	-6.290779	-14.995465	-7.243968
3606.915000	-7.226585	-7.216520	-7.208877	-7.271570	-7.145156	-7.249940	-7.301601	-7.190528	-7.216501	-7.237560	-7.247307	-7.253929	-7.234855	-6.290776	-14.995472	-7.243970
3626.935000	-7.226591	-7.216516	-7.208872	-7.271575	-7.145143	-7.249916	-7.301726	-7.190505	-7.216480	-7.237565	-7.247297	-7.253916	-7.234854	-6.290774	-14.995449	-7.243958
3646.935000	-7.226586	-7.216506	-7.208885	-7.271587	-7.145119	-7.249933	-7.301684	-7.190518	-7.216492	-7.237553	-7.247312	-7.253925	-7.234863	-6.290770	-14.995466	-7.243974
3666.945000	-7.226613	-7.216523	-7.208871	-7.271584	-7.145108	-7.249924	-7.301668	-7.190510	-7.216489	-7.237551	-7.247318	-7.253927	-7.234862	-6.290763	-14.995479	-7.243991
3686.955000	-7.226610	-7.216504	-7.208892	-7.271575	-7.145142	-7.249929	-7.301656	-7.190531	-7.216483	-7.237563	-7.247307	-7.253927	-7.234852	-6.290760	-14.995455	-7.243984
3706.965000	-7.226597	-7.216509	-7.208865	-7.271579	-7.145128	-7.249911	-7.301625	-7.190529	-7.216484	-7.237558	-7.247316	-7.253916	-7.234874	-6.290760	-14.995458	-7.243994
3726.995000	-7.226593	-7.216491	-7.208883	-7.271598	-7.145148	-7.249933	-7.301724	-7.190535	-7.216492	-7.237586	-7.247329	-7.253901	-7.234866	-6.290756	-14.995474	-7.243997
3747.015000	-7.226599	-7.216504	-7.208901	-7.271592	-7.145115	-7.249911	-7.301681	-7.190543	-7.216465	-7.237556	-7.247326	-7.253904	-7.234872	-6.290753	-14.995429	-7.243991
3767.005000	-7.226587	-7.216493	-7.208867	-7.271587	-7.145122	-7.249918	-7.301720	-7.190516	-7.216458	-7.237592	-7.247328	-7.253904	-7.234873	-6.290752	-14.995427	-7.243990
3787.015000	-7.226587	-7.216489	-7.208884	-7.271598	-7.145140	-7.249918	-7.301684	-7.190520	-7.216474	-7.237571	-7.247334	-7.253884	-7.234870	-6.290749	-14.995436	-7.243985
3807.036000	-7.226592	-7.216483	-7.208877	-7.271599	-7.145159	-7.249928	-7.301624	-7.190518	-7.216481	-7.237558	-7.247331	-7.253923	-7.234862	-6.290744	-14.995487	-7.244008
3827.075000	-7.226590	-7.216504	-7.208889	-7.271609	-7.145142	-7.249941	-7.301694	-7.190497	-7.216498	-7.237558	-7.247335	-7.253891	-7.234872	-6.290749	-14.995433	-7.244002
3847.096000	-7.226590	-7.216502	-7.208861	-7.271606	-7.145126	-7.249949	-7.301618	-7.190506	-7.216516	-7.237556	-7.247350	-7.253891	-7.234878	-6.290745	-14.995484	-7.244014
3867.105000	-7.226600	-7.216495	-7.208872	-7.271599	-7.145126	-7.249929	-7.301532	-7.190514	-7.216512	-7.237558	-7.247346	-7.253904	-7.234867	-6.290742	-14.995417	-7.243988
3887.125000	-7.226610	-7.216495	-7.208890	-7.271604	-7.145123	-7.249928	-7.301757	-7.190506	-7.216497	-7.237563	-7.247360	-7.253909	-7.234891	-6.290743	-14.995426	-7.244005
3907.135000	-7.226578	-7.216494	-7.208896	-7.271618	-7.145138	-7.249934	-7.301854	-7.190485	-7.216489	-7.237555	-7.247333	-7.253914	-7.234883	-6.290742	-14.995395	-7.244019
3927.146000	-7.226589	-7.216484	-7.208887	-7.271611	-7.145148	-7.249950	-7.301734	-7.190494	-7.216499	-7.237566	-7.247336	-7.253915	-7.234892	-6.290739	-14.995419	-7.244016
3947.145000	-7.226586	-7.216488	-7.208867	-7.271614	-7.145138	-7.249943	-7.301829	-7.190503	-7.216505	-7.237568	-7.247368	-7.253908	-7.234888	-6.290738	-14.995468	-7.244029
3967.165000	-7.226595	-7.216508	-7.208896	-7.271597	-7.145150	-7.249930	-7.301932	-7.190520	-7.216493	-7.237579	-7.247362	-7.253915	-7.234901	-6.290738	-14.995448	-7.244010
3987.195000	-7.226595	-7.216494	-7.208877	-7.271609	-7.145123	-7.249937	-7.301810	-7.190499	-7.216500	-7.237560	-7.247322	-7.253922	-7.234901	-6.290737	-14.995443	-7.244011
4007.215000	-7.226593	-7.216493	-7.208887	-7.271625	-7.145156	-7.249951	-7.301736	-7.190494	-7.216489	-7.237564	-7.247326	-7.253900	-7.234889	-6.290735	-14.995448	-7.244015
4027.255000	-7.226596	-7.216493	-7.208879	-7.271619	-7.145127	-7.249940	-7.301793	-7.190501	-7.216512	-7.237558	-7.247339	-7.253921	-7.234880	-6.290736	-14.995506	-7.244031
4047.225000	-7.226607	-7.216493	-7.208877	-7.271621	-7.145136	-7.249962	-7.301891	-7.190508	-7.216513	-7.237552	-7.247342	-7.253918	-7.234897	-6.290734	-14.995490	-7.244007
4067.215000	-7.226587	-7.216514	-7.208870	-7.271619	-7.145158	-7.249942	-7.301974	-7.190475	-7.216528	-7.237560	-7.247342	-7.253917	-7.234888	-6.290735	-14.995437	-7.244018
4087.175000	-7.226590	-7.216504	-7.208881	-7.271611	-7.145147	-7.249931	-7.301889	-7.190493	-7.216520	-7.237559	-7.247338	-7.253906	-7.234908	-6.290734	-14.995490	-7.244028
4107.155000	-7.226594	-7.216489	-7.208893	-7.271609	-7.145137	-7.249959	-7.301945	-7.190491	-7.216533	-7.237559	-7.247346	-7.253915	-7.234905	-6.290733	-14.995482	-7.244041
4127.125000	-7.226604	-7.216484	-7.208872	-7.271610	-7.145148	-7.249936	-7.302036	-7.190525	-7.216527	-7.237569	-7.247354	-7.253907	-7.234904	-6.290732	-14.995440	-7.244037
4147.100000	-7.226599	-7.216496	-7.208896	-7.271609	-7.145129	-7.249936	-7.302061	-7.190521	-7.216501	-7.237556	-7.247327	-7.253899	-7.234897	-6.290732	-14.995433	-7.244034
4167.077000	-7.226611	-7.216491	-7.208906	-7.271630	-7.145159	-7.249958	-7.302138	-7.190516	-7.216502	-7.237541	-7.247333	-7.253885	-7.234893	-6.290731	-14.995471	-7.244046
4187.045000	-7.226624	-7.216514	-7.208900	-7.271618	-7.145115	-7.249956	-7.301914	-7.190510	-7.216500	-7.237553	-7.247331	-7.253897	-7.234912	-6.290733	-14.995455	-7.244050
4207.015000	-7.226594	-7.216484	-7.208891	-7.271601	-7.145132	-7.249949	-7.301924	-7.190497	-7.216533	-7.237541	-7.247322	-7.253903	-7.234906	-6.290729	-14.995442	-7.244055
4226.985000	-7.226604	-7.216505	-7.208886	-7.271608	-7.145153	-7.249966	-7.301859	-7.190510	-7.216508	-7.237528	-7.247337	-7.253909	-7.234906	-6.290732	-14.995476	-7.244069
4246.965000	-7.226590	-7.216514	-7.208892	-7.271606	-7.145135	-7.249968	-7.301882	-7.190511	-7.216511	-7.237544	-7.247308	-7.253913	-7.234899	-6.290732	-14.995442	-7.244042
4266.925000	-7.226599	-7.216489	-7.208887	-7.271634	-7.145147	-7.249941	-7.301807	-7.190518	-7.216501	-7.237544	-7.247322	-7.253879	-7.234902	-6.290730	-14.995428	-7.244052
4286.905000	-7.226596	-7.216509	-7.208926	-7.271622	-7.145139	-7.249964	-7.301972	-7.190519	-7.216507	-7.237570	-7.247330	-7.253885	-7.234908	-6.290729	-14.995436	-7.244050
4306.935000	-7.226609	-7.216499	-7.208910	-7.271618	-7.145138	-7.249946	-7.302028	-7.190511	-7.216507	-7.237550	-7.247331	-7.253877	-7.234891	-6.290730	-14.995465	-7.244040
4326.915000	-7.226605	-7.216512	-7.208910	-7.271633	-7.145142	-7.249964	-7.301973	-7.190518	-7.216518	-7.237563	-7.247333	-7.253909	-7.234891	-6.290723	-14.995454	-7.244045
4346.895000	-7.226599	-7.216501	-7.208869	-7.271608	-7.145137	-7.249937	-7.302035	-7.190538	-7.216502	-7.237540	-7.247336	-7.253891	-7.234892	-6.290730	-14.995481	-7.244038
4366.905000	-7.226596	-7.216504	-7.208895	-7.271615	-7.145157	-7.249963	-7.302055	-7.190526	-7.216508	-7.237538	-7.247322	-7.253908	-7.234920	-6.290728	-14.995436	-7.244047
4386.875000	-7.226607	-7.216508	-7.208894	-7.271635	-7.145130	-7.249955	-7.301951	-7.190536	-7.216509	-7.237566	-7.247335	-7.253914	-7.234905	-6.290727	-14.995426	-7.244035
4406.835000	-7.226591	-7.216499	-7.208905	-7.271603	-7.145134	-7.249964	-7.301882	-7.190522	-7.216519	-7.237551	-7.247330	-7.253900	-7.234893	-6.290725	-14.995474	-7.244046
4426.798000	-7.226586	-7.216507	-7.208888	-7.271612	-7.145128	-7.249939	-7.301746	-7.190529	-7.216518	-7.237533	-7.247324	-7.253912	-7.234904	-6.290725	-14.995415	-7.244044
4446.785000	-7.226587	-7.216487	-7.208897	-7.271620	-7.145116	-7.249940	-7.301810	-7.190493	-7.216539	-7.237548	-7.247335	-7.253917	-7.234898	-6.290726	-14.995456	-7.244033
4466.785000	-7.226618	-7.216520	-7.208906	-7.271634	-7.145137	-7.249940	-7.301574	-7.190512	-7.216547	-7.237548	-7.247314	-7.253910	-7.234889	-6.290724	-14.995483	-7.244038
4486.795000	-7.226608	-7.216522	-7.208887	-7.271643	-7.145127	-7.249958	-7.301700	-7.190495	-7.216542	-7.237564	-7.247284	-7.253895	-7.234893	-6.290724	-14.995450	-7.244050
4506.845000	-7.226678	-7.216520	-7.209370	-7.271916	-7.144927	-7.250602	-7.301652	-7.190482	-7.216833	-7.237672	-7.248235	-7.254364	-7.235211	-6.289655	-14.995388	-7.244707
4526.855000	-7.227164	-7.216937	-7.210128	-7.273033	-7.144425	-7.251776	-7.301093	-7.190441	-7.217224	-7.237948	-7.249419	-7.255337	-7.235785	-6.289021	-14.995391	-7.245617
4546.835000	-7.227660	-7.217304	-7.210498	-7.274040	-7.144310	-7.252357	-7.299356	-7.190529	-7.217588	-7.238387	-7.250185	-7.255906	-7.236266	-6.288664	-14.995373	-7.246158
4566.845000	-7.228033	-7.217552	-7.210660	-7.274781	-7.144305	-7.252619	-7.298422	-7.190635	-7.217994	-7.238784	-7.250619	-7.256219	-7.236622	-6.288445	-14.995348	-7.246477
4586.876000	-7.228283	-7.217715	-7.210759	-7.275280	-7.144313	-7.252785	-7.298150	-7.190685	-7.218301	-7.239042	-7.250876	-7.256397	-7.236904	-6.288298	-14.995341	-7.246682
4606.905000	-7.228468	-7.217803	-7.210827	-7.275594	-7.144311	-7.252879	-7.297436	-7.190717	-7.218403	-7.239250	-7.250993	-7.256458	-7.237097	-6.288203	-14.995355	-7.246773
4626.947000	-7.228582	-7.217854	-7.210876	-7.275803	-7.144311	-7.252957	-7.297217	-7.190727	-7.218432	-7.239382	-7.251101	-7.256530	-7.237205	-6.288134	-14.995327	-7.246874
4646.955000	-7.228647	-7.217917	-7.210900	-7.275959	-7.144299	-7.252981	-7.297016	-7.190740	-7.218467	-7.239472	-7.251160	-7.256591	-7.237317	-6.288075	-14.995314	-7.246924
4666.965000	-7.228717	-7.217938	-7.210964	-7.276055	-7.144284	-7.253040	-7.296752	-7.190732	-7.218446	-7.239543	-7.251188	-7.256656	-7.237384	-6.288032	-14.995394	-7.246964
4686.995000	-7.228779	-7.217961	-7.210965	-7.276173	-7.144306	-7.253070	-7.296646	-7.190731	-7.218455	-7.239582	-7.251232	-7.256719	-7.237427	-6.287997	-14.995335	-7.247009
4707.025000	-7.228791	-7.217968	-7.210998	-7.276241	-7.144306	-7.253128	-7.296817	-7.190744	-7.218268	-7.239627	-7.251235	-7.256748	-7.237473	-6.287965	-14.995329	-7.247047
4727.045000	-7.228818	-7.217998	-7.210995	-7.276316	-7.144322	-7.253134	-7.296595	-7.190738	-7.218228	-7.239670	-7.251272	-7.256786	-7.237504	-6.287936	-14.995343	-7.247077
4747.015000	-7.228856	-7.218007	-7.211022	-7.276390	-7.144324	-7.253146	-7.296444	-7.190764	-7.218190	-7.239680	-7.251284	-7.256826	-7.237548	-6.287914	-14.995362	-7.247087
4767.035000	-7.228871	-7.218016	-7.211032	-7.276496	-7.144311	-7.253183	-7.296305	-7.190772	-7.218216	-7.239698	-7.251314	-7.256860	-7.237553	-6.287892	-14.995311	-7.247118
4787.085000	-7.228885	-7.218023	-7.211052	-7.276540	-7.144309	-7.253193	-7.296231	-7.190764	-7.218222	-7.239743	-7.251353	-7.256904	-7.237578	-6.287875	-14.995339	-7.247118
4807.106000	-7.228903	-7.218031	-7.211055	-7.276633	-7.144318	-7.253216	-7.296219	-7.190775	-7.218217	-7.239767	-7.251336	-7.256929	-7.237608	-6.287854	-14.995357	-7.247155
4827.155000	-7.228909	-7.218046	-7.211104	-7.276719	-7.144312	-7.253227	-7.295883	-7.190784	-7.218237	-7.239761	-7.251360	-7.256963	-7.237631	-6.287838	-14.995338	-7.247155
4847.205000	-7.228889	-7.218054	-7.211089	-7.276800	-7.144313	-7.253235	-7.296099	-7.190787	-7.218264	-7.239795	-7.251387	-7.257006	-7.237636	-6.287827	-14.995337	-7.247171
4867.235000	-7.228919	-7.218075	-7.211127	-7.276918	-7.144319	-7.253277	-7.295869	-7.190798	-7.218288	-7.239807	-7.251410	-7.257032	-7.237646	-6.287817	-14.995347	-7.247174
4887.255000	-7.228924	-7.218061	-7.211107	-7.277028	-7.144318	-7.253270	-7.295962	-7.190792	-7.218387	-7.239821	-7.251430	-7.257042	-7.237656	-6.287799	-14.995336	-7.247192
4907.285000	-7.228943	-7.218063	-7.211094	-7.277112	-7.144301	-7.253288	-7.295828	-7.190805	-7.218416	-7.239828	-7.251480	-7.257068	-7.237664	-6.287789	-14.995353	-7.247192
4927.266000	-7.228945	-7.218074	-7.211127	-7.277207	-7.144311	-7.253303	-7.295702	-7.190793	-7.218483	-7.239823	-7.251457	-7.257083	-7.237693	-6.287779	-14.995345	-7.247227
4947.245000	-7.228955	-7.218081	-7.211143	-7.277305	-7.144324	-7.253310	-7.295743	-7.190803	-7.218512	-7.239831	-7.251494	-7.257088	-7.237681	-6.287771	-14.995307	-7.247227
4967.275000	-7.228980	-7.218094	-7.211155	-7.277419	-7.144321	-7.253319	-7.295795	-7.190779	-7.218582	-7.239850	-7.251513	-7.257102	-7.237703	-6.287755	-14.995311	-7.247222
4987.255000	-7.228973	-7.218102	-7.211141	-7.277492	-7.144318	-7.253328	-7.295544	-7.190805	-7.218647	-7.239819	-7.251535	-7.257102	-7.237725	-6.287751	-14.995299	-7.247225
5007.275000	-7.228996	-7.218078	-7.211150	-7.277634	-7.144318	-7.253327	-7.295641	-7.190825	-7.218710	-7.239852	-7.251576	-7.257138	-7.237719	-6.287741	-14.995302	-7.247233
5027.275000	-7.228994	-7.218100	-7.211159	-7.277761	-7.144318	-7.253340	-7.295448	-7.190833	-7.218758	-7.239871	-7.251583	-7.257141	-7.237733	-6.287731	-14.995334	-7.247243
5047.285000	-7.228983	-7.218108	-7.211166	-7.277869	-7.144323	-7.253356	-7.295487	-7.190805	-7.218807	-7.239883	-7.251601	-7.257171	-7.237736	-6.287724	-14.995337	-7.247247
5067.285000	-7.229005	-7.218095	-7.211184	-7.277988	-7.144320	-7.253341	-7.295511	-7.190814	-7.218820	-7.239857	-7.251610	-7.257189	-7.237763	-6.287719	-14.995339	-7.247269
5087.275000	-7.229003	-7.218120	-7.211176	-7.278108	-7.144308	-7.253348	-7.295216	-7.190809	-7.218886	-7.239879	-7.251625	-7.257180	-7.237736	-6.287715	-14.995364	-7.247265
5107.285000	-7.228995	-7.218113	-7.211168	-7.278227	-7.144303	-7.253371	-7.295277	-7.190808	-7.218956	-7.239884	-7.251671	-7.257197	-7.237767	-6.287702	-14.995357	-7.247295
5127.305000	-7.229011	-7.218112	-7.211186	-7.278407	-7.144305	-7.253372	-7.295168	-7.190797	-7.218973	-7.239892	-7.251694	-7.257198	-7.237764	-6.287703	-14.995358	-7.247295
5147.285000	-7.229009	-7.218114	-7.211190	-7.278573	-7.144319	-7.253367	-7.295163	-7.190795	-7.218995	-7.239886	-7.251694	-7.257217	-7.237778	-6.287697	-14.995304	-7.247271
5167.285000	-7.229020	-7.218112	-7.211170	-7.278786	-7.144327	-7.253382	-7.295208	-7.190799	-7.219028	-7.239880	-7.251733	-7.257251	-7.237808	-6.287686	-14.995361	-7.247293
5187.295000	-7.229014	-7.218138	-7.211200	-7.278969	-7.144329	-7.253395	-7.295183	-7.190815	-7.219058	-7.239880	-7.251755	-7.257247	-7.237782	-6.287684	-14.995367	-7.247308
5207.315000	-7.229038	-7.218126	-7.211177	-7.279187	-7.144323	-7.253396	-7.295085	-7.190809	-7.219106	-7.239901	-7.251769	-7.257236	-7.237798	-6.287676	-14.995367	-7.247319
5227.311000	-7.229022	-7.218129	-7.211209	-7.279416	-7.144321	-7.253399	-7.295145	-7.190805	-7.219155	-7.239919	-7.251800	-7.257249	-7.237798	-6.287673	-14.995338	-7.247317
5247.305000	-7.229038	-7.218132	-7.211193	-7.279628	-7.144314	-7.253413	-7.295073	-7.190805	-7.219167	-7.239932	-7.251795	-7.257263	-7.237774	-6.287664	-14.995288	-7.247305
5267.315000	-7.229029	-7.218126	-7.211198	-7.279845	-7.144336	-7.253413	-7.295134	-7.190799	-7.219218	-7.239930	-7.251829	-7.257281	-7.237794	-6.287662	-14.995299	-7.247324
5287.296000	-7.229046	-7.218116	-7.211215	-7.280075	-7.144320	-7.253412	-7.294943	-7.190802	-7.219254	-7.239950	-7.251838	-7.257284	-7.237810	-6.287657	-14.995311	-7.247325
5307.325000	-7.229048	-7.218145	-7.211223	-7.280332	-7.144330	-7.253422	-7.294804	-7.190810	-7.219303	-7.239944	-7.251852	-7.257313	-7.237825	-6.287652	-14.995330	-7.247307
5327.336000	-7.229053	-7.218121	-7.211196	-7.280594	-7.144342	-7.253430	-7.294855	-7.190809	-7.219327	-7.239938	-7.251874	-7.257313	-7.237837	-6.287653	-14.995349	-7.247317
5347.385000	-7.229066	-7.218126	-7.211212	-7.280864	-7.144354	-7.253445	-7.294799	-7.190793	-7.219340	-7.239939	-7.251892	-7.257341	-7.237831	-6.287642	-14.995299	-7.247335
5367.405000	-7.229048	-7.218127	-7.211220	-7.281173	-7.144347	-7.253453	-7.295026	-7.190805	-7.219375	-7.239934	-7.251903	-7.257349	-7.237844	-6.287639	-14.995276	-7.247352
5387.445000	-7.229031	-7.218131	-7.211213	-7.281509	-7.144322	-7.253417	-7.295021	-7.190783	-7.219383	-7.239949	-7.251925	-7.257334	-7.237852	-6.287630	-14.995342	-7.247334
5407.455000	-7.229040	-7.218142	-7.211214	-7.281973	-7.144339	-7.253430	-7.294845	-7.190792	-7.219420	-7.239952	-7.251969	-7.257344	-7.237846	-6.287630	-14.995334	-7.247354
5427.455000	-7.229055	-7.218139	-7.211212	-7.282437	-7.144307	-7.253433	-7.295004	-7.190801	-7.219456	-7.239917	-7.251977	-7.257371	-7.237846	-6.287625	-14.995314	-7.247338
5447.455000	-7.229061	-7.218150	-7.211216	-7.282998	-7.144328	-7.253436	-7.295065	-7.190809	-7.219496	-7.239964	-7.252022	-7.257362	-7.237849	-6.287628	-14.995315	-7.247333
5467.465000	-7.229055	-7.218161	-7.211244	-7.283745	-7.144313	-7.253437	-7.294850	-7.190798	-7.219484	-7.239933	-7.252034	-7.257399	-7.237861	-6.287625	-14.995299	-7.247353
5487.475000	-7.229057	-7.218170	-7.211227	-7.284294	-7.144341	-7.253444	-7.294883	-7.190804	-7.219493	-7.239939	-7.252048	-7.257408	-7.237862	-6.287621	-14.995282	-7.247358
5507.465000	-7.229051	-7.218163	-7.211215	-7.284776	-7.144338	-7.253446	-7.295021	-7.190769	-7.219495	-7.239915	-7.252078	-7.257413	-7.237857	-6.287622	-14.995301	-7.247353
5527.505000	-7.229081	-7.218157	-7.211221	-7.285256	-7.144335	-7.253472	-7.294913	-7.190786	-7.219504	-7.239948	-7.252068	-7.257445	-7.237846	-6.287614	-14.995318	-7.247370
5547.515000	-7.229061	-7.218165	-7.211229	-7.285863	-7.144346	-7.253452	-7.295032	-7.190776	-7.219512	-7.239953	-7.252088	-7.257447	-7.237861	-6.287617	-14.995257	-7.247356
5567.525000	-7.229067	-7.218160	-7.211205	-7.286482	-7.144330	-7.253458	-7.295181	-7.190813	-7.219505	-7.239946	-7.252103	-7.257429	-7.237845	-6.287616	-14.995259	-7.247345
5587.555000	-7.229065	-7.218162	-7.211222	-7.287650	-7.144331	-7.253449	-7.295139	-7.190821	-7.219528	-7.239975	-7.252131	-7.257452	-7.237860	-6.287612	-14.995283	-7.247372
5607.565000	-7.229038	-7.218170	-7.211240	-7.288037	-7.144316	-7.253470	-7.295125	-7.190804	-7.219524	-7.239967	-7.252162	-7.257478	-7.237864	-6.287609	-14.995326	-7.247358
5627.555000	-7.229038	-7.218124	-7.211072	-7.288285	-7.144271	-7.253211	-7.295064	-7.190757	-7.219320	-7.239807	-7.251958	-7.257175	-7.237671	-6.288545	-14.995323	-7.246978
5647.535000	-7.228009	-7.217138	-7.209378	-7.286525	-7.144317	-7.250780	-7.295038	-7.190289	-7.218468	-7.238599	-7.250277	-7.255286	-7.236546	-6.289723	-14.995367	-7.245413
5667.555000	-7.227335	-7.216694	-7.209074	-7.285222	-7.144640	-7.250160	-7.295092	-7.190273	-7.218423	-7.237851	-7.249177	-7.254474	-7.235856	-6.289960	-14.995408	-7.244699
5687.595000	-7.226992	-7.216548	-7.208988	-7.284408	-7.144955	-7.250099	-7.295238	-7.190404	-7.218439	-7.237489	-7.248480	-7.254163	-7.235499	-6.290072	-14.995449	-7.244397
5707.585000	-7.226816	-7.216505	-7.208952	-7.283929	-7.145120	-7.250068	-7.295423	-7.190481	-7.218430	-7.237511	-7.248106	-7.254089	-7.235283	-6.290126	-14.995400	-7.244268
5727.585000	-7.226734	-7.216498	-7.208948	-7.283773	-7.145107	-7.250071	-7.295481	-7.190490	-7.218415	-7.237512	-7.247902	-7.254091	-7.235157	-6.290160	-14.995426	-7.244207
5747.585000	-7.226673	-7.216468	-7.208930	-7.283741	-7.145132	-7.250060	-7.295453	-7.190474	-7.218392	-7.237503	-7.247786	-7.254068	-7.235080	-6.290185	-14.995436	-7.244152
5767.635000	-7.226644	-7.216484	-7.208905	-7.283724	-7.145139	-7.250039	-7.295472	-7.190475	-7.218389	-7.237530	-7.247707	-7.254071	-7.235034	-6.290199	-14.995429	-7.244134
5787.647000	-7.226641	-7.216479	-7.208909	-7.283720	-7.145149	-7.250040	-7.295637	-7.190464	-7.218358	-7.237511	-7.247641	-7.254065	-7.235020	-6.290211	-14.995410	-7.244112
5807.705000	-7.226627	-7.216472	-7.208893	-7.283720	-7.145153	-7.250018	-7.295521	-7.190497	-7.218371	-7.237524	-7.247619	-7.254074	-7.234975	-6.290221	-14.995422	-7.244094
5827.745000	-7.226622	-7.216466	-7.208886	-7.283733	-7.145125	-7.250048	-7.295598	-7.190467	-7.218372	-7.237509	-7.247576	-7.254067	-7.234989	-6.290230	-14.995451	-7.244072
5847.745000	-7.226637	-7.216467	-7.208893	-7.283714	-7.145127	-7.250023	-7.295611	-7.190488	-7.218362	-7.237512	-7.247572	-7.254063	-7.234987	-6.290236	-14.995464	-7.244078
5867.765000	-7.226618	-7.216459	-7.208870	-7.283717	-7.145140	-7.250032	-7.295505	-7.190469	-7.218335	-7.237532	-7.247549	-7.254046	-7.234994	-6.290242	-14.995408	-7.244072
5887.785000	-7.226620	-7.216472	-7.208886	-7.283741	-7.145121	-7.250021	-7.295470	-7.190493	-7.218341	-7.237533	-7.247554	-7.254048	-7.234979	-6.290249	-14.995440	-7.244077
5907.795000	-7.226627	-7.216460	-7.208876	-7.283695	-7.145115	-7.250016	-7.295594	-7.190499	-7.218324	-7.237526	-7.247524	-7.254060	-7.234951	-6.290255	-14.995448	-7.244071
5927.776000	-7.226620	-7.216465	-7.208885	-7.283695	-7.145131	-7.250011	-7.295638	-7.190482	-7.218336	-7.237538	-7.247516	-7.254047	-7.234965	-6.290258	-14.995465	-7.244057
5947.755000	-7.226625	-7.216452	-7.208858	-7.283710	-7.145133	-7.249999	-7.295644	-7.190490	-7.218320	-7.237543	-7.247473	-7.254061	-7.234963	-6.290262	-14.995465	-7.244051
5967.745000	-7.226640	-7.216464	-7.208858	-7.283725	-7.145129	-7.250015	-7.295622	-7.190480	-7.218318	-7.237523	-7.247478	-7.254032	-7.234972	-6.290267	-14.995467	-7.244022
5987.715000	-7.226614	-7.216454	-7.208869	-7.283727	-7.145107	-7.249987	-7.295596	-7.190466	-7.218330	-7.237525	-7.247455	-7.254046	-7.234955	-6.290268	-14.995451	-7.244030
6007.690000	-7.226623	-7.216445	-7.208878	-7.283697	-7.145152	-7.249999	-7.295676	-7.190490	-7.218324	-7.237516	-7.247477	-7.254043	-7.234970	-6.290271	-14.995403	-7.244036
6027.675000	-7.226630	-7.216472	-7.208878	-7.283708	-7.145104	-7.249999	-7.295640	-7.190482	-7.218322	-7.237500	-7.247446	-7.254042	-7.234972	-6.290273	-14.995458	-7.244018
6047.635000	-7.226610	-7.216453	-7.208874	-7.283704	-7.145139	-7.249996	-7.295671	-7.190470	-7.218315	-7.237510	-7.247428	-7.254032	-7.234964	-6.290273	-14.995427	-7.244002
6067.596000	-7.226611	-7.216474	-7.208872	-7.283709	-7.145120	-7.249981	-7.295799	-7.190475	-7.218343	-7.237537	-7.247442	-7.254026	-7.234966	-6.290278	-14.995408	-7.244006
6087.575000	-7.226608	-7.216467	-7.208865	-7.283695	-7.145121	-7.250007	-7.295766	-7.190485	-7.218318	-7.237517	-7.247429	-7.254018	-7.234939	-6.290280	-14.995430	-7.244006
6107.555000	-7.226613	-7.216467	-7.208873	-7.283711	-7.145113	-7.250001	-7.295677	-7.190495	-7.218304	-7.237517	-7.247416	-7.254032	-7.234940	-6.290283	-14.995459	-7.244002
6127.515000	-7.226607	-7.216459	-7.208847	-7.283709	-7.145122	-7.249986	-7.295572	-7.190485	-7.218314	-7.237533	-7.247400	-7.254028	-7.234941	-6.290284	-14.995465	-7.243991
6147.495000	-7.226614	-7.216460	-7.208854	-7.283711	-7.145116	-7.249991	-7.295575	-7.190482	-7.218311	-7.237527	-7.247418	-7.254035	-7.234957	-6.290287	-14.995410	-7.243994
6167.475000	-7.226604	-7.216455	-7.208849	-7.283732	-7.145129	-7.249990	-7.295618	-7.190485	-7.218281	-7.237535	-7.247396	-7.254033	-7.234958	-6.290288	-14.995444	-7.243981
6187.475000	-7.226620	-7.216474	-7.208851	-7.283725	-7.145135	-7.249990	-7.295647	-7.190482	-7.218300	-7.237545	-7.247415	-7.254036	-7.234944	-6.290290	-14.995424	-7.243990
6207.456000	-7.226618	-7.216463	-7.208838	-7.283720	-7.145124	-7.249974	-7.295599	-7.190491	-7.218291	-7.237536	-7.247399	-7.254031	-7.234934	-6.290290	-14.995462	-7.243963
6227.455000	-7.226605	-7.216453	-7.208826	-7.283708	-7.145133	-7.249982	-7.295627	-7.190490	-7.218311	-7.237548	-7.247415	-7.254026	-7.234944	-6.290293	-14.995440	-7.243990
6247.445000	-7.226601	-7.216456	-7.208832	-7.283725	-7.145138	-7.249971	-7.295561	-7.190501	-7.218300	-7.237541	-7.247393	-7.254023	-7.234968	-6.290294	-14.995465	-7.243974
6267.475000	-7.226606	-7.216460	-7.208838	-7.283728	-7.145113	-7.249992	-7.295571	-7.190490	-7.218296	-7.237530	-7.247390	-7.254039	-7.234935	-6.290294	-14.995429	-7.243988
6287.475000	-7.226609	-7.216446	-7.208823	-7.283741	-7.145129	-7.249984	-7.295471	-7.190478	-7.218314	-7.237543	-7.247372	-7.254041	-7.234941	-6.290294	-14.995442	-7.243967
6307.495000	-7.226612	-7.216471	-7.208835	-7.283723	-7.145105	-7.249978	-7.295666	-7.190485	-7.218287	-7.237543	-7.247396	-7.254044	-7.234926	-6.290298	-14.995367	-7.243974
6327.495000	-7.226606	-7.216452	-7.208824	-7.283714	-7.145118	-7.249963	-7.295675	-7.190473	-7.218284	-7.237546	-7.247379	-7.254041	-7.234936	-6.290297	-14.995441	-7.243969
6347.465000	-7.226602	-7.216454	-7.208828	-7.283721	-7.145130	-7.249972	-7.295697	-7.190475	-7.218254	-7.237528	-7.247384	-7.254039	-7.234940	-6.290294	-14.995462	-7.243981
6367.485000	-7.226606	-7.216470	-7.208838	-7.283742	-7.145128	-7.249989	-7.295555	-7.190475	-7.218266	-7.237532	-7.247358	-7.254043	-7.234938	-6.290298	-14.995387	-7.243973
6387.475000	-7.226600	-7.216454	-7.208840	-7.283708	-7.145132	-7.249980	-7.295572	-7.190476	-7.218281	-7.237528	-7.247350	-7.254018	-7.234947	-6.290299	-14.995446	-7.243953
6407.519000	-7.226597	-7.216467	-7.208848	-7.283725	-7.145141	-7.249983	-7.295667	-7.190470	-7.218262	-7.237522	-7.247378	-7.254025	-7.234938	-6.290300	-14.995434	-7.243974
6427.555000	-7.226605	-7.216453	-7.208848	-7.283718	-7.145120	-7.249974	-7.295704	-7.190464	-7.218274	-7.237522	-7.247351	-7.254033	-7.234936	-6.290299	-14.995450	-7.243959
6447.585000	-7.226606	-7.216451	-7.208815	-7.283706	-7.145127	-7.249972	-7.295664	-7.190465	-7.218269	-7.237526	-7.247365	-7.254036	-7.234923	-6.290300	-14.995440	-7.243955
6467.585000	-7.226603	-7.216448	-7.208841	-7.283725	-7.145099	-7.249967	-7.295649	-7.190475	-7.218267	-7.237540	-7.247368	-7.254028	-7.234923	-6.290302	-14.995447	-7.243975
6487.565000	-7.226598	-7.216445	-7.208831	-7.283728	-7.145107	-7.249953	-7.295527	-7.190480	-7.218280	-7.237530	-7.247336	-7.254019	-7.234937	-6.290303	-14.995416	-7.243961
6507.615000	-7.226599	-7.216439	-7.208839	-7.283713	-7.145094	-7.249954	-7.295660	-7.190461	-7.218260	-7.237544	-7.247330	-7.254016	-7.234940	-6.290303	-14.995383	-7.243971
6527.625000	-7.226588	-7.216454	-7.208833	-7.283727	-7.145114	-7.249950	-7.295851	-7.190455	-7.218267	-7.237559	-7.247371	-7.254008	-7.234917	-6.290304	-14.995387	-7.243965
6547.625000	-7.226595	-7.216439	-7.208834	-7.283710	-7.145126	-7.249967	-7.295728	-7.190475	-7.218285	-7.237536	-7.247369	-7.254001	-7.234934	-6.290305	-14.995445	-7.243966
6567.635000	-7.226606	-7.216445	-7.208851	-7.283718	-7.145086	-7.249968	-7.295722	-7.190451	-7.218260	-7.237538	-7.247344	-7.254018	-7.234941	-6.290303	-14.995443	-7.243970
6587.655000	-7.226604	-7.216454	-7.208851	-7.283712	-7.145110	-7.249948	-7.295561	-7.190483	-7.218271	-7.237523	-7.247337	-7.253995	-7.234929	-6.290305	-14.995425	-7.243964
6607.655000	-7.226597	-7.216458	-7.208853	-7.283713	-7.145098	-7.249965	-7.295563	-7.190462	-7.218261	-7.237536	-7.247338	-7.254023	-7.234918	-6.290308	-14.995459	-7.243956
6627.666000	-7.226579	-7.216467	-7.208844	-7.283755	-7.145125	-7.249958	-7.295630	-7.190475	-7.218259	-7.237548	-7.247333	-7.254014	-7.234940	-6.290309	-14.995417	-7.243966
6647.675000	-7.226589	-7.216449	-7.208846	-7.283732	-7.145122	-7.249978	-7.295579	-7.190463	-7.218262	-7.237532	-7.247330	-7.254013	-7.234911	-6.290308	-14.995448	-7.243977
6667.675000	-7.226584	-7.216451	-7.208830	-7.283734	-7.145109	-7.249952	-7.295754	-7.190449	-7.218289	-7.237517	-7.247324	-7.254005	-7.234901	-6.290307	-14.995457	-7.243974
6687.675000	-7.226589	-7.216443	-7.208848	-7.283737	-7.145112	-7.249958	-7.295679	-7.190443	-7.218265	-7.237519	-7.247326	-7.254017	-7.234926	-6.290309	-14.995419	-7.243974
6707.735000	-7.226582	-7.216445	-7.208837	-7.283727	-7.145133	-7.249967	-7.295583	-7.190457	-7.218249	-7.237521	-7.247329	-7.254006	-7.234917	-6.290310	-14.995398	-7.243962
6727.735000	-7.226586	-7.216456	-7.208841	-7.283733	-7.145123	-7.249980	-7.295565	-7.190456	-7.218287	-7.237524	-7.247330	-7.254026	-7.234903	-6.290309	-14.995401	-7.243950
6747.745000	-7.226607	-7.216435	-7.208850	-7.283754	-7.145152	-7.249957	-7.295564	-7.190466	-7.218276	-7.237512	-7.247330	-7.254027	-7.234920	-6.290308	-14.995430	-7.243968
6767.775000	-7.226958	-7.216717	-7.210235	-7.284837	-7.144596	-7.252000	-7.295223	-7.190363	-7.219345	-7.237961	-7.249247	-7.255573	-7.235678	-6.288170	-14.995287	-7.245563
6787.786000	-7.228202	-7.217895	-7.211898	-7.287341	-7.144371	-7.254362	-7.295049	-7.190834	-7.220266	-7.239125	-7.251306	-7.257687	-7.236960	-6.286692	-14.995295	-7.247422
6807.805000	-7.229257	-7.218794	-7.212585	-7.289651	-7.144476	-7.255452	-7.295402	-7.191280	-7.220646	-7.240189	-7.252769	-7.258963	-7.238009	-6.285758	-14.995251	-7.248489
6827.835000	-7.230016	-7.219362	-7.212960	-7.292180	-7.144607	-7.255997	-7.295321	-7.191509	-7.220899	-7.241032	-7.253758	-7.259760	-7.238742	-6.285141	-14.995242	-7.249156
6847.835000	-7.230528	-7.219664	-7.213144	-7.295911	-7.144658	-7.256281	-7.295212	-7.191673	-7.221010	-7.241577	-7.254431	-7.260342	-7.239282	-6.284714	-14.995263	-7.249526
6867.815000	-7.230855	-7.219839	-7.213288	-7.301630	-7.144705	-7.256457	-7.295524	-7.191763	-7.221118	-7.241932	-7.254915	-7.260876	-7.239640	-6.284400	-14.995247	-7.249750
6887.865000	-7.231067	-7.219981	-7.213376	-7.316984	-7.144711	-7.256596	-7.295601	-7.191783	-7.221183	-7.242216	-7.255261	-7.261478	-7.239914	-6.284184	-14.995247	-7.249901
6907.885000	-7.231228	-7.220056	-7.213458	-7.279459	-7.144717	-7.256703	-7.296006	-7.191834	-7.221344	-7.242411	-7.255570	-7.262147	-7.240077	-6.284006	-14.995273	-7.250065
6927.895000	-7.231308	-7.220123	-7.213520	-7.280470	-7.144752	-7.256785	-7.296266	-7.191875	-7.221235	-7.242508	-7.255968	-7.263008	-7.240228	-6.283864	-14.995229	-7.250126
6947.905000	-7.231390	-7.220175	-7.213579	-7.281322	-7.144763	-7.256843	-7.296448	-7.191891	-7.221153	-7.242591	-7.256561	-7.263986	-7.240337	-6.283730	-14.995213	-7.250223
6967.925000	-7.231430	-7.220208	-7.213585	-7.282436	-7.144770	-7.256887	-7.297249	-7.191894	-7.221211	-7.242672	-7.256860	-7.265294	-7.240406	-6.283642	-14.995247	-7.250282
6987.925000	-7.231497	-7.220249	-7.213632	-7.283545	-7.144754	-7.256921	-7.297730	-7.191938	-7.221226	-7.242742	-7.257115	-7.267127	-7.240455	-6.283577	-14.995240	-7.250316
7007.915000	-7.231526	-7.220289	-7.213679	-7.284691	-7.144780	-7.256976	-7.297489	-7.191928	-7.221336	-7.242783	-7.257311	-7.269903	-7.240510	-6.283493	-14.995253	-7.250380
7027.945000	-7.231568	-7.220294	-7.213686	-7.285756	-7.144795	-7.256995	-7.297949	-7.191953	-7.221500	-7.242816	-7.257455	-7.275090	-7.240560	-6.283426	-14.995277	-7.250389
7047.945000	-7.231577	-7.220338	-7.213742	-7.286835	-7.144781	-7.257046	-7.298844	-7.191948	-7.221676	-7.242850	-7.257687	-7.294067	-7.240608	-6.283377	-14.995250	-7.250429
7067.955000	-7.231587	-7.220342	-7.213759	-7.287944	-7.144800	-7.257099	-7.299055	-7.191937	-7.221793	-7.242882	-7.257922	-7.295590	-7.240642	-6.283309	-14.995242	-7.250448
7087.955000	-7.231638	-7.220364	-7.213783	-7.289233	-7.144812	-7.257108	-7.300106	-7.191961	-7.221893	-7.242915	-7.258139	-7.310280	-7.240670	-6.283262	-14.995279	-7.250488
7107.975000	-7.231638	-7.220374	-7.213797	-7.290850	-7.144825	-7.257125	-7.300553	-7.191957	-7.222079	-7.242957	-7.258416	-7.254969	-7.240687	-6.283222	-14.995247	-7.250522
7127.975000	-7.231657	-7.220396	-7.213789	-7.293233	-7.144804	-7.257157	-7.301067	-7.191965	-7.222212	-7.242949	-7.258719	-7.256406	-7.240701	-6.283188	-14.995236	-7.250541
7147.967000	-7.231669	-7.220410	-7.213824	-7.295962	-7.144804	-7.257175	-7.301898	-7.191965	-7.222274	-7.243011	-7.259120	-7.257755	-7.240761	-6.283153	-14.995210	-7.250556
7167.956000	-7.231685	-7.220421	-7.213797	-7.300356	-7.144797	-7.257195	-7.302085	-7.191968	-7.222460	-7.243024	-7.259482	-7.258628	-7.240747	-6.283121	-14.995232	-7.250580
7187.985000	-7.231697	-7.220428	-7.213840	-7.308327	-7.144814	-7.257213	-7.303331	-7.191968	-7.222502	-7.243040	-7.259914	-7.259402	-7.240772	-6.283082	-14.995215	-7.250612
7208.005000	-7.231711	-7.220442	-7.213837	-7.330718	-7.144790	-7.257231	-7.303635	-7.191977	-7.222554	-7.243059	-7.260327	-7.260563	-7.240799	-6.283058	-14.995209	-7.250606
7227.988000	-7.231750	-7.220480	-7.213859	-7.581907	-7.144789	-7.257250	-7.305618	-7.191980	-7.222753	-7.243077	-7.260869	-7.261229	-7.240820	-6.283029	-14.995295	-7.250605
7247.985000	-7.231740	-7.220456	-7.213887	-7.284163	-7.144803	-7.257259	-7.306756	-7.191980	-7.222793	-7.243092	-7.261385	-7.262013	-7.240842	-6.282989	-14.995214	-7.250629
7268.025000	-7.231744	-7.220464	-7.213862	-7.284880	-7.144788	-7.257277	-7.308494	-7.191978	-7.223152	-7.243060	-7.262142	-7.262869	-7.240847	-6.282974	-14.995236	-7.250625
7288.075000	-7.231757	-7.220476	-7.213892	-7.285477	-7.144803	-7.257280	-7.309431	-7.191970	-7.223715	-7.243121	-7.263013	-7.263806	-7.240846	-6.282963	-14.995283	-7.250640
7308.055000	-7.231760	-7.220486	-7.213917	-7.286231	-7.144774	-7.257305	-7.310286	-7.191979	-7.224180	-7.243114	-7.263856	-7.264764	-7.240845	-6.282934	-14.995210	-7.250664
7328.040000	-7.231764	-7.220474	-7.213912	-7.287081	-7.144774	-7.257302	-7.311714	-7.191972	-7.224525	-7.243132	-7.264896	-7.265873	-7.240870	-6.282908	-14.995219	-7.250688
7348.045000	-7.231766	-7.220495	-7.213914	-7.287974	-7.144778	-7.257323	-7.312834	-7.191956	-7.224962	-7.243145	-7.266018	-7.267072	-7.240905	-6.282887	-14.995209	-7.250688
7368.065000	-7.231776	-7.220486	-7.213915	-7.288891	-7.144780	-7.257335	-7.313193	-7.191987	-7.225598	-7.243147	-7.266932	-7.268845	-7.240911	-6.282877	-14.995242	-7.250703
7388.085000	-7.231783	-7.220486	-7.213959	-7.289899	-7.144805	-7.257360	-7.314187	-7.191960	-7.226565	-7.243154	-7.267913	-7.270674	-7.240912	-6.282869	-14.995186	-7.250713
7408.086000	-7.231795	-7.220504	-7.213909	-7.291244	-7.144783	-7.257351	-7.314178	-7.191975	-7.228059	-7.243175	-7.268790	-7.273380	-7.240924	-6.282848	-14.995229	-7.250714
7428.095000	-7.231802	-7.220489	-7.213939	-7.292546	-7.144804	-7.257385	-7.316044	-7.191980	-7.229451	-7.243150	-7.269683	-7.276602	-7.240934	-6.282833	-14.995247	-7.250724
7448.085000	-7.231797	-7.220499	-7.213965	-7.293731	-7.144792	-7.257371	-7.317924	-7.191965	-7.230892	-7.243179	-7.270784	-7.280757	-7.240954	-6.282807	-14.995224	-7.250722
7468.115000	-7.231795	-7.220521	-7.213948	-7.294917	-7.144797	-7.257392	-7.319238	-7.191966	-7.233004	-7.243152	-7.272090	-7.285869	-7.240930	-6.282811	-14.995261	-7.250721
7488.128000	-7.231795	-7.220525	-7.213943	-7.296344	-7.144767	-7.257393	-7.320485	-7.191952	-7.235712	-7.243172	-7.273853	-7.297212	-7.240920	-6.282794	-14.995230	-7.250728
7508.155000	-7.231824	-7.220527	-7.213943	-7.297995	-7.144810	-7.257388	-7.321066	-7.191965	-7.240063	-7.243181	-7.275121	-7.417510	-7.240919	-6.282778	-14.995242	-7.250725
7528.165000	-7.231823	-7.220544	-7.213979	-7.299965	-7.144813	-7.257380	-7.322223	-7.191965	-7.250411	-7.243208	-7.278158	-7.260381	-7.240962	-6.282765	-14.995236	-7.250738
7548.176000	-7.231822	-7.220538	-7.213971	-7.301984	-7.144802	-7.257393	-7.323873	-7.191939	-7.235394	-7.243206	-7.279900	-7.260902	-7.240958	-6.282758	-14.995212	-7.250744
7568.146000	-7.231832	-7.220534	-7.213976	-7.304829	-7.144810	-7.257410	-7.325661	-7.191961	-7.251568	-7.243210	-7.280673	-7.261290	-7.240942	-6.282743	-14.995226	-7.250762
7588.175000	-7.231855	-7.220546	-7.213988	-7.308393	-7.144789	-7.257415	-7.326376	-7.191954	-7.276946	-7.243213	-7.281501	-7.261929	-7.240977	-6.282738	-14.995228	-7.250764
7608.185000	-7.231839	-7.220539	-7.214006	-7.312452	-7.144792	-7.257429	-7.300496	-7.191966	-7.207585	-7.243221	-7.282431	-7.262676	-7.240986	-6.282729	-14.995230	-7.250763
7628.185000	-7.231842	-7.220553	-7.214005	-7.317941	-7.144793	-7.257413	-7.301345	-7.191963	-7.217592	-7.243209	-7.283024	-7.263846	-7.241003	-6.282710	-14.995188	-7.250776
7648.195000	-7.231866	-7.220577	-7.213995	-7.329692	-7.144778	-7.257403	-7.301099	-7.191962	-7.235129	-7.243225	-7.283925	-7.265116	-7.240975	-6.282699	-14.995226	-7.250786
7668.235000	-7.231860	-7.220584	-7.213989	-7.356502	-7.144767	-7.257416	-7.301115	-7.191985	-7.213244	-7.243241	-7.285094	-7.266855	-7.240982	-6.282694	-14.995230	-7.250774
7688.245000	-7.231871	-7.220576	-7.213991	-7.374265	-7.144781	-7.257425	-7.300856	-7.192005	-7.214640	-7.243223	-7.286826	-7.270126	-7.240991	-6.282686	-14.995260	-7.250773
7708.245000	-7.231857	-7.220568	-7.213997	-7.406484	-7.144780	-7.257419	-7.301474	-7.191982	-7.238144	-7.243234	-7.288108	-7.277130	-7.241014	-6.282675	-14.995235	-7.250783
7728.255000	-7.231861	-7.220594	-7.213995	-7.499527	-7.144779	-7.257427	-7.301835	-7.192016	-7.273119	-7.243220	-7.289410	-7.371484	-7.241002	-6.282673	-14.995226	-7.250789
7748.245000	-7.231866	-7.220576	-7.214018	-7.567749	-7.144797	-7.257446	-7.302619	-7.191993	-7.210038	-7.243226	-7.292001	-7.257649	-7.241000	-6.282669	-14.995241	-7.250794
7768.245000	-7.231866	-7.220580	-7.214003	-7.305236	-7.144807	-7.257453	-7.302939	-7.191992	-7.221107	-7.243241	-7.294971	-7.258448	-7.241026	-6.282659	-14.995212	-7.250811
7788.215000	-7.231867	-7.220575	-7.214017	-7.312417	-7.144794	-7.257441	-7.303316	-7.192001	-7.223266	-7.243214	-7.299276	-7.258697	-7.241038	-6.282649	-14.995226	-7.250773
7808.195000	-7.231862	-7.220591	-7.214001	-7.319578	-7.144780	-7.257436	-7.303316	-7.191991	-7.226553	-7.243252	-7.305799	-7.258851	-7.241030	-6.282639	-14.995212	-7.250801
7828.188000	-7.231877	-7.220591	-7.214026	-7.330141	-7.144796	-7.257447	-7.303705	-7.191979	-7.228655	-7.243264	-7.318135	-7.258939	-7.241015	-6.282635	-14.995237	-7.250785
7848.155000	-7.231878	-7.220579	-7.213999	-7.345471	-7.144804	-7.257451	-7.303838	-7.192000	-7.232624	-7.243248	-7.419082	-7.259044	-7.241039	-6.282623	-14.995208	-7.250791
7868.125000	-7.231880	-7.220593	-7.214017	-7.362306	-7.144772	-7.257467	-7.303690	-7.191994	-7.240540	-7.243228	-7.415026	-7.259109	-7.241024	-6.282628	-14.995231	-7.250814
7888.115000	-7.231882	-7.220589	-7.214019	-7.455143	-7.144795	-7.257466	-7.293165	-7.192003	-7.210496	-7.243234	-7.414677	-7.259181	-7.241037	-6.282613	-14.995180	-7.250818
7908.085000	-7.231886	-7.220585	-7.214017	-7.282728	-7.144787	-7.257468	-7.289184	-7.191992	-7.216780	-7.243271	-7.415155	-7.259266	-7.241043	-6.282615	-14.995210	-7.250805
7928.065000	-7.231893	-7.220593	-7.214039	-7.283137	-7.144789	-7.257480	-7.287583	-7.191979	-7.227666	-7.243275	-7.416290	-7.259328	-7.241014	-6.282599	-14.995234	-7.250816
7948.035000	-7.231894	-7.220609	-7.214035	-7.283480	-7.144779	-7.257493	-7.286891	-7.192003	-7.250868	-7.243273	-7.423081	-7.259421	-7.241041	-6.282589	-14.995285	-7.250818
7968.005000	-7.231244	-7.219852	-7.212046	-7.282573	-7.144486	-7.255077	-7.286508	-7.191482	-7.261789	-7.242204	-7.439735	-7.257660	-7.239874	-6.287341	-14.995308	-7.248893
7988.035000	-7.229252	-7.217866	-7.209709	-7.279424	-7.144189	-7.251577	-7.285630	-7.190445	-7.259935	-7.240128	-7.445655	-7.254735	-7.237937	-6.288952	-14.995354	-7.246306
8008.045000	-7.228065	-7.216992	-7.209236	-7.277240	-7.144353	-7.250427	-7.285028	-7.190177	-7.259530	-7.238751	-7.431770	-7.253465	-7.236740	-6.289432	-14.995373	-7.245149
8028.065000	-7.227399	-7.216660	-7.209086	-7.275927	-7.144670	-7.250154	-7.284996	-7.190234	-7.259410	-7.237924	-7.444937	-7.252905	-7.236046	-6.289663	-14.995435	-7.244617
8048.065000	-7.227058	-7.216546	-7.209006	-7.275184	-7.144906	-7.250093	-7.285015	-7.190313	-7.259397	-7.237460	-7.435822	-7.252670	-7.235622	-6.289786	-14.995364	-7.244375
8068.075000	-7.226873	-7.216489	-7.208949	-7.274769	-7.145056	-7.250063	-7.285090	-7.190391	-7.259356	-7.237422	-7.434807	-7.252583	-7.235401	-6.289863	-14.995402	-7.244262
8088.105000	-7.226757	-7.216473	-7.208945	-7.274584	-7.145093	-7.250072	-7.285061	-7.190402	-7.259322	-7.237437	-7.437038	-7.252550	-7.235243	-6.289914	-14.995377	-7.244163
8108.105000	-7.226723	-7.216465	-7.208922	-7.274553	-7.145114	-7.250069	-7.285103	-7.190424	-7.259318	-7.237455	-7.441562	-7.252529	-7.235183	-6.289948	-14.995371	-7.244110
8128.115000	-7.226678	-7.216444	-7.208917	-7.274513	-7.145093	-7.250058	-7.285134	-7.190445	-7.259285	-7.237451	-7.439284	-7.252510	-7.235127	-6.289974	-14.995372	-7.244079
8148.136000	-7.226654	-7.216454	-7.208897	-7.274506	-7.145087	-7.250028	-7.285183	-7.190435	-7.259289	-7.237454	-7.439965	-7.252505	-7.235088	-6.289995	-14.995440	-7.244051
8168.155000	-7.226652	-7.216448	-7.208905	-7.274487	-7.145110	-7.250007	-7.285129	-7.190424	-7.259329	-7.237445	-7.456635	-7.252525	-7.235051	-6.290012	-14.995374	-7.244018
8188.205000	-7.226647	-7.216464	-7.208889	-7.274491	-7.145089	-7.250020	-7.285182	-7.190423	-7.259303	-7.237454	-7.448494	-7.252505	-7.235047	-6.290026	-14.995381	-7.244006
8208.235000	-7.226618	-7.216457	-7.208886	-7.274474	-7.145094	-7.249995	-7.285234	-7.190440	-7.259277	-7.237434	-7.456219	-7.252510	-7.235017	-6.290041	-14.995443	-7.243986
8228.285000	-7.226616	-7.216456	-7.208884	-7.274475	-7.145086	-7.250011	-7.285138	-7.190423	-7.259271	-7.237448	-7.441644	-7.252501	-7.235015	-6.290049	-14.995441	-7.243970
8248.275000	-7.226598	-7.216427	-7.208873	-7.274480	-7.145086	-7.249998	-7.285135	-7.190404	-7.259289	-7.237459	-7.441783	-7.252493	-7.235003	-6.290064	-14.995434	-7.243961
8268.285000	-7.226612	-7.216434	-7.208873	-7.274478	-7.145089	-7.249994	-7.285190	-7.190425	-7.259285	-7.237470	-7.457560	-7.252484	-7.234996	-6.290071	-14.995446	-7.243962
8288.285000	-7.226609	-7.216439	-7.208875	-7.274490	-7.145107	-7.249976	-7.285214	-7.190434	-7.259264	-7.237457	-7.438492	-7.252502	-7.234973	-6.290079	-14.995416	-7.243944
8308.275000	-7.226594	-7.216422	-7.208860	-7.274466	-7.145095	-7.249976	-7.285207	-7.190429	-7.259237	-7.237452	-7.425103	-7.252492	-7.234989	-6.290083	-14.995421	-7.243926
8328.285000	-7.226580	-7.216433	-7.208880	-7.274455	-7.145090	-7.249974	-7.285210	-7.190431	-7.259245	-7.237450	-7.451253	-7.252492	-7.234996	-6.290090	-14.995391	-7.243920
8348.275000	-7.226598	-7.216442	-7.208865	-7.274457	-7.145091	-7.249980	-7.285249	-7.190417	-7.259246	-7.237464	-7.426456	-7.252479	-7.234976	-6.290098	-14.995458	-7.243928
8368.285000	-7.226589	-7.216451	-7.208886	-7.274466	-7.145086	-7.249967	-7.285224	-7.190416	-7.259244	-7.237449	-7.433935	-7.252485	-7.234969	-6.290103	-14.995405	-7.243917
8388.275000	-7.226582	-7.216422	-7.208849	-7.274441	-7.145108	-7.249967	-7.285166	-7.190426	-7.259175	-7.237462	-7.436919	-7.252495	-7.234978	-6.290108	-14.995395	-7.243905
8408.295000	-7.226589	-7.216428	-7.208850	-7.274454	-7.145084	-7.249963	-7.285162	-7.190423	-7.259171	-7.237459	-7.448632	-7.252488	-7.234979	-6.290115	-14.995375	-7.243903
8428.326000	-7.226562	-7.216424	-7.208868	-7.274441	-7.145093	-7.249975	-7.285174	-7.190413	-7.259199	-7.237448	-7.445399	-7.252482	-7.234980	-6.290119	-14.995390	-7.243883
8448.357000	-7.226583	-7.216433	-7.208848	-7.274437	-7.145097	-7.249995	-7.285119	-7.190416	-7.259200	-7.237471	-7.450013	-7.252476	-7.234978	-6.290120	-14.995402	-7.243883
8468.345000	-7.226596	-7.216415	-7.208848	-7.274461	-7.145101	-7.249969	-7.285182	-7.190407	-7.259169	-7.237477	-7.438697	-7.252486	-7.234975	-6.290121	-14.995413	-7.243881
8488.325000	-7.226587	-7.216442	-7.208830	-7.274454	-7.145087	-7.249974	-7.285147	-7.190421	-7.259198	-7.237471	-7.440103	-7.252480	-7.234962	-6.290129	-14.995414	-7.243881
8508.305000	-7.226590	-7.216423	-7.208844	-7.274450	-7.145095	-7.249978	-7.285163	-7.190406	-7.259196	-7.237463	-7.434229	-7.252472	-7.234947	-6.290131	-14.995418	-7.243876
8528.345000	-7.226582	-7.216421	-7.208845	-7.274441	-7.145084	-7.249977	-7.285222	-7.190394	-7.259187	-7.237471	-7.438429	-7.252477	-7.234957	-6.290134	-14.995423	-7.243866
8548.395000	-7.226571	-7.216419	-7.208823	-7.274431	-7.145102	-7.249970	-7.285217	-7.190397	-7.259193	-7.237464	-7.417975	-7.252471	-7.234951	-6.290137	-14.995381	-7.243870
8568.425000	-7.226567	-7.216419	-7.208858	-7.274441	-7.145076	-7.249960	-7.285239	-7.190407	-7.259173	-7.237468	-7.442133	-7.252494	-7.234948	-6.290139	-14.995377	-7.243859
8588.435000	-7.226578	-7.216413	-7.208840	-7.274431	-7.145088	-7.249951	-7.285201	-7.190397	-7.259171	-7.237441	-7.432580	-7.252482	-7.234951	-6.290141	-14.995419	-7.243854
8608.425000	-7.226575	-7.216426	-7.208833	-7.274431	-7.145076	-7.249951	-7.285255	-7.190431	-7.259159	-7.237460	-7.432152	-7.252461	-7.234937	-6.290145	-14.995391	-7.243847
8628.425000	-7.226556	-7.216419	-7.208849	-7.274421	-7.145100	-7.249942	-7.285252	-7.190422	-7.259181	-7.237431	-7.441477	-7.252470	-7.234924	-6.290146	-14.995407	-7.243844
8648.425000	-7.226555	-7.216439	-7.208829	-7.274431	-7.145107	-7.249959	-7.285232	-7.190411	-7.259169	-7.237459	-7.436491	-7.252491	-7.234927	-6.290148	-14.995395	-7.243829
8668.445000	-7.226556	-7.216421	-7.208829	-7.274433	-7.145086	-7.249947	-7.285251	-7.190423	-7.259156	-7.237469	-7.432931	-7.252479	-7.234915	-6.290149	-14.995436	-7.243828
8688.475000	-7.226566	-7.216440	-7.208827	-7.274440	-7.145100	-7.249952	-7.285307	-7.190397	-7.259105	-7.237473	-7.428867	-7.252468	-7.234906	-6.290150	-14.995417	-7.243840
8708.465000	-7.226573	-7.216432	-7.208834	-7.274438	-7.145099	-7.249951	-7.285264	-7.190408	-7.259087	-7.237461	-7.426869	-7.252483	-7.234907	-6.290152	-14.995431	-7.243823
8728.505000	-7.226571	-7.216438	-7.208835	-7.274439	-7.145085	-7.249952	-7.285237	-7.190404	-7.259082	-7.237445	-7.439426	-7.252465	-7.234937	-6.290152	-14.995453	-7.243835
8748.535000	-7.226563	-7.216419	-7.208844	-7.274442	-7.145079	-7.249945	-7.285214	-7.190424	-7.259083	-7.237438	-7.426176	-7.252455	-7.234936	-6.290155	-14.995399	-7.243833
8768.566000	-7.226563	-7.216428	-7.208822	-7.274422	-7.145091	-7.249949	-7.285197	-7.190421	-7.259059	-7.237464	-7.438388	-7.252461	-7.234928	-6.290157	-14.995392	-7.243824
8788.565000	-7.226567	-7.216424	-7.208826	-7.274407	-7.145094	-7.249950	-7.285211	-7.190411	-7.259036	-7.237475	-7.404675	-7.252464	-7.234937	-6.290156	-14.995433	-7.243856
8808.555000	-7.226556	-7.216444	-7.208841	-7.274422	-7.145090	-7.249916	-7.285191	-7.190410	-7.259050	-7.237490	-7.407460	-7.252464	-7.234934	-6.290157	-14.995404	-7.243842
8828.575000	-7.226572	-7.216428	-7.208827	-7.274427	-7.145084	-7.249923	-7.285236	-7.190405	-7.259026	-7.237478	-7.419823	-7.252479	-7.234918	-6.290159	-14.995400	-7.243849
8848.605000	-7.226562	-7.216410	-7.208830	-7.274405	-7.145070	-7.249948	-7.285312	-7.190388	-7.258985	-7.237446	-7.420263	-7.252470	-7.234922	-6.290162	-14.995372	-7.243839
8868.625000	-7.226554	-7.216417	-7.208824	-7.274440	-7.145081	-7.249943	-7.285237	-7.190428	-7.259018	-7.237467	-7.430459	-7.252468	-7.234930	-6.290163	-14.995379	-7.243839
8888.605000	-7.226561	-7.216420	-7.208829	-7.274414	-7.145080	-7.249934	-7.285249	-7.190409	-7.258990	-7.237458	-7.431587	-7.252454	-7.234910	-6.290164	-14.995399	-7.243843
8908.626000	-7.226567	-7.216422	-7.208848	-7.274424	-7.145077	-7.249952	-7.285283	-7.190423	-7.258955	-7.237478	-7.421117	-7.252464	-7.234916	-6.290165	-14.995415	-7.243833
8928.605000	-7.226547	-7.216420	-7.208829	-7.274415	-7.145075	-7.249947	-7.285195	-7.190415	-7.258955	-7.237466	-7.419786	-7.252464	-7.234917	-6.290167	-14.995379	-7.243848
8948.595000	-7.226571	-7.216404	-7.208835	-7.274432	-7.145065	-7.249944	-7.285234	-7.190387	-7.258910	-7.237455	-7.405273	-7.252458	-7.234899	-6.290167	-14.995401	-7.243812
8968.577000	-7.226578	-7.216409	-7.208852	-7.274414	-7.145074	-7.249931	-7.285204	-7.190420	-7.258944	-7.237462	-7.422286	-7.252469	-7.234909	-6.290169	-14.995405	-7.243819
8988.575000	-7.226561	-7.216418	-7.208829	-7.274416	-7.145053	-7.249947	-7.285192	-7.190376	-7.258913	-7.237432	-7.422386	-7.252467	-7.234903	-6.290171	-14.995404	-7.243826
9008.595000	-7.226560	-7.216429	-7.208852	-7.274423	-7.145073	-7.249920	-7.285183	-7.190400	-7.258933	-7.237462	-7.428354	-7.252464	-7.234922	-6.290169	-14.995400	-7.243800
9028.605000	-7.226542	-7.216414	-7.208826	-7.274434	-7.145097	-7.249949	-7.285172	-7.190406	-7.258915	-7.237469	-7.426805	-7.252455	-7.234904	-6.290170	-14.995394	-7.243805
9048.615000	-7.226556	-7.216421	-7.208820	-7.274443	-7.145086	-7.249930	-7.285172	-7.190394	-7.258892	-7.237496	-7.422835	-7.252470	-7.234914	-6.290171	-14.995432	-7.243812
9068.605000	-7.226539	-7.216405	-7.208823	-7.274418	-7.145058	-7.249919	-7.285207	-7.190399	-7.258942	-7.237467	-7.432887	-7.252455	-7.234926	-6.290174	-14.995371	-7.243791
9088.625000	-7.226551	-7.216416	-7.208821	-7.274423	-7.145069	-7.249932	-7.285227	-7.190402	-7.258900	-7.237454	-7.417027	-7.252471	-7.234913	-6.290174	-14.995390	-7.243794
9108.625000	-7.226569	-7.216423	-7.208823	-7.274427	-7.145064	-7.249933	-7.285222	-7.190415	-7.258906	-7.237467	-7.420943	-7.252439	-7.234896	-6.290174	-14.995404	-7.243806
9128.645000	-7.226543	-7.216428	-7.208840	-7.274414	-7.145079	-7.249934	-7.285274	-7.190399	-7.258903	-7.237473	-7.437687	-7.252453	-7.234912	-6.290173	-14.995435	-7.243807
9148.655000	-7.226534	-7.216429	-7.208821	-7.274400	-7.145056	-7.249949	-7.285215	-7.190399	-7.258893	-7.237460	-7.429082	-7.252464	-7.234918	-6.290176	-14.995388	-7.243795
9168.625000	-7.226563	-7.216430	-7.208808	-7.274395	-7.145059	-7.249918	-7.285170	-7.190404	-7.258897	-7.237478	-7.437367	-7.252454	-7.234897	-6.290175	-14.995434	-7.243818
9188.665000	-7.226558	-7.216444	-7.208808	-7.274398	-7.145076	-7.249935	-7.285198	-7.190414	-7.258864	-7.237470	-7.423369	-7.252466	-7.234909	-6.290175	-14.995442	-7.243807
9208.675000	-7.226564	-7.216428	-7.208827	-7.274420	-7.145073	-7.249939	-7.285175	-7.190422	-7.258857	-7.237475	-7.422937	-7.252458	-7.234896	-6.290175	-14.995415	-7.243801
9228.705000	-7.226555	-7.216448	-7.208825	-7.274424	-7.145072	-7.249920	-7.285215	-7.190422	-7.258836	-7.237470	-7.421645	-7.252467	-7.234916	-6.290181	-14.995429	-7.243813
9248.725000	-7.226565	-7.216430	-7.208828	-7.274410	-7.145076	-7.249920	-7.285223	-7.190409	-7.258803	-7.237478	-7.420736	-7.252449	-7.234920	-6.290176	-14.995387	-7.243799
	-7.226582															
