8.198	-7.00041	-6.946299	-6.99943	-6.94292	-6.982992	-7.020554	-7.013234	-7.019253	-7.011171	-6.986013	-6.995765	-6.984074	-7.008436	-7.010106	-15.15656	-7.028259
20.387	-7.000406	-6.946306	-6.999433	-6.942875	-6.982968	-7.020544	-7.013211	-7.019214	-7.011142	-6.985998	-6.995733	-6.984063	-7.008425	-7.010059	-15.156637	-7.028241
32.602	-7.000403	-6.946289	-6.999458	-6.94284	-6.982935	-7.020528	-7.013195	-7.01919	-7.011111	-6.985957	-6.995701	-6.984038	-7.008398	-7.01007	-15.156595	-7.028218
44.808	-7.000408	-6.946256	-6.999454	-6.942833	-6.982911	-7.020501	-7.013189	-7.019152	-7.011108	-6.985972	-6.995693	-6.984048	-7.00839	-7.010058	-15.156758	-7.028202
56.994	-7.000402	-6.946237	-6.999458	-6.94282	-6.982893	-7.020505	-7.013184	-7.01915	-7.011108	-6.985958	-6.995674	-6.984016	-7.008374	-7.010048	-15.156552	-7.028166
69.207	-7.000388	-6.946242	-6.999441	-6.942811	-6.9829	-7.020494	-7.013171	-7.019145	-7.011085	-6.985954	-6.995655	-6.984032	-7.008376	-7.010024	-15.156729	-7.028173
81.393	-7.000379	-6.94623	-6.999454	-6.9428	-6.982895	-7.020506	-7.013169	-7.019128	-7.011087	-6.985948	-6.995657	-6.984032	-7.008376	-7.01001	-15.156823	-7.028167
93.578	-7.000382	-6.946219	-6.999452	-6.942802	-6.982893	-7.020499	-7.013178	-7.019124	-7.011081	-6.985954	-6.995639	-6.984024	-7.008363	-7.010014	-15.156731	-7.028159
105.753	-7.000393	-6.946216	-6.999442	-6.942807	-6.982865	-7.020478	-7.013152	-7.019122	-7.011077	-6.985959	-6.995628	-6.984012	-7.008369	-7.010003	-15.156783	-7.028148
117.946	-7.000396	-6.946228	-6.999451	-6.9428	-6.982876	-7.020454	-7.013155	-7.019133	-7.011083	-6.985957	-6.995627	-6.984012	-7.008337	-7.010019	-15.156899	-7.028162
130.124	-7.000391	-6.946213	-6.999454	-6.9428	-6.982878	-7.020507	-7.013157	-7.019144	-7.011091	-6.985944	-6.995628	-6.984023	-7.00835	-7.009993	-15.156782	-7.028145
142.315	-7.000403	-6.946208	-6.999446	-6.942794	-6.98287	-7.020473	-7.013167	-7.019141	-7.011087	-6.985925	-6.995628	-6.984018	-7.008357	-7.009995	-15.156777	-7.028139
154.509	-7.000392	-6.94622	-6.999452	-6.942799	-6.982873	-7.020442	-7.013155	-7.019113	-7.011093	-6.985958	-6.995627	-6.984015	-7.008356	-7.009998	-15.156997	-7.028147
166.69	-7.00038	-6.946211	-6.999423	-6.94278	-6.982853	-7.020432	-7.013171	-7.019136	-7.011053	-6.985939	-6.995591	-6.984038	-7.008344	-7.010009	-15.156843	-7.028132
178.871	-7.000373	-6.946188	-6.999407	-6.942762	-6.982829	-7.020412	-7.013148	-7.019107	-7.011042	-6.985907	-6.995555	-6.983987	-7.008321	-7.01	-15.156844	-7.028074
191.072	-7.000347	-6.946164	-6.999374	-6.942735	-6.982804	-7.020376	-7.013137	-7.01907	-7.01099	-6.985842	-6.995516	-6.98396	-7.008307	-7.009982	-15.157048	-7.028034
203.245	-7.000326	-6.946093	-6.999368	-6.942683	-6.982784	-7.02033	-7.013125	-7.019017	-7.010927	-6.985798	-6.995466	-6.983934	-7.008278	-7.009939	-15.157031	-7.027999
215.428	-7.000294	-6.946055	-6.999362	-6.942635	-6.982743	-7.02027	-7.01307	-7.01898	-7.01086	-6.985761	-6.995432	-6.983925	-7.008239	-7.009897	-15.157104	-7.027922
227.621	-7.000252	-6.945984	-6.999332	-6.942551	-6.982699	-7.020233	-7.013049	-7.018936	-7.010804	-6.985741	-6.995376	-6.983876	-7.008203	-7.009863	-15.157201	-7.027851
239.816	-7.000224	-6.945909	-6.999327	-6.942495	-6.982645	-7.020169	-7.012997	-7.018878	-7.010754	-6.98567	-6.99533	-6.983852	-7.008151	-7.009801	-15.156963	-7.027808
252.009	-7.000175	-6.945849	-6.999328	-6.942441	-6.982595	-7.020135	-7.012984	-7.018839	-7.010731	-6.985665	-6.995273	-6.983828	-7.008122	-7.00975	-15.157145	-7.027749
264.196	-7.000162	-6.945777	-6.999292	-6.942355	-6.98257	-7.020129	-7.01294	-7.018775	-7.010685	-6.985633	-6.995248	-6.983797	-7.00809	-7.009716	-15.157147	-7.027689
276.39	-7.000135	-6.945732	-6.999309	-6.942307	-6.982516	-7.020044	-7.012903	-7.018741	-7.01066	-6.985601	-6.995185	-6.983754	-7.008042	-7.009685	-15.157033	-7.027645
288.584	-7.000096	-6.945685	-6.999295	-6.942255	-6.982458	-7.020032	-7.012866	-7.018709	-7.010629	-6.985564	-6.995146	-6.98374	-7.008027	-7.009651	-15.157275	-7.027586
300.799	-7.000077	-6.945614	-6.999289	-6.942211	-6.982434	-7.019992	-7.012831	-7.018667	-7.010599	-6.985527	-6.995099	-6.983728	-7.007981	-7.009608	-15.156991	-7.027538
313.007	-7.000044	-6.945568	-6.999272	-6.942164	-6.982402	-7.019966	-7.012806	-7.018604	-7.010562	-6.98551	-6.995091	-6.983709	-7.007958	-7.00958	-15.1572	-7.027516
325.198	-7.000029	-6.945524	-6.999272	-6.942115	-6.982364	-7.019957	-7.012792	-7.018586	-7.01053	-6.985498	-6.995036	-6.983703	-7.007901	-7.009575	-15.157059	-7.027479
337.381	-7.000011	-6.945482	-6.999281	-6.942085	-6.982342	-7.019927	-7.01277	-7.018562	-7.010494	-6.985475	-6.995021	-6.983665	-7.007892	-7.009534	-15.157146	-7.027452
349.581	-7.000001	-6.945466	-6.99928	-6.942064	-6.982323	-7.019893	-7.012753	-7.018556	-7.010488	-6.985446	-6.994994	-6.983651	-7.007878	-7.009515	-15.157312	-7.02741
361.764	-6.999995	-6.945435	-6.999274	-6.942031	-6.982321	-7.019892	-7.012737	-7.018553	-7.01048	-6.985436	-6.994971	-6.983655	-7.00787	-7.00949	-15.15724	-7.027416
373.955	-6.999976	-6.945428	-6.999274	-6.941996	-6.982311	-7.019898	-7.012719	-7.018526	-7.01047	-6.985428	-6.994977	-6.983638	-7.007857	-7.009486	-15.157233	-7.027382
386.174	-6.999978	-6.94543	-6.99927	-6.941999	-6.982306	-7.019878	-7.012722	-7.018515	-7.010453	-6.985436	-6.994956	-6.98364	-7.00787	-7.009488	-15.157058	-7.027372
398.368	-6.999973	-6.9454	-6.999276	-6.94199	-6.982283	-7.019887	-7.012711	-7.018511	-7.010437	-6.985415	-6.99495	-6.983625	-7.00784	-7.00947	-15.157147	-7.027376
410.561	-6.999974	-6.945402	-6.999268	-6.941981	-6.982282	-7.019864	-7.012707	-7.0185	-7.010437	-6.985402	-6.994943	-6.983635	-7.007841	-7.009477	-15.157229	-7.027365
422.754	-6.999976	-6.945368	-6.999267	-6.941978	-6.982286	-7.01988	-7.012718	-7.018511	-7.010441	-6.985416	-6.994938	-6.98363	-7.007839	-7.00947	-15.157234	-7.027358
434.95	-6.999944	-6.945364	-6.999267	-6.941959	-6.982265	-7.01987	-7.012699	-7.018509	-7.010437	-6.985422	-6.994943	-6.983622	-7.007834	-7.009462	-15.157206	-7.027355
447.123	-6.999987	-6.945353	-6.999276	-6.941971	-6.98227	-7.019864	-7.012709	-7.018507	-7.010432	-6.985392	-6.994938	-6.983629	-7.007844	-7.009464	-15.157206	-7.027345
459.325	-6.99997	-6.945356	-6.999272	-6.941958	-6.982263	-7.019863	-7.012697	-7.018499	-7.010412	-6.98541	-6.994943	-6.983638	-7.007838	-7.009456	-15.157481	-7.027337
471.513	-6.999979	-6.945359	-6.999296	-6.941952	-6.982258	-7.019854	-7.012695	-7.018522	-7.010434	-6.985393	-6.99495	-6.983627	-7.007824	-7.009458	-15.157382	-7.02734
483.706	-6.999965	-6.945337	-6.999292	-6.941954	-6.982274	-7.019865	-7.012689	-7.018502	-7.010423	-6.985413	-6.994928	-6.983614	-7.007825	-7.009464	-15.157465	-7.027349
495.93	-6.999967	-6.945351	-6.999296	-6.941948	-6.982265	-7.019862	-7.012698	-7.018486	-7.010426	-6.985407	-6.994924	-6.983624	-7.007836	-7.009465	-15.157423	-7.027342
508.121	-6.999948	-6.945344	-6.999273	-6.941938	-6.982255	-7.019848	-7.012692	-7.018494	-7.010423	-6.985397	-6.994936	-6.983605	-7.007836	-7.009457	-15.157235	-7.027338
520.323	-6.999981	-6.945331	-6.999265	-6.941926	-6.982272	-7.019849	-7.012691	-7.018482	-7.010434	-6.985386	-6.994912	-6.983615	-7.007832	-7.009466	-15.157505	-7.027339
532.55	-6.999968	-6.945336	-6.999271	-6.94192	-6.982276	-7.019848	-7.012672	-7.018491	-7.01042	-6.985406	-6.994946	-6.983609	-7.007834	-7.009472	-15.157621	-7.02734
544.743	-6.999946	-6.945329	-6.999256	-6.941936	-6.982267	-7.019865	-7.012689	-7.01848	-7.010438	-6.98539	-6.994926	-6.983608	-7.007819	-7.009447	-15.157512	-7.027322
556.936	-6.999968	-6.945315	-6.999273	-6.941921	-6.982253	-7.019871	-7.012693	-7.018469	-7.010428	-6.985402	-6.994946	-6.9836	-7.007828	-7.009461	-15.157367	-7.027328
569.131	-6.999958	-6.945318	-6.999264	-6.941919	-6.982261	-7.019855	-7.012697	-7.018477	-7.010425	-6.985402	-6.994927	-6.983607	-7.007824	-7.009446	-15.15743	-7.027317
581.339	-6.999958	-6.945322	-6.999273	-6.94193	-6.982256	-7.019856	-7.01269	-7.018463	-7.010425	-6.985385	-6.99493	-6.983591	-7.007816	-7.009445	-15.157279	-7.027326
593.537	-6.999951	-6.945327	-6.999276	-6.941923	-6.982259	-7.019865	-7.012697	-7.01846	-7.010436	-6.985398	-6.994932	-6.9836	-7.007817	-7.009448	-15.15739	-7.027328
605.746	-6.999945	-6.945302	-6.999275	-6.941947	-6.982255	-7.01984	-7.012694	-7.018461	-7.010425	-6.985407	-6.99494	-6.983587	-7.007824	-7.009444	-15.157368	-7.027326
617.938	-6.999933	-6.945309	-6.999268	-6.941924	-6.982256	-7.019857	-7.012695	-7.018458	-7.010431	-6.985393	-6.99492	-6.983586	-7.007836	-7.009444	-15.157279	-7.027332
630.119	-6.999928	-6.945302	-6.99927	-6.941931	-6.982272	-7.019854	-7.012686	-7.018469	-7.010424	-6.985378	-6.994928	-6.983589	-7.007819	-7.009428	-15.157405	-7.027321
642.304	-6.999935	-6.94532	-6.999266	-6.941929	-6.982259	-7.019848	-7.012676	-7.018453	-7.010418	-6.985396	-6.994934	-6.983606	-7.007817	-7.009427	-15.15737	-7.027323
654.498	-6.999947	-6.945293	-6.999279	-6.941919	-6.982276	-7.01985	-7.012711	-7.018474	-7.010415	-6.985381	-6.994923	-6.983607	-7.007808	-7.009444	-15.157287	-7.027319
666.675	-6.999937	-6.94531	-6.999279	-6.941905	-6.982274	-7.019843	-7.012693	-7.018491	-7.010405	-6.98539	-6.994908	-6.983609	-7.007832	-7.009438	-15.157453	-7.027311
678.871	-6.999957	-6.945303	-6.999271	-6.941917	-6.982262	-7.019834	-7.012703	-7.018452	-7.010404	-6.985381	-6.994922	-6.983615	-7.007816	-7.009448	-15.157512	-7.027307
691.072	-6.999935	-6.945308	-6.999259	-6.941916	-6.982266	-7.019847	-7.012701	-7.018462	-7.010421	-6.985386	-6.994921	-6.983603	-7.007822	-7.009436	-15.157414	-7.027304
703.253	-6.999958	-6.945306	-6.99928	-6.941915	-6.982265	-7.019838	-7.012692	-7.018469	-7.010414	-6.985376	-6.994924	-6.983587	-7.007814	-7.009449	-15.157393	-7.027292
715.452	-6.999944	-6.945296	-6.999277	-6.941916	-6.982247	-7.019837	-7.012694	-7.018482	-7.010415	-6.985388	-6.99493	-6.983595	-7.007826	-7.00945	-15.157495	-7.027307
727.637	-6.999934	-6.945297	-6.999276	-6.94191	-6.982258	-7.019835	-7.012675	-7.018469	-7.010419	-6.98537	-6.994914	-6.983602	-7.007825	-7.00945	-15.157377	-7.027311
739.824	-6.999925	-6.945303	-6.999259	-6.941897	-6.982257	-7.019852	-7.012681	-7.018475	-7.010414	-6.985371	-6.994916	-6.9836	-7.007817	-7.009421	-15.157458	-7.027305
752.021	-6.999956	-6.94531	-6.999254	-6.941908	-6.982244	-7.019823	-7.012687	-7.01845	-7.010402	-6.985385	-6.994901	-6.983576	-7.007816	-7.009446	-15.157512	-7.027313
764.229	-6.99995	-6.945317	-6.999242	-6.941919	-6.982268	-7.019843	-7.01267	-7.018464	-7.010399	-6.985371	-6.994903	-6.98357	-7.007805	-7.00944	-15.157558	-7.027302
776.409	-6.999949	-6.945302	-6.999263	-6.941908	-6.982257	-7.019825	-7.012688	-7.018472	-7.01041	-6.985382	-6.994894	-6.983577	-7.007796	-7.009449	-15.157626	-7.027302
788.596	-6.999936	-6.945303	-6.999267	-6.941899	-6.98224	-7.01982	-7.012677	-7.018456	-7.010419	-6.98538	-6.994908	-6.983596	-7.00781	-7.009443	-15.157597	-7.027281
800.789	-6.999952	-6.945298	-6.99926	-6.941881	-6.982253	-7.019846	-7.012671	-7.018463	-7.010411	-6.985383	-6.994907	-6.983577	-7.007814	-7.009428	-15.157444	-7.027297
812.989	-6.999939	-6.945304	-6.999255	-6.941876	-6.982249	-7.019839	-7.012664	-7.018467	-7.010409	-6.985363	-6.99491	-6.983603	-7.007814	-7.009424	-15.157623	-7.02728
825.2	-6.99993	-6.945312	-6.99927	-6.941904	-6.982236	-7.019829	-7.012663	-7.018465	-7.010404	-6.985387	-6.994905	-6.983599	-7.007809	-7.009426	-15.15752	-7.027292
837.402	-6.999923	-6.945311	-6.999267	-6.941885	-6.982263	-7.019842	-7.012646	-7.018463	-7.010401	-6.985393	-6.994913	-6.983589	-7.007808	-7.00944	-15.157411	-7.027298
849.608	-6.999923	-6.945313	-6.999252	-6.941905	-6.982241	-7.019833	-7.012676	-7.018476	-7.010396	-6.985379	-6.994893	-6.983605	-7.007801	-7.009433	-15.157387	-7.027301
861.799	-6.999927	-6.945295	-6.999271	-6.941892	-6.982235	-7.01982	-7.012663	-7.018474	-7.010412	-6.985377	-6.994908	-6.983594	-7.007806	-7.009439	-15.157545	-7.027286
873.991	-6.999936	-6.945314	-6.999268	-6.941896	-6.982231	-7.019827	-7.012679	-7.01846	-7.010424	-6.985388	-6.994912	-6.983606	-7.007818	-7.009445	-15.157604	-7.02729
886.19	-6.999927	-6.945302	-6.99925	-6.941905	-6.98224	-7.01982	-7.012683	-7.018476	-7.010418	-6.985391	-6.994908	-6.983598	-7.007818	-7.009436	-15.157483	-7.027279
898.383	-6.999928	-6.945305	-6.999258	-6.941896	-6.98224	-7.019819	-7.012689	-7.018463	-7.010404	-6.985394	-6.994904	-6.983601	-7.00781	-7.009434	-15.157461	-7.027273
910.579	-6.999906	-6.945299	-6.999248	-6.941899	-6.982253	-7.01982	-7.012668	-7.018462	-7.010402	-6.985399	-6.994906	-6.9836	-7.007809	-7.009424	-15.1577	-7.027295
922.808	-6.999931	-6.945304	-6.99925	-6.941907	-6.982252	-7.019816	-7.012661	-7.018446	-7.01044	-6.985391	-6.994904	-6.98363	-7.007795	-7.009455	-15.157688	-7.027288
935.018	-6.999922	-6.945292	-6.999249	-6.941922	-6.982251	-7.019832	-7.012677	-7.018461	-7.010433	-6.985379	-6.994923	-6.983613	-7.007806	-7.009421	-15.157728	-7.027286
947.191	-6.999913	-6.945296	-6.999253	-6.941892	-6.982259	-7.019812	-7.012686	-7.018489	-7.010405	-6.985358	-6.994898	-6.983599	-7.007794	-7.009447	-15.15756	-7.027278
959.384	-6.99993	-6.945304	-6.99927	-6.941902	-6.982251	-7.019801	-7.012682	-7.018464	-7.010416	-6.985383	-6.994907	-6.983596	-7.007782	-7.009444	-15.157547	-7.027271
971.601	-6.999918	-6.945302	-6.999266	-6.941898	-6.982274	-7.019827	-7.012664	-7.018463	-7.01042	-6.985371	-6.994919	-6.983612	-7.007795	-7.009435	-15.157507	-7.027287
983.794	-6.999914	-6.945319	-6.999246	-6.941897	-6.982262	-7.019803	-7.012652	-7.018458	-7.010399	-6.985363	-6.99492	-6.983595	-7.007811	-7.009439	-15.157624	-7.027289
995.981	-6.9999	-6.945298	-6.999262	-6.941886	-6.982245	-7.019793	-7.012685	-7.018451	-7.010402	-6.985393	-6.994899	-6.983587	-7.007805	-7.009438	-15.157806	-7.027295
1008.199	-6.99992	-6.945287	-6.999264	-6.941888	-6.982236	-7.019828	-7.012669	-7.018451	-7.010402	-6.985392	-6.994895	-6.983579	-7.007797	-7.009434	-15.157827	-7.027271
1020.402	-6.99991	-6.945296	-6.999279	-6.941899	-6.982238	-7.019821	-7.012668	-7.018463	-7.010388	-6.985386	-6.994903	-6.983604	-7.007806	-7.009433	-15.157618	-7.027287
1032.59	-6.999911	-6.94528	-6.999267	-6.941869	-6.982232	-7.019819	-7.012673	-7.018438	-7.010398	-6.985369	-6.99489	-6.983593	-7.007809	-7.009423	-15.15773	-7.027295
1044.804	-6.999926	-6.945272	-6.999268	-6.94188	-6.982238	-7.019843	-7.012674	-7.018443	-7.010389	-6.985378	-6.994912	-6.983601	-7.007825	-7.009419	-15.157866	-7.02727
1056.981	-6.999906	-6.945283	-6.999262	-6.941888	-6.982242	-7.019819	-7.012668	-7.018432	-7.010398	-6.985375	-6.994895	-6.983594	-7.007816	-7.009434	-15.157785	-7.027295
1069.187	-6.999908	-6.945301	-6.999269	-6.941872	-6.982216	-7.019822	-7.012671	-7.018449	-7.010407	-6.985396	-6.994901	-6.983596	-7.007794	-7.009442	-15.15759	-7.027267
1081.376	-6.999908	-6.945302	-6.999284	-6.9419	-6.982238	-7.019806	-7.01267	-7.018433	-7.010394	-6.985386	-6.994904	-6.983603	-7.007827	-7.009427	-15.157728	-7.027296
1093.563	-6.99991	-6.945302	-6.999264	-6.941896	-6.982226	-7.019825	-7.012658	-7.018451	-7.010398	-6.985378	-6.994899	-6.983592	-7.007816	-7.009429	-15.157836	-7.027279
1105.771	-6.999917	-6.94529	-6.999253	-6.941898	-6.982225	-7.019797	-7.012667	-7.018453	-7.010423	-6.985387	-6.994897	-6.983599	-7.007804	-7.009424	-15.157652	-7.027287
1117.948	-6.999907	-6.945302	-6.999272	-6.941871	-6.982233	-7.019806	-7.012655	-7.018446	-7.01042	-6.985382	-6.994895	-6.983596	-7.007813	-7.00943	-15.157942	-7.027298
1130.152	-6.999898	-6.945301	-6.999269	-6.941876	-6.982229	-7.019836	-7.012654	-7.018453	-7.0104	-6.985386	-6.994913	-6.983591	-7.007808	-7.009423	-15.157829	-7.02728
1142.349	-6.999895	-6.94527	-6.999268	-6.941882	-6.982233	-7.01981	-7.012658	-7.018441	-7.010416	-6.985366	-6.994898	-6.983581	-7.007795	-7.00943	-15.157737	-7.027268
1154.555	-6.999899	-6.945304	-6.999273	-6.941883	-6.982229	-7.019828	-7.012669	-7.018444	-7.010404	-6.985384	-6.994914	-6.983586	-7.007806	-7.009435	-15.157577	-7.02727
1166.771	-6.999911	-6.945283	-6.999261	-6.941894	-6.982239	-7.019814	-7.012647	-7.018424	-7.010408	-6.985381	-6.994895	-6.983597	-7.007797	-7.009433	-15.157643	-7.027262
1178.968	-6.999914	-6.945288	-6.999261	-6.941881	-6.982237	-7.019818	-7.012643	-7.018439	-7.010401	-6.98537	-6.994894	-6.983611	-7.007834	-7.009421	-15.157724	-7.027291
1191.179	-6.999904	-6.945302	-6.999248	-6.941886	-6.982233	-7.019811	-7.012648	-7.018433	-7.010413	-6.98537	-6.994899	-6.983586	-7.007822	-7.009415	-15.157733	-7.027268
1203.369	-6.9999	-6.945301	-6.999254	-6.941887	-6.982232	-7.019814	-7.012677	-7.018453	-7.010408	-6.985364	-6.9949	-6.983587	-7.007803	-7.00942	-15.15781	-7.027266
1215.556	-6.999924	-6.945297	-6.999253	-6.941877	-6.98224	-7.019803	-7.012664	-7.01844	-7.010404	-6.985359	-6.994916	-6.983586	-7.00781	-7.009417	-15.157961	-7.027298
1227.762	-6.999919	-6.94529	-6.999267	-6.941881	-6.982231	-7.019811	-7.01266	-7.018454	-7.010401	-6.985368	-6.994904	-6.983586	-7.007816	-7.009424	-15.157745	-7.027287
1239.972	-6.999902	-6.945289	-6.999242	-6.941886	-6.982243	-7.019798	-7.012648	-7.018453	-7.010393	-6.985359	-6.994895	-6.983589	-7.0078	-7.009427	-15.157917	-7.027286
1252.177	-6.999903	-6.945301	-6.999264	-6.941891	-6.982224	-7.01983	-7.012671	-7.018446	-7.010405	-6.985355	-6.994895	-6.983574	-7.007801	-7.009426	-15.157904	-7.027253
1264.381	-6.999914	-6.945305	-6.999248	-6.94189	-6.982236	-7.0198	-7.012659	-7.018447	-7.0104	-6.985378	-6.994904	-6.983588	-7.007823	-7.009436	-15.157986	-7.027261
1276.581	-6.999913	-6.945316	-6.999244	-6.94189	-6.982245	-7.019821	-7.012653	-7.018481	-7.010397	-6.985374	-6.994899	-6.98359	-7.007808	-7.0094	-15.157953	-7.027178
1288.786	-6.999985	-6.9455	-6.999558	-6.941902	-6.982358	-7.020003	-7.012649	-7.018442	-7.01051	-6.985501	-6.995048	-6.983587	-7.007768	-7.009332	-15.157693	-7.027302
1300.997	-7.000094	-6.945654	-6.999522	-6.9421	-6.982483	-7.020125	-7.012749	-7.018617	-7.01072	-6.985676	-6.995246	-6.983763	-7.007897	-7.009527	-15.157562	-7.027603
1313.19	-7.000226	-6.945796	-6.99951	-6.942329	-6.982615	-7.020273	-7.012904	-7.018794	-7.010912	-6.985837	-6.995414	-6.983918	-7.008065	-7.009705	-15.157713	-7.027859
1325.379	-7.000306	-6.945961	-6.999497	-6.942524	-6.982724	-7.02039	-7.013009	-7.018969	-7.01104	-6.985943	-6.995566	-6.98402	-7.008192	-7.009842	-15.157737	-7.028061
1337.567	-7.000372	-6.946075	-6.999497	-6.942661	-6.982859	-7.020484	-7.013106	-7.019081	-7.011106	-6.98604	-6.995677	-6.984069	-7.008299	-7.009954	-15.157627	-7.028183
1349.759	-7.000389	-6.946178	-6.999476	-6.942784	-6.982922	-7.020545	-7.013155	-7.019172	-7.011199	-6.986062	-6.995733	-6.984107	-7.008345	-7.010001	-15.15751	-7.02829
1361.969	-7.000427	-6.946267	-6.999496	-6.942872	-6.98295	-7.020601	-7.013181	-7.019255	-7.011229	-6.986089	-6.995799	-6.984127	-7.008399	-7.010058	-15.157417	-7.028333
1374.151	-7.00046	-6.946343	-6.999466	-6.942948	-6.982987	-7.020656	-7.01322	-7.019302	-7.011266	-6.986119	-6.995852	-6.984168	-7.008451	-7.01012	-15.157613	-7.028413
1386.41	-7.000514	-6.946406	-6.99948	-6.943014	-6.983058	-7.020674	-7.013247	-7.019373	-7.011321	-6.986169	-6.995915	-6.984188	-7.00849	-7.010168	-15.157631	-7.028477
1398.589	-7.000547	-6.94647	-6.999504	-6.943082	-6.983092	-7.02071	-7.0133	-7.019425	-7.011342	-6.986218	-6.995959	-6.984211	-7.008546	-7.01022	-15.157534	-7.028534
1410.776	-7.000579	-6.946539	-6.999531	-6.943128	-6.98315	-7.020765	-7.013347	-7.019485	-7.011387	-6.986249	-6.995992	-6.98425	-7.008575	-7.010234	-15.157502	-7.02857
1422.964	-7.000627	-6.946573	-6.999543	-6.943149	-6.983182	-7.020759	-7.013361	-7.0195	-7.011414	-6.986259	-6.996032	-6.984265	-7.008596	-7.010269	-15.157661	-7.028612
1435.151	-7.000619	-6.946603	-6.999559	-6.94317	-6.983206	-7.020778	-7.013387	-7.019519	-7.011419	-6.986279	-6.996024	-6.984266	-7.008628	-7.010273	-15.157706	-7.028609
1447.347	-7.000629	-6.946618	-6.999545	-6.943186	-6.983211	-7.020821	-7.013396	-7.019536	-7.011421	-6.986297	-6.996038	-6.984281	-7.00864	-7.010298	-15.157605	-7.028615
1459.534	-7.000651	-6.946636	-6.999556	-6.943211	-6.983226	-7.020802	-7.013422	-7.019515	-7.01141	-6.986306	-6.996025	-6.98428	-7.008638	-7.010304	-15.157667	-7.028614
1471.722	-7.000643	-6.946637	-6.999558	-6.943198	-6.983232	-7.020814	-7.013403	-7.019542	-7.011436	-6.986311	-6.996006	-6.984287	-7.00864	-7.010317	-15.157774	-7.028641
1483.914	-7.000656	-6.946639	-6.999549	-6.943206	-6.983218	-7.020821	-7.013425	-7.019546	-7.011443	-6.986296	-6.99599	-6.98429	-7.008645	-7.010327	-15.157623	-7.028661
1496.1	-7.000682	-6.946654	-6.999556	-6.943222	-6.983235	-7.020805	-7.013423	-7.019548	-7.011445	-6.986316	-6.995981	-6.98429	-7.008661	-7.010325	-15.157732	-7.028659
1508.269	-7.000691	-6.946648	-6.999547	-6.943221	-6.983227	-7.020823	-7.013423	-7.019542	-7.01143	-6.986315	-6.995991	-6.984293	-7.008672	-7.010328	-15.157648	-7.028672
1520.471	-7.000689	-6.946645	-6.999551	-6.943214	-6.983245	-7.020822	-7.013432	-7.01956	-7.011452	-6.98631	-6.995964	-6.98427	-7.008668	-7.010318	-15.157652	-7.02866
1532.656	-7.000684	-6.946621	-6.999591	-6.943202	-6.983231	-7.020831	-7.013449	-7.019559	-7.011433	-6.986305	-6.99596	-6.984271	-7.008682	-7.010322	-15.15773	-7.028681
1544.859	-7.000693	-6.946613	-6.999569	-6.943204	-6.983236	-7.02083	-7.013443	-7.019565	-7.011423	-6.986321	-6.995957	-6.984284	-7.008675	-7.010337	-15.157776	-7.028687
1557.069	-7.000692	-6.946593	-6.999574	-6.943193	-6.983241	-7.020825	-7.013439	-7.019545	-7.01143	-6.986336	-6.995949	-6.984285	-7.008678	-7.010339	-15.157689	-7.028686
1569.283	-7.0007	-6.946586	-6.999582	-6.943177	-6.983248	-7.020809	-7.01346	-7.019546	-7.011448	-6.986324	-6.995949	-6.984281	-7.008678	-7.010331	-15.157658	-7.028709
1581.462	-7.000719	-6.946568	-6.999571	-6.94316	-6.983248	-7.020815	-7.013461	-7.019553	-7.011429	-6.986323	-6.995936	-6.984283	-7.008669	-7.010318	-15.157717	-7.028708
1593.664	-7.000716	-6.946552	-6.999568	-6.943134	-6.983249	-7.020799	-7.013463	-7.019539	-7.011428	-6.986324	-6.995929	-6.984288	-7.008677	-7.010318	-15.157629	-7.028727
1605.861	-7.000722	-6.946549	-6.999559	-6.943116	-6.983246	-7.020812	-7.013458	-7.01954	-7.011429	-6.986332	-6.995924	-6.984274	-7.00867	-7.01033	-15.1578	-7.028705
1618.046	-7.000739	-6.946517	-6.999571	-6.943091	-6.983238	-7.020825	-7.013445	-7.019519	-7.011427	-6.986316	-6.995938	-6.984266	-7.008673	-7.010324	-15.157763	-7.028719
1630.239	-7.000716	-6.946527	-6.99956	-6.943088	-6.983255	-7.020783	-7.013451	-7.019525	-7.011431	-6.986327	-6.995937	-6.984261	-7.008666	-7.010322	-15.157755	-7.028718
1642.414	-7.000745	-6.946509	-6.999548	-6.943073	-6.98325	-7.020791	-7.013458	-7.019522	-7.011418	-6.986299	-6.99591	-6.984262	-7.008687	-7.010295	-15.157602	-7.02872
1654.612	-7.000742	-6.946483	-6.999547	-6.943056	-6.983248	-7.020799	-7.01345	-7.019535	-7.011438	-6.986345	-6.995909	-6.984265	-7.008687	-7.010315	-15.157565	-7.028718
1666.79	-7.00073	-6.946471	-6.999546	-6.943045	-6.983249	-7.020791	-7.01347	-7.019559	-7.011405	-6.986328	-6.995914	-6.984249	-7.008695	-7.010318	-15.157926	-7.028739
1678.972	-7.000733	-6.946487	-6.999567	-6.943029	-6.983247	-7.020798	-7.013473	-7.019543	-7.011407	-6.986318	-6.99591	-6.98426	-7.008668	-7.010286	-15.157602	-7.028725
1691.189	-7.000749	-6.946465	-6.999569	-6.943004	-6.983231	-7.020796	-7.013476	-7.01954	-7.011409	-6.986332	-6.995901	-6.984257	-7.008691	-7.010281	-15.157624	-7.028725
1703.362	-7.000726	-6.94644	-6.999562	-6.942991	-6.983251	-7.020787	-7.01348	-7.019525	-7.011407	-6.986318	-6.995895	-6.984253	-7.008687	-7.010269	-15.157763	-7.02873
1715.554	-7.000758	-6.946462	-6.999568	-6.942989	-6.983237	-7.020789	-7.013464	-7.019539	-7.011397	-6.986325	-6.995906	-6.984252	-7.008675	-7.010272	-15.157705	-7.028733
1727.754	-7.000737	-6.946436	-6.999564	-6.942978	-6.983226	-7.02081	-7.013458	-7.019524	-7.011394	-6.986319	-6.995915	-6.984248	-7.008661	-7.010266	-15.157457	-7.028738
1739.938	-7.000736	-6.946443	-6.999564	-6.942967	-6.983221	-7.020778	-7.013464	-7.01952	-7.011387	-6.986325	-6.995896	-6.984252	-7.008682	-7.010263	-15.157464	-7.028739
1752.14	-7.000743	-6.946439	-6.99958	-6.942966	-6.983211	-7.020772	-7.013458	-7.01952	-7.011404	-6.986334	-6.995907	-6.984267	-7.008679	-7.010247	-15.15749	-7.028721
1764.324	-7.000727	-6.946437	-6.999571	-6.942956	-6.983208	-7.020762	-7.013451	-7.019492	-7.011402	-6.986338	-6.995904	-6.984262	-7.008672	-7.010262	-15.157575	-7.028737
1776.525	-7.000747	-6.946412	-6.999583	-6.94294	-6.983221	-7.020792	-7.013458	-7.019488	-7.011395	-6.986309	-6.995904	-6.984257	-7.008676	-7.010243	-15.157616	-7.028736
1788.712	-7.000734	-6.94641	-6.999575	-6.942942	-6.983197	-7.020767	-7.013451	-7.019494	-7.011381	-6.986312	-6.995893	-6.984251	-7.008647	-7.010247	-15.157545	-7.028742
1800.904	-7.000725	-6.946419	-6.99957	-6.942932	-6.983187	-7.020763	-7.013454	-7.019486	-7.011372	-6.986313	-6.995881	-6.984246	-7.00866	-7.010231	-15.157542	-7.028746
1813.106	-7.000747	-6.946407	-6.999561	-6.94293	-6.983196	-7.020762	-7.013465	-7.019499	-7.011374	-6.986322	-6.995872	-6.984266	-7.008644	-7.010253	-15.157569	-7.028712
1825.28	-7.000753	-6.946403	-6.999566	-6.942905	-6.983177	-7.020754	-7.013435	-7.019515	-7.011364	-6.986317	-6.995871	-6.984242	-7.008649	-7.010246	-15.157575	-7.028725
1837.483	-7.000764	-6.94639	-6.999569	-6.942907	-6.983173	-7.020772	-7.013443	-7.019495	-7.011363	-6.986324	-6.995889	-6.984243	-7.008652	-7.010254	-15.157674	-7.028723
1849.686	-7.000743	-6.946393	-6.99956	-6.942895	-6.983182	-7.020741	-7.013447	-7.019475	-7.011374	-6.986303	-6.995879	-6.98426	-7.008635	-7.010235	-15.157628	-7.028734
1861.907	-7.000754	-6.946393	-6.999567	-6.942908	-6.983168	-7.020734	-7.013455	-7.019476	-7.011369	-6.986303	-6.995875	-6.984251	-7.008629	-7.01023	-15.157643	-7.028726
1874.083	-7.000738	-6.9464	-6.999558	-6.942892	-6.983171	-7.020734	-7.013441	-7.019473	-7.011353	-6.986307	-6.995864	-6.984254	-7.008618	-7.010238	-15.157432	-7.028736
1886.263	-7.000755	-6.946403	-6.999567	-6.942885	-6.983166	-7.020719	-7.013431	-7.019475	-7.01136	-6.986311	-6.99587	-6.984257	-7.008625	-7.010229	-15.157628	-7.028739
1898.453	-7.000771	-6.946375	-6.999561	-6.942879	-6.983163	-7.020716	-7.013435	-7.01948	-7.011351	-6.986309	-6.995856	-6.984254	-7.008611	-7.010216	-15.157445	-7.028741
1910.64	-7.000747	-6.946383	-6.999576	-6.942864	-6.983163	-7.020705	-7.013436	-7.019465	-7.011342	-6.986307	-6.995872	-6.984252	-7.008623	-7.010227	-15.157619	-7.028753
1922.84	-7.000761	-6.946372	-6.999563	-6.942858	-6.983168	-7.020708	-7.013449	-7.019465	-7.011351	-6.986307	-6.995856	-6.984223	-7.008618	-7.010215	-15.157624	-7.028736
1935.045	-7.000772	-6.946371	-6.999563	-6.94286	-6.983154	-7.02071	-7.013439	-7.019477	-7.011348	-6.986283	-6.995865	-6.984234	-7.008613	-7.01021	-15.157719	-7.028742
1947.254	-7.000759	-6.946367	-6.999568	-6.942885	-6.983147	-7.020718	-7.013443	-7.019464	-7.011328	-6.986301	-6.995873	-6.984247	-7.008623	-7.010216	-15.157718	-7.028753
1959.466	-7.000742	-6.946371	-6.999565	-6.942857	-6.983135	-7.020685	-7.013437	-7.019466	-7.011333	-6.986298	-6.99588	-6.984267	-7.008608	-7.010221	-15.157586	-7.028753
1971.665	-7.000732	-6.946374	-6.999569	-6.942846	-6.983146	-7.020682	-7.013435	-7.019458	-7.011332	-6.986317	-6.995885	-6.984252	-7.008606	-7.010214	-15.157618	-7.028745
1983.922	-7.00076	-6.94637	-6.999562	-6.942858	-6.983139	-7.020678	-7.013443	-7.019469	-7.011343	-6.986303	-6.99587	-6.984264	-7.008589	-7.010218	-15.157531	-7.028756
1996.151	-7.000745	-6.946368	-6.999563	-6.942849	-6.983133	-7.020666	-7.013442	-7.019457	-7.011335	-6.98632	-6.995865	-6.984261	-7.008608	-7.010204	-15.157333	-7.028736
2008.4	-7.000738	-6.946357	-6.99955	-6.942845	-6.983129	-7.020683	-7.013431	-7.019458	-7.011336	-6.986315	-6.995852	-6.984269	-7.008617	-7.010197	-15.157455	-7.028748
2020.591	-7.000748	-6.946371	-6.999556	-6.942856	-6.983101	-7.020669	-7.013422	-7.01946	-7.011338	-6.986295	-6.99587	-6.984262	-7.008601	-7.010201	-15.157845	-7.028737
2032.843	-7.000769	-6.946367	-6.999566	-6.942837	-6.983113	-7.020668	-7.013435	-7.019436	-7.011344	-6.986286	-6.99586	-6.984265	-7.008584	-7.010207	-15.157655	-7.028747
2045.063	-7.00076	-6.946356	-6.999555	-6.942855	-6.983113	-7.020653	-7.013437	-7.019457	-7.011313	-6.986284	-6.995878	-6.984257	-7.008599	-7.0102	-15.157592	-7.028738
2057.286	-7.000745	-6.946354	-6.999564	-6.942819	-6.983108	-7.020668	-7.013435	-7.019468	-7.011311	-6.986284	-6.995878	-6.984247	-7.008566	-7.01021	-15.157652	-7.028734
2069.503	-7.000748	-6.94635	-6.999552	-6.942827	-6.983104	-7.02066	-7.013437	-7.019442	-7.011311	-6.986308	-6.995861	-6.984237	-7.008592	-7.010187	-15.157862	-7.02874
2081.711	-7.000754	-6.946344	-6.999561	-6.94281	-6.983112	-7.020644	-7.01345	-7.019453	-7.011293	-6.98628	-6.995876	-6.984241	-7.008611	-7.010217	-15.15773	-7.028737
2093.944	-7.00076	-6.946344	-6.999564	-6.942826	-6.983108	-7.020649	-7.013424	-7.019432	-7.011322	-6.986295	-6.995854	-6.984248	-7.008588	-7.010197	-15.157795	-7.028747
2106.143	-7.000771	-6.946338	-6.999546	-6.942821	-6.983085	-7.020643	-7.013432	-7.019439	-7.011291	-6.986305	-6.995869	-6.984249	-7.008602	-7.0102	-15.157538	-7.028742
2118.37	-7.000757	-6.946345	-6.999548	-6.94282	-6.983094	-7.020656	-7.01342	-7.019446	-7.011311	-6.986303	-6.99586	-6.984244	-7.008578	-7.010199	-15.157665	-7.028732
2130.656	-7.000767	-6.946343	-6.999518	-6.942809	-6.983099	-7.020658	-7.013441	-7.019447	-7.011305	-6.986287	-6.995856	-6.984257	-7.008582	-7.010186	-15.157624	-7.028734
2142.866	-7.000768	-6.946335	-6.99955	-6.942799	-6.983086	-7.020624	-7.013431	-7.019452	-7.011315	-6.9863	-6.995854	-6.984244	-7.008582	-7.010176	-15.157843	-7.028735
2155.082	-7.000753	-6.946325	-6.999552	-6.942798	-6.983092	-7.020622	-7.013432	-7.019434	-7.011318	-6.986285	-6.99586	-6.984249	-7.008591	-7.010209	-15.157759	-7.028751
2167.265	-7.000766	-6.946327	-6.999546	-6.942813	-6.98309	-7.020629	-7.013429	-7.019454	-7.011312	-6.986286	-6.995838	-6.984254	-7.008582	-7.010178	-15.15773	-7.028743
2179.473	-7.00076	-6.946326	-6.999544	-6.942806	-6.983089	-7.020617	-7.01343	-7.019441	-7.011306	-6.98628	-6.995848	-6.984262	-7.008574	-7.010193	-15.157733	-7.028732
2191.701	-7.000755	-6.946319	-6.999562	-6.942805	-6.983085	-7.020634	-7.013422	-7.019431	-7.011309	-6.986276	-6.995851	-6.98424	-7.008589	-7.010193	-15.157612	-7.028742
2203.884	-7.000778	-6.946324	-6.999563	-6.942797	-6.983081	-7.020616	-7.013434	-7.019435	-7.011309	-6.986286	-6.995857	-6.984245	-7.008587	-7.010206	-15.157745	-7.028769
2216.104	-7.000769	-6.946307	-6.999561	-6.942796	-6.983067	-7.020618	-7.013434	-7.019413	-7.011308	-6.986279	-6.99586	-6.984257	-7.008577	-7.010197	-15.157613	-7.028748
2228.312	-7.000766	-6.946301	-6.999547	-6.942813	-6.983059	-7.020614	-7.01341	-7.019429	-7.011307	-6.986293	-6.995865	-6.984245	-7.008573	-7.010198	-15.157798	-7.028755
2240.528	-7.000771	-6.94632	-6.99955	-6.942785	-6.98305	-7.02062	-7.013429	-7.019428	-7.011313	-6.986285	-6.99585	-6.984249	-7.008575	-7.010174	-15.157639	-7.028746
2252.768	-7.000753	-6.94631	-6.999545	-6.94278	-6.983065	-7.020604	-7.013421	-7.019436	-7.011313	-6.986285	-6.995865	-6.984253	-7.00857	-7.010197	-15.15765	-7.028758
2264.979	-7.000756	-6.946315	-6.999538	-6.942791	-6.983061	-7.020592	-7.013423	-7.019427	-7.011315	-6.986287	-6.995857	-6.984257	-7.008568	-7.010182	-15.157583	-7.028742
2277.161	-7.00076	-6.946309	-6.999537	-6.942798	-6.983056	-7.0206	-7.013432	-7.019436	-7.011308	-6.98627	-6.995858	-6.984254	-7.008572	-7.010197	-15.157671	-7.028761
2289.359	-7.000756	-6.946303	-6.999533	-6.942791	-6.983071	-7.020587	-7.01343	-7.019431	-7.011304	-6.98627	-6.995856	-6.984251	-7.008574	-7.010209	-15.157698	-7.028759
2301.574	-7.000763	-6.94631	-6.999549	-6.942784	-6.983049	-7.020596	-7.013417	-7.019412	-7.011292	-6.986278	-6.995858	-6.984261	-7.008555	-7.010185	-15.15788	-7.028769
2313.775	-7.000755	-6.946289	-6.999534	-6.942787	-6.983045	-7.020595	-7.013403	-7.019422	-7.011302	-6.98626	-6.995852	-6.984248	-7.008553	-7.010193	-15.157877	-7.028759
2325.981	-7.000746	-6.946284	-6.999494	-6.942794	-6.983038	-7.020572	-7.013413	-7.019433	-7.011312	-6.986262	-6.995834	-6.984267	-7.008558	-7.010251	-15.157817	-7.028766
2338.174	-7.000699	-6.946309	-6.999466	-6.942853	-6.983124	-7.020713	-7.013444	-7.019509	-7.011401	-6.986282	-6.995829	-6.984258	-7.008625	-7.010287	-15.158077	-7.028683
2350.435	-7.000656	-6.946391	-6.99947	-6.943036	-6.983224	-7.020743	-7.013436	-7.019526	-7.011381	-6.986229	-6.995901	-6.984268	-7.008651	-7.010328	-15.157768	-7.028604
2362.666	-7.000637	-6.946545	-6.999469	-6.94322	-6.983194	-7.020707	-7.01341	-7.019432	-7.011329	-6.986175	-6.995958	-6.984196	-7.008618	-7.010305	-15.157858	-7.028516
2374.889	-7.000551	-6.946543	-6.999443	-6.943121	-6.983118	-7.020631	-7.013341	-7.019352	-7.011247	-6.986097	-6.995873	-6.984128	-7.008561	-7.010211	-15.157731	-7.028406
2387.157	-7.000495	-6.946455	-6.999423	-6.943038	-6.983047	-7.020581	-7.013267	-7.019259	-7.011185	-6.986038	-6.995801	-6.984091	-7.008481	-7.010145	-15.157839	-7.028346
2399.424	-7.000461	-6.946401	-6.999407	-6.942972	-6.983001	-7.020525	-7.013234	-7.019229	-7.011142	-6.986025	-6.995778	-6.984058	-7.008463	-7.0101	-15.157957	-7.028303
2411.622	-7.000443	-6.946359	-6.999404	-6.942946	-6.982977	-7.020514	-7.013222	-7.01919	-7.011118	-6.985998	-6.995735	-6.98405	-7.008442	-7.010081	-15.158049	-7.028285
2423.819	-7.000429	-6.946332	-6.999403	-6.942925	-6.982952	-7.020503	-7.013224	-7.019173	-7.011105	-6.985976	-6.995704	-6.984053	-7.008442	-7.010061	-15.157949	-7.02825
2436.034	-7.000421	-6.946326	-6.999416	-6.942912	-6.982933	-7.020498	-7.013212	-7.019162	-7.011094	-6.98597	-6.995694	-6.984057	-7.008417	-7.010061	-15.157882	-7.028249
2448.237	-7.000442	-6.946309	-6.999434	-6.942897	-6.982919	-7.02047	-7.013187	-7.019154	-7.011097	-6.985971	-6.995685	-6.984034	-7.008413	-7.010035	-15.157719	-7.02825
2460.43	-7.000428	-6.946289	-6.99942	-6.942876	-6.982921	-7.020485	-7.013173	-7.019122	-7.011084	-6.985971	-6.995675	-6.984045	-7.008407	-7.010052	-15.157634	-7.028215
2472.671	-7.000414	-6.946285	-6.999416	-6.942859	-6.982913	-7.020466	-7.013159	-7.019136	-7.011078	-6.985976	-6.995683	-6.984044	-7.008395	-7.010044	-15.157787	-7.0282
2484.883	-7.000426	-6.946265	-6.999425	-6.942868	-6.982923	-7.020462	-7.013176	-7.019125	-7.01109	-6.985969	-6.995688	-6.984046	-7.008383	-7.010023	-15.157806	-7.028198
2497.09	-7.000421	-6.946274	-6.999426	-6.942845	-6.982909	-7.020447	-7.013185	-7.019127	-7.011095	-6.985959	-6.995673	-6.984049	-7.008389	-7.010035	-15.157757	-7.0282
2509.277	-7.000402	-6.946253	-6.999414	-6.94284	-6.9829	-7.02048	-7.013159	-7.019121	-7.011102	-6.985957	-6.99567	-6.984031	-7.008397	-7.010014	-15.157592	-7.028182
2521.471	-7.0004	-6.946252	-6.999434	-6.942842	-6.982902	-7.020476	-7.013166	-7.019117	-7.011085	-6.985953	-6.99569	-6.984047	-7.008383	-7.010006	-15.157548	-7.028191
2533.706	-7.000395	-6.946248	-6.999424	-6.942822	-6.982887	-7.020455	-7.013185	-7.019122	-7.011096	-6.985934	-6.995671	-6.984034	-7.008367	-7.010009	-15.157692	-7.028189
2545.912	-7.000404	-6.94624	-6.999432	-6.942838	-6.982906	-7.020436	-7.013165	-7.019114	-7.011076	-6.98594	-6.99567	-6.98402	-7.008368	-7.009991	-15.15776	-7.028185
2558.103	-7.000419	-6.946224	-6.999437	-6.942827	-6.982872	-7.020425	-7.013177	-7.019104	-7.011086	-6.985939	-6.995661	-6.984055	-7.008386	-7.01	-15.157704	-7.028187
2570.295	-7.000402	-6.946231	-6.999418	-6.942822	-6.982892	-7.020472	-7.013175	-7.019105	-7.011081	-6.985924	-6.99566	-6.984046	-7.008364	-7.01	-15.157937	-7.028192
2582.495	-7.00041	-6.946222	-6.999431	-6.942806	-6.982897	-7.020447	-7.013173	-7.019107	-7.01108	-6.98595	-6.99566	-6.984047	-7.008365	-7.009989	-15.157728	-7.028189
2594.689	-7.000407	-6.946241	-6.999445	-6.942821	-6.982882	-7.02044	-7.013158	-7.019127	-7.011082	-6.985948	-6.995664	-6.984048	-7.008365	-7.009992	-15.157803	-7.028173
2606.902	-7.000393	-6.94623	-6.999416	-6.9428	-6.982872	-7.020449	-7.013156	-7.019124	-7.011072	-6.985962	-6.995637	-6.984032	-7.008369	-7.009993	-15.157666	-7.028172
2619.11	-7.000391	-6.946225	-6.999444	-6.942813	-6.982891	-7.020461	-7.013163	-7.01912	-7.011087	-6.985954	-6.99566	-6.984039	-7.00835	-7.010022	-15.157848	-7.028173
2631.299	-7.000389	-6.946227	-6.999436	-6.942806	-6.982884	-7.020439	-7.01316	-7.019101	-7.011075	-6.985944	-6.995646	-6.98405	-7.008351	-7.01001	-15.157741	-7.028169
2643.512	-7.000386	-6.946211	-6.999431	-6.942805	-6.982892	-7.020443	-7.013162	-7.019119	-7.011115	-6.98594	-6.995653	-6.984025	-7.008364	-7.01001	-15.157943	-7.028159
2655.702	-7.000386	-6.946219	-6.999426	-6.942819	-6.98289	-7.02045	-7.01317	-7.019108	-7.011105	-6.985935	-6.995651	-6.984032	-7.008356	-7.010027	-15.157942	-7.028163
2667.91	-7.000395	-6.946235	-6.999418	-6.942818	-6.982891	-7.020437	-7.013182	-7.019109	-7.011079	-6.985954	-6.995661	-6.984033	-7.008349	-7.009997	-15.157867	-7.028174
2680.102	-7.000384	-6.946226	-6.99945	-6.942796	-6.98288	-7.020446	-7.013195	-7.019121	-7.011065	-6.98596	-6.995667	-6.984019	-7.008354	-7.01001	-15.15761	-7.028148
2692.286	-7.000381	-6.946209	-6.999419	-6.942807	-6.982891	-7.020448	-7.013174	-7.019122	-7.011079	-6.985938	-6.995661	-6.984032	-7.008348	-7.00999	-15.157843	-7.028154
2704.463	-7.000371	-6.946211	-6.999419	-6.942811	-6.98288	-7.020446	-7.013166	-7.019122	-7.011078	-6.985946	-6.995649	-6.984021	-7.008336	-7.009995	-15.157835	-7.028163
2716.68	-7.000378	-6.946228	-6.999423	-6.942805	-6.982868	-7.020439	-7.01316	-7.019119	-7.011079	-6.985925	-6.995647	-6.984023	-7.00834	-7.009994	-15.157768	-7.028145
2728.9	-7.0004	-6.946216	-6.999434	-6.94282	-6.982871	-7.020447	-7.013175	-7.019145	-7.011083	-6.985934	-6.995634	-6.984032	-7.008338	-7.009986	-15.157762	-7.028172
2741.132	-7.000391	-6.946209	-6.999438	-6.942794	-6.982878	-7.02045	-7.013167	-7.019123	-7.011075	-6.985962	-6.995635	-6.984029	-7.008351	-7.009996	-15.157765	-7.028158
2753.336	-7.000375	-6.946202	-6.999422	-6.94281	-6.982857	-7.020451	-7.013156	-7.019119	-7.01107	-6.985948	-6.995631	-6.984041	-7.008337	-7.009997	-15.157936	-7.028142
2765.544	-7.00038	-6.946218	-6.999423	-6.942795	-6.98287	-7.020453	-7.013154	-7.019111	-7.011062	-6.985936	-6.99565	-6.984029	-7.008351	-7.009972	-15.15778	-7.028149
2777.716	-7.00038	-6.946197	-6.999416	-6.942802	-6.982861	-7.020436	-7.013155	-7.019112	-7.01107	-6.985929	-6.995636	-6.984028	-7.008347	-7.009982	-15.157696	-7.028153
2789.92	-7.000373	-6.946189	-6.999424	-6.942787	-6.982865	-7.020444	-7.013164	-7.01911	-7.011063	-6.985927	-6.995641	-6.984032	-7.008343	-7.009969	-15.157805	-7.028156
2802.122	-7.000377	-6.946191	-6.999421	-6.942799	-6.982875	-7.020439	-7.013159	-7.019127	-7.011065	-6.985937	-6.995636	-6.984025	-7.008335	-7.009981	-15.157647	-7.028154
2814.328	-7.000372	-6.946206	-6.999415	-6.942799	-6.982868	-7.020452	-7.01316	-7.019127	-7.011057	-6.985936	-6.995635	-6.984029	-7.008345	-7.009983	-15.157864	-7.028139
2826.514	-7.000368	-6.946213	-6.999435	-6.942811	-6.982866	-7.020436	-7.013162	-7.01913	-7.011056	-6.985935	-6.995645	-6.984036	-7.008333	-7.009988	-15.157793	-7.028142
2838.699	-7.000368	-6.946209	-6.999421	-6.942785	-6.982865	-7.020422	-7.013158	-7.019133	-7.011081	-6.985925	-6.995636	-6.984032	-7.008333	-7.009983	-15.157832	-7.028136
2850.877	-7.000363	-6.946204	-6.999426	-6.942785	-6.982865	-7.020422	-7.01315	-7.019122	-7.011075	-6.985935	-6.995651	-6.984027	-7.008353	-7.009981	-15.157781	-7.028153
2863.063	-7.000371	-6.946211	-6.999434	-6.942784	-6.982854	-7.020447	-7.013163	-7.019123	-7.011079	-6.985938	-6.995627	-6.984024	-7.008357	-7.009973	-15.157907	-7.028149
2875.28	-7.000384	-6.94619	-6.999423	-6.942772	-6.982852	-7.020425	-7.013153	-7.019131	-7.011058	-6.985935	-6.995636	-6.984029	-7.00835	-7.009983	-15.15768	-7.028157
2887.508	-7.000372	-6.9462	-6.999417	-6.942795	-6.982873	-7.020445	-7.013174	-7.019132	-7.011059	-6.985935	-6.995644	-6.984011	-7.00834	-7.009988	-15.157728	-7.028151
2899.705	-7.000398	-6.946194	-6.99944	-6.942787	-6.98287	-7.020454	-7.013159	-7.019116	-7.011059	-6.985947	-6.995644	-6.98403	-7.008345	-7.00998	-15.157667	-7.028143
2911.926	-7.000373	-6.946193	-6.999424	-6.942792	-6.982877	-7.020418	-7.013167	-7.019123	-7.011063	-6.985934	-6.995639	-6.984027	-7.008357	-7.009974	-15.157728	-7.02814
2924.14	-7.00037	-6.94619	-6.999432	-6.942789	-6.982865	-7.020419	-7.013148	-7.019119	-7.011062	-6.985951	-6.995639	-6.984026	-7.008355	-7.009972	-15.157775	-7.028145
2936.341	-7.000375	-6.946185	-6.999413	-6.942793	-6.982878	-7.02043	-7.013142	-7.019118	-7.011071	-6.98595	-6.995622	-6.984037	-7.00836	-7.009988	-15.157745	-7.028145
2948.55	-7.000361	-6.946201	-6.999431	-6.942797	-6.982887	-7.020416	-7.01314	-7.019127	-7.011064	-6.98594	-6.99563	-6.984031	-7.008331	-7.009979	-15.157643	-7.028162
2960.771	-7.000383	-6.946217	-6.99943	-6.94278	-6.982874	-7.020434	-7.013165	-7.019109	-7.01107	-6.985945	-6.995649	-6.98404	-7.008344	-7.009965	-15.157764	-7.028148
2972.97	-7.000386	-6.946214	-6.999434	-6.942783	-6.982864	-7.020434	-7.013155	-7.019105	-7.01107	-6.985943	-6.995639	-6.984027	-7.008361	-7.009966	-15.157887	-7.028141
2985.153	-7.00039	-6.946207	-6.999436	-6.942776	-6.98286	-7.02042	-7.013155	-7.019115	-7.011075	-6.985941	-6.99565	-6.98403	-7.008345	-7.00998	-15.158086	-7.02815
2997.342	-7.000386	-6.946215	-6.999416	-6.942782	-6.98287	-7.020408	-7.01315	-7.019094	-7.011059	-6.985946	-6.995619	-6.98402	-7.008347	-7.009975	-15.158126	-7.028134
3009.569	-7.000368	-6.946219	-6.999415	-6.942799	-6.982871	-7.020426	-7.013157	-7.01911	-7.011078	-6.985928	-6.995632	-6.984027	-7.00834	-7.009962	-15.157709	-7.028119
3021.783	-7.000379	-6.946228	-6.999412	-6.94279	-6.982873	-7.020411	-7.013158	-7.019098	-7.011067	-6.98594	-6.99564	-6.984021	-7.008336	-7.009976	-15.157566	-7.028142
3033.996	-7.000383	-6.946215	-6.999418	-6.942796	-6.982884	-7.02045	-7.013161	-7.019096	-7.011038	-6.985953	-6.995645	-6.984048	-7.008344	-7.00998	-15.157696	-7.028147
3046.176	-7.000383	-6.946207	-6.999406	-6.942793	-6.982875	-7.020423	-7.013169	-7.019083	-7.011059	-6.985944	-6.995642	-6.984039	-7.008345	-7.009971	-15.157935	-7.028159
3058.36	-7.000379	-6.946197	-6.999403	-6.942786	-6.982871	-7.020414	-7.013153	-7.019082	-7.011059	-6.985938	-6.995639	-6.984041	-7.008332	-7.009974	-15.157815	-7.02814
3070.55	-7.000386	-6.946198	-6.999405	-6.942777	-6.982874	-7.020436	-7.013149	-7.019091	-7.011074	-6.985952	-6.995642	-6.984027	-7.008352	-7.009957	-15.157844	-7.028136
3082.729	-7.000391	-6.946208	-6.999419	-6.94278	-6.982859	-7.020418	-7.013171	-7.019104	-7.011052	-6.985947	-6.99565	-6.984028	-7.008339	-7.009974	-15.157955	-7.028164
3094.969	-7.000363	-6.946222	-6.999412	-6.942775	-6.982868	-7.020424	-7.013158	-7.019107	-7.011051	-6.985938	-6.995644	-6.984017	-7.008333	-7.009965	-15.157914	-7.028161
3107.182	-7.000372	-6.946189	-6.999419	-6.942768	-6.982879	-7.020404	-7.013147	-7.019094	-7.011053	-6.985946	-6.995627	-6.984022	-7.00833	-7.009945	-15.157934	-7.028136
3119.369	-7.000369	-6.946214	-6.99942	-6.942774	-6.982874	-7.020398	-7.013158	-7.019094	-7.011065	-6.985937	-6.995636	-6.984029	-7.008335	-7.009961	-15.157757	-7.028135
3131.553	-7.000352	-6.946203	-6.999426	-6.942774	-6.982883	-7.020422	-7.013149	-7.019083	-7.011055	-6.985951	-6.995643	-6.984036	-7.008336	-7.00998	-15.157837	-7.028124
3143.741	-7.000385	-6.946177	-6.999417	-6.942786	-6.982874	-7.02041	-7.01315	-7.019108	-7.01105	-6.98595	-6.995647	-6.984021	-7.008359	-7.009961	-15.158035	-7.028156
3155.933	-7.000358	-6.946203	-6.999423	-6.942795	-6.982859	-7.020428	-7.013164	-7.019113	-7.011046	-6.985948	-6.995638	-6.98402	-7.008332	-7.009961	-15.157803	-7.028156
3168.155	-7.000368	-6.946196	-6.999421	-6.942781	-6.982859	-7.020404	-7.013157	-7.019093	-7.011065	-6.985946	-6.995653	-6.984012	-7.008347	-7.009981	-15.157965	-7.028155
3180.363	-7.000376	-6.946197	-6.999416	-6.942788	-6.982884	-7.020444	-7.013169	-7.019107	-7.011045	-6.985923	-6.995628	-6.984017	-7.008342	-7.009947	-15.1581	-7.028159
3192.554	-7.000381	-6.946197	-6.999436	-6.942773	-6.982881	-7.020418	-7.013173	-7.019093	-7.011046	-6.985924	-6.995633	-6.984019	-7.008352	-7.009959	-15.157807	-7.02815
3204.78	-7.000361	-6.946206	-6.999414	-6.942807	-6.98286	-7.020436	-7.01315	-7.019083	-7.011071	-6.98593	-6.995623	-6.984034	-7.008339	-7.009968	-15.157802	-7.028143
3216.967	-7.00037	-6.946178	-6.999433	-6.9428	-6.982867	-7.020436	-7.013162	-7.019087	-7.011058	-6.985944	-6.995645	-6.984016	-7.00835	-7.009959	-15.157903	-7.02815
3229.156	-7.000359	-6.946195	-6.999431	-6.942783	-6.982863	-7.020422	-7.013157	-7.019105	-7.011058	-6.985916	-6.995632	-6.984008	-7.008334	-7.009978	-15.157854	-7.028142
3241.353	-7.00037	-6.946199	-6.999418	-6.942805	-6.982875	-7.020434	-7.013166	-7.019112	-7.011032	-6.985935	-6.99564	-6.984012	-7.008368	-7.009982	-15.157888	-7.028136
3253.554	-7.000353	-6.946202	-6.999431	-6.942806	-6.982874	-7.020414	-7.013156	-7.019089	-7.011045	-6.985927	-6.995656	-6.984026	-7.008346	-7.009967	-15.157786	-7.02814
3265.721	-7.000354	-6.946202	-6.999419	-6.942793	-6.982864	-7.020422	-7.013167	-7.019106	-7.011052	-6.985942	-6.995642	-6.984018	-7.008337	-7.009984	-15.157852	-7.028124
3277.911	-7.000368	-6.946199	-6.999421	-6.942781	-6.982865	-7.020424	-7.013153	-7.01911	-7.01105	-6.985948	-6.995629	-6.984002	-7.008333	-7.009973	-15.15784	-7.028128
3290.136	-7.000369	-6.946206	-6.999431	-6.942792	-6.982888	-7.020421	-7.013153	-7.019104	-7.01105	-6.985935	-6.995636	-6.983996	-7.00835	-7.009975	-15.157638	-7.028133
3302.361	-7.000359	-6.946209	-6.999424	-6.942781	-6.982874	-7.020417	-7.013152	-7.019104	-7.011061	-6.985939	-6.995652	-6.984007	-7.008346	-7.009972	-15.157858	-7.028135
3314.564	-7.000366	-6.946219	-6.999427	-6.942778	-6.982871	-7.020428	-7.013153	-7.01911	-7.011072	-6.985958	-6.995639	-6.984002	-7.008314	-7.009956	-15.157766	-7.028153
3326.763	-7.000354	-6.946208	-6.999431	-6.942773	-6.982874	-7.020425	-7.013155	-7.019116	-7.011062	-6.985942	-6.995635	-6.984	-7.008329	-7.009959	-15.157914	-7.028149
3338.973	-7.000382	-6.9462	-6.999423	-6.942785	-6.982857	-7.020436	-7.013168	-7.019107	-7.011059	-6.985938	-6.995635	-6.984017	-7.008339	-7.009974	-15.157867	-7.028141
	-7.000359															
