5.042000	-7.201333	-7.267281	-7.199833	-7.129231	-7.167464	-7.184837	-7.237989	-7.216874	-7.224694	-7.190826	-7.207839	-7.137993	-7.227889	-7.206220	-14.995174	-7.254993
25.042000	-7.201553	-7.267825	-7.199949	-7.129513	-7.167358	-7.185016	-7.237952	-7.216989	-7.224815	-7.190881	-7.207830	-7.138149	-7.228024	-7.206267	-14.995151	-7.255015
45.062000	-7.201611	-7.267906	-7.199953	-7.129533	-7.167363	-7.185054	-7.237926	-7.217001	-7.224827	-7.190916	-7.207875	-7.138196	-7.228011	-7.206265	-14.995161	-7.255034
65.062000	-7.201597	-7.267925	-7.200000	-7.129542	-7.167359	-7.185006	-7.237942	-7.217036	-7.224873	-7.190901	-7.207866	-7.138163	-7.228005	-7.206290	-14.995127	-7.255029
85.063000	-7.201610	-7.267939	-7.199991	-7.129556	-7.167371	-7.185050	-7.237944	-7.217052	-7.224831	-7.190858	-7.207908	-7.138182	-7.228028	-7.206307	-14.995152	-7.255053
105.044000	-7.201598	-7.267981	-7.199994	-7.129560	-7.167342	-7.185041	-7.237942	-7.217060	-7.224827	-7.190864	-7.207872	-7.138173	-7.228035	-7.206305	-14.995160	-7.255037
125.042000	-7.201600	-7.267965	-7.200028	-7.129557	-7.167377	-7.185038	-7.237942	-7.217076	-7.224842	-7.190925	-7.207907	-7.138235	-7.228027	-7.206268	-14.995153	-7.255046
145.033000	-7.201601	-7.267978	-7.200012	-7.129630	-7.167350	-7.185090	-7.237972	-7.217015	-7.224859	-7.190866	-7.207868	-7.138229	-7.228037	-7.206250	-14.995137	-7.255044
165.055000	-7.201601	-7.267961	-7.200021	-7.129603	-7.167346	-7.185065	-7.237926	-7.217043	-7.224823	-7.190869	-7.207844	-7.138249	-7.228078	-7.206270	-14.995183	-7.255052
185.042000	-7.201602	-7.267954	-7.199992	-7.129592	-7.167373	-7.185121	-7.237958	-7.217037	-7.224801	-7.190869	-7.207857	-7.138203	-7.228110	-7.206247	-14.995192	-7.255086
205.072000	-7.201589	-7.267960	-7.200022	-7.129597	-7.167366	-7.185071	-7.237983	-7.217062	-7.224899	-7.190846	-7.207864	-7.138245	-7.228057	-7.206272	-14.995219	-7.255081
225.062000	-7.201596	-7.267962	-7.200017	-7.129621	-7.167408	-7.185049	-7.237962	-7.217056	-7.224870	-7.190846	-7.207836	-7.138228	-7.228085	-7.206252	-14.995151	-7.255049
245.062000	-7.201608	-7.268002	-7.200003	-7.129614	-7.167400	-7.185095	-7.237976	-7.217051	-7.224914	-7.190843	-7.207814	-7.138265	-7.228139	-7.206316	-14.995210	-7.255076
265.082000	-7.201621	-7.267988	-7.200012	-7.129610	-7.167379	-7.185101	-7.237978	-7.217043	-7.224911	-7.190855	-7.207840	-7.138237	-7.228108	-7.206263	-14.995164	-7.255072
285.112000	-7.201595	-7.267966	-7.199988	-7.129609	-7.167412	-7.185053	-7.238010	-7.217061	-7.224866	-7.190855	-7.207851	-7.138276	-7.228140	-7.206265	-14.995211	-7.255081
305.112000	-7.201593	-7.268004	-7.200013	-7.129645	-7.167395	-7.185103	-7.237980	-7.217080	-7.224910	-7.190893	-7.207874	-7.138235	-7.228117	-7.206296	-14.995170	-7.255091
325.133000	-7.201642	-7.268013	-7.200055	-7.129613	-7.167403	-7.185134	-7.237975	-7.217075	-7.224894	-7.190844	-7.207826	-7.138216	-7.228138	-7.206281	-14.995102	-7.255092
345.132000	-7.201625	-7.268020	-7.200031	-7.129611	-7.167365	-7.185089	-7.238003	-7.217097	-7.224883	-7.190830	-7.207848	-7.138188	-7.228149	-7.206264	-14.995177	-7.255109
365.132000	-7.201580	-7.268001	-7.200019	-7.129634	-7.167407	-7.185124	-7.238016	-7.217108	-7.224870	-7.190857	-7.207819	-7.138225	-7.228114	-7.206236	-14.995156	-7.255074
385.132000	-7.201620	-7.268002	-7.200044	-7.129619	-7.167407	-7.185121	-7.238016	-7.217075	-7.224908	-7.190886	-7.207819	-7.138235	-7.228144	-7.206278	-14.995148	-7.255085
405.142000	-7.201591	-7.268013	-7.200007	-7.129667	-7.167401	-7.185137	-7.238028	-7.217077	-7.224897	-7.190829	-7.207801	-7.138256	-7.228147	-7.206280	-14.995131	-7.255103
425.132000	-7.201587	-7.268038	-7.199998	-7.129615	-7.167403	-7.185100	-7.238012	-7.217092	-7.224885	-7.190844	-7.207823	-7.138259	-7.228157	-7.206292	-14.995130	-7.255056
445.123000	-7.201586	-7.267995	-7.200007	-7.129615	-7.167419	-7.185073	-7.237965	-7.217085	-7.224879	-7.190872	-7.207826	-7.138241	-7.228127	-7.206282	-14.995142	-7.255058
465.112000	-7.201625	-7.268020	-7.200038	-7.129641	-7.167432	-7.185111	-7.237986	-7.217104	-7.224894	-7.190859	-7.207878	-7.138238	-7.228161	-7.206299	-14.995130	-7.255063
485.123000	-7.201597	-7.268030	-7.199983	-7.129623	-7.167390	-7.185122	-7.237994	-7.217074	-7.224889	-7.190879	-7.207794	-7.138262	-7.228138	-7.206314	-14.995124	-7.255061
505.093000	-7.201624	-7.268041	-7.199967	-7.129614	-7.167405	-7.185078	-7.237999	-7.217058	-7.224870	-7.190897	-7.207835	-7.138251	-7.228143	-7.206299	-14.995134	-7.255064
525.092000	-7.201653	-7.268036	-7.200012	-7.129575	-7.167380	-7.185108	-7.238022	-7.217082	-7.224846	-7.190883	-7.207766	-7.138255	-7.228151	-7.206281	-14.995139	-7.255084
545.083000	-7.201607	-7.268046	-7.200010	-7.129618	-7.167389	-7.185074	-7.238039	-7.217063	-7.224855	-7.190867	-7.207819	-7.138240	-7.228186	-7.206311	-14.995105	-7.255039
565.092000	-7.201639	-7.268023	-7.200024	-7.129634	-7.167423	-7.185046	-7.238048	-7.217093	-7.224894	-7.190892	-7.207773	-7.138282	-7.228150	-7.206348	-14.995104	-7.255050
585.085000	-7.201618	-7.268078	-7.200014	-7.129625	-7.167357	-7.185064	-7.237997	-7.217094	-7.224885	-7.190884	-7.207798	-7.138292	-7.228159	-7.206338	-14.995123	-7.255040
605.072000	-7.201621	-7.268056	-7.200018	-7.129641	-7.167372	-7.185100	-7.238004	-7.217109	-7.224842	-7.190878	-7.207812	-7.138256	-7.228191	-7.206298	-14.995113	-7.255064
625.042000	-7.201582	-7.268040	-7.200011	-7.129625	-7.167387	-7.185113	-7.237999	-7.217125	-7.224875	-7.190889	-7.207803	-7.138258	-7.228196	-7.206370	-14.995134	-7.255074
645.052000	-7.201646	-7.268082	-7.199997	-7.129639	-7.167364	-7.185124	-7.237995	-7.217099	-7.224853	-7.190895	-7.207797	-7.138256	-7.228170	-7.206356	-14.995135	-7.255052
665.042000	-7.201615	-7.268038	-7.200029	-7.129649	-7.167360	-7.185127	-7.238043	-7.217119	-7.224834	-7.190853	-7.207822	-7.138253	-7.228202	-7.206350	-14.995124	-7.255098
685.063000	-7.201640	-7.268020	-7.200047	-7.129609	-7.167416	-7.185161	-7.238044	-7.217116	-7.224841	-7.190861	-7.207797	-7.138292	-7.228165	-7.206335	-14.995082	-7.255095
705.103000	-7.201615	-7.268008	-7.200014	-7.129640	-7.167395	-7.185121	-7.238058	-7.217099	-7.224850	-7.190892	-7.207831	-7.138249	-7.228164	-7.206334	-14.995072	-7.255069
725.082000	-7.201617	-7.268056	-7.200024	-7.129626	-7.167414	-7.185149	-7.238039	-7.217138	-7.224845	-7.190888	-7.207803	-7.138278	-7.228174	-7.206380	-14.995122	-7.255079
745.082000	-7.201610	-7.268020	-7.199998	-7.129647	-7.167392	-7.185127	-7.238008	-7.217092	-7.224858	-7.190878	-7.207794	-7.138259	-7.228176	-7.206356	-14.995069	-7.255072
765.082000	-7.201589	-7.268028	-7.199973	-7.129606	-7.167392	-7.185137	-7.238060	-7.217098	-7.224872	-7.190871	-7.207827	-7.138256	-7.228204	-7.206381	-14.995069	-7.255065
785.062000	-7.201590	-7.268013	-7.199995	-7.129618	-7.167426	-7.185154	-7.238049	-7.217123	-7.224861	-7.190845	-7.207805	-7.138261	-7.228168	-7.206358	-14.995140	-7.255087
805.072000	-7.201600	-7.268035	-7.200025	-7.129621	-7.167409	-7.185129	-7.238025	-7.217117	-7.224878	-7.190835	-7.207803	-7.138232	-7.228150	-7.206411	-14.995120	-7.255111
825.052000	-7.201608	-7.268043	-7.200009	-7.129660	-7.167383	-7.185164	-7.238036	-7.217108	-7.224830	-7.190906	-7.207802	-7.138262	-7.228151	-7.206385	-14.995108	-7.255097
845.082000	-7.201622	-7.268064	-7.199988	-7.129651	-7.167369	-7.185120	-7.238021	-7.217137	-7.224823	-7.190904	-7.207873	-7.138264	-7.228140	-7.206374	-14.995167	-7.255109
865.062000	-7.201567	-7.268086	-7.199998	-7.129634	-7.167383	-7.185107	-7.238051	-7.217079	-7.224870	-7.190867	-7.207825	-7.138253	-7.228159	-7.206346	-14.995129	-7.255113
885.042000	-7.201598	-7.268051	-7.199993	-7.129653	-7.167388	-7.185141	-7.238045	-7.217093	-7.224862	-7.190879	-7.207839	-7.138244	-7.228180	-7.206413	-14.995133	-7.255121
905.084000	-7.201636	-7.268077	-7.199999	-7.129667	-7.167355	-7.185142	-7.238075	-7.217132	-7.224867	-7.190880	-7.207820	-7.138266	-7.228133	-7.206402	-14.995134	-7.255129
925.102000	-7.201605	-7.268090	-7.200016	-7.129635	-7.167333	-7.185130	-7.238052	-7.217125	-7.224846	-7.190882	-7.207796	-7.138250	-7.228183	-7.206365	-14.995144	-7.255122
945.082000	-7.201604	-7.268086	-7.199997	-7.129676	-7.167374	-7.185108	-7.238054	-7.217084	-7.224810	-7.190852	-7.207817	-7.138283	-7.228181	-7.206368	-14.995155	-7.255143
965.056000	-7.201606	-7.268089	-7.200034	-7.129614	-7.167338	-7.185127	-7.238056	-7.217102	-7.224813	-7.190833	-7.207812	-7.138271	-7.228164	-7.206363	-14.995133	-7.255120
985.072000	-7.201626	-7.268078	-7.199990	-7.129647	-7.167380	-7.185109	-7.238054	-7.217112	-7.224829	-7.190857	-7.207801	-7.138263	-7.228151	-7.206384	-14.995116	-7.255130
1005.072000	-7.201598	-7.268058	-7.199996	-7.129618	-7.167359	-7.185124	-7.238029	-7.217066	-7.224826	-7.190873	-7.207815	-7.138277	-7.228122	-7.206398	-14.995147	-7.255164
1025.072000	-7.201591	-7.268052	-7.200025	-7.129608	-7.167360	-7.185123	-7.238026	-7.217074	-7.224843	-7.190856	-7.207807	-7.138324	-7.228133	-7.206389	-14.995190	-7.255134
1045.063000	-7.201621	-7.268022	-7.200036	-7.129602	-7.167364	-7.185094	-7.238067	-7.217082	-7.224832	-7.190895	-7.207829	-7.138302	-7.228117	-7.206384	-14.995126	-7.255154
1065.062000	-7.201618	-7.268051	-7.199991	-7.129623	-7.167393	-7.185094	-7.238052	-7.217104	-7.224824	-7.190886	-7.207808	-7.138259	-7.228138	-7.206399	-14.995169	-7.255173
1085.042000	-7.201627	-7.268052	-7.200013	-7.129582	-7.167372	-7.185065	-7.238059	-7.217091	-7.224806	-7.190921	-7.207823	-7.138336	-7.228141	-7.206391	-14.995113	-7.255168
1105.022000	-7.201626	-7.268018	-7.200000	-7.129564	-7.167392	-7.185088	-7.238026	-7.217103	-7.224800	-7.190877	-7.207805	-7.138303	-7.228127	-7.206366	-14.995168	-7.255142
1125.042000	-7.201614	-7.268014	-7.200018	-7.129561	-7.167407	-7.185089	-7.238061	-7.217079	-7.224837	-7.190864	-7.207830	-7.138320	-7.228147	-7.206369	-14.995140	-7.255140
1145.032000	-7.201659	-7.268039	-7.200013	-7.129592	-7.167380	-7.185089	-7.238048	-7.217113	-7.224854	-7.190896	-7.207796	-7.138310	-7.228145	-7.206380	-14.995174	-7.255153
1165.013000	-7.201640	-7.268032	-7.200027	-7.129586	-7.167406	-7.185077	-7.238059	-7.217094	-7.224837	-7.190895	-7.207837	-7.138306	-7.228161	-7.206364	-14.995175	-7.255162
1184.992000	-7.201614	-7.268041	-7.200074	-7.129582	-7.167400	-7.185083	-7.238075	-7.217111	-7.224837	-7.190882	-7.207839	-7.138263	-7.228187	-7.206355	-14.995113	-7.255155
1205.002000	-7.201627	-7.268064	-7.200043	-7.129612	-7.167399	-7.185089	-7.238088	-7.217110	-7.224846	-7.190896	-7.207848	-7.138308	-7.228147	-7.206358	-14.995122	-7.255123
1225.022000	-7.201613	-7.268025	-7.200009	-7.129587	-7.167379	-7.185128	-7.238069	-7.217096	-7.224855	-7.190900	-7.207809	-7.138309	-7.228165	-7.206369	-14.995115	-7.255115
1245.022000	-7.201593	-7.268031	-7.200020	-7.129522	-7.167386	-7.185146	-7.238092	-7.217114	-7.224855	-7.190877	-7.207832	-7.138292	-7.228129	-7.206357	-14.995185	-7.255124
1265.031000	-7.201622	-7.268006	-7.200046	-7.129598	-7.167412	-7.185106	-7.238085	-7.217079	-7.224850	-7.190858	-7.207830	-7.138297	-7.228129	-7.206350	-14.995168	-7.255130
1285.012000	-7.201641	-7.268002	-7.200040	-7.129599	-7.167383	-7.185145	-7.238086	-7.217107	-7.224839	-7.190904	-7.207860	-7.138324	-7.228141	-7.206344	-14.995171	-7.255100
1305.023000	-7.201626	-7.268019	-7.200026	-7.129607	-7.167419	-7.185150	-7.238115	-7.217114	-7.224831	-7.190859	-7.207854	-7.138292	-7.228167	-7.206364	-14.995173	-7.255096
1325.032000	-7.201607	-7.268041	-7.200015	-7.129615	-7.167418	-7.185162	-7.238102	-7.217086	-7.224824	-7.190905	-7.207841	-7.138276	-7.228129	-7.206369	-14.995151	-7.255112
1345.022000	-7.201654	-7.268067	-7.199997	-7.129603	-7.167379	-7.185172	-7.238121	-7.217105	-7.224878	-7.190900	-7.207840	-7.138288	-7.228115	-7.206356	-14.995115	-7.255072
1365.057000	-7.201600	-7.268075	-7.200022	-7.129620	-7.167393	-7.185126	-7.238116	-7.217078	-7.224843	-7.190953	-7.207808	-7.138303	-7.228150	-7.206373	-14.995115	-7.255113
1385.042000	-7.201623	-7.268045	-7.199992	-7.129616	-7.167422	-7.185131	-7.238111	-7.217087	-7.224861	-7.190889	-7.207836	-7.138299	-7.228119	-7.206359	-14.995116	-7.255108
1405.022000	-7.201641	-7.268093	-7.200064	-7.129601	-7.167376	-7.185141	-7.238142	-7.217073	-7.224840	-7.190934	-7.207887	-7.138233	-7.228144	-7.206348	-14.995111	-7.255119
1425.023000	-7.201629	-7.268049	-7.199980	-7.129577	-7.167434	-7.185110	-7.238180	-7.217080	-7.224879	-7.190902	-7.207855	-7.138268	-7.228122	-7.206360	-14.995119	-7.255113
1444.992000	-7.201636	-7.268033	-7.200012	-7.129595	-7.167386	-7.185094	-7.238168	-7.217101	-7.224902	-7.190882	-7.207834	-7.138286	-7.228133	-7.206358	-14.995096	-7.255094
1464.993000	-7.201635	-7.268048	-7.200010	-7.129579	-7.167385	-7.185070	-7.238105	-7.217031	-7.224814	-7.190861	-7.207814	-7.138249	-7.228129	-7.206356	-14.995087	-7.255087
1484.982000	-7.201628	-7.268053	-7.199973	-7.129594	-7.167355	-7.185108	-7.238110	-7.217106	-7.224828	-7.190873	-7.207830	-7.138298	-7.228118	-7.206351	-14.995141	-7.255124
1504.972000	-7.201627	-7.268060	-7.200013	-7.129616	-7.167369	-7.185126	-7.238093	-7.217064	-7.224819	-7.190879	-7.207823	-7.138282	-7.228174	-7.206359	-14.995122	-7.255101
1524.962000	-7.201611	-7.268049	-7.200022	-7.129615	-7.167361	-7.185084	-7.238115	-7.217082	-7.224860	-7.190917	-7.207817	-7.138270	-7.228151	-7.206372	-14.995118	-7.255110
1544.953000	-7.201621	-7.268055	-7.200017	-7.129651	-7.167398	-7.185100	-7.238092	-7.217108	-7.224883	-7.190901	-7.207830	-7.138322	-7.228146	-7.206346	-14.995074	-7.255108
1564.962000	-7.201635	-7.268099	-7.200011	-7.129629	-7.167385	-7.185113	-7.238151	-7.217106	-7.224848	-7.190866	-7.207820	-7.138273	-7.228119	-7.206327	-14.995098	-7.255093
1584.962000	-7.201621	-7.268066	-7.199985	-7.129539	-7.167381	-7.185113	-7.238098	-7.217081	-7.224837	-7.190893	-7.207806	-7.138248	-7.228098	-7.206328	-14.995110	-7.255102
1604.972000	-7.201670	-7.268070	-7.200017	-7.129589	-7.167402	-7.185117	-7.238125	-7.217124	-7.224881	-7.190862	-7.207859	-7.138252	-7.228094	-7.206325	-14.995077	-7.255085
1625.002000	-7.201619	-7.268056	-7.200016	-7.129617	-7.167411	-7.185149	-7.238121	-7.217110	-7.224870	-7.190826	-7.207851	-7.138309	-7.228096	-7.206332	-14.995115	-7.255108
1645.022000	-7.201609	-7.268077	-7.199988	-7.129591	-7.167381	-7.185131	-7.238140	-7.217059	-7.224889	-7.190875	-7.207822	-7.138301	-7.228133	-7.206329	-14.995104	-7.255101
1665.012000	-7.201597	-7.268071	-7.199958	-7.129557	-7.167399	-7.185101	-7.238111	-7.217071	-7.224858	-7.190913	-7.207838	-7.138254	-7.228139	-7.206346	-14.995100	-7.255092
1685.023000	-7.201646	-7.268100	-7.199977	-7.129587	-7.167410	-7.185131	-7.238127	-7.217077	-7.224840	-7.190879	-7.207875	-7.138244	-7.228146	-7.206353	-14.995160	-7.255088
1705.042000	-7.201620	-7.268057	-7.200019	-7.129598	-7.167390	-7.185093	-7.238078	-7.217089	-7.224847	-7.190899	-7.207890	-7.138198	-7.228122	-7.206367	-14.995154	-7.255049
1725.052000	-7.201625	-7.268078	-7.200020	-7.129631	-7.167379	-7.185109	-7.238140	-7.217043	-7.224821	-7.190853	-7.207819	-7.138238	-7.228128	-7.206387	-14.995096	-7.255055
1745.052000	-7.201605	-7.268099	-7.200005	-7.129637	-7.167402	-7.185099	-7.238112	-7.217093	-7.224836	-7.190882	-7.207864	-7.138214	-7.228118	-7.206336	-14.995109	-7.255094
1765.032000	-7.201609	-7.268098	-7.200021	-7.129632	-7.167375	-7.185133	-7.238125	-7.217100	-7.224846	-7.190875	-7.207866	-7.138230	-7.228133	-7.206341	-14.995155	-7.255065
1785.038000	-7.201585	-7.268081	-7.200011	-7.129614	-7.167375	-7.185104	-7.238137	-7.217069	-7.224836	-7.190887	-7.207828	-7.138269	-7.228163	-7.206359	-14.995106	-7.255073
1805.032000	-7.201614	-7.268088	-7.200006	-7.129611	-7.167359	-7.185095	-7.238096	-7.217058	-7.224852	-7.190861	-7.207848	-7.138195	-7.228127	-7.206306	-14.995117	-7.255066
1824.992000	-7.201640	-7.268087	-7.199988	-7.129635	-7.167390	-7.185096	-7.238093	-7.217070	-7.224868	-7.190901	-7.207870	-7.138285	-7.228114	-7.206356	-14.995105	-7.255108
1844.992000	-7.201642	-7.268128	-7.199993	-7.129634	-7.167388	-7.185088	-7.238122	-7.217137	-7.224878	-7.190899	-7.207861	-7.138285	-7.228126	-7.206372	-14.995155	-7.255076
1865.042000	-7.201650	-7.268074	-7.200011	-7.129616	-7.167363	-7.185099	-7.238142	-7.217101	-7.224857	-7.190893	-7.207855	-7.138257	-7.228119	-7.206378	-14.995150	-7.255081
1885.045000	-7.201624	-7.268077	-7.199975	-7.129617	-7.167354	-7.185094	-7.238147	-7.217074	-7.224856	-7.190866	-7.207887	-7.138249	-7.228123	-7.206350	-14.995113	-7.255074
1905.032000	-7.201633	-7.268092	-7.199988	-7.129607	-7.167360	-7.185119	-7.238143	-7.217111	-7.224881	-7.190887	-7.207849	-7.138271	-7.228123	-7.206316	-14.995126	-7.255082
1925.012000	-7.201600	-7.268107	-7.199993	-7.129598	-7.167342	-7.185119	-7.238112	-7.217058	-7.224878	-7.190875	-7.207862	-7.138287	-7.228108	-7.206340	-14.995179	-7.255090
1944.982000	-7.201621	-7.268052	-7.199989	-7.129605	-7.167394	-7.185102	-7.238149	-7.217045	-7.224841	-7.190870	-7.207917	-7.138231	-7.228095	-7.206310	-14.995099	-7.255067
1964.962000	-7.201609	-7.268068	-7.200004	-7.129590	-7.167374	-7.185133	-7.238108	-7.217095	-7.224855	-7.190881	-7.207873	-7.138262	-7.228093	-7.206334	-14.995135	-7.255087
1984.952000	-7.201624	-7.268051	-7.199949	-7.129582	-7.167354	-7.185134	-7.238109	-7.217089	-7.224851	-7.190879	-7.207869	-7.138254	-7.228162	-7.206322	-14.995115	-7.255044
2004.922000	-7.201604	-7.268081	-7.199998	-7.129585	-7.167352	-7.185084	-7.238159	-7.217063	-7.224842	-7.190883	-7.207876	-7.138229	-7.228111	-7.206332	-14.995095	-7.255065
2024.884000	-7.201635	-7.268092	-7.199984	-7.129604	-7.167356	-7.185103	-7.238142	-7.217045	-7.224861	-7.190884	-7.207892	-7.138274	-7.228125	-7.206320	-14.995112	-7.255049
2044.872000	-7.201635	-7.268093	-7.199966	-7.129605	-7.167372	-7.185117	-7.238091	-7.217069	-7.224854	-7.190884	-7.207876	-7.138287	-7.228134	-7.206342	-14.995089	-7.255063
2064.852000	-7.201624	-7.268071	-7.199971	-7.129623	-7.167364	-7.185139	-7.238069	-7.217104	-7.224886	-7.190897	-7.207888	-7.138268	-7.228108	-7.206334	-14.995106	-7.255058
2084.824000	-7.201630	-7.268088	-7.199954	-7.129599	-7.167373	-7.185127	-7.238105	-7.217088	-7.224879	-7.190894	-7.207858	-7.138261	-7.228131	-7.206367	-14.995094	-7.255092
2104.792000	-7.201639	-7.268103	-7.199975	-7.129610	-7.167374	-7.185118	-7.238127	-7.217120	-7.224888	-7.190859	-7.207866	-7.138234	-7.228121	-7.206345	-14.995133	-7.255042
2124.752000	-7.201609	-7.268101	-7.200024	-7.129647	-7.167369	-7.185091	-7.238113	-7.217102	-7.224874	-7.190860	-7.207862	-7.138262	-7.228117	-7.206346	-14.995073	-7.255080
2144.752000	-7.201580	-7.268113	-7.200006	-7.129608	-7.167346	-7.185094	-7.238110	-7.217076	-7.224855	-7.190845	-7.207875	-7.138239	-7.228147	-7.206339	-14.995085	-7.255061
2164.742000	-7.201635	-7.268138	-7.200022	-7.129614	-7.167334	-7.185096	-7.238169	-7.217110	-7.224883	-7.190878	-7.207865	-7.138260	-7.228167	-7.206336	-14.995126	-7.255091
2184.722000	-7.201618	-7.268118	-7.199999	-7.129651	-7.167348	-7.185097	-7.238170	-7.217117	-7.224885	-7.190880	-7.207879	-7.138236	-7.228169	-7.206323	-14.995114	-7.255080
2204.722000	-7.201623	-7.268122	-7.200008	-7.129607	-7.167335	-7.185078	-7.238160	-7.217086	-7.224881	-7.190892	-7.207865	-7.138228	-7.228173	-7.206303	-14.995107	-7.255095
2224.732000	-7.201648	-7.268054	-7.200009	-7.129584	-7.167384	-7.185078	-7.238132	-7.217137	-7.224881	-7.190874	-7.207894	-7.138205	-7.228138	-7.206334	-14.995150	-7.255096
2244.722000	-7.201640	-7.268076	-7.200055	-7.129602	-7.167338	-7.185111	-7.238140	-7.217110	-7.224867	-7.190891	-7.207899	-7.138218	-7.228152	-7.206295	-14.995152	-7.255112
2264.687000	-7.201634	-7.268102	-7.199994	-7.129623	-7.167385	-7.185105	-7.238170	-7.217103	-7.224860	-7.190875	-7.207901	-7.138189	-7.228096	-7.206348	-14.995089	-7.255111
2284.682000	-7.201667	-7.268103	-7.200015	-7.129614	-7.167366	-7.185115	-7.238133	-7.217112	-7.224862	-7.190862	-7.207905	-7.138195	-7.228163	-7.206315	-14.995116	-7.255065
2304.692000	-7.201642	-7.268087	-7.199999	-7.129632	-7.167363	-7.185116	-7.238166	-7.217145	-7.224831	-7.190843	-7.207903	-7.138217	-7.228143	-7.206282	-14.995115	-7.255091
2324.672000	-7.201648	-7.268062	-7.200020	-7.129615	-7.167391	-7.185116	-7.238146	-7.217130	-7.224852	-7.190867	-7.207902	-7.138189	-7.228177	-7.206321	-14.995107	-7.255108
2344.672000	-7.201630	-7.268081	-7.200014	-7.129646	-7.167377	-7.185078	-7.238149	-7.217112	-7.224868	-7.190845	-7.207879	-7.138260	-7.228157	-7.206353	-14.995081	-7.255112
2364.652000	-7.201649	-7.268083	-7.199990	-7.129620	-7.167383	-7.185092	-7.238156	-7.217093	-7.224855	-7.190853	-7.207862	-7.138235	-7.228162	-7.206326	-14.995062	-7.255072
2384.612000	-7.201627	-7.268063	-7.199947	-7.129605	-7.167392	-7.185108	-7.238134	-7.217095	-7.224822	-7.190901	-7.207851	-7.138237	-7.228149	-7.206311	-14.995076	-7.255099
2404.582000	-7.201654	-7.268063	-7.199977	-7.129593	-7.167365	-7.185109	-7.238130	-7.217075	-7.224816	-7.190883	-7.207886	-7.138239	-7.228139	-7.206292	-14.995028	-7.255115
2424.572000	-7.201639	-7.268076	-7.199972	-7.129623	-7.167407	-7.185103	-7.238130	-7.217100	-7.224861	-7.190874	-7.207891	-7.138248	-7.228157	-7.206306	-14.995074	-7.255094
2444.562000	-7.201628	-7.268087	-7.200026	-7.129607	-7.167379	-7.185127	-7.238155	-7.217118	-7.224857	-7.190913	-7.207879	-7.138238	-7.228165	-7.206335	-14.995084	-7.255103
2464.542000	-7.201651	-7.268078	-7.199989	-7.129652	-7.167368	-7.185143	-7.238180	-7.217091	-7.224852	-7.190881	-7.207856	-7.138206	-7.228168	-7.206337	-14.995046	-7.255065
2484.512000	-7.201646	-7.268047	-7.199997	-7.129640	-7.167368	-7.185116	-7.238137	-7.217099	-7.224846	-7.190875	-7.207878	-7.138253	-7.228145	-7.206353	-14.995082	-7.255093
2504.512000	-7.201636	-7.268088	-7.199974	-7.129620	-7.167360	-7.185091	-7.238105	-7.217111	-7.224866	-7.190882	-7.207900	-7.138237	-7.228115	-7.206303	-14.995080	-7.255108
2524.482000	-7.201622	-7.268070	-7.200019	-7.129616	-7.167382	-7.185100	-7.238110	-7.217087	-7.224894	-7.190913	-7.207875	-7.138221	-7.228131	-7.206324	-14.995098	-7.255072
2544.472000	-7.201602	-7.268032	-7.199977	-7.129621	-7.167362	-7.185124	-7.238111	-7.217062	-7.224879	-7.190917	-7.207902	-7.138218	-7.228127	-7.206320	-14.995068	-7.255097
2564.452000	-7.201613	-7.268061	-7.199962	-7.129622	-7.167377	-7.185082	-7.238140	-7.217127	-7.224857	-7.190879	-7.207924	-7.138198	-7.228171	-7.206333	-14.995047	-7.255085
2584.442000	-7.201631	-7.268047	-7.199992	-7.129626	-7.167366	-7.185099	-7.238153	-7.217110	-7.224821	-7.190881	-7.207922	-7.138213	-7.228140	-7.206340	-14.995085	-7.255102
2604.436000	-7.201659	-7.268028	-7.199992	-7.129580	-7.167354	-7.185111	-7.238150	-7.217126	-7.224867	-7.190885	-7.207887	-7.138205	-7.228150	-7.206322	-14.995092	-7.255063
2624.402000	-7.201635	-7.268064	-7.199964	-7.129619	-7.167382	-7.185115	-7.238131	-7.217112	-7.224886	-7.190864	-7.207900	-7.138178	-7.228115	-7.206311	-14.995121	-7.255110
2644.382000	-7.201626	-7.268064	-7.200026	-7.129598	-7.167376	-7.185120	-7.238144	-7.217127	-7.224859	-7.190906	-7.207913	-7.138235	-7.228141	-7.206300	-14.995063	-7.255080
2664.382000	-7.201590	-7.268087	-7.200052	-7.129603	-7.167376	-7.185147	-7.238155	-7.217143	-7.224844	-7.190934	-7.207932	-7.138181	-7.228133	-7.206315	-14.995082	-7.255080
2684.352000	-7.201598	-7.268053	-7.199971	-7.129593	-7.167382	-7.185135	-7.238145	-7.217126	-7.224825	-7.190899	-7.207908	-7.138197	-7.228161	-7.206300	-14.995059	-7.255063
2704.312000	-7.201629	-7.268023	-7.200011	-7.129583	-7.167376	-7.185115	-7.238134	-7.217110	-7.224835	-7.190925	-7.207906	-7.138180	-7.228120	-7.206307	-14.995120	-7.255065
2724.282000	-7.201643	-7.268067	-7.200010	-7.129600	-7.167387	-7.185132	-7.238156	-7.217138	-7.224829	-7.190888	-7.207933	-7.138199	-7.228112	-7.206302	-14.995111	-7.255069
2744.252000	-7.201626	-7.268065	-7.199985	-7.129593	-7.167382	-7.185158	-7.238153	-7.217115	-7.224823	-7.190860	-7.207878	-7.138217	-7.228128	-7.206293	-14.995070	-7.255095
2764.232000	-7.201644	-7.268114	-7.200030	-7.129589	-7.167395	-7.185091	-7.238163	-7.217125	-7.224849	-7.190874	-7.207900	-7.138262	-7.228134	-7.206308	-14.995096	-7.255080
2784.222000	-7.201635	-7.268039	-7.199989	-7.129547	-7.167426	-7.185126	-7.238177	-7.217108	-7.224848	-7.190873	-7.207864	-7.138216	-7.228140	-7.206290	-14.995134	-7.255053
2804.182000	-7.201660	-7.268050	-7.200022	-7.129579	-7.167405	-7.185148	-7.238160	-7.217093	-7.224862	-7.190872	-7.207873	-7.138263	-7.228132	-7.206316	-14.995108	-7.255050
2824.162000	-7.201649	-7.268076	-7.200006	-7.129577	-7.167379	-7.185141	-7.238154	-7.217076	-7.224838	-7.190873	-7.207887	-7.138268	-7.228144	-7.206322	-14.995049	-7.255080
2844.162000	-7.201630	-7.268056	-7.199984	-7.129579	-7.167430	-7.185130	-7.238159	-7.217096	-7.224860	-7.190852	-7.207905	-7.138243	-7.228138	-7.206317	-14.995122	-7.255076
2864.158000	-7.201645	-7.268022	-7.200015	-7.129565	-7.167383	-7.185124	-7.238175	-7.217106	-7.224854	-7.190847	-7.207934	-7.138269	-7.228131	-7.206307	-14.995095	-7.255041
2884.162000	-7.201628	-7.268069	-7.200011	-7.129622	-7.167401	-7.185158	-7.238189	-7.217103	-7.224841	-7.190894	-7.207894	-7.138297	-7.228125	-7.206346	-14.995072	-7.255090
2904.152000	-7.201629	-7.268072	-7.200003	-7.129636	-7.167367	-7.185129	-7.238161	-7.217069	-7.224827	-7.190895	-7.207895	-7.138240	-7.228113	-7.206300	-14.995089	-7.255063
2924.122000	-7.201621	-7.268051	-7.200012	-7.129603	-7.167390	-7.185168	-7.238167	-7.217106	-7.224857	-7.190916	-7.207883	-7.138278	-7.228135	-7.206312	-14.995139	-7.255068
2944.102000	-7.201626	-7.268033	-7.199991	-7.129623	-7.167416	-7.185134	-7.238140	-7.217068	-7.224873	-7.190870	-7.207896	-7.138270	-7.228156	-7.206341	-14.995064	-7.255096
2964.102000	-7.201622	-7.268058	-7.200011	-7.129632	-7.167381	-7.185104	-7.238156	-7.217080	-7.224864	-7.190906	-7.207932	-7.138254	-7.228118	-7.206329	-14.995115	-7.255065
2984.062000	-7.201599	-7.268051	-7.200018	-7.129609	-7.167414	-7.185132	-7.238143	-7.217103	-7.224865	-7.190884	-7.207919	-7.138252	-7.228167	-7.206327	-14.995146	-7.255051
3004.052000	-7.201604	-7.268073	-7.200021	-7.129620	-7.167399	-7.185148	-7.238116	-7.217098	-7.224868	-7.190899	-7.207891	-7.138288	-7.228122	-7.206337	-14.995141	-7.255045
3024.032000	-7.201640	-7.268099	-7.200033	-7.129612	-7.167378	-7.185143	-7.238154	-7.217057	-7.224888	-7.190877	-7.207885	-7.138303	-7.228126	-7.206327	-14.995076	-7.255082
3044.002000	-7.201577	-7.268072	-7.200025	-7.129606	-7.167394	-7.185145	-7.238124	-7.217055	-7.224891	-7.190906	-7.207924	-7.138238	-7.228125	-7.206311	-14.995111	-7.255082
3064.005000	-7.201611	-7.268061	-7.200016	-7.129611	-7.167375	-7.185162	-7.238110	-7.217076	-7.224904	-7.190866	-7.207964	-7.138301	-7.228124	-7.206340	-14.995134	-7.255069
3083.982000	-7.201629	-7.268048	-7.200047	-7.129634	-7.167387	-7.185109	-7.238152	-7.217075	-7.224872	-7.190873	-7.207944	-7.138289	-7.228126	-7.206319	-14.995105	-7.255060
3103.972000	-7.201646	-7.268065	-7.200046	-7.129631	-7.167390	-7.185171	-7.238123	-7.217064	-7.224895	-7.190833	-7.207949	-7.138278	-7.228118	-7.206363	-14.995124	-7.255056
3123.952000	-7.201647	-7.268047	-7.200034	-7.129630	-7.167396	-7.185087	-7.238130	-7.217059	-7.224856	-7.190902	-7.207923	-7.138293	-7.228095	-7.206307	-14.995103	-7.255053
3143.912000	-7.201584	-7.268042	-7.200020	-7.129610	-7.167404	-7.185142	-7.238161	-7.217053	-7.224858	-7.190877	-7.207891	-7.138288	-7.228120	-7.206301	-14.995097	-7.255043
3163.892000	-7.201576	-7.268058	-7.200018	-7.129594	-7.167392	-7.185136	-7.238163	-7.217091	-7.224882	-7.190889	-7.207889	-7.138308	-7.228158	-7.206354	-14.995103	-7.255047
3183.892000	-7.201646	-7.268028	-7.199984	-7.129589	-7.167380	-7.185139	-7.238166	-7.217081	-7.224850	-7.190924	-7.207907	-7.138308	-7.228117	-7.206320	-14.995072	-7.255045
3203.902000	-7.201619	-7.268037	-7.200002	-7.129604	-7.167404	-7.185173	-7.238158	-7.217062	-7.224909	-7.190909	-7.207898	-7.138272	-7.228132	-7.206338	-14.995050	-7.255071
3223.882000	-7.201600	-7.268057	-7.199993	-7.129621	-7.167366	-7.185150	-7.238149	-7.217083	-7.224851	-7.190894	-7.207899	-7.138329	-7.228118	-7.206330	-14.995090	-7.255059
3243.892000	-7.201594	-7.268041	-7.200034	-7.129593	-7.167369	-7.185093	-7.238137	-7.217052	-7.224870	-7.190888	-7.207921	-7.138259	-7.228115	-7.206349	-14.995097	-7.255103
3263.853000	-7.201575	-7.268052	-7.200004	-7.129594	-7.167395	-7.185097	-7.238155	-7.217073	-7.224908	-7.190870	-7.207915	-7.138267	-7.228135	-7.206331	-14.995090	-7.255031
3283.832000	-7.201606	-7.268059	-7.200002	-7.129593	-7.167392	-7.185145	-7.238150	-7.217091	-7.224935	-7.190923	-7.207928	-7.138278	-7.228113	-7.206341	-14.995059	-7.255082
3303.822000	-7.201598	-7.268058	-7.200024	-7.129604	-7.167378	-7.185123	-7.238138	-7.217063	-7.224909	-7.190894	-7.207914	-7.138272	-7.228097	-7.206326	-14.995049	-7.255084
3323.814000	-7.201592	-7.268077	-7.200025	-7.129604	-7.167379	-7.185087	-7.238178	-7.217052	-7.224881	-7.190872	-7.207938	-7.138275	-7.228103	-7.206349	-14.995058	-7.255076
3343.802000	-7.201558	-7.268072	-7.200007	-7.129575	-7.167370	-7.185091	-7.238180	-7.217079	-7.224891	-7.190895	-7.207931	-7.138243	-7.228092	-7.206331	-14.995065	-7.255059
3363.762000	-7.201576	-7.268069	-7.199997	-7.129541	-7.167352	-7.185138	-7.238211	-7.217107	-7.224904	-7.190897	-7.207963	-7.138268	-7.228082	-7.206322	-14.995101	-7.255081
3383.756000	-7.201619	-7.268100	-7.200029	-7.129614	-7.167393	-7.185125	-7.238157	-7.217117	-7.224878	-7.190930	-7.207934	-7.138242	-7.228095	-7.206295	-14.995099	-7.255062
3403.762000	-7.201617	-7.268076	-7.200031	-7.129595	-7.167407	-7.185130	-7.238176	-7.217084	-7.224912	-7.190880	-7.207930	-7.138271	-7.228081	-7.206325	-14.995083	-7.255053
3423.762000	-7.201613	-7.268084	-7.200036	-7.129584	-7.167401	-7.185127	-7.238197	-7.217090	-7.224896	-7.190877	-7.207902	-7.138275	-7.228106	-7.206297	-14.995056	-7.255070
3443.762000	-7.201586	-7.268080	-7.200038	-7.129599	-7.167375	-7.185123	-7.238150	-7.217053	-7.224902	-7.190903	-7.207901	-7.138243	-7.228117	-7.206321	-14.995079	-7.255041
3463.772000	-7.201610	-7.268077	-7.200025	-7.129623	-7.167381	-7.185137	-7.238185	-7.217099	-7.224880	-7.190867	-7.207891	-7.138275	-7.228127	-7.206283	-14.995114	-7.255065
3483.782000	-7.201579	-7.268040	-7.200061	-7.129585	-7.167403	-7.185148	-7.238178	-7.217072	-7.224877	-7.190905	-7.207910	-7.138304	-7.228140	-7.206286	-14.995067	-7.255044
3503.803000	-7.201597	-7.268064	-7.200054	-7.129604	-7.167388	-7.185143	-7.238171	-7.217074	-7.224822	-7.190884	-7.207941	-7.138268	-7.228110	-7.206291	-14.995118	-7.255071
3523.772000	-7.201636	-7.268057	-7.200046	-7.129573	-7.167411	-7.185122	-7.238167	-7.217090	-7.224889	-7.190892	-7.207949	-7.138278	-7.228154	-7.206309	-14.995050	-7.255099
3543.792000	-7.201625	-7.268038	-7.200033	-7.129581	-7.167417	-7.185129	-7.238129	-7.217140	-7.224914	-7.190874	-7.207964	-7.138279	-7.228128	-7.206316	-14.995099	-7.255082
3563.822000	-7.201615	-7.268030	-7.200040	-7.129593	-7.167368	-7.185153	-7.238142	-7.217113	-7.224866	-7.190905	-7.207953	-7.138282	-7.228113	-7.206304	-14.995099	-7.255056
3583.802000	-7.201614	-7.268047	-7.200041	-7.129577	-7.167366	-7.185108	-7.238116	-7.217091	-7.224859	-7.190874	-7.207927	-7.138302	-7.228135	-7.206323	-14.995165	-7.255096
3603.792000	-7.201634	-7.268041	-7.200038	-7.129588	-7.167362	-7.185117	-7.238112	-7.217090	-7.224870	-7.190890	-7.207952	-7.138314	-7.228122	-7.206311	-14.995076	-7.255072
3623.802000	-7.201645	-7.268047	-7.200056	-7.129614	-7.167343	-7.185143	-7.238145	-7.217100	-7.224872	-7.190874	-7.207947	-7.138327	-7.228119	-7.206317	-14.995083	-7.255080
3643.832000	-7.201618	-7.268058	-7.200070	-7.129614	-7.167375	-7.185123	-7.238117	-7.217117	-7.224894	-7.190857	-7.207926	-7.138304	-7.228125	-7.206295	-14.995138	-7.255045
3663.842000	-7.201631	-7.268062	-7.200068	-7.129622	-7.167361	-7.185113	-7.238140	-7.217104	-7.224863	-7.190885	-7.207949	-7.138299	-7.228103	-7.206317	-14.995097	-7.255066
3683.863000	-7.201616	-7.268077	-7.200063	-7.129612	-7.167355	-7.185117	-7.238177	-7.217064	-7.224890	-7.190886	-7.207922	-7.138316	-7.228087	-7.206301	-14.995087	-7.255053
3703.875000	-7.201662	-7.268064	-7.200086	-7.129655	-7.167391	-7.185147	-7.238170	-7.217127	-7.224890	-7.190903	-7.207903	-7.138286	-7.228122	-7.206272	-14.995105	-7.255046
3723.842000	-7.201611	-7.268020	-7.200075	-7.129653	-7.167379	-7.185108	-7.238142	-7.217064	-7.224858	-7.190880	-7.207938	-7.138272	-7.228087	-7.206312	-14.995095	-7.255041
3743.832000	-7.201600	-7.268025	-7.200029	-7.129639	-7.167392	-7.185130	-7.238149	-7.217074	-7.224839	-7.190848	-7.207923	-7.138251	-7.228112	-7.206303	-14.995054	-7.255047
3763.832000	-7.201635	-7.268032	-7.200063	-7.129594	-7.167382	-7.185129	-7.238157	-7.217094	-7.224857	-7.190869	-7.207900	-7.138256	-7.228121	-7.206337	-14.995081	-7.255078
3783.813000	-7.201621	-7.268057	-7.200058	-7.129613	-7.167391	-7.185137	-7.238156	-7.217068	-7.224892	-7.190845	-7.207872	-7.138252	-7.228114	-7.206293	-14.995068	-7.255073
3803.822000	-7.201635	-7.268058	-7.200059	-7.129613	-7.167394	-7.185109	-7.238159	-7.217066	-7.224870	-7.190870	-7.207876	-7.138224	-7.228064	-7.206273	-14.995110	-7.255049
3823.832000	-7.201637	-7.268098	-7.200070	-7.129591	-7.167363	-7.185110	-7.238120	-7.217089	-7.224870	-7.190874	-7.207909	-7.138294	-7.228098	-7.206309	-14.995106	-7.255059
3843.823000	-7.201611	-7.268079	-7.200067	-7.129581	-7.167391	-7.185134	-7.238109	-7.217111	-7.224887	-7.190924	-7.207880	-7.138293	-7.228082	-7.206312	-14.995096	-7.255096
3863.832000	-7.201631	-7.268078	-7.200034	-7.129600	-7.167402	-7.185126	-7.238142	-7.217141	-7.224851	-7.190918	-7.207916	-7.138343	-7.228102	-7.206289	-14.995147	-7.255048
3883.814000	-7.201659	-7.268060	-7.200077	-7.129599	-7.167391	-7.185143	-7.238124	-7.217109	-7.224877	-7.190887	-7.207884	-7.138321	-7.228102	-7.206311	-14.995112	-7.255074
3903.812000	-7.201636	-7.268107	-7.200064	-7.129634	-7.167405	-7.185130	-7.238126	-7.217094	-7.224854	-7.190866	-7.207882	-7.138370	-7.228075	-7.206288	-14.995101	-7.255094
3923.822000	-7.201625	-7.268106	-7.200061	-7.129574	-7.167394	-7.185093	-7.238137	-7.217069	-7.224887	-7.190855	-7.207874	-7.138301	-7.228059	-7.206308	-14.995140	-7.255069
3943.802000	-7.201622	-7.268085	-7.200070	-7.129594	-7.167373	-7.185117	-7.238177	-7.217068	-7.224865	-7.190881	-7.207891	-7.138324	-7.228068	-7.206278	-14.995077	-7.255061
3963.792000	-7.201646	-7.268087	-7.200074	-7.129604	-7.167405	-7.185106	-7.238105	-7.217082	-7.224881	-7.190847	-7.207863	-7.138319	-7.228050	-7.206294	-14.995075	-7.255072
3983.802000	-7.201687	-7.268080	-7.200063	-7.129607	-7.167388	-7.185117	-7.238164	-7.217097	-7.224865	-7.190886	-7.207898	-7.138350	-7.228042	-7.206295	-14.995079	-7.255069
4003.802000	-7.201653	-7.268082	-7.200080	-7.129628	-7.167368	-7.185131	-7.238153	-7.217094	-7.224822	-7.190868	-7.207916	-7.138335	-7.228097	-7.206282	-14.995097	-7.255058
4023.812000	-7.201639	-7.268057	-7.200048	-7.129645	-7.167367	-7.185134	-7.238165	-7.217108	-7.224913	-7.190894	-7.207900	-7.138341	-7.228066	-7.206285	-14.995078	-7.255106
4043.802000	-7.201666	-7.268041	-7.200043	-7.129611	-7.167396	-7.185127	-7.238164	-7.217122	-7.224874	-7.190853	-7.207905	-7.138332	-7.228106	-7.206264	-14.995071	-7.255062
4063.762000	-7.201622	-7.268059	-7.200053	-7.129657	-7.167419	-7.185112	-7.238209	-7.217115	-7.224868	-7.190870	-7.207875	-7.138344	-7.228108	-7.206289	-14.995043	-7.255058
4083.759000	-7.201656	-7.268094	-7.200049	-7.129621	-7.167420	-7.185073	-7.238208	-7.217105	-7.224893	-7.190871	-7.207914	-7.138301	-7.228108	-7.206282	-14.995082	-7.255066
4103.742000	-7.201647	-7.268094	-7.200075	-7.129608	-7.167383	-7.185097	-7.238208	-7.217073	-7.224872	-7.190873	-7.207907	-7.138271	-7.228092	-7.206280	-14.995092	-7.255042
4123.712000	-7.201633	-7.268077	-7.200069	-7.129621	-7.167350	-7.185069	-7.238142	-7.217095	-7.224857	-7.190874	-7.207883	-7.138274	-7.228088	-7.206307	-14.995100	-7.255080
4143.682000	-7.201663	-7.268115	-7.200083	-7.129604	-7.167372	-7.185109	-7.238141	-7.217088	-7.224883	-7.190906	-7.207882	-7.138284	-7.228100	-7.206298	-14.995090	-7.255065
4163.673000	-7.201684	-7.268116	-7.200082	-7.129585	-7.167361	-7.185118	-7.238172	-7.217089	-7.224863	-7.190844	-7.207856	-7.138320	-7.228126	-7.206320	-14.995126	-7.255020
4183.652000	-7.201675	-7.268076	-7.200054	-7.129625	-7.167373	-7.185100	-7.238161	-7.217102	-7.224855	-7.190836	-7.207863	-7.138285	-7.228102	-7.206286	-14.995139	-7.255044
4203.632000	-7.201649	-7.268102	-7.200019	-7.129620	-7.167367	-7.185113	-7.238199	-7.217073	-7.224857	-7.190859	-7.207883	-7.138299	-7.228068	-7.206307	-14.995056	-7.255039
4223.632000	-7.201653	-7.268063	-7.200036	-7.129574	-7.167356	-7.185075	-7.238224	-7.217063	-7.224836	-7.190887	-7.207867	-7.138340	-7.228088	-7.206338	-14.995105	-7.255039
4243.632000	-7.201677	-7.268097	-7.200068	-7.129598	-7.167392	-7.185111	-7.238175	-7.217067	-7.224896	-7.190870	-7.207862	-7.138296	-7.228120	-7.206344	-14.995065	-7.255040
4263.682000	-7.201686	-7.268097	-7.200057	-7.129603	-7.167388	-7.185116	-7.238178	-7.217054	-7.224879	-7.190859	-7.207897	-7.138305	-7.228125	-7.206310	-14.995084	-7.255034
4283.723000	-7.201661	-7.268063	-7.200004	-7.129604	-7.167415	-7.185090	-7.238155	-7.217070	-7.224858	-7.190883	-7.207832	-7.138301	-7.228109	-7.206283	-14.995082	-7.255044
4303.712000	-7.201668	-7.268081	-7.199998	-7.129604	-7.167376	-7.185122	-7.238209	-7.217096	-7.224874	-7.190917	-7.207851	-7.138305	-7.228092	-7.206289	-14.995045	-7.255056
4323.742000	-7.201666	-7.268078	-7.200022	-7.129584	-7.167414	-7.185114	-7.238165	-7.217129	-7.224844	-7.190903	-7.207895	-7.138289	-7.228135	-7.206296	-14.995048	-7.255022
4343.722000	-7.201672	-7.268076	-7.199984	-7.129622	-7.167402	-7.185118	-7.238160	-7.217136	-7.224855	-7.190910	-7.207847	-7.138270	-7.228111	-7.206283	-14.995035	-7.255014
4363.732000	-7.201658	-7.268064	-7.200008	-7.129609	-7.167381	-7.185143	-7.238154	-7.217119	-7.224879	-7.190824	-7.207861	-7.138301	-7.228082	-7.206290	-14.995113	-7.255003
4383.730000	-7.201655	-7.268076	-7.200050	-7.129601	-7.167405	-7.185116	-7.238159	-7.217106	-7.224857	-7.190852	-7.207836	-7.138245	-7.228105	-7.206301	-14.995085	-7.255035
4403.732000	-7.201641	-7.268054	-7.200050	-7.129594	-7.167409	-7.185124	-7.238189	-7.217065	-7.224873	-7.190856	-7.207819	-7.138273	-7.228098	-7.206309	-14.995040	-7.255024
4423.742000	-7.201668	-7.268082	-7.200051	-7.129645	-7.167393	-7.185124	-7.238177	-7.217054	-7.224855	-7.190896	-7.207842	-7.138288	-7.228089	-7.206303	-14.995065	-7.255054
4443.745000	-7.201647	-7.268065	-7.200022	-7.129630	-7.167383	-7.185097	-7.238166	-7.217081	-7.224874	-7.190908	-7.207873	-7.138290	-7.228109	-7.206279	-14.995119	-7.255035
4463.732000	-7.201644	-7.268100	-7.200049	-7.129621	-7.167394	-7.185110	-7.238158	-7.217066	-7.224869	-7.190901	-7.207885	-7.138360	-7.228130	-7.206304	-14.995065	-7.255032
4483.746000	-7.201647	-7.268069	-7.200083	-7.129613	-7.167368	-7.185132	-7.238170	-7.217100	-7.224867	-7.190897	-7.207861	-7.138292	-7.228112	-7.206260	-14.995066	-7.255021
4503.752000	-7.201682	-7.268049	-7.200049	-7.129621	-7.167400	-7.185107	-7.238139	-7.217126	-7.224863	-7.190867	-7.207837	-7.138283	-7.228123	-7.206276	-14.995102	-7.255005
4523.752000	-7.201691	-7.268103	-7.200034	-7.129602	-7.167394	-7.185128	-7.238162	-7.217092	-7.224846	-7.190867	-7.207902	-7.138294	-7.228122	-7.206315	-14.995038	-7.255032
4543.772000	-7.201615	-7.268091	-7.200055	-7.129612	-7.167388	-7.185148	-7.238156	-7.217103	-7.224878	-7.190866	-7.207910	-7.138260	-7.228111	-7.206285	-14.995102	-7.255038
4563.792000	-7.201632	-7.268120	-7.200045	-7.129624	-7.167382	-7.185144	-7.238167	-7.217131	-7.224855	-7.190886	-7.207875	-7.138268	-7.228089	-7.206285	-14.995050	-7.255060
4583.792000	-7.201627	-7.268087	-7.200049	-7.129635	-7.167394	-7.185152	-7.238163	-7.217119	-7.224847	-7.190841	-7.207874	-7.138295	-7.228116	-7.206319	-14.995057	-7.255060
4603.812000	-7.201639	-7.268106	-7.199985	-7.129606	-7.167384	-7.185090	-7.238181	-7.217101	-7.224848	-7.190851	-7.207863	-7.138291	-7.228115	-7.206308	-14.995046	-7.255030
4623.832000	-7.201617	-7.268122	-7.200043	-7.129604	-7.167393	-7.185131	-7.238209	-7.217128	-7.224879	-7.190865	-7.207872	-7.138313	-7.228072	-7.206276	-14.995087	-7.255047
4643.842000	-7.201601	-7.268121	-7.200026	-7.129628	-7.167413	-7.185145	-7.238182	-7.217143	-7.224897	-7.190869	-7.207870	-7.138275	-7.228088	-7.206304	-14.995097	-7.255037
4663.852000	-7.201599	-7.268088	-7.200022	-7.129605	-7.167402	-7.185086	-7.238154	-7.217104	-7.224924	-7.190867	-7.207856	-7.138300	-7.228079	-7.206288	-14.995099	-7.255006
4683.863000	-7.201593	-7.268109	-7.200038	-7.129591	-7.167375	-7.185118	-7.238145	-7.217123	-7.224868	-7.190858	-7.207875	-7.138250	-7.228080	-7.206320	-14.995138	-7.254993
4703.842000	-7.201595	-7.268106	-7.200026	-7.129623	-7.167378	-7.185080	-7.238154	-7.217103	-7.224916	-7.190876	-7.207846	-7.138233	-7.228115	-7.206336	-14.995085	-7.255034
4723.832000	-7.201615	-7.268104	-7.200057	-7.129623	-7.167368	-7.185095	-7.238130	-7.217151	-7.224873	-7.190903	-7.207855	-7.138223	-7.228086	-7.206297	-14.995101	-7.255027
4743.813000	-7.201603	-7.268114	-7.199993	-7.129630	-7.167395	-7.185104	-7.238186	-7.217120	-7.224869	-7.190904	-7.207848	-7.138280	-7.228076	-7.206295	-14.995069	-7.255034
4763.812000	-7.201629	-7.268120	-7.200044	-7.129606	-7.167374	-7.185120	-7.238197	-7.217117	-7.224841	-7.190863	-7.207860	-7.138239	-7.228063	-7.206297	-14.995064	-7.254986
4783.812000	-7.201639	-7.268110	-7.200011	-7.129631	-7.167395	-7.185108	-7.238179	-7.217117	-7.224868	-7.190882	-7.207883	-7.138238	-7.228118	-7.206319	-14.995064	-7.255007
4803.822000	-7.201656	-7.268127	-7.200053	-7.129614	-7.167387	-7.185114	-7.238168	-7.217122	-7.224848	-7.190876	-7.207846	-7.138276	-7.228107	-7.206343	-14.995096	-7.255019
4823.815000	-7.201656	-7.268123	-7.200070	-7.129606	-7.167392	-7.185103	-7.238187	-7.217129	-7.224878	-7.190876	-7.207862	-7.138246	-7.228112	-7.206318	-14.995052	-7.255025
4843.782000	-7.201662	-7.268100	-7.200073	-7.129595	-7.167377	-7.185117	-7.238200	-7.217129	-7.224855	-7.190906	-7.207858	-7.138260	-7.228104	-7.206310	-14.995059	-7.255013
4863.772000	-7.201647	-7.268110	-7.200099	-7.129620	-7.167391	-7.185110	-7.238162	-7.217133	-7.224870	-7.190927	-7.207892	-7.138250	-7.228127	-7.206314	-14.995056	-7.255031
4883.802000	-7.201662	-7.268122	-7.200080	-7.129600	-7.167373	-7.185154	-7.238169	-7.217107	-7.224864	-7.190896	-7.207864	-7.138255	-7.228127	-7.206271	-14.995104	-7.254991
4903.812000	-7.201638	-7.268114	-7.200041	-7.129622	-7.167401	-7.185107	-7.238151	-7.217117	-7.224887	-7.190882	-7.207883	-7.138271	-7.228131	-7.206298	-14.995052	-7.255001
4923.782000	-7.201672	-7.268165	-7.200018	-7.129600	-7.167376	-7.185130	-7.238200	-7.217126	-7.224895	-7.190895	-7.207884	-7.138250	-7.228137	-7.206325	-14.995038	-7.255015
4943.792000	-7.201647	-7.268171	-7.200012	-7.129586	-7.167420	-7.185154	-7.238197	-7.217147	-7.224869	-7.190909	-7.207898	-7.138251	-7.228099	-7.206320	-14.995054	-7.255051
4963.804000	-7.201660	-7.268152	-7.200062	-7.129645	-7.167400	-7.185138	-7.238184	-7.217113	-7.224849	-7.190886	-7.207886	-7.138285	-7.228104	-7.206343	-14.995060	-7.255047
4983.792000	-7.201628	-7.268130	-7.200014	-7.129634	-7.167400	-7.185129	-7.238170	-7.217107	-7.224892	-7.190869	-7.207857	-7.138314	-7.228150	-7.206314	-14.995082	-7.255031
5003.793000	-7.201627	-7.268120	-7.200009	-7.129634	-7.167416	-7.185096	-7.238182	-7.217112	-7.224885	-7.190898	-7.207849	-7.138284	-7.228117	-7.206335	-14.995017	-7.255046
5023.772000	-7.201627	-7.268132	-7.200040	-7.129681	-7.167405	-7.185134	-7.238190	-7.217142	-7.224853	-7.190862	-7.207865	-7.138252	-7.228094	-7.206337	-14.994990	-7.255038
5043.742000	-7.201642	-7.268123	-7.200073	-7.129617	-7.167380	-7.185142	-7.238193	-7.217134	-7.224918	-7.190899	-7.207901	-7.138278	-7.228094	-7.206316	-14.995049	-7.255032
5063.772000	-7.201683	-7.268148	-7.200025	-7.129649	-7.167411	-7.185107	-7.238236	-7.217105	-7.224875	-7.190891	-7.207896	-7.138280	-7.228111	-7.206301	-14.995017	-7.255025
5083.792000	-7.201649	-7.268169	-7.200080	-7.129634	-7.167406	-7.185089	-7.238243	-7.217138	-7.224886	-7.190937	-7.207919	-7.138278	-7.228085	-7.206298	-14.995024	-7.255037
5103.782000	-7.201650	-7.268148	-7.200076	-7.129671	-7.167414	-7.185136	-7.238174	-7.217119	-7.224908	-7.190903	-7.207894	-7.138265	-7.228089	-7.206324	-14.995003	-7.255032
5123.782000	-7.201649	-7.268116	-7.200021	-7.129663	-7.167398	-7.185129	-7.238256	-7.217138	-7.224921	-7.190911	-7.207909	-7.138248	-7.228087	-7.206307	-14.994971	-7.255007
5143.802000	-7.201642	-7.268095	-7.200026	-7.129626	-7.167368	-7.185132	-7.238195	-7.217175	-7.224887	-7.190913	-7.207885	-7.138254	-7.228134	-7.206301	-14.994963	-7.255055
5163.802000	-7.201648	-7.268141	-7.200036	-7.129647	-7.167363	-7.185136	-7.238205	-7.217149	-7.224860	-7.190931	-7.207885	-7.138256	-7.228110	-7.206316	-14.995075	-7.255008
5183.792000	-7.201666	-7.268119	-7.200041	-7.129668	-7.167400	-7.185149	-7.238182	-7.217119	-7.224880	-7.190904	-7.207865	-7.138238	-7.228101	-7.206331	-14.995048	-7.255030
5203.823000	-7.201662	-7.268138	-7.200107	-7.129679	-7.167408	-7.185166	-7.238157	-7.217144	-7.224904	-7.190918	-7.207859	-7.138299	-7.228114	-7.206306	-14.995035	-7.255011
5223.812000	-7.201632	-7.268124	-7.200067	-7.129652	-7.167402	-7.185144	-7.238198	-7.217146	-7.224874	-7.190905	-7.207873	-7.138256	-7.228121	-7.206331	-14.995024	-7.255034
5243.792000	-7.201650	-7.268140	-7.200096	-7.129659	-7.167436	-7.185110	-7.238192	-7.217130	-7.224857	-7.190909	-7.207882	-7.138229	-7.228118	-7.206299	-14.995043	-7.255003
5263.792000	-7.201649	-7.268158	-7.200082	-7.129653	-7.167420	-7.185119	-7.238157	-7.217151	-7.224826	-7.190950	-7.207877	-7.138232	-7.228089	-7.206311	-14.994988	-7.255023
5283.782000	-7.201662	-7.268135	-7.200068	-7.129639	-7.167388	-7.185127	-7.238199	-7.217125	-7.224831	-7.190944	-7.207864	-7.138251	-7.228099	-7.206322	-14.995007	-7.255044
5303.752000	-7.201652	-7.268187	-7.200085	-7.129688	-7.167368	-7.185107	-7.238151	-7.217149	-7.224838	-7.190913	-7.207903	-7.138263	-7.228086	-7.206281	-14.995074	-7.255016
5323.762000	-7.201629	-7.268110	-7.200087	-7.129645	-7.167391	-7.185137	-7.238170	-7.217124	-7.224815	-7.190921	-7.207869	-7.138205	-7.228069	-7.206299	-14.994994	-7.255030
5343.762000	-7.201680	-7.268180	-7.200107	-7.129635	-7.167367	-7.185134	-7.238237	-7.217128	-7.224911	-7.190920	-7.207895	-7.138212	-7.228127	-7.206300	-14.995029	-7.254994
5363.772000	-7.201664	-7.268155	-7.200064	-7.129666	-7.167386	-7.185139	-7.238198	-7.217097	-7.224875	-7.190916	-7.207888	-7.138206	-7.228096	-7.206307	-14.995048	-7.255009
5383.762000	-7.201677	-7.268119	-7.200082	-7.129651	-7.167425	-7.185121	-7.238177	-7.217140	-7.224886	-7.190872	-7.207880	-7.138273	-7.228078	-7.206320	-14.995031	-7.255004
5403.743000	-7.201595	-7.268113	-7.200059	-7.129638	-7.167402	-7.185092	-7.238170	-7.217104	-7.224890	-7.190869	-7.207893	-7.138248	-7.228089	-7.206318	-14.995088	-7.255011
5423.742000	-7.201657	-7.268081	-7.200048	-7.129623	-7.167380	-7.185122	-7.238214	-7.217188	-7.224883	-7.190897	-7.207874	-7.138237	-7.228107	-7.206305	-14.995033	-7.255008
5443.753000	-7.201653	-7.268123	-7.200053	-7.129648	-7.167397	-7.185129	-7.238174	-7.217141	-7.224881	-7.190887	-7.207873	-7.138217	-7.228087	-7.206283	-14.995081	-7.254992
5463.752000	-7.201682	-7.268090	-7.200046	-7.129689	-7.167405	-7.185117	-7.238190	-7.217135	-7.224898	-7.190880	-7.207899	-7.138236	-7.228116	-7.206296	-14.995049	-7.255002
5483.722000	-7.201665	-7.268119	-7.200063	-7.129670	-7.167395	-7.185130	-7.238205	-7.217108	-7.224866	-7.190883	-7.207898	-7.138258	-7.228095	-7.206323	-14.995022	-7.255023
5503.752000	-7.201675	-7.268115	-7.200069	-7.129648	-7.167419	-7.185156	-7.238165	-7.217126	-7.224865	-7.190885	-7.207891	-7.138215	-7.228108	-7.206305	-14.995092	-7.255032
5523.742000	-7.201660	-7.268124	-7.200084	-7.129630	-7.167430	-7.185157	-7.238138	-7.217146	-7.224879	-7.190876	-7.207908	-7.138244	-7.228088	-7.206266	-14.995072	-7.255057
5543.722000	-7.201697	-7.268169	-7.200082	-7.129626	-7.167430	-7.185141	-7.238164	-7.217161	-7.224885	-7.190905	-7.207905	-7.138233	-7.228090	-7.206305	-14.995025	-7.255041
5563.752000	-7.201673	-7.268146	-7.200087	-7.129609	-7.167384	-7.185127	-7.238208	-7.217110	-7.224888	-7.190868	-7.207901	-7.138235	-7.228093	-7.206282	-14.995099	-7.255043
5583.753000	-7.201688	-7.268142	-7.200088	-7.129602	-7.167394	-7.185088	-7.238186	-7.217145	-7.224881	-7.190898	-7.207915	-7.138269	-7.228070	-7.206313	-14.995084	-7.255044
5603.742000	-7.201645	-7.268141	-7.200074	-7.129580	-7.167396	-7.185109	-7.238177	-7.217092	-7.224896	-7.190875	-7.207900	-7.138248	-7.228082	-7.206251	-14.995108	-7.255045
5623.712000	-7.201652	-7.268125	-7.200076	-7.129619	-7.167397	-7.185156	-7.238151	-7.217114	-7.224879	-7.190880	-7.207893	-7.138244	-7.228091	-7.206293	-14.995090	-7.255031
5643.727000	-7.201624	-7.268140	-7.200095	-7.129635	-7.167425	-7.185138	-7.238138	-7.217086	-7.224914	-7.190895	-7.207926	-7.138281	-7.228106	-7.206269	-14.995092	-7.255008
5663.722000	-7.201687	-7.268112	-7.200096	-7.129567	-7.167406	-7.185144	-7.238210	-7.217087	-7.224910	-7.190883	-7.207864	-7.138286	-7.228040	-7.206291	-14.995066	-7.255034
5683.722000	-7.201656	-7.268112	-7.200110	-7.129597	-7.167424	-7.185125	-7.238179	-7.217143	-7.224903	-7.190888	-7.207907	-7.138282	-7.228081	-7.206299	-14.995103	-7.255015
5703.764000	-7.201633	-7.268102	-7.200107	-7.129597	-7.167418	-7.185162	-7.238148	-7.217111	-7.224921	-7.190872	-7.207911	-7.138270	-7.228083	-7.206289	-14.995061	-7.255015
5723.832000	-7.201635	-7.268133	-7.200075	-7.129628	-7.167413	-7.185143	-7.238172	-7.217131	-7.224869	-7.190867	-7.207900	-7.138278	-7.228098	-7.206324	-14.995136	-7.255049
5743.822000	-7.201648	-7.268115	-7.200104	-7.129639	-7.167421	-7.185111	-7.238184	-7.217133	-7.224916	-7.190910	-7.207900	-7.138295	-7.228109	-7.206316	-14.995071	-7.255040
5763.852000	-7.201630	-7.268134	-7.200085	-7.129633	-7.167425	-7.185160	-7.238195	-7.217092	-7.224869	-7.190909	-7.207915	-7.138238	-7.228093	-7.206295	-14.995039	-7.255054
5783.922000	-7.201648	-7.268103	-7.200094	-7.129635	-7.167433	-7.185143	-7.238175	-7.217134	-7.224880	-7.190929	-7.207891	-7.138228	-7.228112	-7.206344	-14.995071	-7.255014
5803.902000	-7.201649	-7.268090	-7.200088	-7.129621	-7.167384	-7.185139	-7.238158	-7.217093	-7.224831	-7.190896	-7.207925	-7.138286	-7.228085	-7.206333	-14.995074	-7.255034
5823.882000	-7.201647	-7.268052	-7.200080	-7.129641	-7.167394	-7.185125	-7.238147	-7.217117	-7.224888	-7.190903	-7.207920	-7.138323	-7.228108	-7.206349	-14.995098	-7.255001
5843.882000	-7.201640	-7.268092	-7.200065	-7.129619	-7.167381	-7.185132	-7.238167	-7.217116	-7.224887	-7.190934	-7.207884	-7.138309	-7.228097	-7.206318	-14.994989	-7.255035
5863.852000	-7.201628	-7.268107	-7.200042	-7.129644	-7.167399	-7.185142	-7.238156	-7.217099	-7.224871	-7.190917	-7.207902	-7.138277	-7.228070	-7.206302	-14.995054	-7.255017
5883.842000	-7.201655	-7.268123	-7.200082	-7.129604	-7.167420	-7.185139	-7.238172	-7.217136	-7.224893	-7.190931	-7.207897	-7.138319	-7.228049	-7.206310	-14.995054	-7.255016
5903.852000	-7.201641	-7.268115	-7.200062	-7.129643	-7.167402	-7.185109	-7.238173	-7.217119	-7.224885	-7.190900	-7.207921	-7.138295	-7.228027	-7.206341	-14.995052	-7.254993
5923.842000	-7.201640	-7.268143	-7.200104	-7.129626	-7.167452	-7.185150	-7.238154	-7.217141	-7.224889	-7.190857	-7.207917	-7.138297	-7.228076	-7.206336	-14.995018	-7.255026
5943.822000	-7.201652	-7.268123	-7.200090	-7.129651	-7.167395	-7.185182	-7.238135	-7.217163	-7.224855	-7.190846	-7.207896	-7.138280	-7.228050	-7.206341	-14.995050	-7.255037
5963.852000	-7.201649	-7.268132	-7.200079	-7.129659	-7.167393	-7.185143	-7.238181	-7.217133	-7.224896	-7.190906	-7.207906	-7.138332	-7.228037	-7.206354	-14.995020	-7.255006
5983.832000	-7.201633	-7.268139	-7.200077	-7.129642	-7.167394	-7.185140	-7.238133	-7.217131	-7.224893	-7.190902	-7.207886	-7.138256	-7.228064	-7.206350	-14.995061	-7.255034
6003.822000	-7.201583	-7.268102	-7.200084	-7.129664	-7.167399	-7.185116	-7.238176	-7.217085	-7.224882	-7.190908	-7.207923	-7.138292	-7.228045	-7.206382	-14.995035	-7.254998
6023.822000	-7.201617	-7.268080	-7.200094	-7.129635	-7.167384	-7.185158	-7.238184	-7.217131	-7.224893	-7.190909	-7.207895	-7.138280	-7.228072	-7.206347	-14.995075	-7.255000
6043.852000	-7.201631	-7.268119	-7.200112	-7.129649	-7.167421	-7.185136	-7.238152	-7.217146	-7.224878	-7.190987	-7.207933	-7.138310	-7.228067	-7.206330	-14.995048	-7.255030
6063.873000	-7.201642	-7.268109	-7.200061	-7.129621	-7.167392	-7.185152	-7.238214	-7.217137	-7.224873	-7.190916	-7.207898	-7.138305	-7.228079	-7.206393	-14.995005	-7.254984
6083.862000	-7.201636	-7.268144	-7.200064	-7.129620	-7.167417	-7.185122	-7.238194	-7.217112	-7.224858	-7.190884	-7.207923	-7.138320	-7.228064	-7.206341	-14.995020	-7.255007
6103.876000	-7.201587	-7.268089	-7.200094	-7.129596	-7.167402	-7.185180	-7.238186	-7.217090	-7.224909	-7.190905	-7.207888	-7.138285	-7.228051	-7.206352	-14.995007	-7.254983
6123.872000	-7.201611	-7.268109	-7.200068	-7.129596	-7.167378	-7.185157	-7.238201	-7.217079	-7.224890	-7.190896	-7.207886	-7.138268	-7.228067	-7.206366	-14.995060	-7.255024
6143.872000	-7.201645	-7.268115	-7.200140	-7.129601	-7.167364	-7.185135	-7.238201	-7.217084	-7.224898	-7.190908	-7.207876	-7.138241	-7.228091	-7.206330	-14.995009	-7.255012
6163.852000	-7.201650	-7.268124	-7.200105	-7.129634	-7.167396	-7.185143	-7.238184	-7.217098	-7.224910	-7.190894	-7.207866	-7.138216	-7.228096	-7.206348	-14.995011	-7.254987
6183.883000	-7.201674	-7.268125	-7.200098	-7.129649	-7.167402	-7.185185	-7.238180	-7.217082	-7.224904	-7.190900	-7.207848	-7.138257	-7.228092	-7.206322	-14.994996	-7.255012
6203.872000	-7.201601	-7.268095	-7.200094	-7.129677	-7.167391	-7.185131	-7.238172	-7.217101	-7.224883	-7.190870	-7.207856	-7.138299	-7.228134	-7.206332	-14.994992	-7.255008
6223.872000	-7.201645	-7.268120	-7.200107	-7.129658	-7.167398	-7.185116	-7.238163	-7.217142	-7.224864	-7.190865	-7.207890	-7.138293	-7.228087	-7.206336	-14.995092	-7.255025
6243.882000	-7.201644	-7.268130	-7.200050	-7.129638	-7.167427	-7.185182	-7.238159	-7.217126	-7.224876	-7.190935	-7.207876	-7.138309	-7.228059	-7.206298	-14.995026	-7.255051
6263.872000	-7.201643	-7.268099	-7.200064	-7.129615	-7.167390	-7.185140	-7.238205	-7.217136	-7.224891	-7.190900	-7.207873	-7.138307	-7.228084	-7.206314	-14.995093	-7.255040
6283.902000	-7.201660	-7.268138	-7.200072	-7.129638	-7.167400	-7.185120	-7.238191	-7.217107	-7.224828	-7.190824	-7.207854	-7.138252	-7.228056	-7.206317	-14.995034	-7.255001
6303.922000	-7.201629	-7.268138	-7.200048	-7.129609	-7.167385	-7.185106	-7.238180	-7.217103	-7.224863	-7.190848	-7.207868	-7.138280	-7.228051	-7.206290	-14.995080	-7.254989
6323.952000	-7.201634	-7.268134	-7.200097	-7.129619	-7.167370	-7.185129	-7.238164	-7.217094	-7.224872	-7.190858	-7.207898	-7.138255	-7.228019	-7.206319	-14.995074	-7.255040
6344.014000	-7.201673	-7.268119	-7.200065	-7.129586	-7.167425	-7.185143	-7.238174	-7.217093	-7.224871	-7.190862	-7.207895	-7.138270	-7.228074	-7.206365	-14.995003	-7.255006
6364.002000	-7.201614	-7.268090	-7.200079	-7.129598	-7.167392	-7.185090	-7.238170	-7.217113	-7.224931	-7.190848	-7.207910	-7.138324	-7.228072	-7.206311	-14.995012	-7.254998
6384.015000	-7.201621	-7.268126	-7.200083	-7.129620	-7.167409	-7.185104	-7.238207	-7.217093	-7.224889	-7.190855	-7.207917	-7.138254	-7.228078	-7.206326	-14.995034	-7.255016
6403.992000	-7.201585	-7.268102	-7.200083	-7.129579	-7.167409	-7.185118	-7.238191	-7.217123	-7.224911	-7.190904	-7.207897	-7.138298	-7.228077	-7.206333	-14.995071	-7.255028
6424.025000	-7.201611	-7.268115	-7.200097	-7.129591	-7.167376	-7.185120	-7.238165	-7.217081	-7.224830	-7.190888	-7.207891	-7.138307	-7.228039	-7.206322	-14.995067	-7.254993
6444.022000	-7.201590	-7.268105	-7.200127	-7.129585	-7.167390	-7.185142	-7.238191	-7.217073	-7.224865	-7.190891	-7.207868	-7.138275	-7.228087	-7.206299	-14.995074	-7.255017
6464.002000	-7.201604	-7.268129	-7.200077	-7.129587	-7.167429	-7.185099	-7.238194	-7.217101	-7.224837	-7.190855	-7.207857	-7.138258	-7.228085	-7.206323	-14.995073	-7.255034
6483.975000	-7.201637	-7.268119	-7.200079	-7.129585	-7.167407	-7.185132	-7.238201	-7.217097	-7.224831	-7.190873	-7.207850	-7.138280	-7.228037	-7.206303	-14.995077	-7.255034
6503.972000	-7.201604	-7.268122	-7.200086	-7.129595	-7.167399	-7.185133	-7.238135	-7.217115	-7.224849	-7.190815	-7.207881	-7.138328	-7.228094	-7.206345	-14.995041	-7.254996
6523.953000	-7.201636	-7.268108	-7.200053	-7.129556	-7.167364	-7.185151	-7.238181	-7.217082	-7.224820	-7.190843	-7.207865	-7.138289	-7.228100	-7.206298	-14.995056	-7.254998
6543.932000	-7.201620	-7.268116	-7.200063	-7.129587	-7.167394	-7.185164	-7.238157	-7.217099	-7.224825	-7.190848	-7.207885	-7.138314	-7.228065	-7.206324	-14.995035	-7.255022
6563.952000	-7.201614	-7.268131	-7.200040	-7.129591	-7.167385	-7.185179	-7.238171	-7.217087	-7.224791	-7.190877	-7.207900	-7.138272	-7.228077	-7.206309	-14.995074	-7.255042
6583.972000	-7.201627	-7.268109	-7.200089	-7.129554	-7.167400	-7.185131	-7.238193	-7.217120	-7.224811	-7.190854	-7.207873	-7.138272	-7.228107	-7.206300	-14.995026	-7.255018
6603.962000	-7.201593	-7.268141	-7.200078	-7.129568	-7.167409	-7.185130	-7.238198	-7.217104	-7.224811	-7.190869	-7.207873	-7.138278	-7.228078	-7.206324	-14.995031	-7.255007
6623.932000	-7.201620	-7.268124	-7.200074	-7.129539	-7.167377	-7.185131	-7.238172	-7.217090	-7.224828	-7.190859	-7.207867	-7.138288	-7.228083	-7.206315	-14.995006	-7.255043
6643.922000	-7.201609	-7.268095	-7.200084	-7.129547	-7.167404	-7.185109	-7.238144	-7.217100	-7.224831	-7.190850	-7.207893	-7.138286	-7.228089	-7.206317	-14.995103	-7.255023
6663.923000	-7.201591	-7.268138	-7.200066	-7.129563	-7.167404	-7.185121	-7.238171	-7.217074	-7.224876	-7.190870	-7.207881	-7.138243	-7.228085	-7.206349	-14.995079	-7.255038
6683.902000	-7.201581	-7.268119	-7.200054	-7.129601	-7.167387	-7.185135	-7.238120	-7.217105	-7.224825	-7.190863	-7.207865	-7.138289	-7.228091	-7.206331	-14.994996	-7.255018
6703.884000	-7.201599	-7.268088	-7.200064	-7.129579	-7.167410	-7.185128	-7.238148	-7.217106	-7.224820	-7.190842	-7.207876	-7.138282	-7.228061	-7.206326	-14.995020	-7.255022
6723.862000	-7.201617	-7.268098	-7.200085	-7.129614	-7.167400	-7.185119	-7.238154	-7.217123	-7.224817	-7.190897	-7.207885	-7.138305	-7.228115	-7.206306	-14.995063	-7.254999
6743.852000	-7.201619	-7.268136	-7.200087	-7.129579	-7.167394	-7.185147	-7.238171	-7.217096	-7.224861	-7.190884	-7.207896	-7.138280	-7.228099	-7.206305	-14.995015	-7.255013
6763.862000	-7.201613	-7.268131	-7.200088	-7.129664	-7.167415	-7.185166	-7.238137	-7.217111	-7.224850	-7.190868	-7.207857	-7.138304	-7.228108	-7.206313	-14.995061	-7.255030
6783.882000	-7.201613	-7.268124	-7.200058	-7.129602	-7.167404	-7.185138	-7.238169	-7.217114	-7.224869	-7.190864	-7.207862	-7.138282	-7.228081	-7.206298	-14.995062	-7.255004
6803.872000	-7.201625	-7.268127	-7.200081	-7.129613	-7.167400	-7.185111	-7.238191	-7.217087	-7.224829	-7.190835	-7.207849	-7.138307	-7.228096	-7.206361	-14.995092	-7.254989
6823.903000	-7.201610	-7.268145	-7.200043	-7.129626	-7.167391	-7.185145	-7.238178	-7.217066	-7.224855	-7.190847	-7.207876	-7.138242	-7.228121	-7.206311	-14.995088	-7.255019
6843.902000	-7.201594	-7.268153	-7.200073	-7.129636	-7.167398	-7.185136	-7.238139	-7.217086	-7.224831	-7.190845	-7.207894	-7.138274	-7.228108	-7.206322	-14.995045	-7.255010
6863.882000	-7.201595	-7.268155	-7.200034	-7.129629	-7.167354	-7.185157	-7.238171	-7.217091	-7.224851	-7.190845	-7.207901	-7.138249	-7.228083	-7.206352	-14.995023	-7.255019
6883.854000	-7.201592	-7.268131	-7.200080	-7.129620	-7.167377	-7.185111	-7.238166	-7.217094	-7.224834	-7.190842	-7.207908	-7.138280	-7.228088	-7.206321	-14.995046	-7.255033
6903.872000	-7.201596	-7.268134	-7.200028	-7.129598	-7.167407	-7.185123	-7.238157	-7.217067	-7.224836	-7.190822	-7.207879	-7.138267	-7.228111	-7.206286	-14.995027	-7.255014
6923.882000	-7.201585	-7.268155	-7.200050	-7.129597	-7.167413	-7.185166	-7.238194	-7.217056	-7.224816	-7.190821	-7.207876	-7.138253	-7.228083	-7.206306	-14.994996	-7.255003
6943.862000	-7.201579	-7.268133	-7.200063	-7.129655	-7.167388	-7.185138	-7.238193	-7.217058	-7.224793	-7.190806	-7.207862	-7.138243	-7.228095	-7.206366	-14.995012	-7.255033
6963.862000	-7.201598	-7.268130	-7.200069	-7.129651	-7.167387	-7.185147	-7.238188	-7.217102	-7.224810	-7.190844	-7.207879	-7.138265	-7.228072	-7.206356	-14.994998	-7.254991
6983.872000	-7.201600	-7.268119	-7.200055	-7.129611	-7.167393	-7.185166	-7.238206	-7.217110	-7.224826	-7.190850	-7.207873	-7.138297	-7.228077	-7.206298	-14.994984	-7.255018
7003.893000	-7.201603	-7.268120	-7.200036	-7.129611	-7.167382	-7.185137	-7.238234	-7.217115	-7.224839	-7.190815	-7.207866	-7.138272	-7.228102	-7.206363	-14.994991	-7.254996
7023.872000	-7.201569	-7.268099	-7.200040	-7.129647	-7.167430	-7.185138	-7.238215	-7.217082	-7.224856	-7.190811	-7.207896	-7.138269	-7.228071	-7.206342	-14.995007	-7.255009
7043.872000	-7.201604	-7.268134	-7.200081	-7.129638	-7.167409	-7.185117	-7.238186	-7.217079	-7.224870	-7.190817	-7.207873	-7.138308	-7.228016	-7.206347	-14.994968	-7.254996
7063.892000	-7.201548	-7.268111	-7.200063	-7.129581	-7.167424	-7.185135	-7.238163	-7.217125	-7.224872	-7.190791	-7.207882	-7.138275	-7.228070	-7.206344	-14.995009	-7.254976
7083.912000	-7.201607	-7.268121	-7.200072	-7.129617	-7.167424	-7.185147	-7.238165	-7.217109	-7.224880	-7.190799	-7.207883	-7.138291	-7.228060	-7.206319	-14.994976	-7.255027
7103.912000	-7.201608	-7.268122	-7.200089	-7.129604	-7.167387	-7.185151	-7.238157	-7.217126	-7.224844	-7.190837	-7.207886	-7.138249	-7.228105	-7.206301	-14.995026	-7.255000
7123.932000	-7.201574	-7.268133	-7.200079	-7.129612	-7.167396	-7.185139	-7.238162	-7.217096	-7.224844	-7.190814	-7.207839	-7.138272	-7.228129	-7.206301	-14.995007	-7.255003
7143.922000	-7.201617	-7.268149	-7.200050	-7.129613	-7.167391	-7.185127	-7.238145	-7.217111	-7.224851	-7.190789	-7.207850	-7.138299	-7.228105	-7.206327	-14.995010	-7.255021
7163.922000	-7.201596	-7.268090	-7.200030	-7.129618	-7.167394	-7.185125	-7.238195	-7.217101	-7.224869	-7.190808	-7.207855	-7.138334	-7.228096	-7.206325	-14.995005	-7.255028
7183.941000	-7.201602	-7.268114	-7.200056	-7.129576	-7.167397	-7.185152	-7.238179	-7.217101	-7.224821	-7.190793	-7.207853	-7.138334	-7.228058	-7.206294	-14.994995	-7.255033
7203.932000	-7.201594	-7.268134	-7.200043	-7.129588	-7.167405	-7.185151	-7.238163	-7.217072	-7.224804	-7.190797	-7.207868	-7.138274	-7.228053	-7.206325	-14.995027	-7.255058
7223.924000	-7.201584	-7.268114	-7.200017	-7.129625	-7.167383	-7.185129	-7.238169	-7.217091	-7.224847	-7.190817	-7.207871	-7.138327	-7.228069	-7.206322	-14.995027	-7.255000
