5.014000	-7.246846	-7.254198	-7.255585	-7.245951	-7.265149	-7.231928	-7.210845	-7.191607	-7.225334	-7.232989	-7.248806	-7.243745	-7.172584	-7.215248	-14.995001	-7.198972
25.070000	-7.246426	-7.254090	-7.255710	-7.246337	-7.265468	-7.232083	-7.210823	-7.191345	-7.225267	-7.229857	-7.249068	-7.243983	-7.172552	-7.215416	-14.994985	-7.199444
45.119000	-7.247214	-7.254191	-7.255806	-7.246407	-7.265507	-7.232265	-7.210874	-7.191392	-7.225511	-7.232584	-7.249255	-7.244116	-7.172291	-7.215324	-14.995016	-7.199083
65.150000	-7.248280	-7.254153	-7.255852	-7.246497	-7.265504	-7.232091	-7.210874	-7.191328	-7.225385	-7.232910	-7.249330	-7.243975	-7.172233	-7.215384	-14.994935	-7.200081
85.199000	-7.248695	-7.254205	-7.255968	-7.246602	-7.265637	-7.232242	-7.210995	-7.191340	-7.224793	-7.231216	-7.249379	-7.243967	-7.172192	-7.215459	-14.994972	-7.199321
105.240000	-7.248366	-7.254167	-7.255987	-7.246591	-7.265609	-7.232139	-7.210844	-7.191299	-7.225183	-7.232503	-7.249438	-7.243998	-7.172157	-7.215351	-14.994956	-7.199122
125.259000	-7.247539	-7.254630	-7.256075	-7.246757	-7.265977	-7.232318	-7.211008	-7.191299	-7.224964	-7.232874	-7.249468	-7.244025	-7.172203	-7.215503	-14.994945	-7.199757
145.309000	-7.247816	-7.254309	-7.255992	-7.246708	-7.265716	-7.232201	-7.210977	-7.191349	-7.225192	-7.232733	-7.249498	-7.244120	-7.172190	-7.215507	-14.994951	-7.199377
165.381000	-7.248051	-7.254212	-7.255963	-7.246737	-7.265679	-7.232160	-7.210953	-7.191305	-7.225230	-7.232747	-7.249522	-7.244112	-7.172158	-7.215444	-14.994976	-7.199199
185.439000	-7.247154	-7.254274	-7.256011	-7.246768	-7.265709	-7.232490	-7.211103	-7.191372	-7.225275	-7.232639	-7.249504	-7.244059	-7.172119	-7.215413	-14.994927	-7.199579
205.510000	-7.247737	-7.254274	-7.255992	-7.246695	-7.265626	-7.232428	-7.210955	-7.191321	-7.225274	-7.232814	-7.249501	-7.243984	-7.172128	-7.215552	-14.994910	-7.199482
225.539000	-7.247755	-7.254262	-7.256219	-7.246864	-7.265678	-7.232201	-7.211134	-7.191289	-7.225579	-7.232411	-7.249509	-7.243951	-7.172270	-7.215419	-14.994899	-7.199531
245.571000	-7.248349	-7.254727	-7.256054	-7.246733	-7.265764	-7.232279	-7.211224	-7.191281	-7.225380	-7.231979	-7.249742	-7.244024	-7.172202	-7.215432	-14.994965	-7.199526
265.609000	-7.248799	-7.254364	-7.256043	-7.246694	-7.265724	-7.232248	-7.211098	-7.191311	-7.225449	-7.234408	-7.249563	-7.244047	-7.172184	-7.215439	-14.994891	-7.200172
285.649000	-7.248904	-7.254430	-7.256038	-7.246744	-7.265884	-7.232484	-7.211264	-7.191289	-7.225644	-7.234508	-7.249830	-7.244027	-7.172134	-7.215489	-14.994894	-7.199758
305.699000	-7.248877	-7.254446	-7.256062	-7.246735	-7.265727	-7.232322	-7.211039	-7.191280	-7.225445	-7.233555	-7.249656	-7.244046	-7.172155	-7.215414	-14.994896	-7.200458
325.782000	-7.248034	-7.254379	-7.256296	-7.246800	-7.265889	-7.232299	-7.211072	-7.191381	-7.225960	-7.234552	-7.249659	-7.244062	-7.172235	-7.215558	-14.994938	-7.199902
345.849000	-7.248109	-7.254484	-7.256109	-7.246759	-7.265891	-7.232263	-7.211100	-7.191310	-7.225527	-7.233831	-7.249622	-7.244084	-7.172161	-7.215455	-14.994981	-7.200546
365.881000	-7.248838	-7.254459	-7.256109	-7.246790	-7.265788	-7.232253	-7.211099	-7.191249	-7.225465	-7.233601	-7.249556	-7.244089	-7.172238	-7.215449	-14.994910	-7.200281
385.939000	-7.248837	-7.254426	-7.256162	-7.246757	-7.265782	-7.232197	-7.211051	-7.191331	-7.225811	-7.233480	-7.249549	-7.244048	-7.172195	-7.215501	-14.994924	-7.200418
405.960000	-7.248090	-7.254433	-7.256088	-7.246839	-7.265821	-7.232178	-7.211081	-7.191205	-7.225551	-7.233367	-7.249540	-7.244127	-7.172223	-7.215445	-14.994924	-7.200435
426.029000	-7.247614	-7.254420	-7.256111	-7.246812	-7.265808	-7.232148	-7.211050	-7.191251	-7.225488	-7.233905	-7.249598	-7.244074	-7.172171	-7.215453	-14.994869	-7.199689
446.040000	-7.248853	-7.254437	-7.256098	-7.246789	-7.265781	-7.232147	-7.211116	-7.191220	-7.225473	-7.233399	-7.249601	-7.244072	-7.172175	-7.215471	-14.994919	-7.199697
466.059000	-7.248015	-7.254424	-7.256107	-7.246824	-7.265767	-7.232186	-7.211125	-7.191230	-7.225459	-7.233435	-7.249582	-7.244099	-7.172139	-7.215393	-14.994929	-7.200432
486.110000	-7.248831	-7.254416	-7.256079	-7.246787	-7.265766	-7.232209	-7.211090	-7.191256	-7.225663	-7.233947	-7.249591	-7.244076	-7.172147	-7.215413	-14.994902	-7.199698
506.129000	-7.247664	-7.254798	-7.256163	-7.246859	-7.265855	-7.232647	-7.211294	-7.191233	-7.224887	-7.233666	-7.249551	-7.244063	-7.172186	-7.215477	-14.994893	-7.199790
526.162000	-7.248864	-7.254456	-7.256089	-7.246809	-7.265822	-7.232344	-7.211112	-7.191322	-7.225415	-7.229222	-7.249557	-7.244039	-7.172387	-7.215512	-14.994891	-7.199806
546.210000	-7.248024	-7.254465	-7.256085	-7.246797	-7.265765	-7.232303	-7.211053	-7.191254	-7.225254	-7.231090	-7.249584	-7.244058	-7.172270	-7.215369	-14.994883	-7.199519
566.219000	-7.248841	-7.254490	-7.256120	-7.246783	-7.265764	-7.232306	-7.211113	-7.191244	-7.225127	-7.232267	-7.249566	-7.244008	-7.172199	-7.215364	-14.994916	-7.199439
586.289000	-7.248423	-7.254461	-7.256116	-7.246776	-7.266086	-7.232389	-7.211139	-7.191237	-7.225297	-7.232381	-7.249630	-7.244111	-7.172212	-7.215411	-14.994899	-7.200538
606.310000	-7.248134	-7.254597	-7.256198	-7.246948	-7.266016	-7.232419	-7.211066	-7.191217	-7.225285	-7.230391	-7.249613	-7.244103	-7.172240	-7.215466	-14.994865	-7.199674
626.350000	-7.249026	-7.254502	-7.256082	-7.246882	-7.265934	-7.232313	-7.211110	-7.191225	-7.225800	-7.229321	-7.249594	-7.244090	-7.172267	-7.215451	-14.994878	-7.199663
646.389000	-7.248898	-7.254545	-7.256129	-7.246920	-7.266206	-7.232555	-7.211150	-7.191330	-7.225464	-7.230263	-7.249632	-7.244126	-7.172262	-7.215613	-14.994914	-7.199976
666.429000	-7.248177	-7.254687	-7.256156	-7.246961	-7.265917	-7.232377	-7.211138	-7.191294	-7.225401	-7.231585	-7.249676	-7.244149	-7.172237	-7.215537	-14.994764	-7.199592
686.459000	-7.248151	-7.254536	-7.256168	-7.246878	-7.265861	-7.232321	-7.211061	-7.191290	-7.225346	-7.231830	-7.249666	-7.244161	-7.172364	-7.215503	-14.994858	-7.199508
706.469000	-7.248138	-7.254535	-7.256176	-7.246869	-7.266103	-7.232320	-7.211064	-7.191276	-7.225366	-7.231916	-7.249669	-7.244145	-7.172289	-7.215511	-14.994897	-7.199500
726.510000	-7.248094	-7.254508	-7.256242	-7.246924	-7.266116	-7.232596	-7.211010	-7.191252	-7.225392	-7.231874	-7.249623	-7.244126	-7.172257	-7.215466	-14.994837	-7.199817
746.560000	-7.248728	-7.254807	-7.256199	-7.246872	-7.266126	-7.232359	-7.211002	-7.191238	-7.225316	-7.228458	-7.249547	-7.244103	-7.172304	-7.215430	-14.994861	-7.199570
766.619000	-7.248194	-7.254612	-7.256292	-7.247064	-7.266135	-7.232451	-7.211064	-7.191208	-7.225844	-7.232433	-7.249911	-7.244130	-7.172230	-7.215687	-14.994873	-7.199996
786.679000	-7.248339	-7.254942	-7.256384	-7.247138	-7.266378	-7.232695	-7.211104	-7.191219	-7.225928	-7.231399	-7.249725	-7.244027	-7.172278	-7.215774	-14.994881	-7.199969
806.734000	-7.248366	-7.254639	-7.256280	-7.247197	-7.266115	-7.232497	-7.211056	-7.191228	-7.226029	-7.232522	-7.249930	-7.244161	-7.172506	-7.215838	-14.994870	-7.200115
826.810000	-7.249031	-7.254660	-7.256247	-7.246982	-7.265899	-7.232435	-7.211040	-7.191205	-7.224576	-7.232059	-7.249763	-7.244222	-7.172330	-7.215580	-14.994894	-7.200511
846.869000	-7.249401	-7.254721	-7.256431	-7.247105	-7.266065	-7.232575	-7.211079	-7.191249	-7.225147	-7.229023	-7.249757	-7.244187	-7.172357	-7.215777	-14.994867	-7.200124
866.929000	-7.249048	-7.254633	-7.256378	-7.246974	-7.265944	-7.232425	-7.211184	-7.191264	-7.225198	-7.228782	-7.249757	-7.244126	-7.172319	-7.215573	-14.994891	-7.199795
886.960000	-7.248341	-7.254678	-7.256278	-7.246953	-7.265905	-7.232629	-7.211154	-7.191257	-7.225769	-7.231169	-7.249702	-7.244196	-7.172283	-7.215530	-14.994880	-7.199946
907.025000	-7.249129	-7.254646	-7.256322	-7.246910	-7.265925	-7.232467	-7.211105	-7.191247	-7.225373	-7.231588	-7.249680	-7.244158	-7.172279	-7.215495	-14.994876	-7.199571
927.039000	-7.248355	-7.254657	-7.256288	-7.246908	-7.265836	-7.232376	-7.211136	-7.191171	-7.225360	-7.231463	-7.249702	-7.244100	-7.172233	-7.215463	-14.994871	-7.199688
947.049000	-7.249047	-7.254591	-7.256270	-7.246933	-7.265786	-7.232392	-7.211054	-7.191172	-7.225336	-7.231738	-7.249703	-7.244208	-7.172304	-7.215454	-14.994865	-7.200341
967.039000	-7.248313	-7.254602	-7.256275	-7.246935	-7.265807	-7.232391	-7.211102	-7.191260	-7.225359	-7.232062	-7.249727	-7.244179	-7.172253	-7.215387	-14.994836	-7.199644
987.049000	-7.249187	-7.254632	-7.256250	-7.246877	-7.265821	-7.232292	-7.211063	-7.191229	-7.225219	-7.231410	-7.249659	-7.244201	-7.172243	-7.215424	-14.994884	-7.199648
1007.059000	-7.248389	-7.254652	-7.256423	-7.246955	-7.265954	-7.232378	-7.211069	-7.191212	-7.225275	-7.231924	-7.249683	-7.244070	-7.172291	-7.215427	-14.994910	-7.200482
1027.059000	-7.248365	-7.254625	-7.256377	-7.246914	-7.265824	-7.232392	-7.211253	-7.191195	-7.225775	-7.231357	-7.249878	-7.244192	-7.172273	-7.215481	-14.994858	-7.199955
1047.059000	-7.249399	-7.254806	-7.256477	-7.247064	-7.266049	-7.232644	-7.211168	-7.191245	-7.225966	-7.231899	-7.249747	-7.244137	-7.172256	-7.215638	-14.994890	-7.200641
1067.049000	-7.248405	-7.254721	-7.256372	-7.246936	-7.265865	-7.232515	-7.211123	-7.191263	-7.224831	-7.231752	-7.249720	-7.244152	-7.172248	-7.215518	-14.994845	-7.199956
1087.049000	-7.248365	-7.254673	-7.256351	-7.246939	-7.265860	-7.232448	-7.211080	-7.191277	-7.225252	-7.231988	-7.249747	-7.244193	-7.172223	-7.215497	-14.994901	-7.200401
1107.059000	-7.248380	-7.254664	-7.256349	-7.247136	-7.265901	-7.232475	-7.211150	-7.191239	-7.224711	-7.233747	-7.250081	-7.244203	-7.172257	-7.215579	-14.994888	-7.200665
1127.059000	-7.248469	-7.254815	-7.256340	-7.246967	-7.265949	-7.232453	-7.211161	-7.191209	-7.225107	-7.232643	-7.249808	-7.244192	-7.172304	-7.215533	-14.994849	-7.199880
1147.089000	-7.248310	-7.254724	-7.256458	-7.246930	-7.265963	-7.232501	-7.211162	-7.191231	-7.225768	-7.232582	-7.249703	-7.244239	-7.172250	-7.215599	-14.994911	-7.200054
1167.099000	-7.249185	-7.254820	-7.256363	-7.246964	-7.265986	-7.232487	-7.211069	-7.191242	-7.225420	-7.231795	-7.249730	-7.244202	-7.172295	-7.215514	-14.994822	-7.199758
1187.119000	-7.248305	-7.254774	-7.256340	-7.247089	-7.265972	-7.232530	-7.211135	-7.191237	-7.225403	-7.232165	-7.249688	-7.244130	-7.172272	-7.215509	-14.994795	-7.199792
1207.139000	-7.248513	-7.255029	-7.256346	-7.246956	-7.265896	-7.232427	-7.211109	-7.191193	-7.225238	-7.233592	-7.249718	-7.244216	-7.172494	-7.215736	-14.994844	-7.200205
1227.139000	-7.248348	-7.254860	-7.256332	-7.246965	-7.265874	-7.232510	-7.211108	-7.191219	-7.225820	-7.231578	-7.249765	-7.244194	-7.172335	-7.215495	-14.994851	-7.200106
1247.149000	-7.248336	-7.254805	-7.256309	-7.246925	-7.265900	-7.232504	-7.211111	-7.191203	-7.225539	-7.232497	-7.249762	-7.244156	-7.172295	-7.215454	-14.994832	-7.199776
1267.169000	-7.248214	-7.254778	-7.256284	-7.246932	-7.265848	-7.232435	-7.211088	-7.191231	-7.225467	-7.232428	-7.249736	-7.244191	-7.172294	-7.215441	-14.994854	-7.200694
1287.209000	-7.249151	-7.254723	-7.256342	-7.247061	-7.265946	-7.232510	-7.211095	-7.191271	-7.225463	-7.232450	-7.249788	-7.244210	-7.172408	-7.215456	-14.994872	-7.199903
1307.209000	-7.248247	-7.254730	-7.256341	-7.246997	-7.265959	-7.232491	-7.211119	-7.191305	-7.224584	-7.232406	-7.249762	-7.244191	-7.172554	-7.215517	-14.994873	-7.200098
1327.209000	-7.248322	-7.254805	-7.256333	-7.247165	-7.266000	-7.232767	-7.211235	-7.191231	-7.225173	-7.230507	-7.249780	-7.244233	-7.172413	-7.215500	-14.994912	-7.200047
1347.199000	-7.248434	-7.254813	-7.256344	-7.247051	-7.265992	-7.232509	-7.211128	-7.191351	-7.225257	-7.231914	-7.249806	-7.244185	-7.172394	-7.215509	-14.994838	-7.200052
1367.239000	-7.248365	-7.254759	-7.256371	-7.247146	-7.265968	-7.232493	-7.211112	-7.191334	-7.225232	-7.231908	-7.249786	-7.244239	-7.172601	-7.215720	-14.994869	-7.200421
1387.273000	-7.248459	-7.254792	-7.256340	-7.247168	-7.266009	-7.232532	-7.211129	-7.191331	-7.225233	-7.232151	-7.249809	-7.244178	-7.172451	-7.215533	-14.994853	-7.199957
1407.279000	-7.248377	-7.254925	-7.256345	-7.247086	-7.266012	-7.232494	-7.211072	-7.191299	-7.225284	-7.232347	-7.249776	-7.244186	-7.172358	-7.215515	-14.994859	-7.200815
1427.309000	-7.248511	-7.254808	-7.256332	-7.247123	-7.266021	-7.232807	-7.211109	-7.191314	-7.225635	-7.229136	-7.249842	-7.244159	-7.172267	-7.215483	-14.994857	-7.200117
1447.339000	-7.248455	-7.254777	-7.256327	-7.247124	-7.265959	-7.232478	-7.211054	-7.191319	-7.225312	-7.229903	-7.249782	-7.244133	-7.172308	-7.215474	-14.994858	-7.199861
1467.361000	-7.248353	-7.254752	-7.256557	-7.247121	-7.266001	-7.232490	-7.211070	-7.191292	-7.225369	-7.231711	-7.249799	-7.244140	-7.172306	-7.215470	-14.994862	-7.200043
1487.369000	-7.248421	-7.254712	-7.256348	-7.247076	-7.265940	-7.232469	-7.211075	-7.191281	-7.225226	-7.231930	-7.249737	-7.244141	-7.172397	-7.215479	-14.994843	-7.200412
1507.445000	-7.248410	-7.254701	-7.256364	-7.247089	-7.265950	-7.232452	-7.211056	-7.191273	-7.225358	-7.232110	-7.249754	-7.244159	-7.172319	-7.215487	-14.994891	-7.199851
1527.511000	-7.248226	-7.254672	-7.256379	-7.247170	-7.266015	-7.232338	-7.211022	-7.191288	-7.225341	-7.232178	-7.249827	-7.244112	-7.172263	-7.215489	-14.994816	-7.199829
1547.539000	-7.247739	-7.254667	-7.256485	-7.247261	-7.265964	-7.232405	-7.211128	-7.191277	-7.225866	-7.233726	-7.249932	-7.244153	-7.172336	-7.215519	-14.994848	-7.200150
1567.609000	-7.248315	-7.254726	-7.256549	-7.247364	-7.266252	-7.232923	-7.211259	-7.191253	-7.225530	-7.231604	-7.249799	-7.244117	-7.172320	-7.215620	-14.994867	-7.200409
1587.651000	-7.248348	-7.254729	-7.256479	-7.247175	-7.266038	-7.232543	-7.211110	-7.191222	-7.225500	-7.232568	-7.249788	-7.244144	-7.172347	-7.215571	-14.994844	-7.199884
1607.719000	-7.248250	-7.255036	-7.256480	-7.247321	-7.266166	-7.232679	-7.211102	-7.191181	-7.225484	-7.231858	-7.249772	-7.244192	-7.172343	-7.215638	-14.994886	-7.200749
1627.780000	-7.248878	-7.254797	-7.256444	-7.247310	-7.266104	-7.232516	-7.211173	-7.191215	-7.225245	-7.232429	-7.249626	-7.244252	-7.172285	-7.215587	-14.994842	-7.200350
1647.813000	-7.248365	-7.255013	-7.256399	-7.247112	-7.266024	-7.232458	-7.211162	-7.191242	-7.225267	-7.232508	-7.249736	-7.244272	-7.172306	-7.215507	-14.994855	-7.199921
1667.880000	-7.248364	-7.254852	-7.256373	-7.247055	-7.266077	-7.232473	-7.211081	-7.191264	-7.225442	-7.232686	-7.249735	-7.244301	-7.172503	-7.215588	-14.994857	-7.200677
1687.920000	-7.248426	-7.254763	-7.256313	-7.247033	-7.265991	-7.232481	-7.211077	-7.191245	-7.225408	-7.232774	-7.249769	-7.244264	-7.172300	-7.215487	-14.994882	-7.200784
1707.949000	-7.248466	-7.254729	-7.256319	-7.247053	-7.266255	-7.232454	-7.211059	-7.191253	-7.225397	-7.232755	-7.249739	-7.244205	-7.172320	-7.215507	-14.994843	-7.200029
1727.993000	-7.248951	-7.254939	-7.256363	-7.247122	-7.266087	-7.232862	-7.211091	-7.191219	-7.224611	-7.234548	-7.250046	-7.244333	-7.172422	-7.215635	-14.994855	-7.200265
1748.080000	-7.249155	-7.254749	-7.256357	-7.247120	-7.266148	-7.232600	-7.211077	-7.191205	-7.225111	-7.233378	-7.249832	-7.244302	-7.172335	-7.215565	-14.994881	-7.199934
1768.129000	-7.249025	-7.254707	-7.256345	-7.247163	-7.266040	-7.232544	-7.211086	-7.191221	-7.225169	-7.233317	-7.249869	-7.244290	-7.172306	-7.215585	-14.994804	-7.199800
1788.199000	-7.248360	-7.254749	-7.256323	-7.247104	-7.266010	-7.232484	-7.211084	-7.191202	-7.225187	-7.233282	-7.250156	-7.244213	-7.172305	-7.215526	-14.994905	-7.199987
1808.250000	-7.249199	-7.254761	-7.256303	-7.247052	-7.266012	-7.232468	-7.211057	-7.191248	-7.225249	-7.233329	-7.249981	-7.244213	-7.172334	-7.215529	-14.994825	-7.199824
1828.310000	-7.248466	-7.254713	-7.256306	-7.247032	-7.266010	-7.232648	-7.211076	-7.191392	-7.225040	-7.233161	-7.249909	-7.244223	-7.172428	-7.215555	-14.994846	-7.200036
1848.360000	-7.248506	-7.254711	-7.256298	-7.247085	-7.266046	-7.232498	-7.211089	-7.191251	-7.225497	-7.233185	-7.249888	-7.244189	-7.172259	-7.215550	-14.994882	-7.199832
1868.424000	-7.248443	-7.254885	-7.256389	-7.247066	-7.266018	-7.232486	-7.211060	-7.191316	-7.225340	-7.234660	-7.249858	-7.244139	-7.172278	-7.215491	-14.994863	-7.199900
1888.479000	-7.249459	-7.255001	-7.256377	-7.247066	-7.265969	-7.232568	-7.211278	-7.191313	-7.225479	-7.232310	-7.249895	-7.244201	-7.172279	-7.215475	-14.994840	-7.200594
1908.549000	-7.249230	-7.255038	-7.256294	-7.247151	-7.266301	-7.232641	-7.211138	-7.191343	-7.224497	-7.232175	-7.250131	-7.244230	-7.172520	-7.215678	-14.994888	-7.200404
1928.580000	-7.248555	-7.254798	-7.256358	-7.247023	-7.266082	-7.232516	-7.211111	-7.191398	-7.225040	-7.233004	-7.249907	-7.244214	-7.172371	-7.215455	-14.994842	-7.199967
1948.649000	-7.248457	-7.255084	-7.256312	-7.247190	-7.266086	-7.232520	-7.211113	-7.191340	-7.225096	-7.233031	-7.249897	-7.244164	-7.172346	-7.215464	-14.994907	-7.200633
1968.671000	-7.248592	-7.254839	-7.256342	-7.247086	-7.266008	-7.232489	-7.211147	-7.191392	-7.225152	-7.230131	-7.249874	-7.244254	-7.172341	-7.215477	-14.994876	-7.200690
1988.699000	-7.249612	-7.255133	-7.256416	-7.247212	-7.266171	-7.232673	-7.211146	-7.191372	-7.224688	-7.229930	-7.249947	-7.244301	-7.172359	-7.215609	-14.994841	-7.200210
2008.780000	-7.248502	-7.254870	-7.256301	-7.247151	-7.266118	-7.232542	-7.211188	-7.191305	-7.225094	-7.231768	-7.249838	-7.244294	-7.172393	-7.215423	-14.994862	-7.200455
2028.849000	-7.248489	-7.254804	-7.256359	-7.247024	-7.266078	-7.232534	-7.211086	-7.191317	-7.225120	-7.231955	-7.249846	-7.244252	-7.172374	-7.215451	-14.994880	-7.199859
2048.889000	-7.248822	-7.254845	-7.256289	-7.247015	-7.266045	-7.232563	-7.211135	-7.191346	-7.225148	-7.231784	-7.249846	-7.244275	-7.172325	-7.215468	-14.994870	-7.199788
2068.980000	-7.248374	-7.254791	-7.256423	-7.247203	-7.266245	-7.232717	-7.211081	-7.191287	-7.225340	-7.232114	-7.249839	-7.244237	-7.172309	-7.215473	-14.994842	-7.200036
2089.000000	-7.248455	-7.254837	-7.256535	-7.247195	-7.266176	-7.232867	-7.211164	-7.191281	-7.225317	-7.228808	-7.249822	-7.244198	-7.172275	-7.215517	-14.994846	-7.200665
2109.059000	-7.249571	-7.254876	-7.256618	-7.247097	-7.266120	-7.232780	-7.211195	-7.191325	-7.225702	-7.231421	-7.249722	-7.244173	-7.172238	-7.215572	-14.994833	-7.200232
2129.120000	-7.248562	-7.254886	-7.256476	-7.247099	-7.266294	-7.232945	-7.211249	-7.191264	-7.225707	-7.231656	-7.250006	-7.244174	-7.172459	-7.215483	-14.994858	-7.200131
2149.181000	-7.249437	-7.254776	-7.256408	-7.247012	-7.266128	-7.232753	-7.211231	-7.191232	-7.225435	-7.231832	-7.250052	-7.244275	-7.172564	-7.215647	-14.994755	-7.200590
2169.229000	-7.248587	-7.254849	-7.256376	-7.247003	-7.266114	-7.232734	-7.211070	-7.191273	-7.225377	-7.231965	-7.249962	-7.244207	-7.172420	-7.215437	-14.994835	-7.200709
2189.271000	-7.248587	-7.254890	-7.256495	-7.247011	-7.266141	-7.232725	-7.211091	-7.191283	-7.225362	-7.233534	-7.249885	-7.244200	-7.172555	-7.215696	-14.994808	-7.200501
2209.309000	-7.249258	-7.255013	-7.256419	-7.247030	-7.266166	-7.232749	-7.211135	-7.191298	-7.225338	-7.232631	-7.249883	-7.244194	-7.172382	-7.215497	-14.994863	-7.200007
2229.370000	-7.248967	-7.254886	-7.256359	-7.247026	-7.266272	-7.232715	-7.211123	-7.191275	-7.225308	-7.229790	-7.249824	-7.244117	-7.172434	-7.215469	-14.994813	-7.200381
2249.389000	-7.249355	-7.254895	-7.256358	-7.247048	-7.266124	-7.232715	-7.211114	-7.191226	-7.225299	-7.231444	-7.249829	-7.244145	-7.172425	-7.215456	-14.994845	-7.200333
2269.432000	-7.248766	-7.254855	-7.256471	-7.247069	-7.266134	-7.232786	-7.211139	-7.191214	-7.225307	-7.231721	-7.249804	-7.244172	-7.172439	-7.215429	-14.994894	-7.200039
2289.459000	-7.248447	-7.254823	-7.256457	-7.247038	-7.266101	-7.232700	-7.211118	-7.191249	-7.225271	-7.230165	-7.249869	-7.244212	-7.172420	-7.215394	-14.994840	-7.199927
2309.490000	-7.248458	-7.254850	-7.256430	-7.246961	-7.266136	-7.232666	-7.211086	-7.191220	-7.225321	-7.231727	-7.249816	-7.244261	-7.172419	-7.215480	-14.994875	-7.199882
2329.529000	-7.249487	-7.254839	-7.256431	-7.247156	-7.266170	-7.232860	-7.211219	-7.191239	-7.225137	-7.233094	-7.249892	-7.244236	-7.172417	-7.215526	-14.994849	-7.200833
2349.560000	-7.248498	-7.254984	-7.256439	-7.247081	-7.266190	-7.232763	-7.211154	-7.191270	-7.225761	-7.232358	-7.249760	-7.244216	-7.172410	-7.215491	-14.994829	-7.200291
2369.599000	-7.248500	-7.254894	-7.256561	-7.247056	-7.266182	-7.233045	-7.211240	-7.191285	-7.225199	-7.233273	-7.249765	-7.244215	-7.172330	-7.215541	-14.994850	-7.200242
2389.621000	-7.248470	-7.254919	-7.256524	-7.247100	-7.266188	-7.232756	-7.211147	-7.191251	-7.225300	-7.233783	-7.249758	-7.244179	-7.172332	-7.215541	-14.994865	-7.200134
2409.660000	-7.249528	-7.255159	-7.256470	-7.247092	-7.266193	-7.232813	-7.211119	-7.191209	-7.225086	-7.232373	-7.249785	-7.244244	-7.172388	-7.215490	-14.994857	-7.200699
2429.689000	-7.249237	-7.254917	-7.256446	-7.246950	-7.266135	-7.232748	-7.211083	-7.191190	-7.225262	-7.232636	-7.249761	-7.244192	-7.172376	-7.215437	-14.994876	-7.200780
2449.739000	-7.248503	-7.254887	-7.256460	-7.246975	-7.266116	-7.232713	-7.211101	-7.191230	-7.225291	-7.232695	-7.250016	-7.244164	-7.172369	-7.215428	-14.994871	-7.200134
2469.739000	-7.248489	-7.254863	-7.256470	-7.246978	-7.266086	-7.232671	-7.211058	-7.191228	-7.225252	-7.232711	-7.249797	-7.244105	-7.172433	-7.215462	-14.994885	-7.199972
2489.719000	-7.249106	-7.254814	-7.256552	-7.246961	-7.266162	-7.232866	-7.211031	-7.191276	-7.225162	-7.233643	-7.249863	-7.244144	-7.172357	-7.215423	-14.994849	-7.199910
2509.739000	-7.248533	-7.254821	-7.256456	-7.246988	-7.266157	-7.232668	-7.211058	-7.191296	-7.225147	-7.232873	-7.249817	-7.244217	-7.172359	-7.215602	-14.994896	-7.200010
2529.779000	-7.248457	-7.255283	-7.256498	-7.247075	-7.266235	-7.232769	-7.211040	-7.191233	-7.225167	-7.232892	-7.249840	-7.244159	-7.172353	-7.215555	-14.994860	-7.200032
2549.799000	-7.248474	-7.254896	-7.256410	-7.247032	-7.266149	-7.232921	-7.211092	-7.191298	-7.225229	-7.232650	-7.249822	-7.244198	-7.172352	-7.215461	-14.994864	-7.200739
2569.799000	-7.248591	-7.255314	-7.256490	-7.247055	-7.266212	-7.232820	-7.211215	-7.191267	-7.225261	-7.233015	-7.249848	-7.244225	-7.172345	-7.215559	-14.994854	-7.200207
2589.809000	-7.249063	-7.255012	-7.256453	-7.247040	-7.266188	-7.232774	-7.211239	-7.191310	-7.225259	-7.232797	-7.249833	-7.244229	-7.172588	-7.215625	-14.994829	-7.200311
2609.819000	-7.249336	-7.254869	-7.256551	-7.247179	-7.266250	-7.232841	-7.211325	-7.191290	-7.225289	-7.232400	-7.249807	-7.244234	-7.172378	-7.215511	-14.994831	-7.200164
2629.809000	-7.249149	-7.255081	-7.256751	-7.247293	-7.266397	-7.232906	-7.211195	-7.191388	-7.225779	-7.230760	-7.249880	-7.244250	-7.172419	-7.215566	-14.994850	-7.200285
2649.829000	-7.248557	-7.254996	-7.256509	-7.247051	-7.266237	-7.232734	-7.211123	-7.191324	-7.225414	-7.231964	-7.249825	-7.244244	-7.172431	-7.215477	-14.994791	-7.200358
2669.839000	-7.248650	-7.255028	-7.256474	-7.247057	-7.266226	-7.232735	-7.211120	-7.191330	-7.225018	-7.232150	-7.249794	-7.244221	-7.172451	-7.215465	-14.994832	-7.200002
2689.839000	-7.248443	-7.254834	-7.256473	-7.246991	-7.266136	-7.232723	-7.211122	-7.191319	-7.225243	-7.231635	-7.249727	-7.244165	-7.172416	-7.215441	-14.994891	-7.200878
2709.889000	-7.248778	-7.254892	-7.256474	-7.247031	-7.266172	-7.232701	-7.211108	-7.191370	-7.225282	-7.232033	-7.249808	-7.244142	-7.172403	-7.215454	-14.994826	-7.200290
2729.909000	-7.249336	-7.254932	-7.256445	-7.246994	-7.266154	-7.232696	-7.211230	-7.191448	-7.225649	-7.232330	-7.249757	-7.244290	-7.172374	-7.215575	-14.994852	-7.200936
2749.929000	-7.248603	-7.254885	-7.256454	-7.247053	-7.266181	-7.232741	-7.211130	-7.191378	-7.225318	-7.232429	-7.249753	-7.244173	-7.172355	-7.215487	-14.994810	-7.200171
2769.919000	-7.248661	-7.254898	-7.256673	-7.247251	-7.266308	-7.232833	-7.211227	-7.191408	-7.225293	-7.231644	-7.249825	-7.244186	-7.172355	-7.215554	-14.994893	-7.200853
2789.929000	-7.249359	-7.254904	-7.256542	-7.247013	-7.266155	-7.232667	-7.211158	-7.191406	-7.224661	-7.231831	-7.249780	-7.244180	-7.172420	-7.215630	-14.994854	-7.200460
2809.929000	-7.248615	-7.254928	-7.256627	-7.247021	-7.266228	-7.232752	-7.211120	-7.191415	-7.225031	-7.231658	-7.249804	-7.244217	-7.172449	-7.215518	-14.994838	-7.200125
2829.940000	-7.248578	-7.254954	-7.256442	-7.247028	-7.266182	-7.232706	-7.211128	-7.191395	-7.225077	-7.232070	-7.249810	-7.244162	-7.172448	-7.215457	-14.994849	-7.200017
2849.959000	-7.248503	-7.255146	-7.256507	-7.247144	-7.266315	-7.233029	-7.211190	-7.191428	-7.225071	-7.232176	-7.249665	-7.244150	-7.172416	-7.215540	-14.994891	-7.200209
2869.949000	-7.248575	-7.254989	-7.256511	-7.246995	-7.266239	-7.232814	-7.211119	-7.191353	-7.225102	-7.232224	-7.249678	-7.244166	-7.172448	-7.215474	-14.994873	-7.199998
2889.969000	-7.248624	-7.254947	-7.256532	-7.247010	-7.266425	-7.232869	-7.211232	-7.191468	-7.225085	-7.233836	-7.249785	-7.244149	-7.172313	-7.215547	-14.994859	-7.200793
2909.969000	-7.248997	-7.255194	-7.256509	-7.247203	-7.266249	-7.233072	-7.211261	-7.191444	-7.225074	-7.232949	-7.249782	-7.244185	-7.172384	-7.215663	-14.994904	-7.200395
2929.979000	-7.249278	-7.254960	-7.256535	-7.247242	-7.266206	-7.232831	-7.211097	-7.191352	-7.224609	-7.232779	-7.249765	-7.244176	-7.172318	-7.215512	-14.994838	-7.200163
2950.009000	-7.248576	-7.254954	-7.256443	-7.247019	-7.266150	-7.232808	-7.211092	-7.191327	-7.224975	-7.232562	-7.249811	-7.244157	-7.172442	-7.215509	-14.994817	-7.200095
2970.009000	-7.248606	-7.255199	-7.256539	-7.247228	-7.266270	-7.232822	-7.211260	-7.191333	-7.225069	-7.232507	-7.249772	-7.244156	-7.172394	-7.215659	-14.994864	-7.200240
2990.020000	-7.248711	-7.254935	-7.256611	-7.247047	-7.266309	-7.232777	-7.211154	-7.191324	-7.225043	-7.232527	-7.249753	-7.244189	-7.172359	-7.215521	-14.994856	-7.200104
3010.029000	-7.248569	-7.254960	-7.256479	-7.247072	-7.266148	-7.232735	-7.211097	-7.191315	-7.224936	-7.232461	-7.249768	-7.244228	-7.172361	-7.215508	-14.994853	-7.200787
3030.009000	-7.249517	-7.254869	-7.256561	-7.247004	-7.266130	-7.232973	-7.211106	-7.191329	-7.225011	-7.232642	-7.249719	-7.244188	-7.172337	-7.215517	-14.994926	-7.200290
3050.009000	-7.248620	-7.254900	-7.256530	-7.247194	-7.266305	-7.232919	-7.211251	-7.191394	-7.225585	-7.232531	-7.250076	-7.244182	-7.172540	-7.215598	-14.994832	-7.200487
3070.039000	-7.248622	-7.254982	-7.256588	-7.247003	-7.266233	-7.232843	-7.211095	-7.191292	-7.225246	-7.232552	-7.249844	-7.244237	-7.172467	-7.215494	-14.994816	-7.200163
3090.059000	-7.248874	-7.255011	-7.256459	-7.246979	-7.266171	-7.232791	-7.211111	-7.191316	-7.225291	-7.232648	-7.249862	-7.244262	-7.172467	-7.215543	-14.994829	-7.200009
3110.099000	-7.248482	-7.254976	-7.256488	-7.246972	-7.266111	-7.232751	-7.211102	-7.191229	-7.224872	-7.232693	-7.249912	-7.244279	-7.172408	-7.215559	-14.994864	-7.200188
3130.119000	-7.248628	-7.255308	-7.256547	-7.247110	-7.266450	-7.233138	-7.211262	-7.191247	-7.225106	-7.232639	-7.249877	-7.244287	-7.172454	-7.215730	-14.994883	-7.200486
3150.120000	-7.249520	-7.255057	-7.256541	-7.247059	-7.266237	-7.232845	-7.211306	-7.191300	-7.224879	-7.234203	-7.250106	-7.244274	-7.172440	-7.215707	-14.994863	-7.200923
3170.139000	-7.248717	-7.255153	-7.256496	-7.247055	-7.266248	-7.233082	-7.211136	-7.191305	-7.225083	-7.228798	-7.249904	-7.244268	-7.172609	-7.215747	-14.994860	-7.200565
3190.139000	-7.248694	-7.255114	-7.256508	-7.247091	-7.266288	-7.233135	-7.211233	-7.191309	-7.225122	-7.231430	-7.249896	-7.244246	-7.172514	-7.215613	-14.994864	-7.200824
3210.200000	-7.248734	-7.255033	-7.256503	-7.246955	-7.266181	-7.232847	-7.211102	-7.191419	-7.225110	-7.231749	-7.249850	-7.244264	-7.172483	-7.215626	-14.994872	-7.200370
3230.199000	-7.248663	-7.255012	-7.256504	-7.246959	-7.266218	-7.232743	-7.211161	-7.191347	-7.225540	-7.231424	-7.249900	-7.244287	-7.172493	-7.215523	-14.994890	-7.200379
3250.229000	-7.249732	-7.255059	-7.256616	-7.247082	-7.266261	-7.232837	-7.211188	-7.191360	-7.224477	-7.230565	-7.250126	-7.244279	-7.172622	-7.215725	-14.994846	-7.200508
3270.279000	-7.249548	-7.255260	-7.256561	-7.247159	-7.266340	-7.232893	-7.211167	-7.191368	-7.225030	-7.231669	-7.249896	-7.244306	-7.172673	-7.215645	-14.994853	-7.200340
3290.279000	-7.249495	-7.255054	-7.256499	-7.246999	-7.266275	-7.232680	-7.211259	-7.191324	-7.225405	-7.232075	-7.249891	-7.244227	-7.172643	-7.215823	-14.994840	-7.200627
3310.313000	-7.248725	-7.255328	-7.256503	-7.247064	-7.266524	-7.233029	-7.211191	-7.191364	-7.225115	-7.233366	-7.250167	-7.244226	-7.172451	-7.215879	-14.994859	-7.200828
3330.349000	-7.248787	-7.255058	-7.256521	-7.247023	-7.266326	-7.232785	-7.211162	-7.191328	-7.225182	-7.232371	-7.249907	-7.244238	-7.172503	-7.215730	-14.994883	-7.200785
3350.429000	-7.248695	-7.254984	-7.256523	-7.246994	-7.266339	-7.232806	-7.211166	-7.191272	-7.224300	-7.232499	-7.249911	-7.244252	-7.172447	-7.215581	-14.994856	-7.200907
3370.429000	-7.248751	-7.255016	-7.256493	-7.246993	-7.266259	-7.232766	-7.211093	-7.191362	-7.224954	-7.232479	-7.249906	-7.244256	-7.172460	-7.215507	-14.994863	-7.201018
3390.419000	-7.249216	-7.255046	-7.256639	-7.247127	-7.266448	-7.232879	-7.211172	-7.191287	-7.224989	-7.231914	-7.250098	-7.244270	-7.172546	-7.215639	-14.994835	-7.200477
3410.449000	-7.248842	-7.255079	-7.256614	-7.247134	-7.266408	-7.232991	-7.211267	-7.191335	-7.224792	-7.228627	-7.249929	-7.244235	-7.172456	-7.215618	-14.994878	-7.200359
3430.469000	-7.248695	-7.255031	-7.256500	-7.247039	-7.266316	-7.232819	-7.211152	-7.191344	-7.225164	-7.232043	-7.249890	-7.244278	-7.172427	-7.215583	-14.994827	-7.200843
3450.479000	-7.248849	-7.255091	-7.256475	-7.247352	-7.266653	-7.233001	-7.211225	-7.191388	-7.224825	-7.232901	-7.249884	-7.244320	-7.172418	-7.215715	-14.994846	-7.200436
3470.509000	-7.248759	-7.255168	-7.256508	-7.247179	-7.266347	-7.232850	-7.211085	-7.191365	-7.225034	-7.232108	-7.249832	-7.244265	-7.172408	-7.215634	-14.994892	-7.200125
3490.579000	-7.248635	-7.255038	-7.256543	-7.247117	-7.266290	-7.232928	-7.211188	-7.191362	-7.225124	-7.232090	-7.249891	-7.244229	-7.172418	-7.215517	-14.994836	-7.200131
3510.640000	-7.248707	-7.255019	-7.256462	-7.247041	-7.266271	-7.232802	-7.211070	-7.191316	-7.224997	-7.231992	-7.249926	-7.244217	-7.172481	-7.215509	-14.994844	-7.200056
3530.670000	-7.248750	-7.254971	-7.256469	-7.247087	-7.266241	-7.232708	-7.211064	-7.191327	-7.225071	-7.232045	-7.249851	-7.244243	-7.172443	-7.215459	-14.994894	-7.200702
3550.689000	-7.248715	-7.255045	-7.256634	-7.247184	-7.266315	-7.232776	-7.211205	-7.191323	-7.225136	-7.232108	-7.249892	-7.244310	-7.172449	-7.215517	-14.994889	-7.200203
3570.710000	-7.249155	-7.255164	-7.256503	-7.247222	-7.266272	-7.232769	-7.211180	-7.191353	-7.225552	-7.233030	-7.249769	-7.244268	-7.172400	-7.215562	-14.994852	-7.200773
3590.729000	-7.248702	-7.254977	-7.256500	-7.247102	-7.266190	-7.232756	-7.211120	-7.191312	-7.225263	-7.232344	-7.249752	-7.244262	-7.172465	-7.215483	-14.994922	-7.200209
3610.729000	-7.248656	-7.255281	-7.256431	-7.247035	-7.266159	-7.232737	-7.211062	-7.191329	-7.225223	-7.230308	-7.249769	-7.244329	-7.172428	-7.215462	-14.994835	-7.200207
3630.799000	-7.249371	-7.255046	-7.256461	-7.247034	-7.266157	-7.232666	-7.211172	-7.191276	-7.225231	-7.229546	-7.249808	-7.244321	-7.172677	-7.215727	-14.994822	-7.200634
3650.829000	-7.248807	-7.255049	-7.256491	-7.247116	-7.266302	-7.232756	-7.211083	-7.191288	-7.225224	-7.231409	-7.249803	-7.244348	-7.172565	-7.215516	-14.994856	-7.200975
3670.899000	-7.248734	-7.254964	-7.256614	-7.247262	-7.266313	-7.232793	-7.211135	-7.191247	-7.225701	-7.232951	-7.250098	-7.244353	-7.172713	-7.215795	-14.994878	-7.200759
3690.920000	-7.248762	-7.254978	-7.256488	-7.247097	-7.266307	-7.232799	-7.211076	-7.191314	-7.225314	-7.231929	-7.249913	-7.244315	-7.172533	-7.215554	-14.994891	-7.200182
3710.919000	-7.248638	-7.255003	-7.256505	-7.247074	-7.266267	-7.232751	-7.211042	-7.191302	-7.225338	-7.231979	-7.249961	-7.244315	-7.172503	-7.215531	-14.994832	-7.200951
3730.929000	-7.249717	-7.255102	-7.256522	-7.247291	-7.266523	-7.232944	-7.211126	-7.191286	-7.225337	-7.231315	-7.249851	-7.244328	-7.172579	-7.215600	-14.994852	-7.200378
3750.989000	-7.248792	-7.254944	-7.256617	-7.247185	-7.266335	-7.232990	-7.211145	-7.191414	-7.224500	-7.230340	-7.249795	-7.244344	-7.172723	-7.215735	-14.994831	-7.200645
3770.979000	-7.248746	-7.254958	-7.256444	-7.247122	-7.266279	-7.232832	-7.211242	-7.191338	-7.224967	-7.231449	-7.249857	-7.244351	-7.172549	-7.215560	-14.994882	-7.200905
3791.000000	-7.248755	-7.255085	-7.256408	-7.247140	-7.266272	-7.232747	-7.211100	-7.191347	-7.224896	-7.232986	-7.250093	-7.244333	-7.172602	-7.215525	-14.994855	-7.200976
3811.019000	-7.248871	-7.255135	-7.256495	-7.247115	-7.266283	-7.233095	-7.211147	-7.191354	-7.225007	-7.233265	-7.250180	-7.244365	-7.172571	-7.215619	-14.994888	-7.200662
3831.069000	-7.248777	-7.255326	-7.256437	-7.247102	-7.266474	-7.233084	-7.211176	-7.191365	-7.225087	-7.232342	-7.249863	-7.244394	-7.172570	-7.215525	-14.994875	-7.200409
3851.089000	-7.249643	-7.255022	-7.256441	-7.247141	-7.266262	-7.232868	-7.211189	-7.191334	-7.225126	-7.231943	-7.250035	-7.244379	-7.172463	-7.215462	-14.994888	-7.200263
3871.101000	-7.248757	-7.255012	-7.256448	-7.247129	-7.266266	-7.232786	-7.211106	-7.191338	-7.225121	-7.231949	-7.249875	-7.244359	-7.172488	-7.215459	-14.994831	-7.200140
3891.119000	-7.248749	-7.255005	-7.256446	-7.247098	-7.266263	-7.233072	-7.211101	-7.191293	-7.225082	-7.232221	-7.249929	-7.244374	-7.172465	-7.215518	-14.994879	-7.200246
3911.151000	-7.248777	-7.254986	-7.256554	-7.247368	-7.266608	-7.233042	-7.211198	-7.191387	-7.225183	-7.230641	-7.249864	-7.244373	-7.172459	-7.215672	-14.994866	-7.200845
3931.121000	-7.248810	-7.254982	-7.256466	-7.247197	-7.266386	-7.232815	-7.211119	-7.191312	-7.225173	-7.231764	-7.249861	-7.244375	-7.172566	-7.215533	-14.994833	-7.200199
3951.191000	-7.249448	-7.255001	-7.256610	-7.247197	-7.266351	-7.232978	-7.211294	-7.191358	-7.224550	-7.229741	-7.249861	-7.244390	-7.172516	-7.215645	-14.994860	-7.200595
3971.233000	-7.248786	-7.254963	-7.256470	-7.247088	-7.266247	-7.232759	-7.211135	-7.191287	-7.224963	-7.231508	-7.249832	-7.244364	-7.172552	-7.215581	-14.994855	-7.200196
3991.239000	-7.248678	-7.254938	-7.256584	-7.247120	-7.266180	-7.232771	-7.211084	-7.191281	-7.224980	-7.229596	-7.249971	-7.244387	-7.172518	-7.215571	-14.994839	-7.200274
4011.299000	-7.248776	-7.254984	-7.256536	-7.247030	-7.266192	-7.232805	-7.211167	-7.191310	-7.225042	-7.231505	-7.249793	-7.244433	-7.172501	-7.215504	-14.994887	-7.201039
4031.344000	-7.248811	-7.254909	-7.256473	-7.247139	-7.266241	-7.233044	-7.211135	-7.191297	-7.225077	-7.228567	-7.249811	-7.244351	-7.172528	-7.215394	-14.994886	-7.201029
4051.339000	-7.248698	-7.255129	-7.256473	-7.246983	-7.266226	-7.232786	-7.211087	-7.191286	-7.225637	-7.230314	-7.249846	-7.244415	-7.172533	-7.215458	-14.994889	-7.200420
4071.363000	-7.249416	-7.254932	-7.256441	-7.247020	-7.266171	-7.232769	-7.211086	-7.191370	-7.225292	-7.231405	-7.249844	-7.244370	-7.172555	-7.215420	-14.994867	-7.200254
4091.389000	-7.248588	-7.254949	-7.256394	-7.246999	-7.266124	-7.232775	-7.211049	-7.191364	-7.225270	-7.231487	-7.249827	-7.244383	-7.172521	-7.215418	-14.994869	-7.201161
4111.409000	-7.249089	-7.255054	-7.256447	-7.247064	-7.266265	-7.232742	-7.211081	-7.191343	-7.225202	-7.233055	-7.249833	-7.244399	-7.172521	-7.215554	-14.994899	-7.200460
4131.439000	-7.248840	-7.254959	-7.256430	-7.247071	-7.266175	-7.232716	-7.211079	-7.191326	-7.225269	-7.232143	-7.249838	-7.244419	-7.172539	-7.215424	-14.994815	-7.201196
4151.420000	-7.248731	-7.255171	-7.256432	-7.247120	-7.266282	-7.232967	-7.211142	-7.191414	-7.225179	-7.232093	-7.249835	-7.244380	-7.172742	-7.215587	-14.994861	-7.201022
4171.429000	-7.249431	-7.255001	-7.256533	-7.247163	-7.266266	-7.232998	-7.211061	-7.191351	-7.225252	-7.232020	-7.249848	-7.244404	-7.172566	-7.215553	-14.994833	-7.200728
4191.429000	-7.248744	-7.254921	-7.256472	-7.247073	-7.266252	-7.232805	-7.211095	-7.191330	-7.225276	-7.232221	-7.249791	-7.244471	-7.172533	-7.215520	-14.994881	-7.201095
4211.469000	-7.249237	-7.255141	-7.256557	-7.247067	-7.266382	-7.233101	-7.211181	-7.191394	-7.224419	-7.230484	-7.250067	-7.244391	-7.172686	-7.215553	-14.994881	-7.200696
4231.490000	-7.249514	-7.254964	-7.256487	-7.247082	-7.266197	-7.232843	-7.211073	-7.191349	-7.225473	-7.230605	-7.249846	-7.244345	-7.172604	-7.215628	-14.994877	-7.200820
4251.519000	-7.248963	-7.254909	-7.256395	-7.247054	-7.266266	-7.232790	-7.211016	-7.191347	-7.225114	-7.231788	-7.249827	-7.244390	-7.172608	-7.215467	-14.994866	-7.200439
4271.539000	-7.248677	-7.254884	-7.256425	-7.247030	-7.266197	-7.232838	-7.211037	-7.191346	-7.225170	-7.231848	-7.249817	-7.244347	-7.172612	-7.215481	-14.994851	-7.200971
4291.539000	-7.248675	-7.254869	-7.256427	-7.246982	-7.266176	-7.232774	-7.211088	-7.191382	-7.225151	-7.230969	-7.249789	-7.244414	-7.172701	-7.215428	-14.994848	-7.201031
4311.576000	-7.249063	-7.255157	-7.256636	-7.247184	-7.266336	-7.233122	-7.211139	-7.191341	-7.225665	-7.231845	-7.249755	-7.244357	-7.172604	-7.215482	-14.994870	-7.200574
4331.579000	-7.249493	-7.254911	-7.256472	-7.246997	-7.266213	-7.232812	-7.211059	-7.191401	-7.225284	-7.231448	-7.250065	-7.244389	-7.172815	-7.215526	-14.994901	-7.200558
4351.599000	-7.248735	-7.254888	-7.256423	-7.246970	-7.266179	-7.232768	-7.211077	-7.191381	-7.225292	-7.231705	-7.249875	-7.244370	-7.172663	-7.215454	-14.994841	-7.201085
4371.629000	-7.249302	-7.254882	-7.256451	-7.246988	-7.266161	-7.232733	-7.211078	-7.191405	-7.225257	-7.231875	-7.249864	-7.244378	-7.172649	-7.215352	-14.994880	-7.201148
4391.679000	-7.249468	-7.254911	-7.256417	-7.247007	-7.266221	-7.232775	-7.211059	-7.191455	-7.225291	-7.231878	-7.249841	-7.244324	-7.172625	-7.215437	-14.994864	-7.201158
4411.699000	-7.249570	-7.254884	-7.256482	-7.247057	-7.266235	-7.232784	-7.211071	-7.191364	-7.225275	-7.231962	-7.249845	-7.244319	-7.172594	-7.215444	-14.994916	-7.200346
4431.714000	-7.248734	-7.254858	-7.256419	-7.247059	-7.266260	-7.232760	-7.211018	-7.191446	-7.225280	-7.231998	-7.249847	-7.244382	-7.172577	-7.215450	-14.994832	-7.200231
4451.730000	-7.248706	-7.254879	-7.256423	-7.246992	-7.266258	-7.232754	-7.210983	-7.191443	-7.224906	-7.232137	-7.249864	-7.244371	-7.172608	-7.215457	-14.994857	-7.200170
4471.739000	-7.248619	-7.254855	-7.256433	-7.247026	-7.266184	-7.232726	-7.211076	-7.191455	-7.225127	-7.232045	-7.249883	-7.244382	-7.172622	-7.215473	-14.994853	-7.200589
4491.766000	-7.248763	-7.255019	-7.256430	-7.247063	-7.266169	-7.232719	-7.211044	-7.191422	-7.224970	-7.231990	-7.249870	-7.244380	-7.172573	-7.215426	-14.994866	-7.200338
4511.769000	-7.249373	-7.254879	-7.256393	-7.246994	-7.266161	-7.232821	-7.211005	-7.191425	-7.225161	-7.232104	-7.249861	-7.244336	-7.172586	-7.215449	-14.994849	-7.200256
4531.809000	-7.248685	-7.255208	-7.256603	-7.247095	-7.266420	-7.232803	-7.211049	-7.191399	-7.225235	-7.228986	-7.249764	-7.244397	-7.172546	-7.215506	-14.994847	-7.200376
4551.809000	-7.247812	-7.254971	-7.256434	-7.247183	-7.266271	-7.232679	-7.211079	-7.191400	-7.225232	-7.231218	-7.249837	-7.244397	-7.172488	-7.215449	-14.994901	-7.200269
4571.859000	-7.248296	-7.254953	-7.256449	-7.247081	-7.266186	-7.232700	-7.211024	-7.191428	-7.225282	-7.230725	-7.249879	-7.244367	-7.172473	-7.215416	-14.994856	-7.200218
4591.899000	-7.248598	-7.254891	-7.256482	-7.247029	-7.266177	-7.232712	-7.211018	-7.191391	-7.225264	-7.231604	-7.249909	-7.244396	-7.172492	-7.215428	-14.994908	-7.200123
4611.909000	-7.248230	-7.254876	-7.256450	-7.247079	-7.266136	-7.232668	-7.211044	-7.191411	-7.224650	-7.231048	-7.249857	-7.244403	-7.172767	-7.215465	-14.994862	-7.201037
4631.900000	-7.248992	-7.254906	-7.256446	-7.247036	-7.266161	-7.232714	-7.211025	-7.191382	-7.224766	-7.232799	-7.249898	-7.244421	-7.172740	-7.215372	-14.994855	-7.200508
4651.909000	-7.248560	-7.254884	-7.256490	-7.247021	-7.266178	-7.232733	-7.211053	-7.191353	-7.225553	-7.231948	-7.249851	-7.244418	-7.172560	-7.215370	-14.994880	-7.200371
4671.929000	-7.248455	-7.254869	-7.256461	-7.246940	-7.266142	-7.232669	-7.211059	-7.191344	-7.225217	-7.231966	-7.249837	-7.244433	-7.172546	-7.215404	-14.994874	-7.200964
4691.939000	-7.248724	-7.255074	-7.256452	-7.247008	-7.266111	-7.232630	-7.211096	-7.191356	-7.225223	-7.232166	-7.249836	-7.244432	-7.172521	-7.215362	-14.994857	-7.201150
4711.939000	-7.249328	-7.254896	-7.256462	-7.247024	-7.266218	-7.232703	-7.211099	-7.191376	-7.225681	-7.231879	-7.249873	-7.244442	-7.172596	-7.215435	-14.994901	-7.200466
4731.950000	-7.249183	-7.254879	-7.256425	-7.247022	-7.266228	-7.232701	-7.211014	-7.191374	-7.225351	-7.232079	-7.249838	-7.244410	-7.172505	-7.215450	-14.994879	-7.201065
4751.969000	-7.248576	-7.254850	-7.256454	-7.246968	-7.266216	-7.232666	-7.211048	-7.191429	-7.225250	-7.232062	-7.249834	-7.244394	-7.172507	-7.215475	-14.994900	-7.201132
	-7.248667	-7.254829	-7.256447	-7.246962	-7.266223	-7.232720	-7.211071	-7.191393	-7.225313	-7.232061						
