8.199000	-7.080660	-7.051683	-7.031241	-7.057556	-7.055193	-7.049176	-7.053878	-7.034542	-7.060720	-7.061050	-7.041591	-7.043271	-7.036939	-7.032073	-15.002285	-7.039889
20.459000	-7.080842	-7.051734	-7.031374	-7.057640	-7.055308	-7.049220	-7.054001	-7.034667	-7.060767	-7.061100	-7.041617	-7.043273	-7.037038	-7.032104	-15.003023	-7.039968
32.655000	-7.080953	-7.051765	-7.031397	-7.057694	-7.055356	-7.049245	-7.054067	-7.034715	-7.060796	-7.061145	-7.041625	-7.043288	-7.037082	-7.032140	-15.003640	-7.040018
44.837000	-7.081018	-7.051772	-7.031406	-7.057732	-7.055386	-7.049249	-7.054083	-7.034732	-7.060797	-7.061164	-7.041658	-7.043294	-7.037095	-7.032157	-15.003838	-7.040029
57.046000	-7.081023	-7.051800	-7.031426	-7.057730	-7.055402	-7.049260	-7.054079	-7.034736	-7.060812	-7.061176	-7.041666	-7.043296	-7.037082	-7.032173	-15.004269	-7.040047
69.249000	-7.081044	-7.051803	-7.031436	-7.057739	-7.055418	-7.049272	-7.054106	-7.034773	-7.060805	-7.061195	-7.041677	-7.043320	-7.037086	-7.032190	-15.004555	-7.040068
81.434000	-7.081066	-7.051810	-7.031453	-7.057757	-7.055427	-7.049273	-7.054107	-7.034793	-7.060824	-7.061207	-7.041676	-7.043308	-7.037109	-7.032184	-15.004738	-7.040068
93.647000	-7.081075	-7.051822	-7.031443	-7.057750	-7.055423	-7.049266	-7.054116	-7.034793	-7.060817	-7.061203	-7.041673	-7.043324	-7.037089	-7.032184	-15.004689	-7.040075
105.830000	-7.081085	-7.051809	-7.031463	-7.057749	-7.055443	-7.049273	-7.054120	-7.034789	-7.060830	-7.061207	-7.041669	-7.043304	-7.037105	-7.032181	-15.005146	-7.040085
118.009000	-7.081061	-7.051814	-7.031456	-7.057746	-7.055419	-7.049307	-7.054129	-7.034800	-7.060853	-7.061216	-7.041683	-7.043337	-7.037109	-7.032182	-15.005075	-7.040079
130.205000	-7.081080	-7.051837	-7.031464	-7.057764	-7.055426	-7.049304	-7.054125	-7.034792	-7.060842	-7.061215	-7.041682	-7.043331	-7.037116	-7.032210	-15.005292	-7.040083
142.420000	-7.081109	-7.051831	-7.031450	-7.057775	-7.055433	-7.049299	-7.054123	-7.034818	-7.060847	-7.061205	-7.041682	-7.043332	-7.037120	-7.032211	-15.005411	-7.040100
154.621000	-7.081099	-7.051814	-7.031492	-7.057752	-7.055398	-7.049207	-7.054173	-7.034837	-7.060795	-7.061121	-7.041656	-7.043353	-7.037140	-7.032159	-15.005488	-7.040059
166.800000	-7.081080	-7.051788	-7.031591	-7.057735	-7.055326	-7.049158	-7.054176	-7.034802	-7.060739	-7.060983	-7.041600	-7.043298	-7.037133	-7.032052	-15.005658	-7.039951
179.020000	-7.081018	-7.051772	-7.031669	-7.057674	-7.055262	-7.049091	-7.054137	-7.034711	-7.060703	-7.060887	-7.041562	-7.043248	-7.037085	-7.031971	-15.005779	-7.039798
191.233000	-7.080956	-7.051739	-7.031692	-7.057590	-7.055165	-7.049019	-7.054091	-7.034638	-7.060685	-7.060808	-7.041514	-7.043198	-7.037043	-7.031878	-15.005913	-7.039671
203.418000	-7.080878	-7.051727	-7.031702	-7.057523	-7.055091	-7.048963	-7.054007	-7.034544	-7.060674	-7.060750	-7.041435	-7.043177	-7.037017	-7.031812	-15.005911	-7.039517
215.605000	-7.080800	-7.051711	-7.031711	-7.057447	-7.055004	-7.048931	-7.053952	-7.034482	-7.060676	-7.060686	-7.041415	-7.043124	-7.036968	-7.031744	-15.005879	-7.039408
227.795000	-7.080713	-7.051683	-7.031716	-7.057373	-7.054939	-7.048905	-7.053882	-7.034423	-7.060684	-7.060631	-7.041370	-7.043086	-7.036945	-7.031708	-15.005917	-7.039282
239.977000	-7.080635	-7.051686	-7.031688	-7.057307	-7.054873	-7.048865	-7.053820	-7.034379	-7.060652	-7.060575	-7.041346	-7.043056	-7.036899	-7.031643	-15.005876	-7.039176
252.162000	-7.080597	-7.051656	-7.031676	-7.057249	-7.054795	-7.048855	-7.053758	-7.034339	-7.060669	-7.060574	-7.041315	-7.043020	-7.036857	-7.031640	-15.006103	-7.039095
264.362000	-7.080533	-7.051656	-7.031649	-7.057207	-7.054766	-7.048843	-7.053715	-7.034292	-7.060671	-7.060557	-7.041312	-7.043023	-7.036853	-7.031627	-15.005995	-7.039044
276.561000	-7.080472	-7.051665	-7.031649	-7.057175	-7.054723	-7.048836	-7.053680	-7.034282	-7.060656	-7.060556	-7.041291	-7.043030	-7.036844	-7.031581	-15.006151	-7.039012
288.774000	-7.080446	-7.051646	-7.031639	-7.057150	-7.054691	-7.048834	-7.053649	-7.034262	-7.060645	-7.060542	-7.041270	-7.043031	-7.036826	-7.031566	-15.006289	-7.038988
300.981000	-7.080413	-7.051644	-7.031640	-7.057134	-7.054679	-7.048811	-7.053638	-7.034274	-7.060645	-7.060555	-7.041273	-7.043018	-7.036813	-7.031573	-15.006195	-7.038961
313.158000	-7.080390	-7.051641	-7.031626	-7.057106	-7.054677	-7.048799	-7.053618	-7.034263	-7.060665	-7.060544	-7.041278	-7.042997	-7.036810	-7.031582	-15.006323	-7.038931
325.343000	-7.080371	-7.051641	-7.031617	-7.057097	-7.054663	-7.048822	-7.053605	-7.034274	-7.060642	-7.060536	-7.041260	-7.043019	-7.036809	-7.031566	-15.006268	-7.038927
337.549000	-7.080378	-7.051648	-7.031622	-7.057103	-7.054656	-7.048807	-7.053598	-7.034252	-7.060659	-7.060525	-7.041257	-7.043007	-7.036818	-7.031570	-15.006315	-7.038926
349.750000	-7.080356	-7.051648	-7.031610	-7.057082	-7.054667	-7.048809	-7.053608	-7.034256	-7.060638	-7.060535	-7.041251	-7.042984	-7.036802	-7.031570	-15.006358	-7.038904
361.960000	-7.080346	-7.051647	-7.031618	-7.057074	-7.054646	-7.048831	-7.053606	-7.034243	-7.060632	-7.060513	-7.041251	-7.042994	-7.036791	-7.031557	-15.006307	-7.038931
374.175000	-7.080344	-7.051634	-7.031616	-7.057072	-7.054635	-7.048805	-7.053582	-7.034231	-7.060661	-7.060547	-7.041264	-7.043004	-7.036800	-7.031556	-15.006319	-7.038910
386.377000	-7.080313	-7.051621	-7.031619	-7.057078	-7.054630	-7.048814	-7.053578	-7.034255	-7.060650	-7.060526	-7.041254	-7.042998	-7.036799	-7.031569	-15.006361	-7.038914
398.569000	-7.080331	-7.051622	-7.031625	-7.057072	-7.054646	-7.048805	-7.053590	-7.034229	-7.060661	-7.060536	-7.041224	-7.042995	-7.036786	-7.031565	-15.006293	-7.038907
410.772000	-7.080329	-7.051632	-7.031642	-7.057064	-7.054637	-7.048808	-7.053583	-7.034222	-7.060642	-7.060532	-7.041223	-7.042986	-7.036792	-7.031560	-15.006433	-7.038895
422.955000	-7.080333	-7.051616	-7.031613	-7.057059	-7.054632	-7.048816	-7.053581	-7.034226	-7.060659	-7.060541	-7.041223	-7.042990	-7.036798	-7.031571	-15.006342	-7.038858
435.154000	-7.080337	-7.051637	-7.031622	-7.057067	-7.054601	-7.048817	-7.053570	-7.034210	-7.060650	-7.060522	-7.041244	-7.042975	-7.036795	-7.031566	-15.006302	-7.038879
447.335000	-7.080316	-7.051620	-7.031623	-7.057064	-7.054616	-7.048811	-7.053562	-7.034226	-7.060657	-7.060517	-7.041241	-7.042970	-7.036788	-7.031548	-15.006421	-7.038879
459.525000	-7.080320	-7.051623	-7.031613	-7.057037	-7.054628	-7.048807	-7.053557	-7.034233	-7.060654	-7.060541	-7.041239	-7.042960	-7.036786	-7.031547	-15.006564	-7.038879
471.718000	-7.080303	-7.051615	-7.031625	-7.057061	-7.054645	-7.048823	-7.053560	-7.034216	-7.060642	-7.060508	-7.041246	-7.042956	-7.036777	-7.031548	-15.006532	-7.038874
483.913000	-7.080300	-7.051613	-7.031621	-7.057066	-7.054632	-7.048814	-7.053555	-7.034220	-7.060661	-7.060528	-7.041249	-7.042971	-7.036788	-7.031542	-15.006529	-7.038868
496.091000	-7.080307	-7.051623	-7.031629	-7.057053	-7.054616	-7.048813	-7.053554	-7.034221	-7.060659	-7.060536	-7.041255	-7.042971	-7.036777	-7.031543	-15.006508	-7.038866
508.278000	-7.080316	-7.051630	-7.031607	-7.057041	-7.054606	-7.048813	-7.053559	-7.034202	-7.060652	-7.060539	-7.041253	-7.042999	-7.036783	-7.031522	-15.006608	-7.038864
520.473000	-7.080307	-7.051627	-7.031600	-7.057065	-7.054611	-7.048815	-7.053567	-7.034220	-7.060670	-7.060532	-7.041251	-7.042978	-7.036783	-7.031541	-15.006475	-7.038870
532.684000	-7.080297	-7.051638	-7.031605	-7.057065	-7.054610	-7.048827	-7.053555	-7.034211	-7.060665	-7.060526	-7.041238	-7.042988	-7.036769	-7.031542	-15.006517	-7.038856
544.871000	-7.080289	-7.051650	-7.031596	-7.057068	-7.054613	-7.048827	-7.053573	-7.034211	-7.060665	-7.060543	-7.041256	-7.042983	-7.036779	-7.031534	-15.006324	-7.038868
557.090000	-7.080309	-7.051639	-7.031596	-7.057063	-7.054622	-7.048812	-7.053563	-7.034201	-7.060675	-7.060541	-7.041246	-7.042996	-7.036770	-7.031529	-15.006340	-7.038874
569.297000	-7.080298	-7.051636	-7.031600	-7.057052	-7.054606	-7.048817	-7.053554	-7.034204	-7.060654	-7.060531	-7.041252	-7.042978	-7.036778	-7.031540	-15.006407	-7.038864
581.496000	-7.080280	-7.051637	-7.031600	-7.057063	-7.054625	-7.048819	-7.053560	-7.034211	-7.060668	-7.060528	-7.041237	-7.042989	-7.036767	-7.031529	-15.006339	-7.038842
593.679000	-7.080316	-7.051640	-7.031595	-7.057072	-7.054620	-7.048804	-7.053560	-7.034225	-7.060663	-7.060525	-7.041259	-7.042995	-7.036766	-7.031528	-15.006314	-7.038862
605.875000	-7.080309	-7.051642	-7.031585	-7.057071	-7.054606	-7.048801	-7.053574	-7.034197	-7.060664	-7.060531	-7.041240	-7.042996	-7.036770	-7.031533	-15.006382	-7.038849
618.071000	-7.080298	-7.051633	-7.031579	-7.057079	-7.054625	-7.048800	-7.053550	-7.034217	-7.060655	-7.060527	-7.041256	-7.042975	-7.036760	-7.031520	-15.006433	-7.038858
630.262000	-7.080292	-7.051643	-7.031589	-7.057055	-7.054626	-7.048792	-7.053541	-7.034228	-7.060678	-7.060520	-7.041270	-7.042978	-7.036747	-7.031525	-15.006379	-7.038865
642.456000	-7.080302	-7.051639	-7.031598	-7.057052	-7.054599	-7.048794	-7.053555	-7.034234	-7.060668	-7.060515	-7.041251	-7.042982	-7.036757	-7.031521	-15.006631	-7.038868
654.649000	-7.080312	-7.051618	-7.031596	-7.057054	-7.054596	-7.048808	-7.053573	-7.034218	-7.060671	-7.060532	-7.041246	-7.042957	-7.036755	-7.031524	-15.006647	-7.038867
666.834000	-7.080277	-7.051613	-7.031589	-7.057050	-7.054606	-7.048793	-7.053567	-7.034229	-7.060675	-7.060521	-7.041242	-7.042952	-7.036760	-7.031523	-15.006426	-7.038848
679.015000	-7.080295	-7.051633	-7.031606	-7.057064	-7.054600	-7.048811	-7.053550	-7.034214	-7.060672	-7.060528	-7.041258	-7.042965	-7.036770	-7.031526	-15.006581	-7.038867
691.223000	-7.080294	-7.051643	-7.031601	-7.057058	-7.054597	-7.048816	-7.053548	-7.034220	-7.060662	-7.060512	-7.041251	-7.042976	-7.036762	-7.031521	-15.006285	-7.038863
703.419000	-7.080269	-7.051615	-7.031606	-7.057060	-7.054608	-7.048802	-7.053555	-7.034221	-7.060651	-7.060524	-7.041235	-7.042953	-7.036763	-7.031524	-15.006481	-7.038855
715.612000	-7.080288	-7.051630	-7.031590	-7.057052	-7.054600	-7.048800	-7.053546	-7.034228	-7.060666	-7.060528	-7.041229	-7.042950	-7.036769	-7.031512	-15.006435	-7.038843
727.819000	-7.080287	-7.051627	-7.031615	-7.057032	-7.054604	-7.048794	-7.053536	-7.034242	-7.060655	-7.060500	-7.041237	-7.042968	-7.036756	-7.031529	-15.006724	-7.038841
740.011000	-7.080290	-7.051639	-7.031599	-7.057044	-7.054594	-7.048798	-7.053553	-7.034225	-7.060664	-7.060509	-7.041251	-7.042978	-7.036753	-7.031529	-15.006652	-7.038851
752.211000	-7.080279	-7.051617	-7.031606	-7.057033	-7.054610	-7.048801	-7.053549	-7.034218	-7.060666	-7.060526	-7.041256	-7.042965	-7.036767	-7.031520	-15.006753	-7.038850
764.410000	-7.080280	-7.051626	-7.031596	-7.057033	-7.054594	-7.048792	-7.053546	-7.034219	-7.060684	-7.060519	-7.041270	-7.042972	-7.036765	-7.031536	-15.006573	-7.038864
776.619000	-7.080289	-7.051608	-7.031617	-7.057046	-7.054594	-7.048816	-7.053540	-7.034229	-7.060685	-7.060517	-7.041238	-7.042980	-7.036745	-7.031545	-15.006622	-7.038848
788.805000	-7.080281	-7.051608	-7.031594	-7.057033	-7.054578	-7.048817	-7.053550	-7.034236	-7.060676	-7.060512	-7.041230	-7.042961	-7.036757	-7.031532	-15.006523	-7.038846
801.001000	-7.080295	-7.051617	-7.031603	-7.057040	-7.054570	-7.048800	-7.053554	-7.034238	-7.060689	-7.060550	-7.041240	-7.042951	-7.036755	-7.031526	-15.006531	-7.038841
813.214000	-7.080291	-7.051621	-7.031611	-7.057026	-7.054581	-7.048804	-7.053553	-7.034217	-7.060680	-7.060528	-7.041233	-7.042958	-7.036764	-7.031534	-15.006422	-7.038826
825.407000	-7.080267	-7.051602	-7.031609	-7.057019	-7.054603	-7.048809	-7.053538	-7.034223	-7.060676	-7.060539	-7.041216	-7.042957	-7.036740	-7.031537	-15.006694	-7.038835
837.616000	-7.080265	-7.051602	-7.031619	-7.057031	-7.054580	-7.048819	-7.053540	-7.034229	-7.060691	-7.060524	-7.041233	-7.042978	-7.036758	-7.031545	-15.006519	-7.038820
849.837000	-7.080272	-7.051626	-7.031611	-7.057038	-7.054608	-7.048803	-7.053571	-7.034236	-7.060679	-7.060544	-7.041235	-7.042962	-7.036754	-7.031543	-15.006601	-7.038831
862.013000	-7.080249	-7.051620	-7.031633	-7.057045	-7.054574	-7.048815	-7.053557	-7.034223	-7.060713	-7.060548	-7.041239	-7.042944	-7.036761	-7.031552	-15.006618	-7.038826
874.203000	-7.080231	-7.051602	-7.031624	-7.057024	-7.054602	-7.048823	-7.053537	-7.034226	-7.060671	-7.060528	-7.041205	-7.042974	-7.036762	-7.031539	-15.006522	-7.038850
886.412000	-7.080264	-7.051623	-7.031592	-7.057029	-7.054605	-7.048808	-7.053552	-7.034226	-7.060657	-7.060538	-7.041209	-7.042956	-7.036753	-7.031536	-15.006457	-7.038813
898.600000	-7.080256	-7.051615	-7.031619	-7.057002	-7.054597	-7.048814	-7.053568	-7.034228	-7.060668	-7.060533	-7.041226	-7.042961	-7.036765	-7.031533	-15.006515	-7.038823
910.787000	-7.080252	-7.051630	-7.031624	-7.057015	-7.054616	-7.048822	-7.053569	-7.034224	-7.060673	-7.060532	-7.041228	-7.042981	-7.036755	-7.031541	-15.006610	-7.038831
922.984000	-7.080250	-7.051627	-7.031608	-7.057026	-7.054613	-7.048816	-7.053555	-7.034209	-7.060678	-7.060536	-7.041234	-7.042973	-7.036785	-7.031540	-15.006760	-7.038827
935.178000	-7.080246	-7.051637	-7.031613	-7.057034	-7.054619	-7.048794	-7.053559	-7.034227	-7.060664	-7.060523	-7.041242	-7.042951	-7.036756	-7.031552	-15.006654	-7.038834
947.376000	-7.080249	-7.051618	-7.031601	-7.057030	-7.054594	-7.048778	-7.053560	-7.034224	-7.060668	-7.060543	-7.041230	-7.042974	-7.036766	-7.031535	-15.006576	-7.038836
959.638000	-7.080258	-7.051626	-7.031622	-7.057015	-7.054596	-7.048815	-7.053566	-7.034227	-7.060677	-7.060524	-7.041237	-7.042984	-7.036772	-7.031539	-15.006913	-7.038832
971.838000	-7.080251	-7.051633	-7.031621	-7.057015	-7.054595	-7.048817	-7.053561	-7.034213	-7.060674	-7.060514	-7.041231	-7.042968	-7.036757	-7.031541	-15.006611	-7.038831
984.034000	-7.080245	-7.051613	-7.031606	-7.057034	-7.054597	-7.048816	-7.053570	-7.034216	-7.060667	-7.060518	-7.041222	-7.042989	-7.036767	-7.031522	-15.006776	-7.038840
996.205000	-7.080266	-7.051614	-7.031607	-7.057032	-7.054598	-7.048813	-7.053555	-7.034224	-7.060695	-7.060510	-7.041235	-7.042989	-7.036758	-7.031542	-15.006677	-7.038841
1008.394000	-7.080269	-7.051623	-7.031615	-7.057015	-7.054587	-7.048809	-7.053570	-7.034218	-7.060670	-7.060531	-7.041235	-7.042981	-7.036754	-7.031540	-15.006777	-7.038831
1020.603000	-7.080241	-7.051620	-7.031598	-7.057030	-7.054603	-7.048819	-7.053573	-7.034201	-7.060657	-7.060520	-7.041237	-7.042985	-7.036763	-7.031545	-15.006497	-7.038837
1032.819000	-7.080260	-7.051642	-7.031600	-7.057023	-7.054598	-7.048808	-7.053567	-7.034190	-7.060670	-7.060512	-7.041225	-7.042990	-7.036761	-7.031529	-15.006581	-7.038830
1045.015000	-7.080256	-7.051632	-7.031607	-7.057037	-7.054603	-7.048804	-7.053575	-7.034225	-7.060649	-7.060529	-7.041219	-7.042975	-7.036767	-7.031544	-15.006667	-7.038839
1057.226000	-7.080258	-7.051625	-7.031626	-7.057024	-7.054608	-7.048809	-7.053566	-7.034233	-7.060674	-7.060541	-7.041233	-7.042993	-7.036763	-7.031532	-15.006630	-7.038831
1069.424000	-7.080266	-7.051631	-7.031613	-7.057019	-7.054617	-7.048813	-7.053567	-7.034208	-7.060672	-7.060524	-7.041225	-7.042972	-7.036763	-7.031532	-15.006927	-7.038827
1081.621000	-7.080252	-7.051632	-7.031616	-7.057034	-7.054625	-7.048820	-7.053578	-7.034220	-7.060644	-7.060533	-7.041229	-7.042970	-7.036754	-7.031543	-15.006728	-7.038830
1093.802000	-7.080268	-7.051637	-7.031614	-7.057012	-7.054613	-7.048818	-7.053568	-7.034236	-7.060664	-7.060529	-7.041207	-7.042987	-7.036745	-7.031532	-15.006797	-7.038835
1105.967000	-7.080249	-7.051641	-7.031602	-7.057014	-7.054608	-7.048821	-7.053587	-7.034212	-7.060653	-7.060531	-7.041217	-7.042970	-7.036742	-7.031548	-15.006753	-7.038843
1118.175000	-7.080258	-7.051627	-7.031604	-7.057003	-7.054584	-7.048811	-7.053568	-7.034205	-7.060646	-7.060544	-7.041225	-7.042970	-7.036758	-7.031540	-15.006837	-7.038828
1130.373000	-7.080258	-7.051621	-7.031607	-7.057010	-7.054599	-7.048842	-7.053562	-7.034189	-7.060653	-7.060518	-7.041227	-7.042968	-7.036756	-7.031535	-15.006999	-7.038834
1142.557000	-7.080245	-7.051625	-7.031596	-7.057020	-7.054599	-7.048824	-7.053581	-7.034192	-7.060646	-7.060516	-7.041217	-7.042981	-7.036775	-7.031544	-15.006791	-7.038819
1154.738000	-7.080268	-7.051620	-7.031600	-7.056999	-7.054605	-7.048797	-7.053563	-7.034185	-7.060663	-7.060504	-7.041217	-7.042990	-7.036762	-7.031516	-15.006812	-7.038831
1166.945000	-7.080259	-7.051643	-7.031590	-7.057005	-7.054601	-7.048806	-7.053559	-7.034206	-7.060652	-7.060527	-7.041218	-7.042979	-7.036762	-7.031530	-15.006930	-7.038831
1179.141000	-7.080258	-7.051645	-7.031589	-7.057019	-7.054588	-7.048800	-7.053552	-7.034190	-7.060647	-7.060502	-7.041220	-7.042999	-7.036759	-7.031542	-15.006919	-7.038827
1191.345000	-7.080267	-7.051637	-7.031599	-7.057027	-7.054592	-7.048815	-7.053540	-7.034189	-7.060640	-7.060494	-7.041212	-7.042990	-7.036772	-7.031525	-15.007028	-7.038829
1203.534000	-7.080251	-7.051637	-7.031589	-7.057014	-7.054592	-7.048820	-7.053535	-7.034198	-7.060649	-7.060497	-7.041222	-7.043004	-7.036747	-7.031525	-15.006760	-7.038821
1215.724000	-7.080242	-7.051637	-7.031595	-7.057018	-7.054608	-7.048797	-7.053549	-7.034186	-7.060663	-7.060497	-7.041216	-7.042980	-7.036742	-7.031518	-15.006890	-7.038816
1227.905000	-7.080258	-7.051639	-7.031594	-7.057014	-7.054603	-7.048808	-7.053538	-7.034214	-7.060645	-7.060490	-7.041221	-7.042996	-7.036744	-7.031537	-15.006759	-7.038813
1240.090000	-7.080246	-7.051619	-7.031605	-7.057031	-7.054598	-7.048809	-7.053564	-7.034205	-7.060652	-7.060500	-7.041217	-7.043011	-7.036774	-7.031539	-15.006789	-7.038816
1252.280000	-7.080257	-7.051636	-7.031588	-7.057024	-7.054609	-7.048805	-7.053531	-7.034192	-7.060640	-7.060510	-7.041220	-7.042996	-7.036776	-7.031523	-15.006890	-7.038823
1264.519000	-7.080260	-7.051633	-7.031595	-7.057017	-7.054610	-7.048820	-7.053561	-7.034190	-7.060647	-7.060504	-7.041217	-7.042990	-7.036756	-7.031514	-15.006879	-7.038802
1276.696000	-7.080239	-7.051636	-7.031603	-7.057023	-7.054586	-7.048805	-7.053556	-7.034201	-7.060752	-7.060568	-7.041207	-7.042868	-7.036710	-7.031507	-15.006829	-7.038693
1288.946000	-7.080367	-7.051810	-7.031370	-7.057100	-7.054841	-7.049135	-7.053374	-7.034175	-7.060849	-7.060899	-7.041297	-7.043036	-7.036673	-7.031747	-15.006381	-7.039052
1301.145000	-7.080502	-7.051821	-7.031179	-7.057218	-7.054974	-7.049232	-7.053465	-7.034347	-7.060883	-7.061110	-7.041404	-7.043220	-7.036732	-7.031959	-15.006368	-7.039430
1313.346000	-7.080684	-7.051838	-7.031136	-7.057371	-7.055116	-7.049331	-7.053638	-7.034557	-7.060905	-7.061256	-7.041541	-7.043315	-7.036845	-7.032107	-15.006763	-7.039721
1325.545000	-7.080874	-7.051847	-7.031148	-7.057528	-7.055251	-7.049403	-7.053796	-7.034720	-7.060930	-7.061358	-7.041641	-7.043389	-7.036948	-7.032223	-15.006475	-7.039989
1337.743000	-7.081013	-7.051854	-7.031184	-7.057649	-7.055377	-7.049442	-7.053951	-7.034842	-7.060944	-7.061416	-7.041715	-7.043440	-7.037006	-7.032282	-15.006425	-7.040200
1349.948000	-7.081106	-7.051874	-7.031242	-7.057743	-7.055495	-7.049494	-7.054091	-7.034938	-7.060947	-7.061442	-7.041779	-7.043476	-7.037099	-7.032366	-15.006410	-7.040355
1362.150000	-7.081215	-7.051892	-7.031291	-7.057813	-7.055583	-7.049514	-7.054187	-7.035031	-7.060938	-7.061488	-7.041795	-7.043515	-7.037153	-7.032406	-15.006499	-7.040455
1374.344000	-7.081290	-7.051901	-7.031341	-7.057877	-7.055666	-7.049521	-7.054248	-7.035076	-7.060933	-7.061525	-7.041841	-7.043515	-7.037161	-7.032432	-15.006349	-7.040548
1386.528000	-7.081369	-7.051917	-7.031368	-7.057947	-7.055711	-7.049547	-7.054309	-7.035095	-7.060934	-7.061542	-7.041874	-7.043522	-7.037186	-7.032462	-15.006188	-7.040615
1398.730000	-7.081420	-7.051928	-7.031393	-7.057987	-7.055772	-7.049546	-7.054349	-7.035124	-7.060912	-7.061549	-7.041894	-7.043523	-7.037220	-7.032479	-15.006301	-7.040644
1410.908000	-7.081456	-7.051942	-7.031410	-7.058004	-7.055808	-7.049557	-7.054397	-7.035154	-7.060920	-7.061537	-7.041912	-7.043555	-7.037242	-7.032506	-15.006616	-7.040739
1423.094000	-7.081558	-7.051922	-7.031411	-7.058025	-7.055789	-7.049544	-7.054395	-7.035110	-7.060880	-7.061513	-7.041929	-7.043556	-7.037264	-7.032499	-15.006532	-7.040743
1435.279000	-7.081548	-7.051947	-7.031412	-7.058054	-7.055821	-7.049567	-7.054451	-7.035163	-7.060892	-7.061499	-7.041927	-7.043548	-7.037272	-7.032509	-15.006219	-7.040780
1447.473000	-7.081559	-7.051933	-7.031415	-7.058070	-7.055809	-7.049546	-7.054441	-7.035150	-7.060902	-7.061498	-7.041963	-7.043573	-7.037281	-7.032509	-15.006324	-7.040754
1459.672000	-7.081530	-7.051938	-7.031434	-7.058077	-7.055801	-7.049588	-7.054478	-7.035203	-7.060926	-7.061505	-7.041950	-7.043544	-7.037299	-7.032548	-15.006200	-7.040750
1471.864000	-7.081526	-7.051904	-7.031448	-7.058058	-7.055798	-7.049591	-7.054485	-7.035193	-7.060895	-7.061490	-7.041963	-7.043591	-7.037301	-7.032574	-15.006376	-7.040789
1484.072000	-7.081590	-7.051913	-7.031424	-7.058043	-7.055843	-7.049569	-7.054440	-7.035126	-7.060875	-7.061462	-7.041986	-7.043585	-7.037307	-7.032532	-15.006273	-7.040768
1496.279000	-7.081584	-7.051905	-7.031417	-7.058041	-7.055836	-7.049586	-7.054442	-7.035134	-7.060830	-7.061481	-7.041961	-7.043552	-7.037299	-7.032548	-15.006263	-7.040768
1508.478000	-7.081579	-7.051877	-7.031424	-7.058019	-7.055815	-7.049554	-7.054480	-7.035144	-7.060813	-7.061466	-7.041970	-7.043569	-7.037310	-7.032559	-15.006160	-7.040758
1520.672000	-7.081548	-7.051855	-7.031422	-7.058017	-7.055796	-7.049548	-7.054470	-7.035138	-7.060792	-7.061457	-7.041979	-7.043569	-7.037299	-7.032538	-15.006282	-7.040759
1532.852000	-7.081555	-7.051859	-7.031423	-7.058000	-7.055801	-7.049548	-7.054496	-7.035146	-7.060798	-7.061430	-7.041969	-7.043583	-7.037303	-7.032543	-15.006248	-7.040732
1545.052000	-7.081547	-7.051846	-7.031410	-7.057970	-7.055802	-7.049536	-7.054481	-7.035151	-7.060761	-7.061435	-7.041975	-7.043575	-7.037319	-7.032535	-15.006203	-7.040730
1557.276000	-7.081572	-7.051855	-7.031401	-7.057966	-7.055771	-7.049560	-7.054481	-7.035134	-7.060757	-7.061415	-7.041986	-7.043576	-7.037314	-7.032531	-15.006217	-7.040718
1569.500000	-7.081534	-7.051821	-7.031392	-7.057952	-7.055764	-7.049561	-7.054498	-7.035123	-7.060726	-7.061384	-7.041967	-7.043577	-7.037307	-7.032531	-15.006319	-7.040689
1581.710000	-7.081534	-7.051824	-7.031385	-7.057949	-7.055771	-7.049551	-7.054469	-7.035127	-7.060713	-7.061374	-7.041982	-7.043584	-7.037317	-7.032523	-15.006407	-7.040689
1593.900000	-7.081546	-7.051823	-7.031393	-7.057925	-7.055747	-7.049532	-7.054485	-7.035137	-7.060688	-7.061391	-7.041990	-7.043586	-7.037311	-7.032524	-15.006354	-7.040689
1606.121000	-7.081542	-7.051835	-7.031368	-7.057905	-7.055739	-7.049546	-7.054471	-7.035104	-7.060660	-7.061359	-7.041991	-7.043582	-7.037332	-7.032513	-15.006300	-7.040637
1618.327000	-7.081526	-7.051810	-7.031377	-7.057887	-7.055731	-7.049522	-7.054485	-7.035105	-7.060629	-7.061344	-7.041966	-7.043592	-7.037302	-7.032519	-15.006570	-7.040617
1630.527000	-7.081526	-7.051783	-7.031381	-7.057874	-7.055720	-7.049525	-7.054471	-7.035110	-7.060600	-7.061329	-7.042009	-7.043603	-7.037338	-7.032522	-15.006273	-7.040594
1642.718000	-7.081522	-7.051808	-7.031360	-7.057855	-7.055699	-7.049507	-7.054478	-7.035105	-7.060558	-7.061301	-7.041983	-7.043583	-7.037312	-7.032505	-15.006219	-7.040572
1654.907000	-7.081532	-7.051812	-7.031365	-7.057834	-7.055706	-7.049494	-7.054479	-7.035112	-7.060527	-7.061287	-7.041994	-7.043570	-7.037304	-7.032510	-15.006247	-7.040545
1667.091000	-7.081518	-7.051787	-7.031357	-7.057816	-7.055690	-7.049487	-7.054483	-7.035101	-7.060511	-7.061279	-7.041997	-7.043592	-7.037334	-7.032494	-15.006231	-7.040506
1679.293000	-7.081528	-7.051789	-7.031347	-7.057803	-7.055659	-7.049508	-7.054487	-7.035101	-7.060483	-7.061246	-7.041995	-7.043605	-7.037330	-7.032482	-15.006152	-7.040471
1691.507000	-7.081503	-7.051756	-7.031327	-7.057793	-7.055641	-7.049502	-7.054469	-7.035109	-7.060457	-7.061231	-7.041995	-7.043579	-7.037323	-7.032486	-15.006124	-7.040460
1703.705000	-7.081526	-7.051760	-7.031309	-7.057761	-7.055633	-7.049469	-7.054493	-7.035087	-7.060429	-7.061217	-7.041995	-7.043584	-7.037318	-7.032483	-15.006327	-7.040390
1715.916000	-7.081498	-7.051762	-7.031311	-7.057738	-7.055634	-7.049471	-7.054494	-7.035085	-7.060419	-7.061204	-7.041994	-7.043609	-7.037313	-7.032481	-15.006227	-7.040390
1728.118000	-7.081482	-7.051770	-7.031321	-7.057738	-7.055617	-7.049469	-7.054476	-7.035099	-7.060373	-7.061188	-7.042011	-7.043604	-7.037305	-7.032470	-15.006063	-7.040353
1740.309000	-7.081482	-7.051752	-7.031301	-7.057707	-7.055601	-7.049460	-7.054499	-7.035092	-7.060337	-7.061180	-7.042003	-7.043604	-7.037327	-7.032487	-15.006209	-7.040322
1752.499000	-7.081465	-7.051740	-7.031284	-7.057705	-7.055583	-7.049453	-7.054487	-7.035082	-7.060337	-7.061152	-7.042007	-7.043597	-7.037309	-7.032479	-15.006205	-7.040308
1764.691000	-7.081470	-7.051731	-7.031294	-7.057698	-7.055573	-7.049439	-7.054493	-7.035094	-7.060311	-7.061151	-7.041999	-7.043601	-7.037310	-7.032453	-15.006112	-7.040273
1776.875000	-7.081480	-7.051729	-7.031281	-7.057667	-7.055578	-7.049452	-7.054492	-7.035070	-7.060281	-7.061137	-7.041994	-7.043603	-7.037304	-7.032423	-15.006255	-7.040262
1789.066000	-7.081458	-7.051737	-7.031268	-7.057664	-7.055543	-7.049426	-7.054486	-7.035068	-7.060250	-7.061117	-7.042010	-7.043605	-7.037306	-7.032437	-15.006050	-7.040228
1801.264000	-7.081468	-7.051726	-7.031262	-7.057654	-7.055549	-7.049423	-7.054502	-7.035079	-7.060235	-7.061102	-7.041998	-7.043587	-7.037298	-7.032419	-15.006251	-7.040205
1813.487000	-7.081450	-7.051701	-7.031270	-7.057643	-7.055509	-7.049411	-7.054479	-7.035061	-7.060208	-7.061068	-7.041997	-7.043606	-7.037311	-7.032422	-15.006288	-7.040191
1825.662000	-7.081456	-7.051699	-7.031265	-7.057649	-7.055510	-7.049398	-7.054492	-7.035067	-7.060201	-7.061076	-7.042008	-7.043602	-7.037298	-7.032414	-15.006393	-7.040173
1837.862000	-7.081454	-7.051700	-7.031256	-7.057620	-7.055494	-7.049395	-7.054489	-7.035037	-7.060178	-7.061075	-7.041995	-7.043585	-7.037287	-7.032402	-15.006448	-7.040153
1850.070000	-7.081438	-7.051696	-7.031254	-7.057620	-7.055498	-7.049384	-7.054473	-7.035057	-7.060156	-7.061056	-7.042009	-7.043597	-7.037288	-7.032411	-15.006329	-7.040151
1862.252000	-7.081446	-7.051685	-7.031250	-7.057628	-7.055483	-7.049380	-7.054523	-7.035050	-7.060121	-7.061058	-7.042005	-7.043610	-7.037299	-7.032405	-15.006325	-7.040114
1874.450000	-7.081426	-7.051687	-7.031245	-7.057605	-7.055490	-7.049371	-7.054488	-7.035036	-7.060123	-7.061055	-7.042005	-7.043601	-7.037292	-7.032397	-15.006328	-7.040092
1886.647000	-7.081401	-7.051663	-7.031241	-7.057597	-7.055479	-7.049362	-7.054498	-7.035047	-7.060094	-7.061038	-7.042004	-7.043622	-7.037312	-7.032402	-15.006223	-7.040093
1898.834000	-7.081396	-7.051678	-7.031248	-7.057582	-7.055468	-7.049356	-7.054497	-7.035042	-7.060108	-7.061026	-7.042015	-7.043593	-7.037298	-7.032389	-15.006102	-7.040076
1911.019000	-7.081401	-7.051658	-7.031237	-7.057569	-7.055455	-7.049367	-7.054492	-7.035044	-7.060078	-7.061023	-7.041999	-7.043598	-7.037298	-7.032394	-15.006044	-7.040066
1923.210000	-7.081399	-7.051653	-7.031236	-7.057575	-7.055449	-7.049343	-7.054477	-7.035058	-7.060067	-7.061029	-7.042015	-7.043600	-7.037297	-7.032380	-15.006301	-7.040034
1935.404000	-7.081367	-7.051643	-7.031240	-7.057557	-7.055430	-7.049351	-7.054497	-7.035039	-7.060071	-7.061029	-7.042012	-7.043583	-7.037303	-7.032367	-15.006313	-7.040022
1947.603000	-7.081391	-7.051640	-7.031227	-7.057550	-7.055409	-7.049332	-7.054505	-7.035041	-7.060043	-7.061022	-7.042011	-7.043606	-7.037318	-7.032370	-15.006467	-7.040010
1959.802000	-7.081377	-7.051635	-7.031229	-7.057550	-7.055421	-7.049326	-7.054501	-7.035051	-7.060035	-7.061002	-7.042007	-7.043605	-7.037312	-7.032354	-15.006492	-7.039980
1972.008000	-7.081364	-7.051625	-7.031236	-7.057534	-7.055416	-7.049342	-7.054493	-7.035029	-7.060016	-7.061013	-7.042005	-7.043608	-7.037305	-7.032352	-15.006468	-7.039979
1984.188000	-7.081365	-7.051622	-7.031223	-7.057526	-7.055411	-7.049326	-7.054495	-7.035043	-7.059989	-7.060979	-7.042010	-7.043613	-7.037297	-7.032349	-15.006394	-7.039980
1996.376000	-7.081338	-7.051633	-7.031215	-7.057524	-7.055376	-7.049330	-7.054497	-7.035043	-7.059978	-7.060973	-7.041991	-7.043597	-7.037285	-7.032344	-15.006559	-7.039960
2008.574000	-7.081328	-7.051611	-7.031214	-7.057508	-7.055392	-7.049322	-7.054502	-7.035040	-7.059959	-7.060971	-7.041994	-7.043599	-7.037289	-7.032342	-15.006689	-7.039953
2020.774000	-7.081303	-7.051604	-7.031210	-7.057537	-7.055375	-7.049319	-7.054504	-7.035044	-7.059956	-7.060965	-7.042009	-7.043597	-7.037313	-7.032322	-15.006531	-7.039932
2032.962000	-7.081292	-7.051608	-7.031204	-7.057488	-7.055377	-7.049299	-7.054505	-7.035033	-7.059954	-7.060942	-7.041995	-7.043580	-7.037316	-7.032307	-15.006582	-7.039929
2045.152000	-7.081276	-7.051593	-7.031183	-7.057498	-7.055368	-7.049324	-7.054477	-7.035039	-7.059946	-7.060956	-7.041994	-7.043582	-7.037291	-7.032316	-15.006281	-7.039922
2057.355000	-7.081269	-7.051581	-7.031196	-7.057466	-7.055364	-7.049303	-7.054479	-7.035003	-7.059935	-7.060941	-7.042016	-7.043582	-7.037285	-7.032302	-15.006612	-7.039909
2069.553000	-7.081282	-7.051579	-7.031191	-7.057481	-7.055342	-7.049301	-7.054478	-7.035036	-7.059925	-7.060931	-7.042013	-7.043602	-7.037306	-7.032326	-15.006443	-7.039914
2081.765000	-7.081239	-7.051578	-7.031202	-7.057486	-7.055368	-7.049305	-7.054483	-7.035015	-7.059898	-7.060936	-7.042006	-7.043619	-7.037300	-7.032314	-15.006521	-7.039865
2093.991000	-7.081245	-7.051557	-7.031186	-7.057446	-7.055351	-7.049291	-7.054505	-7.035020	-7.059890	-7.060932	-7.042016	-7.043611	-7.037289	-7.032304	-15.006447	-7.039893
2106.200000	-7.081229	-7.051559	-7.031188	-7.057451	-7.055316	-7.049270	-7.054495	-7.035016	-7.059883	-7.060923	-7.042008	-7.043600	-7.037310	-7.032312	-15.006397	-7.039886
2118.392000	-7.081237	-7.051544	-7.031194	-7.057454	-7.055322	-7.049282	-7.054485	-7.035012	-7.059873	-7.060923	-7.042023	-7.043620	-7.037320	-7.032295	-15.006287	-7.039857
2130.571000	-7.081214	-7.051535	-7.031185	-7.057450	-7.055301	-7.049277	-7.054476	-7.035020	-7.059870	-7.060923	-7.042007	-7.043610	-7.037303	-7.032296	-15.006420	-7.039850
2142.771000	-7.081216	-7.051517	-7.031195	-7.057454	-7.055316	-7.049275	-7.054497	-7.035012	-7.059842	-7.060898	-7.042002	-7.043619	-7.037301	-7.032294	-15.006487	-7.039836
2154.956000	-7.081199	-7.051535	-7.031181	-7.057447	-7.055304	-7.049277	-7.054489	-7.034999	-7.059841	-7.060910	-7.042008	-7.043604	-7.037301	-7.032295	-15.006237	-7.039836
2167.140000	-7.081179	-7.051519	-7.031194	-7.057431	-7.055297	-7.049250	-7.054499	-7.035006	-7.059840	-7.060909	-7.042026	-7.043609	-7.037293	-7.032302	-15.006301	-7.039828
2179.335000	-7.081177	-7.051530	-7.031193	-7.057430	-7.055301	-7.049281	-7.054513	-7.035002	-7.059840	-7.060903	-7.042014	-7.043592	-7.037301	-7.032299	-15.006189	-7.039809
2191.529000	-7.081190	-7.051488	-7.031185	-7.057445	-7.055265	-7.049223	-7.054520	-7.035035	-7.059926	-7.060928	-7.041984	-7.043632	-7.037353	-7.032342	-15.006150	-7.040035
2203.725000	-7.081370	-7.051623	-7.031391	-7.057583	-7.055510	-7.049409	-7.054550	-7.035150	-7.060691	-7.061233	-7.041945	-7.043610	-7.037343	-7.032496	-15.006385	-7.040687
2215.881000	-7.081562	-7.051805	-7.031594	-7.057931	-7.055752	-7.049456	-7.054534	-7.035153	-7.060827	-7.061306	-7.041887	-7.043575	-7.037323	-7.032440	-15.006094	-7.040750
2228.088000	-7.081578	-7.051872	-7.031589	-7.057978	-7.055759	-7.049463	-7.054440	-7.035072	-7.060889	-7.061301	-7.041831	-7.043506	-7.037329	-7.032389	-15.005999	-7.040641
2240.263000	-7.081438	-7.051907	-7.031560	-7.057990	-7.055700	-7.049411	-7.054382	-7.035039	-7.060849	-7.061234	-7.041802	-7.043498	-7.037243	-7.032363	-15.006195	-7.040572
2252.453000	-7.081431	-7.051913	-7.031552	-7.057916	-7.055636	-7.049416	-7.054323	-7.034971	-7.060855	-7.061222	-7.041769	-7.043464	-7.037215	-7.032286	-15.006270	-7.040440
2264.640000	-7.081348	-7.051890	-7.031542	-7.057910	-7.055589	-7.049378	-7.054293	-7.034949	-7.060875	-7.061202	-7.041757	-7.043451	-7.037193	-7.032266	-15.006272	-7.040371
2276.818000	-7.081352	-7.051889	-7.031534	-7.057870	-7.055551	-7.049377	-7.054249	-7.034925	-7.060866	-7.061208	-7.041738	-7.043430	-7.037199	-7.032250	-15.006332	-7.040338
2289.021000	-7.081311	-7.051872	-7.031523	-7.057845	-7.055543	-7.049365	-7.054223	-7.034906	-7.060874	-7.061197	-7.041729	-7.043409	-7.037180	-7.032230	-15.006346	-7.040301
2301.216000	-7.081277	-7.051885	-7.031517	-7.057844	-7.055519	-7.049374	-7.054196	-7.034887	-7.060855	-7.061204	-7.041733	-7.043440	-7.037193	-7.032231	-15.006205	-7.040271
2313.407000	-7.081265	-7.051872	-7.031522	-7.057807	-7.055512	-7.049373	-7.054175	-7.034907	-7.060861	-7.061204	-7.041725	-7.043428	-7.037163	-7.032205	-15.006317	-7.040249
2325.602000	-7.081228	-7.051876	-7.031494	-7.057786	-7.055468	-7.049362	-7.054166	-7.034888	-7.060872	-7.061172	-7.041725	-7.043437	-7.037167	-7.032221	-15.006627	-7.040265
2337.805000	-7.081237	-7.051883	-7.031490	-7.057787	-7.055491	-7.049362	-7.054169	-7.034868	-7.060855	-7.061193	-7.041708	-7.043414	-7.037174	-7.032194	-15.006334	-7.040218
2349.995000	-7.081243	-7.051876	-7.031498	-7.057777	-7.055480	-7.049361	-7.054159	-7.034876	-7.060856	-7.061202	-7.041708	-7.043416	-7.037172	-7.032181	-15.006503	-7.040213
2362.189000	-7.081225	-7.051878	-7.031501	-7.057789	-7.055471	-7.049335	-7.054131	-7.034860	-7.060841	-7.061199	-7.041699	-7.043419	-7.037188	-7.032210	-15.006556	-7.040176
2374.389000	-7.081226	-7.051880	-7.031487	-7.057779	-7.055451	-7.049347	-7.054134	-7.034855	-7.060860	-7.061186	-7.041684	-7.043412	-7.037180	-7.032207	-15.006355	-7.040183
2386.592000	-7.081206	-7.051883	-7.031478	-7.057785	-7.055477	-7.049340	-7.054125	-7.034870	-7.060886	-7.061180	-7.041680	-7.043415	-7.037164	-7.032198	-15.006342	-7.040189
2398.813000	-7.081217	-7.051881	-7.031495	-7.057781	-7.055444	-7.049332	-7.054152	-7.034860	-7.060855	-7.061176	-7.041695	-7.043401	-7.037174	-7.032194	-15.006598	-7.040184
2410.997000	-7.081213	-7.051878	-7.031501	-7.057779	-7.055454	-7.049328	-7.054119	-7.034842	-7.060861	-7.061176	-7.041684	-7.043411	-7.037156	-7.032195	-15.006473	-7.040171
2423.200000	-7.081200	-7.051864	-7.031472	-7.057760	-7.055447	-7.049342	-7.054134	-7.034866	-7.060858	-7.061175	-7.041686	-7.043402	-7.037149	-7.032193	-15.006541	-7.040171
2435.413000	-7.081189	-7.051867	-7.031479	-7.057770	-7.055429	-7.049335	-7.054125	-7.034857	-7.060850	-7.061183	-7.041663	-7.043411	-7.037162	-7.032189	-15.006384	-7.040159
2447.593000	-7.081205	-7.051859	-7.031476	-7.057769	-7.055458	-7.049358	-7.054124	-7.034855	-7.060852	-7.061183	-7.041680	-7.043421	-7.037160	-7.032185	-15.006417	-7.040165
2459.788000	-7.081218	-7.051855	-7.031483	-7.057759	-7.055428	-7.049349	-7.054123	-7.034858	-7.060872	-7.061197	-7.041677	-7.043405	-7.037169	-7.032190	-15.006379	-7.040138
2471.986000	-7.081193	-7.051880	-7.031480	-7.057760	-7.055443	-7.049362	-7.054131	-7.034843	-7.060876	-7.061184	-7.041685	-7.043400	-7.037175	-7.032211	-15.006418	-7.040168
2484.187000	-7.081207	-7.051871	-7.031465	-7.057770	-7.055443	-7.049355	-7.054123	-7.034857	-7.060855	-7.061169	-7.041689	-7.043400	-7.037168	-7.032215	-15.006360	-7.040172
2496.376000	-7.081208	-7.051868	-7.031479	-7.057765	-7.055458	-7.049316	-7.054127	-7.034870	-7.060883	-7.061196	-7.041692	-7.043382	-7.037162	-7.032209	-15.006468	-7.040149
2508.566000	-7.081223	-7.051884	-7.031455	-7.057765	-7.055445	-7.049338	-7.054129	-7.034853	-7.060855	-7.061174	-7.041689	-7.043406	-7.037140	-7.032200	-15.006607	-7.040152
2520.774000	-7.081195	-7.051867	-7.031458	-7.057761	-7.055450	-7.049354	-7.054142	-7.034851	-7.060846	-7.061201	-7.041684	-7.043411	-7.037162	-7.032206	-15.006512	-7.040146
2532.963000	-7.081194	-7.051872	-7.031476	-7.057755	-7.055449	-7.049342	-7.054135	-7.034834	-7.060840	-7.061191	-7.041683	-7.043407	-7.037159	-7.032203	-15.006529	-7.040138
2545.159000	-7.081189	-7.051868	-7.031467	-7.057752	-7.055442	-7.049365	-7.054135	-7.034832	-7.060860	-7.061171	-7.041681	-7.043407	-7.037139	-7.032209	-15.006414	-7.040150
2557.365000	-7.081197	-7.051880	-7.031471	-7.057757	-7.055444	-7.049349	-7.054112	-7.034831	-7.060868	-7.061164	-7.041693	-7.043397	-7.037162	-7.032205	-15.006378	-7.040151
2569.546000	-7.081184	-7.051874	-7.031477	-7.057750	-7.055447	-7.049353	-7.054130	-7.034834	-7.060852	-7.061194	-7.041703	-7.043395	-7.037150	-7.032218	-15.006310	-7.040170
2581.743000	-7.081198	-7.051866	-7.031476	-7.057756	-7.055421	-7.049361	-7.054118	-7.034835	-7.060861	-7.061189	-7.041672	-7.043379	-7.037153	-7.032200	-15.006306	-7.040152
	-7.081178	-7.051854	-7.031470	-7.057752	-7.055431	-7.049359	-7.054125									
