8.194000	-7.049185	-7.050589	-7.068528	-7.067746	-7.073094	-7.000973	-7.030121	-6.999309	-7.092552	-7.081737	-7.058293	-7.060056	-7.064260	-7.091601	-15.003080	-7.020650
20.383000	-7.049250	-7.050637	-7.068616	-7.067812	-7.073169	-7.001082	-7.030265	-6.999416	-7.092551	-7.081753	-7.058358	-7.060123	-7.064321	-7.091668	-15.003739	-7.020722
32.605000	-7.049283	-7.050667	-7.068660	-7.067831	-7.073209	-7.001142	-7.030332	-6.999433	-7.092567	-7.081801	-7.058406	-7.060166	-7.064366	-7.091698	-15.004273	-7.020731
44.810000	-7.049292	-7.050673	-7.068704	-7.067842	-7.073242	-7.001186	-7.030347	-6.999468	-7.092608	-7.081826	-7.058421	-7.060193	-7.064379	-7.091712	-15.004363	-7.020713
57.010000	-7.049294	-7.050714	-7.068721	-7.067863	-7.073249	-7.001219	-7.030371	-6.999463	-7.092619	-7.081823	-7.058444	-7.060236	-7.064395	-7.091724	-15.004604	-7.020778
69.226000	-7.049315	-7.050711	-7.068749	-7.067851	-7.073274	-7.001226	-7.030392	-6.999486	-7.092621	-7.081817	-7.058455	-7.060254	-7.064421	-7.091723	-15.004970	-7.020787
81.411000	-7.049319	-7.050733	-7.068738	-7.067866	-7.073268	-7.001257	-7.030404	-6.999489	-7.092629	-7.081830	-7.058474	-7.060254	-7.064445	-7.091743	-15.005248	-7.020786
93.623000	-7.049307	-7.050733	-7.068742	-7.067865	-7.073284	-7.001276	-7.030430	-6.999497	-7.092630	-7.081829	-7.058458	-7.060247	-7.064421	-7.091754	-15.005291	-7.020761
105.824000	-7.049303	-7.050741	-7.068749	-7.067876	-7.073273	-7.001284	-7.030447	-6.999513	-7.092622	-7.081848	-7.058501	-7.060256	-7.064477	-7.091771	-15.005457	-7.020770
118.068000	-7.049288	-7.050762	-7.068739	-7.067881	-7.073289	-7.001282	-7.030429	-6.999498	-7.092604	-7.081840	-7.058478	-7.060251	-7.064484	-7.091775	-15.005639	-7.020788
130.251000	-7.049308	-7.050792	-7.068751	-7.067888	-7.073284	-7.001308	-7.030434	-6.999490	-7.092611	-7.081824	-7.058477	-7.060276	-7.064471	-7.091771	-15.005615	-7.020770
142.453000	-7.049282	-7.050730	-7.068743	-7.067884	-7.073300	-7.001319	-7.030452	-6.999491	-7.092612	-7.081846	-7.058489	-7.060277	-7.064463	-7.091775	-15.005456	-7.020792
154.666000	-7.049280	-7.050755	-7.068760	-7.067877	-7.073299	-7.001333	-7.030432	-6.999496	-7.092640	-7.081830	-7.058491	-7.060288	-7.064467	-7.091776	-15.005727	-7.020814
166.876000	-7.049277	-7.050761	-7.068734	-7.067871	-7.073293	-7.001325	-7.030470	-6.999537	-7.092548	-7.081834	-7.058488	-7.060417	-7.064477	-7.091784	-15.005851	-7.020800
179.092000	-7.049279	-7.050682	-7.068679	-7.067878	-7.073304	-7.001316	-7.030539	-6.999621	-7.092430	-7.081779	-7.058473	-7.060457	-7.064445	-7.091732	-15.005870	-7.020728
191.286000	-7.049325	-7.050658	-7.068645	-7.067879	-7.073296	-7.001245	-7.030534	-6.999607	-7.092320	-7.081717	-7.058440	-7.060413	-7.064382	-7.091613	-15.005801	-7.020637
203.478000	-7.049364	-7.050602	-7.068632	-7.067862	-7.073251	-7.001144	-7.030484	-6.999515	-7.092203	-7.081681	-7.058417	-7.060314	-7.064305	-7.091505	-15.006015	-7.020497
215.689000	-7.049395	-7.050546	-7.068588	-7.067889	-7.073172	-7.001015	-7.030377	-6.999438	-7.092139	-7.081616	-7.058349	-7.060251	-7.064251	-7.091386	-15.005849	-7.020393
227.910000	-7.049397	-7.050538	-7.068539	-7.067881	-7.073096	-7.000931	-7.030261	-6.999326	-7.092053	-7.081581	-7.058324	-7.060162	-7.064163	-7.091284	-15.005958	-7.020296
240.091000	-7.049396	-7.050514	-7.068517	-7.067819	-7.073027	-7.000850	-7.030187	-6.999277	-7.092019	-7.081558	-7.058295	-7.060068	-7.064096	-7.091196	-15.006041	-7.020186
252.297000	-7.049414	-7.050509	-7.068485	-7.067804	-7.072978	-7.000749	-7.030061	-6.999196	-7.091966	-7.081541	-7.058247	-7.060003	-7.064065	-7.091119	-15.005764	-7.020110
264.496000	-7.049399	-7.050504	-7.068415	-7.067795	-7.072917	-7.000691	-7.029980	-6.999143	-7.091956	-7.081514	-7.058219	-7.059941	-7.063979	-7.091046	-15.005911	-7.020069
276.698000	-7.049384	-7.050464	-7.068418	-7.067769	-7.072836	-7.000621	-7.029919	-6.999104	-7.091920	-7.081512	-7.058183	-7.059887	-7.063955	-7.091020	-15.005964	-7.020026
288.890000	-7.049339	-7.050459	-7.068392	-7.067754	-7.072827	-7.000575	-7.029872	-6.999066	-7.091909	-7.081512	-7.058145	-7.059845	-7.063943	-7.090979	-15.006007	-7.020013
301.097000	-7.049358	-7.050436	-7.068370	-7.067714	-7.072789	-7.000548	-7.029829	-6.999022	-7.091908	-7.081479	-7.058129	-7.059812	-7.063929	-7.090959	-15.006008	-7.019970
313.288000	-7.049322	-7.050440	-7.068370	-7.067709	-7.072757	-7.000535	-7.029793	-6.999004	-7.091887	-7.081455	-7.058141	-7.059781	-7.063907	-7.090934	-15.005973	-7.019960
325.476000	-7.049339	-7.050454	-7.068341	-7.067692	-7.072747	-7.000519	-7.029754	-6.999001	-7.091899	-7.081502	-7.058111	-7.059785	-7.063912	-7.090949	-15.005779	-7.019960
337.676000	-7.049316	-7.050437	-7.068358	-7.067685	-7.072728	-7.000492	-7.029771	-6.998967	-7.091887	-7.081503	-7.058096	-7.059768	-7.063912	-7.090914	-15.005826	-7.019937
349.877000	-7.049329	-7.050422	-7.068353	-7.067699	-7.072700	-7.000490	-7.029750	-6.998984	-7.091885	-7.081494	-7.058092	-7.059766	-7.063882	-7.090911	-15.005909	-7.019934
362.072000	-7.049326	-7.050423	-7.068344	-7.067689	-7.072737	-7.000470	-7.029740	-6.998967	-7.091886	-7.081506	-7.058106	-7.059757	-7.063883	-7.090908	-15.005904	-7.019919
374.268000	-7.049312	-7.050428	-7.068319	-7.067692	-7.072718	-7.000464	-7.029752	-6.998959	-7.091873	-7.081470	-7.058093	-7.059750	-7.063870	-7.090908	-15.005803	-7.019945
386.469000	-7.049309	-7.050433	-7.068323	-7.067709	-7.072731	-7.000465	-7.029728	-6.998949	-7.091850	-7.081462	-7.058109	-7.059738	-7.063897	-7.090910	-15.005595	-7.019922
398.658000	-7.049314	-7.050402	-7.068360	-7.067706	-7.072710	-7.000445	-7.029719	-6.998970	-7.091853	-7.081479	-7.058119	-7.059754	-7.063879	-7.090917	-15.005551	-7.019929
410.861000	-7.049299	-7.050411	-7.068358	-7.067712	-7.072696	-7.000450	-7.029721	-6.998960	-7.091864	-7.081503	-7.058111	-7.059763	-7.063885	-7.090913	-15.005928	-7.019903
423.035000	-7.049299	-7.050403	-7.068312	-7.067709	-7.072707	-7.000456	-7.029715	-6.998964	-7.091866	-7.081495	-7.058102	-7.059756	-7.063872	-7.090923	-15.005668	-7.019918
435.222000	-7.049318	-7.050433	-7.068306	-7.067715	-7.072692	-7.000436	-7.029724	-6.998959	-7.091844	-7.081491	-7.058086	-7.059771	-7.063863	-7.090902	-15.005705	-7.019917
447.409000	-7.049319	-7.050436	-7.068308	-7.067705	-7.072685	-7.000435	-7.029703	-6.998951	-7.091839	-7.081481	-7.058103	-7.059733	-7.063867	-7.090924	-15.005678	-7.019906
459.599000	-7.049323	-7.050422	-7.068308	-7.067712	-7.072679	-7.000438	-7.029706	-6.998946	-7.091847	-7.081486	-7.058104	-7.059737	-7.063848	-7.090881	-15.005790	-7.019912
471.787000	-7.049303	-7.050427	-7.068306	-7.067709	-7.072691	-7.000430	-7.029693	-6.998941	-7.091838	-7.081495	-7.058096	-7.059737	-7.063870	-7.090892	-15.005791	-7.019908
483.988000	-7.049303	-7.050428	-7.068306	-7.067709	-7.072693	-7.000412	-7.029704	-6.998903	-7.091829	-7.081479	-7.058098	-7.059740	-7.063872	-7.090888	-15.005707	-7.019906
496.204000	-7.049319	-7.050432	-7.068291	-7.067697	-7.072670	-7.000422	-7.029693	-6.998929	-7.091854	-7.081493	-7.058082	-7.059731	-7.063877	-7.090884	-15.005796	-7.019899
508.397000	-7.049310	-7.050415	-7.068318	-7.067701	-7.072672	-7.000418	-7.029708	-6.998918	-7.091826	-7.081499	-7.058097	-7.059725	-7.063851	-7.090907	-15.005809	-7.019910
520.608000	-7.049305	-7.050411	-7.068315	-7.067699	-7.072671	-7.000429	-7.029704	-6.998920	-7.091862	-7.081485	-7.058074	-7.059720	-7.063852	-7.090902	-15.005758	-7.019891
532.820000	-7.049310	-7.050427	-7.068306	-7.067702	-7.072663	-7.000436	-7.029705	-6.998924	-7.091820	-7.081481	-7.058083	-7.059708	-7.063879	-7.090902	-15.005878	-7.019895
545.001000	-7.049299	-7.050423	-7.068328	-7.067687	-7.072652	-7.000438	-7.029701	-6.998923	-7.091857	-7.081488	-7.058085	-7.059720	-7.063864	-7.090891	-15.005902	-7.019897
557.193000	-7.049313	-7.050414	-7.068318	-7.067682	-7.072656	-7.000441	-7.029702	-6.998927	-7.091841	-7.081484	-7.058084	-7.059712	-7.063843	-7.090926	-15.005731	-7.019891
569.376000	-7.049287	-7.050422	-7.068317	-7.067694	-7.072637	-7.000437	-7.029666	-6.998918	-7.091857	-7.081480	-7.058077	-7.059706	-7.063854	-7.090906	-15.005722	-7.019891
581.573000	-7.049296	-7.050397	-7.068302	-7.067704	-7.072628	-7.000427	-7.029704	-6.998950	-7.091822	-7.081481	-7.058087	-7.059728	-7.063862	-7.090880	-15.005667	-7.019875
593.757000	-7.049287	-7.050423	-7.068296	-7.067710	-7.072652	-7.000405	-7.029684	-6.998907	-7.091848	-7.081515	-7.058098	-7.059730	-7.063861	-7.090884	-15.005744	-7.019879
605.944000	-7.049287	-7.050401	-7.068305	-7.067702	-7.072629	-7.000403	-7.029697	-6.998911	-7.091832	-7.081478	-7.058104	-7.059718	-7.063870	-7.090860	-15.005997	-7.019866
618.134000	-7.049303	-7.050394	-7.068320	-7.067696	-7.072644	-7.000406	-7.029706	-6.998942	-7.091852	-7.081473	-7.058086	-7.059727	-7.063858	-7.090901	-15.005875	-7.019873
630.340000	-7.049302	-7.050413	-7.068306	-7.067697	-7.072648	-7.000406	-7.029694	-6.998926	-7.091850	-7.081498	-7.058104	-7.059734	-7.063868	-7.090901	-15.005728	-7.019885
642.543000	-7.049312	-7.050394	-7.068296	-7.067691	-7.072640	-7.000410	-7.029683	-6.998903	-7.091844	-7.081483	-7.058087	-7.059719	-7.063848	-7.090890	-15.005925	-7.019851
654.746000	-7.049302	-7.050396	-7.068316	-7.067698	-7.072638	-7.000436	-7.029700	-6.998935	-7.091847	-7.081472	-7.058108	-7.059731	-7.063855	-7.090893	-15.005745	-7.019882
666.928000	-7.049304	-7.050400	-7.068306	-7.067690	-7.072633	-7.000422	-7.029699	-6.998915	-7.091850	-7.081470	-7.058094	-7.059724	-7.063858	-7.090876	-15.005642	-7.019873
679.122000	-7.049295	-7.050399	-7.068309	-7.067689	-7.072632	-7.000431	-7.029674	-6.998903	-7.091836	-7.081500	-7.058081	-7.059720	-7.063861	-7.090891	-15.005572	-7.019855
691.306000	-7.049302	-7.050401	-7.068290	-7.067686	-7.072650	-7.000419	-7.029671	-6.998896	-7.091849	-7.081508	-7.058078	-7.059727	-7.063864	-7.090854	-15.005707	-7.019865
703.473000	-7.049284	-7.050397	-7.068303	-7.067673	-7.072658	-7.000434	-7.029709	-6.998915	-7.091849	-7.081490	-7.058087	-7.059741	-7.063866	-7.090891	-15.005707	-7.019859
715.677000	-7.049288	-7.050390	-7.068307	-7.067661	-7.072650	-7.000424	-7.029696	-6.998921	-7.091844	-7.081512	-7.058107	-7.059733	-7.063860	-7.090877	-15.005808	-7.019856
727.863000	-7.049277	-7.050404	-7.068308	-7.067671	-7.072646	-7.000416	-7.029688	-6.998926	-7.091856	-7.081525	-7.058067	-7.059733	-7.063859	-7.090882	-15.005692	-7.019889
740.056000	-7.049294	-7.050394	-7.068311	-7.067685	-7.072638	-7.000447	-7.029664	-6.998938	-7.091843	-7.081463	-7.058111	-7.059726	-7.063854	-7.090891	-15.005760	-7.019885
752.231000	-7.049291	-7.050416	-7.068298	-7.067678	-7.072621	-7.000429	-7.029663	-6.998909	-7.091853	-7.081495	-7.058114	-7.059715	-7.063854	-7.090894	-15.005803	-7.019865
764.432000	-7.049319	-7.050406	-7.068276	-7.067668	-7.072638	-7.000407	-7.029664	-6.998923	-7.091838	-7.081491	-7.058111	-7.059710	-7.063842	-7.090905	-15.005886	-7.019882
776.634000	-7.049276	-7.050431	-7.068296	-7.067680	-7.072628	-7.000413	-7.029677	-6.998916	-7.091838	-7.081492	-7.058081	-7.059704	-7.063840	-7.090903	-15.005843	-7.019870
788.829000	-7.049296	-7.050407	-7.068283	-7.067664	-7.072640	-7.000412	-7.029665	-6.998934	-7.091849	-7.081493	-7.058094	-7.059722	-7.063833	-7.090905	-15.005856	-7.019889
801.018000	-7.049303	-7.050413	-7.068282	-7.067684	-7.072645	-7.000413	-7.029665	-6.998908	-7.091834	-7.081481	-7.058104	-7.059739	-7.063836	-7.090902	-15.005680	-7.019874
813.223000	-7.049289	-7.050409	-7.068296	-7.067676	-7.072641	-7.000395	-7.029681	-6.998909	-7.091828	-7.081488	-7.058095	-7.059728	-7.063854	-7.090915	-15.005816	-7.019880
825.411000	-7.049300	-7.050421	-7.068298	-7.067692	-7.072624	-7.000419	-7.029664	-6.998895	-7.091840	-7.081487	-7.058085	-7.059726	-7.063843	-7.090887	-15.005696	-7.019881
837.591000	-7.049295	-7.050421	-7.068296	-7.067677	-7.072644	-7.000417	-7.029664	-6.998904	-7.091843	-7.081499	-7.058086	-7.059727	-7.063835	-7.090905	-15.005878	-7.019870
849.796000	-7.049286	-7.050429	-7.068304	-7.067666	-7.072643	-7.000406	-7.029664	-6.998915	-7.091837	-7.081482	-7.058105	-7.059729	-7.063824	-7.090893	-15.005706	-7.019875
861.996000	-7.049317	-7.050407	-7.068283	-7.067661	-7.072634	-7.000395	-7.029657	-6.998911	-7.091824	-7.081488	-7.058084	-7.059735	-7.063829	-7.090864	-15.005686	-7.019894
874.189000	-7.049311	-7.050392	-7.068284	-7.067685	-7.072643	-7.000397	-7.029653	-6.998893	-7.091825	-7.081455	-7.058104	-7.059747	-7.063823	-7.090904	-15.005687	-7.019886
886.376000	-7.049287	-7.050391	-7.068274	-7.067669	-7.072632	-7.000390	-7.029657	-6.998914	-7.091839	-7.081505	-7.058097	-7.059747	-7.063823	-7.090872	-15.005719	-7.019897
898.574000	-7.049288	-7.050395	-7.068281	-7.067681	-7.072623	-7.000375	-7.029667	-6.998885	-7.091835	-7.081475	-7.058084	-7.059751	-7.063838	-7.090891	-15.005851	-7.019878
910.785000	-7.049292	-7.050379	-7.068289	-7.067670	-7.072638	-7.000400	-7.029660	-6.998886	-7.091847	-7.081471	-7.058094	-7.059741	-7.063826	-7.090920	-15.006040	-7.019874
922.994000	-7.049265	-7.050389	-7.068286	-7.067674	-7.072642	-7.000401	-7.029638	-6.998886	-7.091860	-7.081471	-7.058110	-7.059720	-7.063830	-7.090908	-15.005870	-7.019867
935.186000	-7.049293	-7.050409	-7.068267	-7.067657	-7.072629	-7.000383	-7.029660	-6.998902	-7.091858	-7.081484	-7.058118	-7.059745	-7.063837	-7.090906	-15.005807	-7.019888
947.371000	-7.049286	-7.050407	-7.068280	-7.067689	-7.072632	-7.000395	-7.029669	-6.998904	-7.091862	-7.081498	-7.058084	-7.059733	-7.063841	-7.090897	-15.005866	-7.019876
959.555000	-7.049288	-7.050411	-7.068293	-7.067683	-7.072627	-7.000396	-7.029647	-6.998899	-7.091851	-7.081466	-7.058075	-7.059734	-7.063839	-7.090903	-15.006063	-7.019879
971.753000	-7.049283	-7.050408	-7.068282	-7.067673	-7.072637	-7.000393	-7.029651	-6.998891	-7.091845	-7.081475	-7.058078	-7.059731	-7.063825	-7.090885	-15.006179	-7.019886
983.958000	-7.049308	-7.050410	-7.068279	-7.067683	-7.072640	-7.000400	-7.029655	-6.998903	-7.091844	-7.081484	-7.058097	-7.059731	-7.063841	-7.090876	-15.006109	-7.019889
996.168000	-7.049295	-7.050393	-7.068281	-7.067657	-7.072638	-7.000400	-7.029647	-6.998863	-7.091847	-7.081470	-7.058088	-7.059748	-7.063827	-7.090897	-15.006148	-7.019891
1008.360000	-7.049304	-7.050392	-7.068290	-7.067651	-7.072620	-7.000392	-7.029647	-6.998887	-7.091841	-7.081478	-7.058089	-7.059739	-7.063824	-7.090888	-15.006178	-7.019891
1020.554000	-7.049318	-7.050387	-7.068294	-7.067690	-7.072633	-7.000412	-7.029637	-6.998878	-7.091830	-7.081456	-7.058077	-7.059748	-7.063837	-7.090885	-15.006167	-7.019896
1032.740000	-7.049313	-7.050417	-7.068305	-7.067678	-7.072620	-7.000402	-7.029638	-6.998847	-7.091814	-7.081490	-7.058088	-7.059750	-7.063825	-7.090892	-15.006062	-7.019888
1044.918000	-7.049321	-7.050395	-7.068303	-7.067648	-7.072617	-7.000402	-7.029639	-6.998870	-7.091834	-7.081456	-7.058091	-7.059753	-7.063808	-7.090923	-15.006361	-7.019904
1057.120000	-7.049306	-7.050417	-7.068282	-7.067682	-7.072619	-7.000391	-7.029639	-6.998872	-7.091864	-7.081458	-7.058092	-7.059753	-7.063836	-7.090884	-15.006285	-7.019863
1069.311000	-7.049325	-7.050434	-7.068296	-7.067688	-7.072628	-7.000398	-7.029639	-6.998842	-7.091836	-7.081473	-7.058090	-7.059754	-7.063817	-7.090885	-15.006313	-7.019891
1081.493000	-7.049304	-7.050416	-7.068287	-7.067670	-7.072610	-7.000401	-7.029635	-6.998869	-7.091825	-7.081449	-7.058088	-7.059741	-7.063823	-7.090872	-15.006323	-7.019898
1093.708000	-7.049296	-7.050430	-7.068287	-7.067670	-7.072615	-7.000417	-7.029630	-6.998861	-7.091837	-7.081453	-7.058084	-7.059745	-7.063839	-7.090890	-15.006407	-7.019871
1105.879000	-7.049299	-7.050408	-7.068281	-7.067687	-7.072646	-7.000382	-7.029631	-6.998862	-7.091818	-7.081456	-7.058088	-7.059751	-7.063819	-7.090887	-15.006179	-7.019879
1118.095000	-7.049290	-7.050422	-7.068284	-7.067664	-7.072640	-7.000386	-7.029631	-6.998905	-7.091838	-7.081460	-7.058088	-7.059745	-7.063819	-7.090896	-15.006409	-7.019890
1130.298000	-7.049293	-7.050410	-7.068287	-7.067674	-7.072644	-7.000396	-7.029637	-6.998866	-7.091807	-7.081440	-7.058091	-7.059740	-7.063817	-7.090879	-15.006286	-7.019905
1142.481000	-7.049297	-7.050400	-7.068295	-7.067659	-7.072645	-7.000394	-7.029627	-6.998872	-7.091804	-7.081450	-7.058093	-7.059764	-7.063822	-7.090892	-15.006344	-7.019886
1154.667000	-7.049301	-7.050411	-7.068301	-7.067664	-7.072639	-7.000388	-7.029646	-6.998878	-7.091827	-7.081458	-7.058097	-7.059745	-7.063821	-7.090894	-15.006305	-7.019899
1166.852000	-7.049293	-7.050400	-7.068273	-7.067668	-7.072638	-7.000379	-7.029643	-6.998894	-7.091832	-7.081485	-7.058096	-7.059734	-7.063823	-7.090889	-15.006383	-7.019898
1179.080000	-7.049302	-7.050407	-7.068287	-7.067669	-7.072647	-7.000390	-7.029637	-6.998870	-7.091813	-7.081446	-7.058083	-7.059755	-7.063823	-7.090885	-15.006616	-7.019885
1191.259000	-7.049301	-7.050383	-7.068287	-7.067674	-7.072647	-7.000403	-7.029638	-6.998857	-7.091817	-7.081435	-7.058104	-7.059766	-7.063828	-7.090884	-15.006374	-7.019894
1203.463000	-7.049300	-7.050384	-7.068290	-7.067676	-7.072648	-7.000398	-7.029629	-6.998874	-7.091814	-7.081433	-7.058107	-7.059743	-7.063836	-7.090893	-15.006417	-7.019892
1215.669000	-7.049300	-7.050392	-7.068287	-7.067671	-7.072648	-7.000379	-7.029605	-6.998857	-7.091821	-7.081454	-7.058119	-7.059749	-7.063843	-7.090871	-15.006490	-7.019907
1227.870000	-7.049292	-7.050401	-7.068274	-7.067671	-7.072647	-7.000369	-7.029613	-6.998839	-7.091828	-7.081462	-7.058099	-7.059764	-7.063851	-7.090874	-15.006498	-7.019865
1240.074000	-7.049292	-7.050404	-7.068274	-7.067678	-7.072642	-7.000361	-7.029623	-6.998864	-7.091825	-7.081432	-7.058101	-7.059737	-7.063851	-7.090865	-15.006244	-7.019897
1252.267000	-7.049299	-7.050410	-7.068271	-7.067684	-7.072639	-7.000372	-7.029614	-6.998871	-7.091835	-7.081451	-7.058109	-7.059749	-7.063842	-7.090881	-15.006320	-7.019897
1264.462000	-7.049280	-7.050397	-7.068276	-7.067679	-7.072645	-7.000385	-7.029602	-6.998883	-7.091842	-7.081471	-7.058113	-7.059744	-7.063834	-7.090883	-15.006565	-7.019882
1276.651000	-7.049285	-7.050421	-7.068294	-7.067692	-7.072669	-7.000399	-7.029613	-6.998857	-7.091813	-7.081465	-7.058105	-7.059759	-7.063839	-7.090892	-15.006540	-7.019887
1288.847000	-7.049283	-7.050410	-7.068272	-7.067706	-7.072654	-7.000395	-7.029595	-6.998859	-7.091853	-7.081460	-7.058082	-7.059495	-7.063841	-7.090809	-15.006402	-7.019751
1301.050000	-7.049237	-7.050703	-7.068508	-7.067655	-7.072691	-7.000475	-7.029420	-6.998589	-7.092431	-7.081674	-7.058020	-7.059366	-7.063913	-7.090962	-15.006405	-7.019981
1313.246000	-7.049114	-7.050758	-7.068523	-7.067615	-7.072716	-7.000670	-7.029592	-6.998765	-7.092605	-7.081800	-7.058154	-7.059630	-7.064075	-7.091250	-15.006355	-7.020313
1325.438000	-7.049062	-7.050770	-7.068574	-7.067659	-7.072853	-7.000888	-7.029829	-6.998996	-7.092776	-7.081905	-7.058298	-7.059934	-7.064252	-7.091491	-15.006282	-7.020563
1337.653000	-7.049060	-7.050813	-7.068668	-7.067704	-7.073024	-7.001111	-7.030078	-6.999195	-7.092877	-7.081954	-7.058431	-7.060147	-7.064409	-7.091699	-15.006167	-7.020748
1349.853000	-7.049075	-7.050832	-7.068737	-7.067755	-7.073156	-7.001275	-7.030268	-6.999354	-7.092972	-7.082001	-7.058534	-7.060282	-7.064532	-7.091863	-15.006275	-7.020913
1362.042000	-7.049098	-7.050865	-7.068808	-7.067795	-7.073283	-7.001419	-7.030472	-6.999495	-7.093012	-7.082039	-7.058609	-7.060395	-7.064627	-7.091994	-15.006346	-7.021017
1374.255000	-7.049130	-7.050895	-7.068863	-7.067833	-7.073374	-7.001550	-7.030603	-6.999582	-7.093050	-7.082087	-7.058665	-7.060477	-7.064710	-7.092079	-15.006220	-7.021093
1386.477000	-7.049161	-7.050905	-7.068898	-7.067866	-7.073455	-7.001648	-7.030704	-6.999650	-7.093097	-7.082075	-7.058701	-7.060564	-7.064741	-7.092140	-15.006108	-7.021158
1398.685000	-7.049188	-7.050928	-7.068933	-7.067916	-7.073514	-7.001700	-7.030776	-6.999708	-7.093105	-7.082115	-7.058748	-7.060619	-7.064749	-7.092169	-15.006118	-7.021203
1410.871000	-7.049188	-7.050901	-7.068968	-7.067948	-7.073549	-7.001748	-7.030822	-6.999736	-7.093130	-7.082099	-7.058760	-7.060648	-7.064781	-7.092215	-15.006304	-7.021215
1423.064000	-7.049224	-7.050925	-7.068946	-7.067953	-7.073587	-7.001777	-7.030867	-6.999745	-7.093137	-7.082104	-7.058783	-7.060693	-7.064785	-7.092223	-15.006093	-7.021235
1435.274000	-7.049241	-7.050913	-7.068980	-7.067967	-7.073623	-7.001795	-7.030897	-6.999766	-7.093128	-7.082127	-7.058806	-7.060730	-7.064783	-7.092245	-15.006326	-7.021232
1447.459000	-7.049242	-7.050936	-7.069003	-7.068001	-7.073622	-7.001812	-7.030919	-6.999802	-7.093131	-7.082148	-7.058810	-7.060732	-7.064776	-7.092254	-15.006323	-7.021254
1459.647000	-7.049244	-7.050931	-7.069019	-7.068007	-7.073635	-7.001837	-7.030917	-6.999802	-7.093142	-7.082136	-7.058790	-7.060750	-7.064759	-7.092263	-15.006396	-7.021279
1471.889000	-7.049261	-7.050924	-7.069022	-7.068025	-7.073636	-7.001847	-7.030942	-6.999803	-7.093135	-7.082143	-7.058830	-7.060777	-7.064754	-7.092243	-15.006165	-7.021276
1484.066000	-7.049274	-7.050945	-7.069015	-7.068005	-7.073650	-7.001873	-7.030961	-6.999824	-7.093157	-7.082147	-7.058840	-7.060768	-7.064735	-7.092245	-15.006089	-7.021296
1496.257000	-7.049260	-7.050927	-7.069028	-7.068041	-7.073647	-7.001847	-7.030945	-6.999814	-7.093150	-7.082141	-7.058823	-7.060761	-7.064726	-7.092227	-15.006275	-7.021285
1508.451000	-7.049272	-7.050936	-7.069036	-7.068015	-7.073654	-7.001866	-7.030937	-6.999808	-7.093150	-7.082134	-7.058823	-7.060774	-7.064701	-7.092242	-15.006437	-7.021289
1520.646000	-7.049279	-7.050926	-7.069035	-7.068042	-7.073663	-7.001863	-7.030961	-6.999830	-7.093158	-7.082142	-7.058845	-7.060782	-7.064683	-7.092232	-15.006142	-7.021306
1532.843000	-7.049277	-7.050939	-7.069040	-7.068048	-7.073667	-7.001867	-7.030957	-6.999838	-7.093145	-7.082130	-7.058842	-7.060780	-7.064680	-7.092217	-15.006209	-7.021297
1545.025000	-7.049276	-7.050918	-7.069038	-7.068035	-7.073634	-7.001854	-7.030923	-6.999843	-7.093123	-7.082134	-7.058863	-7.060796	-7.064639	-7.092207	-15.006433	-7.021297
1557.200000	-7.049274	-7.050924	-7.069049	-7.068043	-7.073634	-7.001861	-7.030910	-6.999821	-7.093125	-7.082130	-7.058863	-7.060793	-7.064643	-7.092183	-15.006328	-7.021292
1569.375000	-7.049262	-7.050914	-7.069043	-7.068055	-7.073631	-7.001859	-7.030931	-6.999828	-7.093132	-7.082132	-7.058848	-7.060784	-7.064601	-7.092187	-15.006308	-7.021279
1581.592000	-7.049266	-7.050915	-7.069044	-7.068045	-7.073608	-7.001839	-7.030937	-6.999821	-7.093127	-7.082120	-7.058859	-7.060798	-7.064573	-7.092156	-15.006325	-7.021275
1593.794000	-7.049270	-7.050902	-7.069031	-7.068062	-7.073613	-7.001823	-7.030949	-6.999845	-7.093124	-7.082121	-7.058875	-7.060794	-7.064519	-7.092127	-15.006467	-7.021273
1605.988000	-7.049275	-7.050903	-7.069043	-7.068070	-7.073621	-7.001859	-7.030943	-6.999835	-7.093114	-7.082119	-7.058844	-7.060792	-7.064491	-7.092087	-15.006330	-7.021274
1618.217000	-7.049253	-7.050916	-7.069049	-7.068084	-7.073623	-7.001831	-7.030908	-6.999822	-7.093125	-7.082103	-7.058840	-7.060780	-7.064438	-7.092108	-15.006165	-7.021262
1630.415000	-7.049258	-7.050907	-7.069056	-7.068080	-7.073618	-7.001840	-7.030935	-6.999834	-7.093102	-7.082111	-7.058848	-7.060794	-7.064402	-7.092081	-15.006184	-7.021253
1642.616000	-7.049255	-7.050907	-7.069050	-7.068080	-7.073611	-7.001846	-7.030899	-6.999824	-7.093094	-7.082107	-7.058857	-7.060812	-7.064325	-7.092076	-15.006121	-7.021232
1654.807000	-7.049254	-7.050899	-7.069049	-7.068088	-7.073603	-7.001828	-7.030878	-6.999823	-7.093116	-7.082121	-7.058848	-7.060818	-7.064268	-7.092027	-15.006192	-7.021222
1666.999000	-7.049266	-7.050888	-7.069052	-7.068060	-7.073604	-7.001820	-7.030908	-6.999842	-7.093115	-7.082145	-7.058874	-7.060800	-7.064237	-7.091999	-15.006175	-7.021225
1679.179000	-7.049278	-7.050897	-7.069052	-7.068065	-7.073610	-7.001813	-7.030901	-6.999832	-7.093121	-7.082136	-7.058860	-7.060826	-7.064166	-7.091969	-15.006100	-7.021195
1691.373000	-7.049265	-7.050892	-7.069052	-7.068073	-7.073601	-7.001808	-7.030864	-6.999846	-7.093111	-7.082112	-7.058859	-7.060793	-7.064110	-7.091947	-15.006212	-7.021201
1703.555000	-7.049264	-7.050890	-7.069058	-7.068067	-7.073585	-7.001808	-7.030877	-6.999816	-7.093090	-7.082122	-7.058879	-7.060806	-7.064053	-7.091946	-15.006158	-7.021179
1715.757000	-7.049260	-7.050902	-7.069063	-7.068083	-7.073587	-7.001801	-7.030894	-6.999845	-7.093079	-7.082105	-7.058869	-7.060795	-7.063988	-7.091925	-15.006158	-7.021176
1727.946000	-7.049248	-7.050887	-7.069046	-7.068072	-7.073576	-7.001781	-7.030877	-6.999813	-7.093070	-7.082114	-7.058864	-7.060797	-7.063949	-7.091884	-15.006275	-7.021141
1740.149000	-7.049266	-7.050878	-7.069053	-7.068075	-7.073575	-7.001801	-7.030883	-6.999832	-7.093065	-7.082096	-7.058863	-7.060788	-7.063895	-7.091868	-15.006264	-7.021121
1752.345000	-7.049245	-7.050886	-7.069049	-7.068072	-7.073561	-7.001785	-7.030878	-6.999820	-7.093071	-7.082110	-7.058872	-7.060798	-7.063872	-7.091846	-15.006326	-7.021108
1764.546000	-7.049278	-7.050895	-7.069051	-7.068086	-7.073565	-7.001768	-7.030854	-6.999820	-7.093071	-7.082104	-7.058875	-7.060784	-7.063810	-7.091838	-15.006255	-7.021081
1776.758000	-7.049271	-7.050899	-7.069050	-7.068082	-7.073538	-7.001758	-7.030832	-6.999813	-7.093075	-7.082106	-7.058853	-7.060808	-7.063792	-7.091840	-15.006270	-7.021081
1788.954000	-7.049267	-7.050904	-7.069036	-7.068081	-7.073556	-7.001749	-7.030820	-6.999821	-7.093073	-7.082107	-7.058877	-7.060794	-7.063726	-7.091821	-15.006151	-7.021079
1801.141000	-7.049286	-7.050874	-7.069016	-7.068064	-7.073532	-7.001749	-7.030820	-6.999837	-7.093058	-7.082114	-7.058851	-7.060807	-7.063709	-7.091784	-15.006254	-7.021079
1813.324000	-7.049270	-7.050884	-7.069032	-7.068079	-7.073516	-7.001749	-7.030846	-6.999811	-7.093057	-7.082088	-7.058873	-7.060806	-7.063653	-7.091776	-15.006236	-7.021028
1825.521000	-7.049253	-7.050882	-7.069049	-7.068063	-7.073508	-7.001740	-7.030835	-6.999827	-7.093057	-7.082097	-7.058868	-7.060809	-7.063600	-7.091779	-15.006104	-7.021038
1837.711000	-7.049265	-7.050875	-7.069067	-7.068072	-7.073491	-7.001722	-7.030801	-6.999820	-7.093066	-7.082086	-7.058860	-7.060812	-7.063583	-7.091758	-15.006258	-7.021015
1849.926000	-7.049271	-7.050886	-7.069037	-7.068079	-7.073516	-7.001726	-7.030810	-6.999820	-7.093066	-7.082084	-7.058852	-7.060787	-7.063568	-7.091764	-15.006213	-7.021014
1862.119000	-7.049271	-7.050876	-7.069037	-7.068070	-7.073493	-7.001707	-7.030800	-6.999823	-7.093058	-7.082094	-7.058863	-7.060794	-7.063534	-7.091750	-15.006081	-7.020989
1874.338000	-7.049269	-7.050875	-7.069043	-7.068083	-7.073478	-7.001727	-7.030829	-6.999800	-7.093044	-7.082078	-7.058848	-7.060777	-7.063512	-7.091735	-15.006374	-7.020994
1886.539000	-7.049248	-7.050897	-7.069044	-7.068080	-7.073471	-7.001689	-7.030812	-6.999806	-7.093041	-7.082100	-7.058877	-7.060808	-7.063463	-7.091723	-15.006169	-7.020973
1898.713000	-7.049259	-7.050874	-7.069041	-7.068077	-7.073485	-7.001684	-7.030801	-6.999792	-7.093049	-7.082105	-7.058892	-7.060793	-7.063445	-7.091688	-15.006093	-7.020980
1910.883000	-7.049254	-7.050887	-7.069051	-7.068089	-7.073482	-7.001684	-7.030802	-6.999810	-7.093022	-7.082086	-7.058870	-7.060785	-7.063424	-7.091685	-15.006258	-7.020972
1923.080000	-7.049271	-7.050881	-7.069052	-7.068060	-7.073459	-7.001679	-7.030784	-6.999818	-7.093026	-7.082106	-7.058888	-7.060772	-7.063411	-7.091695	-15.006348	-7.020959
1935.252000	-7.049256	-7.050872	-7.069050	-7.068085	-7.073444	-7.001650	-7.030781	-6.999804	-7.093015	-7.082108	-7.058867	-7.060772	-7.063388	-7.091685	-15.006307	-7.020943
1947.459000	-7.049247	-7.050873	-7.069040	-7.068097	-7.073426	-7.001651	-7.030781	-6.999828	-7.093016	-7.082109	-7.058880	-7.060791	-7.063368	-7.091671	-15.006406	-7.020962
1959.655000	-7.049245	-7.050882	-7.069041	-7.068076	-7.073408	-7.001642	-7.030774	-6.999795	-7.093032	-7.082084	-7.058874	-7.060745	-7.063339	-7.091661	-15.006333	-7.020931
1971.838000	-7.049242	-7.050882	-7.069020	-7.068071	-7.073428	-7.001639	-7.030779	-6.999801	-7.093023	-7.082089	-7.058873	-7.060766	-7.063324	-7.091646	-15.006249	-7.020941
1984.024000	-7.049244	-7.050881	-7.069024	-7.068051	-7.073407	-7.001613	-7.030763	-6.999804	-7.093018	-7.082076	-7.058871	-7.060754	-7.063303	-7.091636	-15.006460	-7.020917
1996.222000	-7.049247	-7.050879	-7.069044	-7.068085	-7.073409	-7.001614	-7.030760	-6.999817	-7.093030	-7.082080	-7.058873	-7.060755	-7.063271	-7.091621	-15.006349	-7.020885
2008.428000	-7.049247	-7.050886	-7.069051	-7.068067	-7.073408	-7.001580	-7.030745	-6.999815	-7.093015	-7.082068	-7.058898	-7.060763	-7.063266	-7.091617	-15.006401	-7.020899
2020.607000	-7.049254	-7.050879	-7.069037	-7.068047	-7.073388	-7.001572	-7.030731	-6.999822	-7.093034	-7.082092	-7.058901	-7.060781	-7.063253	-7.091611	-15.006305	-7.020899
2032.818000	-7.049247	-7.050867	-7.069035	-7.068075	-7.073401	-7.001566	-7.030737	-6.999816	-7.093021	-7.082091	-7.058885	-7.060818	-7.063240	-7.091610	-15.006513	-7.020912
2045.034000	-7.049234	-7.050850	-7.069001	-7.068062	-7.073413	-7.001714	-7.030848	-6.999932	-7.093019	-7.082082	-7.058851	-7.060954	-7.063639	-7.091816	-15.006410	-7.021158
2057.244000	-7.049305	-7.050850	-7.068998	-7.068072	-7.073680	-7.001928	-7.031080	-6.999989	-7.092999	-7.082070	-7.058822	-7.060933	-7.064583	-7.092216	-15.006455	-7.021278
2069.464000	-7.049334	-7.050866	-7.068974	-7.068056	-7.073732	-7.001868	-7.031054	-6.999889	-7.092914	-7.082009	-7.058768	-7.060825	-7.064761	-7.092158	-15.006556	-7.021169
2081.695000	-7.049345	-7.050842	-7.068931	-7.068035	-7.073674	-7.001766	-7.030970	-6.999802	-7.092856	-7.081975	-7.058716	-7.060709	-7.064759	-7.092064	-15.006521	-7.021075
2093.889000	-7.049355	-7.050850	-7.068883	-7.068007	-7.073608	-7.001677	-7.030862	-6.999737	-7.092805	-7.081952	-7.058666	-7.060621	-7.064707	-7.091979	-15.006391	-7.021026
2106.089000	-7.049320	-7.050839	-7.068876	-7.067988	-7.073561	-7.001621	-7.030790	-6.999666	-7.092787	-7.081943	-7.058653	-7.060570	-7.064652	-7.091945	-15.006795	-7.020936
2118.279000	-7.049311	-7.050823	-7.068842	-7.067967	-7.073508	-7.001566	-7.030723	-6.999624	-7.092770	-7.081946	-7.058624	-7.060542	-7.064637	-7.091895	-15.006688	-7.020931
2130.475000	-7.049307	-7.050843	-7.068805	-7.067954	-7.073455	-7.001545	-7.030659	-6.999601	-7.092753	-7.081920	-7.058595	-7.060502	-7.064622	-7.091865	-15.006464	-7.020892
2142.668000	-7.049308	-7.050815	-7.068807	-7.067945	-7.073429	-7.001508	-7.030645	-6.999591	-7.092757	-7.081925	-7.058599	-7.060466	-7.064585	-7.091857	-15.006573	-7.020858
2154.873000	-7.049295	-7.050828	-7.068790	-7.067930	-7.073412	-7.001480	-7.030593	-6.999554	-7.092730	-7.081907	-7.058574	-7.060451	-7.064594	-7.091837	-15.006321	-7.020874
2167.057000	-7.049281	-7.050822	-7.068792	-7.067898	-7.073404	-7.001467	-7.030593	-6.999554	-7.092719	-7.081909	-7.058580	-7.060455	-7.064546	-7.091819	-15.006528	-7.020857
2179.263000	-7.049282	-7.050806	-7.068783	-7.067907	-7.073390	-7.001452	-7.030548	-6.999539	-7.092739	-7.081904	-7.058557	-7.060450	-7.064570	-7.091815	-15.006368	-7.020851
2191.446000	-7.049272	-7.050801	-7.068769	-7.067899	-7.073374	-7.001460	-7.030556	-6.999520	-7.092729	-7.081901	-7.058553	-7.060419	-7.064562	-7.091801	-15.006590	-7.020844
2203.649000	-7.049266	-7.050778	-7.068777	-7.067895	-7.073355	-7.001433	-7.030542	-6.999529	-7.092707	-7.081895	-7.058557	-7.060433	-7.064557	-7.091815	-15.006451	-7.020821
2215.837000	-7.049260	-7.050789	-7.068753	-7.067893	-7.073361	-7.001417	-7.030543	-6.999527	-7.092704	-7.081916	-7.058544	-7.060427	-7.064548	-7.091810	-15.006640	-7.020827
2228.013000	-7.049268	-7.050799	-7.068756	-7.067885	-7.073348	-7.001428	-7.030540	-6.999513	-7.092691	-7.081908	-7.058528	-7.060413	-7.064565	-7.091794	-15.006778	-7.020820
2240.218000	-7.049258	-7.050792	-7.068760	-7.067890	-7.073346	-7.001432	-7.030520	-6.999509	-7.092719	-7.081893	-7.058548	-7.060422	-7.064549	-7.091799	-15.006803	-7.020819
2252.406000	-7.049271	-7.050793	-7.068785	-7.067869	-7.073334	-7.001438	-7.030497	-6.999510	-7.092710	-7.081897	-7.058536	-7.060416	-7.064563	-7.091777	-15.006754	-7.020826
2264.584000	-7.049272	-7.050791	-7.068769	-7.067883	-7.073338	-7.001448	-7.030529	-6.999505	-7.092697	-7.081918	-7.058523	-7.060397	-7.064555	-7.091785	-15.006557	-7.020791
2276.817000	-7.049257	-7.050787	-7.068744	-7.067879	-7.073336	-7.001423	-7.030516	-6.999510	-7.092709	-7.081916	-7.058531	-7.060408	-7.064525	-7.091796	-15.006484	-7.020793
2289.005000	-7.049262	-7.050781	-7.068779	-7.067899	-7.073350	-7.001423	-7.030517	-6.999506	-7.092713	-7.081903	-7.058543	-7.060409	-7.064545	-7.091776	-15.006440	-7.020812
2301.225000	-7.049279	-7.050804	-7.068766	-7.067878	-7.073338	-7.001413	-7.030499	-6.999501	-7.092693	-7.081914	-7.058528	-7.060421	-7.064525	-7.091793	-15.006529	-7.020812
2313.446000	-7.049273	-7.050782	-7.068772	-7.067876	-7.073330	-7.001413	-7.030505	-6.999502	-7.092693	-7.081903	-7.058523	-7.060415	-7.064539	-7.091768	-15.006564	-7.020811
2325.642000	-7.049258	-7.050800	-7.068775	-7.067860	-7.073356	-7.001383	-7.030521	-6.999482	-7.092711	-7.081916	-7.058534	-7.060399	-7.064523	-7.091788	-15.006505	-7.020796
2337.842000	-7.049299	-7.050749	-7.068759	-7.067886	-7.073339	-7.001405	-7.030517	-6.999485	-7.092690	-7.081887	-7.058536	-7.060402	-7.064517	-7.091783	-15.006470	-7.020797
2350.030000	-7.049258	-7.050765	-7.068769	-7.067889	-7.073334	-7.001380	-7.030504	-6.999505	-7.092706	-7.081888	-7.058545	-7.060408	-7.064531	-7.091772	-15.006350	-7.020787
2362.210000	-7.049264	-7.050766	-7.068752	-7.067870	-7.073343	-7.001398	-7.030526	-6.999505	-7.092687	-7.081891	-7.058519	-7.060403	-7.064535	-7.091776	-15.006495	-7.020798
2374.395000	-7.049275	-7.050766	-7.068743	-7.067867	-7.073328	-7.001410	-7.030525	-6.999508	-7.092695	-7.081899	-7.058515	-7.060383	-7.064551	-7.091763	-15.006490	-7.020785
2386.581000	-7.049263	-7.050763	-7.068741	-7.067866	-7.073316	-7.001403	-7.030508	-6.999508	-7.092705	-7.081918	-7.058527	-7.060385	-7.064533	-7.091768	-15.006705	-7.020778
2398.786000	-7.049262	-7.050744	-7.068772	-7.067862	-7.073336	-7.001406	-7.030512	-6.999480	-7.092709	-7.081906	-7.058526	-7.060393	-7.064530	-7.091765	-15.006613	-7.020789
2410.986000	-7.049263	-7.050745	-7.068754	-7.067861	-7.073327	-7.001390	-7.030502	-6.999468	-7.092683	-7.081896	-7.058549	-7.060386	-7.064516	-7.091773	-15.006515	-7.020780
2423.195000	-7.049267	-7.050754	-7.068749	-7.067864	-7.073325	-7.001390	-7.030506	-6.999474	-7.092690	-7.081890	-7.058529	-7.060396	-7.064543	-7.091761	-15.006541	-7.020770
2435.383000	-7.049279	-7.050754	-7.068742	-7.067869	-7.073336	-7.001395	-7.030496	-6.999488	-7.092705	-7.081896	-7.058520	-7.060388	-7.064524	-7.091754	-15.006509	-7.020771
2447.619000	-7.049252	-7.050770	-7.068760	-7.067882	-7.073325	-7.001378	-7.030522	-6.999504	-7.092684	-7.081910	-7.058537	-7.060394	-7.064521	-7.091729	-15.006623	-7.020773
2459.815000	-7.049250	-7.050769	-7.068750	-7.067861	-7.073349	-7.001393	-7.030500	-6.999485	-7.092665	-7.081900	-7.058537	-7.060392	-7.064529	-7.091758	-15.006530	-7.020776
2472.039000	-7.049261	-7.050769	-7.068742	-7.067864	-7.073347	-7.001381	-7.030512	-6.999501	-7.092680	-7.081890	-7.058541	-7.060392	-7.064496	-7.091748	-15.006369	-7.020758
2484.256000	-7.049271	-7.050764	-7.068755	-7.067875	-7.073351	-7.001381	-7.030511	-6.999487	-7.092663	-7.081907	-7.058526	-7.060398	-7.064516	-7.091770	-15.006533	-7.020766
2496.457000	-7.049249	-7.050771	-7.068751	-7.067877	-7.073328	-7.001377	-7.030525	-6.999473	-7.092676	-7.081898	-7.058537	-7.060399	-7.064519	-7.091772	-15.006536	-7.020759
2508.662000	-7.049239	-7.050782	-7.068741	-7.067863	-7.073344	-7.001371	-7.030506	-6.999490	-7.092672	-7.081916	-7.058537	-7.060390	-7.064533	-7.091754	-15.006633	-7.020770
2520.857000	-7.049257	-7.050757	-7.068736	-7.067873	-7.073329	-7.001382	-7.030497	-6.999494	-7.092675	-7.081915	-7.058539	-7.060395	-7.064510	-7.091764	-15.006635	-7.020787
2533.071000	-7.049262	-7.050766	-7.068745	-7.067874	-7.073310	-7.001379	-7.030495	-6.999484	-7.092671	-7.081909	-7.058525	-7.060384	-7.064519	-7.091752	-15.006764	-7.020775
2545.265000	-7.049281	-7.050755	-7.068756	-7.067883	-7.073323	-7.001365	-7.030496	-6.999490	-7.092669	-7.081913	-7.058516	-7.060367	-7.064517	-7.091751	-15.006589	-7.020793
2557.461000	-7.049267	-7.050763	-7.068756	-7.067878	-7.073329	-7.001384	-7.030505	-6.999478	-7.092665	-7.081915	-7.058519	-7.060375	-7.064521	-7.091756	-15.006428	-7.020778
2569.673000	-7.049252	-7.050776	-7.068767	-7.067884	-7.073345	-7.001389	-7.030513	-6.999479	-7.092697	-7.081912	-7.058522	-7.060377	-7.064529	-7.091772	-15.006593	-7.020756
2581.874000	-7.049260	-7.050756	-7.068761	-7.067886	-7.073308	-7.001394	-7.030508	-6.999481	-7.092687	-7.081902	-7.058520	-7.060377	-7.064520	-7.091776	-15.006534	-7.020785
2594.056000	-7.049251	-7.050741	-7.068752	-7.067883	-7.073311	-7.001378	-7.030498	-6.999473	-7.092694	-7.081912	-7.058541	-7.060377	-7.064513	-7.091770	-15.006494	-7.020793
2606.270000	-7.049252	-7.050759	-7.068750	-7.067872	-7.073325	-7.001377	-7.030520	-6.999490	-7.092704	-7.081892	-7.058510	-7.060381	-7.064504	-7.091763	-15.006415	-7.020780
2618.464000	-7.049261	-7.050767	-7.068756	-7.067900	-7.073328	-7.001378	-7.030507	-6.999474	-7.092676	-7.081897	-7.058523	-7.060386	-7.064507	-7.091750	-15.006501	-7.020770
2630.664000	-7.049255	-7.050765	-7.068770	-7.067863	-7.073329	-7.001379	-7.030499	-6.999485	-7.092687	-7.081886	-7.058525	-7.060372	-7.064525	-7.091753	-15.006526	-7.020756
2642.894000	-7.049268	-7.050766	-7.068765	-7.067874	-7.073335	-7.001373	-7.030488	-6.999502	-7.092680	-7.081897	-7.058525	-7.060377	-7.064510	-7.091751	-15.006587	-7.020750
	-7.049272	-7.050754	-7.068752													
