20.703000	-7.007654	-7.003651	-7.020075	-7.029092	-7.060382	-7.089796	-7.077944	-7.048340	-7.067678	-7.060203	-7.058830	-7.051061	-7.079802	-7.077618	-15.001788	-7.064427
41.707000	-7.007848	-7.003893	-7.020286	-7.029360	-7.060420	-7.089863	-7.078066	-7.048459	-7.067760	-7.060337	-7.058922	-7.051111	-7.079886	-7.077739	-15.002722	-7.064518
62.710000	-7.007903	-7.003978	-7.020340	-7.029464	-7.060469	-7.089872	-7.078134	-7.048496	-7.067808	-7.060372	-7.058980	-7.051120	-7.079932	-7.077791	-15.003358	-7.064521
83.717000	-7.007916	-7.003999	-7.020371	-7.029514	-7.060471	-7.089883	-7.078152	-7.048512	-7.067825	-7.060397	-7.059010	-7.051156	-7.079947	-7.077802	-15.003611	-7.064530
104.698000	-7.007941	-7.004028	-7.020404	-7.029496	-7.060482	-7.089891	-7.078180	-7.048535	-7.067839	-7.060399	-7.058993	-7.051158	-7.079953	-7.077807	-15.003956	-7.064538
125.696000	-7.007936	-7.004046	-7.020378	-7.029536	-7.060478	-7.089917	-7.078196	-7.048527	-7.067845	-7.060422	-7.059013	-7.051160	-7.079965	-7.077825	-15.004190	-7.064553
146.686000	-7.007971	-7.004071	-7.020389	-7.029557	-7.060470	-7.089910	-7.078233	-7.048537	-7.067848	-7.060408	-7.059030	-7.051155	-7.079990	-7.077852	-15.004486	-7.064546
167.708000	-7.007960	-7.004082	-7.020399	-7.029581	-7.060466	-7.089902	-7.078240	-7.048542	-7.067843	-7.060425	-7.059045	-7.051166	-7.079987	-7.077847	-15.004687	-7.064558
188.686000	-7.007962	-7.004100	-7.020397	-7.029592	-7.060482	-7.089917	-7.078227	-7.048559	-7.067852	-7.060446	-7.059006	-7.051187	-7.080006	-7.077860	-15.004837	-7.064528
209.662000	-7.007964	-7.004108	-7.020404	-7.029568	-7.060464	-7.089906	-7.078214	-7.048561	-7.067860	-7.060449	-7.059034	-7.051174	-7.079996	-7.077870	-15.004998	-7.064601
230.647000	-7.007948	-7.004083	-7.020351	-7.029580	-7.060437	-7.089900	-7.078211	-7.048528	-7.067772	-7.060437	-7.058993	-7.051051	-7.079979	-7.077828	-15.005137	-7.064556
251.657000	-7.007921	-7.004018	-7.020255	-7.029461	-7.060310	-7.089800	-7.078124	-7.048427	-7.067610	-7.060392	-7.058908	-7.050939	-7.079876	-7.077708	-15.005242	-7.064493
272.663000	-7.007875	-7.003929	-7.020083	-7.029265	-7.060156	-7.089674	-7.078021	-7.048270	-7.067441	-7.060328	-7.058834	-7.050781	-7.079794	-7.077565	-15.005476	-7.064410
293.652000	-7.007775	-7.003799	-7.019964	-7.029034	-7.060061	-7.089535	-7.077887	-7.048094	-7.067288	-7.060277	-7.058740	-7.050699	-7.079668	-7.077409	-15.005564	-7.064348
314.670000	-7.007726	-7.003643	-7.019841	-7.028797	-7.059972	-7.089447	-7.077799	-7.047998	-7.067180	-7.060198	-7.058650	-7.050628	-7.079596	-7.077261	-15.005637	-7.064248
335.656000	-7.007634	-7.003519	-7.019715	-7.028558	-7.059889	-7.089368	-7.077710	-7.047885	-7.067065	-7.060124	-7.058554	-7.050538	-7.079481	-7.077099	-15.005651	-7.064156
356.656000	-7.007565	-7.003398	-7.019636	-7.028357	-7.059815	-7.089276	-7.077614	-7.047828	-7.066966	-7.060104	-7.058499	-7.050499	-7.079388	-7.076967	-15.006209	-7.064102
377.634000	-7.007518	-7.003293	-7.019571	-7.028223	-7.059762	-7.089240	-7.077555	-7.047791	-7.066910	-7.060039	-7.058456	-7.050468	-7.079305	-7.076879	-15.006257	-7.064034
398.614000	-7.007487	-7.003229	-7.019525	-7.028109	-7.059739	-7.089203	-7.077522	-7.047709	-7.066869	-7.059973	-7.058413	-7.050425	-7.079235	-7.076826	-15.006119	-7.064038
419.576000	-7.007471	-7.003177	-7.019503	-7.028010	-7.059716	-7.089181	-7.077484	-7.047711	-7.066850	-7.059966	-7.058382	-7.050437	-7.079219	-7.076775	-15.006095	-7.063999
440.534000	-7.007436	-7.003143	-7.019485	-7.027945	-7.059717	-7.089172	-7.077453	-7.047702	-7.066817	-7.059925	-7.058362	-7.050417	-7.079199	-7.076753	-15.006169	-7.063983
461.517000	-7.007432	-7.003142	-7.019482	-7.027901	-7.059698	-7.089155	-7.077399	-7.047695	-7.066826	-7.059926	-7.058367	-7.050407	-7.079164	-7.076758	-15.006190	-7.063992
482.476000	-7.007419	-7.003117	-7.019482	-7.027899	-7.059710	-7.089146	-7.077435	-7.047668	-7.066809	-7.059899	-7.058346	-7.050433	-7.079145	-7.076730	-15.006552	-7.063964
503.476000	-7.007412	-7.003101	-7.019459	-7.027856	-7.059701	-7.089141	-7.077428	-7.047650	-7.066798	-7.059876	-7.058338	-7.050395	-7.079139	-7.076735	-15.006579	-7.063955
524.468000	-7.007403	-7.003075	-7.019451	-7.027858	-7.059674	-7.089123	-7.077400	-7.047666	-7.066776	-7.059877	-7.058326	-7.050411	-7.079143	-7.076705	-15.006561	-7.063971
545.459000	-7.007383	-7.003072	-7.019424	-7.027855	-7.059668	-7.089136	-7.077403	-7.047639	-7.066771	-7.059894	-7.058327	-7.050401	-7.079130	-7.076696	-15.006565	-7.063960
566.441000	-7.007390	-7.003066	-7.019433	-7.027843	-7.059682	-7.089145	-7.077399	-7.047652	-7.066767	-7.059880	-7.058311	-7.050401	-7.079116	-7.076716	-15.006767	-7.063944
587.409000	-7.007389	-7.003072	-7.019428	-7.027811	-7.059686	-7.089134	-7.077398	-7.047649	-7.066772	-7.059880	-7.058323	-7.050394	-7.079117	-7.076693	-15.006731	-7.063924
608.386000	-7.007368	-7.003052	-7.019441	-7.027820	-7.059673	-7.089129	-7.077364	-7.047638	-7.066749	-7.059861	-7.058303	-7.050384	-7.079119	-7.076683	-15.006913	-7.063930
629.353000	-7.007390	-7.003042	-7.019436	-7.027815	-7.059667	-7.089108	-7.077378	-7.047636	-7.066736	-7.059874	-7.058281	-7.050380	-7.079109	-7.076687	-15.006859	-7.063922
650.319000	-7.007377	-7.003024	-7.019409	-7.027807	-7.059652	-7.089109	-7.077369	-7.047642	-7.066743	-7.059867	-7.058281	-7.050382	-7.079111	-7.076693	-15.006819	-7.063920
671.290000	-7.007375	-7.003013	-7.019423	-7.027798	-7.059647	-7.089105	-7.077375	-7.047647	-7.066744	-7.059862	-7.058276	-7.050376	-7.079096	-7.076658	-15.006797	-7.063934
692.256000	-7.007370	-7.003038	-7.019402	-7.027777	-7.059656	-7.089102	-7.077381	-7.047648	-7.066759	-7.059865	-7.058274	-7.050362	-7.079116	-7.076659	-15.006917	-7.063928
713.230000	-7.007371	-7.003018	-7.019420	-7.027771	-7.059654	-7.089121	-7.077361	-7.047598	-7.066747	-7.059848	-7.058263	-7.050358	-7.079083	-7.076658	-15.006933	-7.063899
734.218000	-7.007377	-7.003029	-7.019404	-7.027775	-7.059673	-7.089096	-7.077345	-7.047644	-7.066748	-7.059839	-7.058269	-7.050352	-7.079072	-7.076650	-15.007069	-7.063914
755.223000	-7.007371	-7.003034	-7.019409	-7.027771	-7.059649	-7.089091	-7.077385	-7.047622	-7.066742	-7.059854	-7.058271	-7.050379	-7.079066	-7.076627	-15.007064	-7.063939
776.205000	-7.007360	-7.003005	-7.019401	-7.027741	-7.059642	-7.089091	-7.077375	-7.047631	-7.066736	-7.059841	-7.058255	-7.050380	-7.079074	-7.076636	-15.007076	-7.063928
797.185000	-7.007347	-7.003001	-7.019387	-7.027762	-7.059659	-7.089103	-7.077386	-7.047603	-7.066723	-7.059854	-7.058252	-7.050383	-7.079072	-7.076623	-15.006980	-7.063929
818.164000	-7.007342	-7.003009	-7.019385	-7.027750	-7.059675	-7.089096	-7.077375	-7.047630	-7.066713	-7.059848	-7.058261	-7.050359	-7.079071	-7.076626	-15.007053	-7.063930
827.149000	-7.007345	-7.003011	-7.019379	-7.027761	-7.059668	-7.089101	-7.077385	-7.047598	-7.066714	-7.059842	-7.058253	-7.050380	-7.079047	-7.076622	-15.006988	-7.063912
839.334000	-7.007376	-7.002982	-7.019403	-7.027718	-7.059683	-7.089093	-7.077362	-7.047605	-7.066709	-7.059850	-7.058254	-7.050370	-7.079049	-7.076625	-15.006862	-7.063932
851.530000	-7.007359	-7.003003	-7.019396	-7.027710	-7.059664	-7.089094	-7.077386	-7.047607	-7.066702	-7.059840	-7.058250	-7.050364	-7.079064	-7.076628	-15.006832	-7.063923
863.710000	-7.007354	-7.003015	-7.019397	-7.027727	-7.059658	-7.089106	-7.077371	-7.047615	-7.066721	-7.059863	-7.058256	-7.050354	-7.079042	-7.076627	-15.007084	-7.063942
875.911000	-7.007360	-7.002994	-7.019402	-7.027745	-7.059657	-7.089104	-7.077363	-7.047616	-7.066739	-7.059818	-7.058264	-7.050361	-7.079036	-7.076626	-15.006939	-7.063942
888.146000	-7.007355	-7.002987	-7.019405	-7.027721	-7.059658	-7.089107	-7.077351	-7.047599	-7.066754	-7.059833	-7.058263	-7.050369	-7.079034	-7.076616	-15.006915	-7.063948
900.350000	-7.007358	-7.002977	-7.019387	-7.027717	-7.059660	-7.089090	-7.077360	-7.047605	-7.066737	-7.059836	-7.058273	-7.050354	-7.079028	-7.076622	-15.006998	-7.063956
912.582000	-7.007360	-7.002994	-7.019386	-7.027725	-7.059651	-7.089099	-7.077372	-7.047606	-7.066736	-7.059842	-7.058259	-7.050362	-7.079029	-7.076623	-15.007021	-7.063946
924.775000	-7.007369	-7.002988	-7.019399	-7.027714	-7.059662	-7.089074	-7.077364	-7.047618	-7.066732	-7.059831	-7.058250	-7.050367	-7.079060	-7.076617	-15.007219	-7.063946
936.989000	-7.007357	-7.002965	-7.019375	-7.027703	-7.059640	-7.089087	-7.077359	-7.047612	-7.066727	-7.059838	-7.058267	-7.050361	-7.079052	-7.076611	-15.007090	-7.063928
949.194000	-7.007364	-7.002990	-7.019371	-7.027707	-7.059643	-7.089099	-7.077371	-7.047601	-7.066731	-7.059835	-7.058243	-7.050372	-7.079015	-7.076613	-15.006996	-7.063946
961.389000	-7.007346	-7.002989	-7.019398	-7.027688	-7.059656	-7.089087	-7.077349	-7.047602	-7.066742	-7.059847	-7.058230	-7.050391	-7.079014	-7.076599	-15.007153	-7.063938
973.589000	-7.007363	-7.002991	-7.019371	-7.027707	-7.059637	-7.089053	-7.077358	-7.047593	-7.066712	-7.059855	-7.058240	-7.050386	-7.079035	-7.076613	-15.007273	-7.063933
985.772000	-7.007367	-7.002992	-7.019358	-7.027693	-7.059643	-7.089052	-7.077366	-7.047599	-7.066713	-7.059837	-7.058229	-7.050346	-7.079038	-7.076626	-15.007138	-7.063938
997.974000	-7.007369	-7.002982	-7.019375	-7.027698	-7.059653	-7.089063	-7.077351	-7.047600	-7.066695	-7.059823	-7.058230	-7.050359	-7.079037	-7.076623	-15.007025	-7.063935
1010.163000	-7.007356	-7.002984	-7.019343	-7.027667	-7.059646	-7.089071	-7.077354	-7.047617	-7.066715	-7.059839	-7.058225	-7.050354	-7.079028	-7.076629	-15.007353	-7.063945
1022.371000	-7.007357	-7.002981	-7.019375	-7.027682	-7.059655	-7.089082	-7.077373	-7.047609	-7.066718	-7.059845	-7.058247	-7.050383	-7.079036	-7.076624	-15.007305	-7.063959
1034.558000	-7.007368	-7.002985	-7.019371	-7.027672	-7.059661	-7.089070	-7.077364	-7.047611	-7.066708	-7.059839	-7.058215	-7.050361	-7.079023	-7.076627	-15.007186	-7.063947
1046.735000	-7.007351	-7.002978	-7.019344	-7.027675	-7.059643	-7.089061	-7.077370	-7.047610	-7.066684	-7.059824	-7.058239	-7.050363	-7.079007	-7.076625	-15.007249	-7.063951
1058.934000	-7.007344	-7.002991	-7.019343	-7.027692	-7.059636	-7.089061	-7.077352	-7.047594	-7.066687	-7.059811	-7.058224	-7.050355	-7.079029	-7.076627	-15.007279	-7.063964
1071.133000	-7.007345	-7.002988	-7.019340	-7.027673	-7.059636	-7.089093	-7.077359	-7.047597	-7.066690	-7.059837	-7.058235	-7.050370	-7.079029	-7.076619	-15.007148	-7.063957
1083.320000	-7.007361	-7.002966	-7.019359	-7.027690	-7.059635	-7.089076	-7.077369	-7.047605	-7.066717	-7.059839	-7.058204	-7.050329	-7.079026	-7.076616	-15.007316	-7.063953
1095.523000	-7.007374	-7.002965	-7.019349	-7.027677	-7.059647	-7.089076	-7.077349	-7.047605	-7.066703	-7.059833	-7.058233	-7.050349	-7.079013	-7.076616	-15.007204	-7.063971
1107.715000	-7.007363	-7.002985	-7.019332	-7.027676	-7.059648	-7.089057	-7.077359	-7.047591	-7.066699	-7.059849	-7.058221	-7.050366	-7.079016	-7.076619	-15.007330	-7.063955
1119.912000	-7.007374	-7.002976	-7.019354	-7.027679	-7.059640	-7.089063	-7.077385	-7.047586	-7.066689	-7.059833	-7.058239	-7.050374	-7.079019	-7.076623	-15.007274	-7.063937
1132.150000	-7.007384	-7.002995	-7.019346	-7.027695	-7.059647	-7.089059	-7.077368	-7.047585	-7.066704	-7.059837	-7.058249	-7.050354	-7.079016	-7.076601	-15.007197	-7.063949
1144.355000	-7.007359	-7.002983	-7.019371	-7.027676	-7.059649	-7.089073	-7.077372	-7.047591	-7.066682	-7.059841	-7.058239	-7.050347	-7.079020	-7.076617	-15.007194	-7.063947
1156.570000	-7.007390	-7.002980	-7.019341	-7.027696	-7.059631	-7.089090	-7.077362	-7.047575	-7.066699	-7.059833	-7.058218	-7.050354	-7.079025	-7.076643	-15.007233	-7.063938
1168.782000	-7.007361	-7.002986	-7.019350	-7.027684	-7.059626	-7.089087	-7.077373	-7.047584	-7.066702	-7.059832	-7.058229	-7.050351	-7.079007	-7.076633	-15.007218	-7.063934
1180.967000	-7.007357	-7.002957	-7.019347	-7.027681	-7.059643	-7.089060	-7.077379	-7.047606	-7.066705	-7.059846	-7.058222	-7.050333	-7.078998	-7.076623	-15.007142	-7.063927
1193.170000	-7.007378	-7.002965	-7.019347	-7.027706	-7.059653	-7.089085	-7.077367	-7.047589	-7.066668	-7.059815	-7.058247	-7.050342	-7.079012	-7.076622	-15.007267	-7.063936
1205.389000	-7.007407	-7.003119	-7.019629	-7.027704	-7.059865	-7.089116	-7.077403	-7.047633	-7.066887	-7.059753	-7.058261	-7.050539	-7.079048	-7.076564	-15.006990	-7.063793
1217.580000	-7.007493	-7.003162	-7.019702	-7.027844	-7.060080	-7.089221	-7.077494	-7.047786	-7.067151	-7.059843	-7.058426	-7.050884	-7.079237	-7.076872	-15.007009	-7.063992
1229.772000	-7.007604	-7.003321	-7.019918	-7.028209	-7.060250	-7.089462	-7.077662	-7.048026	-7.067473	-7.060008	-7.058590	-7.051085	-7.079458	-7.077181	-15.006630	-7.064209
1241.944000	-7.007690	-7.003503	-7.020114	-7.028573	-7.060385	-7.089674	-7.077811	-7.048259	-7.067709	-7.060155	-7.058769	-7.051208	-7.079657	-7.077432	-15.006662	-7.064372
1254.139000	-7.007813	-7.003697	-7.020301	-7.028932	-7.060497	-7.089820	-7.077993	-7.048476	-7.067896	-7.060255	-7.058918	-7.051341	-7.079778	-7.077619	-15.006856	-7.064484
1266.336000	-7.007921	-7.003879	-7.020464	-7.029245	-7.060586	-7.089967	-7.078137	-7.048616	-7.068036	-7.060374	-7.059038	-7.051409	-7.079911	-7.077782	-15.007019	-7.064592
1278.540000	-7.007975	-7.004030	-7.020596	-7.029510	-7.060688	-7.090094	-7.078255	-7.048723	-7.068135	-7.060444	-7.059133	-7.051476	-7.080001	-7.077911	-15.006756	-7.064641
1290.760000	-7.008055	-7.004159	-7.020723	-7.029703	-7.060760	-7.090150	-7.078337	-7.048856	-7.068206	-7.060537	-7.059191	-7.051523	-7.080081	-7.078044	-15.006765	-7.064691
1302.952000	-7.008121	-7.004289	-7.020789	-7.029908	-7.060778	-7.090246	-7.078411	-7.048924	-7.068265	-7.060583	-7.059260	-7.051560	-7.080139	-7.078098	-15.006783	-7.064727
1315.150000	-7.008155	-7.004379	-7.020829	-7.030066	-7.060814	-7.090277	-7.078456	-7.048954	-7.068318	-7.060657	-7.059299	-7.051586	-7.080192	-7.078180	-15.006720	-7.064755
1327.364000	-7.008188	-7.004441	-7.020879	-7.030164	-7.060870	-7.090308	-7.078525	-7.049011	-7.068341	-7.060695	-7.059323	-7.051597	-7.080232	-7.078275	-15.006896	-7.064761
1339.556000	-7.008233	-7.004501	-7.020912	-7.030275	-7.060863	-7.090330	-7.078555	-7.049019	-7.068389	-7.060722	-7.059334	-7.051627	-7.080251	-7.078286	-15.006856	-7.064783
1351.766000	-7.008264	-7.004530	-7.020941	-7.030345	-7.060885	-7.090358	-7.078583	-7.049035	-7.068409	-7.060779	-7.059391	-7.051633	-7.080293	-7.078334	-15.006830	-7.064766
1363.971000	-7.008271	-7.004581	-7.020958	-7.030382	-7.060909	-7.090375	-7.078629	-7.049076	-7.068438	-7.060783	-7.059412	-7.051632	-7.080339	-7.078366	-15.006830	-7.064778
1376.167000	-7.008304	-7.004608	-7.020971	-7.030435	-7.060910	-7.090367	-7.078641	-7.049097	-7.068455	-7.060814	-7.059403	-7.051639	-7.080344	-7.078407	-15.007109	-7.064787
1388.338000	-7.008319	-7.004639	-7.020983	-7.030487	-7.060947	-7.090397	-7.078662	-7.049145	-7.068456	-7.060813	-7.059431	-7.051652	-7.080353	-7.078427	-15.006980	-7.064802
1400.534000	-7.008329	-7.004663	-7.021009	-7.030517	-7.060935	-7.090389	-7.078666	-7.049127	-7.068468	-7.060837	-7.059448	-7.051667	-7.080371	-7.078458	-15.007012	-7.064811
1412.754000	-7.008337	-7.004680	-7.021028	-7.030535	-7.060936	-7.090389	-7.078677	-7.049152	-7.068469	-7.060835	-7.059467	-7.051655	-7.080367	-7.078480	-15.007036	-7.064794
1424.941000	-7.008337	-7.004705	-7.021066	-7.030511	-7.060931	-7.090411	-7.078662	-7.049155	-7.068485	-7.060855	-7.059479	-7.051664	-7.080382	-7.078494	-15.006860	-7.064769
1437.129000	-7.008356	-7.004739	-7.021051	-7.030549	-7.060936	-7.090396	-7.078660	-7.049173	-7.068493	-7.060870	-7.059483	-7.051664	-7.080388	-7.078499	-15.007011	-7.064772
1449.324000	-7.008365	-7.004756	-7.021067	-7.030547	-7.060935	-7.090418	-7.078660	-7.049151	-7.068500	-7.060861	-7.059496	-7.051674	-7.080414	-7.078521	-15.006961	-7.064753
1461.527000	-7.008368	-7.004775	-7.021070	-7.030537	-7.060956	-7.090394	-7.078669	-7.049158	-7.068499	-7.060873	-7.059511	-7.051662	-7.080403	-7.078525	-15.007125	-7.064731
1473.726000	-7.008374	-7.004767	-7.021075	-7.030512	-7.060933	-7.090394	-7.078693	-7.049180	-7.068478	-7.060850	-7.059513	-7.051674	-7.080432	-7.078535	-15.006975	-7.064712
1485.917000	-7.008368	-7.004789	-7.021082	-7.030470	-7.060956	-7.090396	-7.078671	-7.049173	-7.068501	-7.060849	-7.059522	-7.051676	-7.080403	-7.078543	-15.007232	-7.064693
1498.128000	-7.008380	-7.004803	-7.021095	-7.030474	-7.060936	-7.090384	-7.078658	-7.049172	-7.068502	-7.060850	-7.059527	-7.051662	-7.080420	-7.078559	-15.007072	-7.064699
1510.309000	-7.008382	-7.004796	-7.021100	-7.030429	-7.060935	-7.090415	-7.078679	-7.049171	-7.068506	-7.060845	-7.059523	-7.051671	-7.080439	-7.078553	-15.007169	-7.064679
1522.505000	-7.008383	-7.004811	-7.021099	-7.030398	-7.060947	-7.090375	-7.078660	-7.049179	-7.068501	-7.060852	-7.059512	-7.051671	-7.080437	-7.078540	-15.007043	-7.064677
1534.681000	-7.008381	-7.004805	-7.021100	-7.030375	-7.060938	-7.090371	-7.078668	-7.049177	-7.068497	-7.060857	-7.059499	-7.051678	-7.080442	-7.078579	-15.007060	-7.064654
1546.860000	-7.008374	-7.004824	-7.021104	-7.030318	-7.060922	-7.090378	-7.078660	-7.049198	-7.068514	-7.060848	-7.059500	-7.051663	-7.080442	-7.078595	-15.007028	-7.064614
1559.049000	-7.008385	-7.004797	-7.021105	-7.030300	-7.060927	-7.090362	-7.078666	-7.049184	-7.068495	-7.060863	-7.059513	-7.051667	-7.080447	-7.078593	-15.007324	-7.064587
1571.245000	-7.008395	-7.004812	-7.021093	-7.030252	-7.060940	-7.090350	-7.078672	-7.049169	-7.068492	-7.060867	-7.059531	-7.051677	-7.080457	-7.078604	-15.007014	-7.064583
1583.444000	-7.008396	-7.004817	-7.021100	-7.030177	-7.060929	-7.090374	-7.078663	-7.049172	-7.068494	-7.060847	-7.059526	-7.051681	-7.080446	-7.078596	-15.007004	-7.064574
1595.641000	-7.008369	-7.004825	-7.021094	-7.030192	-7.060944	-7.090386	-7.078667	-7.049184	-7.068489	-7.060861	-7.059517	-7.051668	-7.080456	-7.078592	-15.007047	-7.064509
1607.840000	-7.008388	-7.004810	-7.021114	-7.030170	-7.060918	-7.090365	-7.078669	-7.049182	-7.068488	-7.060850	-7.059537	-7.051671	-7.080440	-7.078580	-15.006827	-7.064493
1620.035000	-7.008384	-7.004839	-7.021092	-7.030153	-7.060925	-7.090372	-7.078672	-7.049185	-7.068480	-7.060827	-7.059518	-7.051672	-7.080464	-7.078578	-15.006867	-7.064454
1632.213000	-7.008391	-7.004835	-7.021088	-7.030123	-7.060924	-7.090362	-7.078654	-7.049184	-7.068486	-7.060847	-7.059540	-7.051668	-7.080470	-7.078594	-15.007015	-7.064418
1644.398000	-7.008390	-7.004826	-7.021080	-7.030085	-7.060912	-7.090359	-7.078654	-7.049197	-7.068477	-7.060854	-7.059509	-7.051674	-7.080472	-7.078593	-15.007114	-7.064370
1656.594000	-7.008376	-7.004821	-7.021096	-7.030087	-7.060931	-7.090347	-7.078651	-7.049178	-7.068482	-7.060849	-7.059531	-7.051643	-7.080466	-7.078610	-15.006864	-7.064341
1668.795000	-7.008401	-7.004821	-7.021118	-7.030067	-7.060937	-7.090354	-7.078646	-7.049193	-7.068471	-7.060855	-7.059529	-7.051667	-7.080442	-7.078612	-15.006950	-7.064307
1680.997000	-7.008417	-7.004835	-7.021102	-7.030062	-7.060930	-7.090350	-7.078659	-7.049198	-7.068472	-7.060840	-7.059540	-7.051667	-7.080465	-7.078580	-15.006959	-7.064271
1693.157000	-7.008398	-7.004847	-7.021110	-7.030053	-7.060929	-7.090351	-7.078661	-7.049190	-7.068493	-7.060860	-7.059527	-7.051660	-7.080466	-7.078616	-15.007067	-7.064219
1705.335000	-7.008405	-7.004839	-7.021100	-7.030059	-7.060926	-7.090323	-7.078641	-7.049206	-7.068471	-7.060847	-7.059553	-7.051650	-7.080440	-7.078612	-15.006928	-7.064161
1717.529000	-7.008395	-7.004841	-7.021104	-7.030033	-7.060921	-7.090350	-7.078634	-7.049202	-7.068493	-7.060835	-7.059551	-7.051661	-7.080457	-7.078602	-15.006786	-7.064126
1729.717000	-7.008411	-7.004852	-7.021088	-7.030019	-7.060926	-7.090325	-7.078636	-7.049200	-7.068492	-7.060829	-7.059539	-7.051678	-7.080444	-7.078623	-15.006683	-7.064098
1741.906000	-7.008421	-7.004848	-7.021081	-7.030012	-7.060932	-7.090322	-7.078637	-7.049183	-7.068483	-7.060824	-7.059537	-7.051664	-7.080444	-7.078614	-15.006765	-7.064066
1754.078000	-7.008400	-7.004845	-7.021077	-7.029992	-7.060907	-7.090307	-7.078637	-7.049201	-7.068482	-7.060845	-7.059542	-7.051668	-7.080454	-7.078636	-15.007026	-7.064028
1766.275000	-7.008421	-7.004844	-7.021086	-7.029993	-7.060923	-7.090317	-7.078643	-7.049205	-7.068479	-7.060834	-7.059547	-7.051649	-7.080437	-7.078636	-15.007023	-7.063984
1778.487000	-7.008418	-7.004848	-7.021105	-7.029962	-7.060930	-7.090313	-7.078647	-7.049219	-7.068497	-7.060826	-7.059540	-7.051646	-7.080451	-7.078623	-15.007018	-7.063955
1790.683000	-7.008399	-7.004866	-7.021097	-7.029955	-7.060918	-7.090316	-7.078634	-7.049181	-7.068457	-7.060825	-7.059541	-7.051661	-7.080453	-7.078623	-15.006906	-7.063918
1802.872000	-7.008407	-7.004842	-7.021071	-7.029956	-7.060915	-7.090305	-7.078621	-7.049187	-7.068468	-7.060821	-7.059561	-7.051661	-7.080470	-7.078649	-15.007097	-7.063879
1815.038000	-7.008398	-7.004844	-7.021093	-7.029978	-7.060907	-7.090304	-7.078604	-7.049190	-7.068480	-7.060820	-7.059547	-7.051657	-7.080478	-7.078639	-15.006943	-7.063855
1827.229000	-7.008385	-7.004837	-7.021087	-7.029930	-7.060914	-7.090292	-7.078614	-7.049195	-7.068491	-7.060831	-7.059532	-7.051641	-7.080457	-7.078644	-15.007070	-7.063831
1839.415000	-7.008380	-7.004848	-7.021088	-7.029933	-7.060901	-7.090290	-7.078596	-7.049194	-7.068477	-7.060815	-7.059543	-7.051641	-7.080474	-7.078614	-15.007065	-7.063804
1851.619000	-7.008408	-7.004861	-7.021079	-7.029944	-7.060909	-7.090279	-7.078603	-7.049196	-7.068460	-7.060819	-7.059542	-7.051645	-7.080473	-7.078631	-15.006977	-7.063775
1863.808000	-7.008377	-7.004866	-7.021064	-7.029949	-7.060902	-7.090282	-7.078605	-7.049201	-7.068476	-7.060813	-7.059543	-7.051651	-7.080474	-7.078623	-15.007115	-7.063761
1875.987000	-7.008391	-7.004865	-7.021085	-7.029953	-7.060889	-7.090284	-7.078599	-7.049209	-7.068453	-7.060808	-7.059554	-7.051646	-7.080458	-7.078616	-15.007134	-7.063704
1888.162000	-7.008385	-7.004856	-7.021093	-7.029944	-7.060911	-7.090286	-7.078601	-7.049194	-7.068477	-7.060814	-7.059551	-7.051640	-7.080472	-7.078645	-15.007124	-7.063677
1900.370000	-7.008386	-7.004861	-7.021098	-7.029942	-7.060912	-7.090264	-7.078598	-7.049171	-7.068461	-7.060812	-7.059540	-7.051629	-7.080467	-7.078636	-15.007128	-7.063658
1912.552000	-7.008369	-7.004853	-7.021089	-7.029914	-7.060905	-7.090260	-7.078580	-7.049208	-7.068449	-7.060809	-7.059570	-7.051613	-7.080464	-7.078621	-15.007075	-7.063645
1924.750000	-7.008379	-7.004863	-7.021087	-7.029892	-7.060919	-7.090256	-7.078587	-7.049209	-7.068446	-7.060801	-7.059561	-7.051625	-7.080470	-7.078632	-15.006898	-7.063626
1936.947000	-7.008382	-7.004856	-7.021095	-7.029906	-7.060897	-7.090257	-7.078580	-7.049211	-7.068456	-7.060799	-7.059569	-7.051646	-7.080467	-7.078651	-15.007004	-7.063600
1949.149000	-7.008373	-7.004852	-7.021101	-7.029912	-7.060913	-7.090252	-7.078590	-7.049181	-7.068449	-7.060828	-7.059559	-7.051629	-7.080458	-7.078646	-15.007066	-7.063545
1961.361000	-7.008386	-7.004857	-7.021088	-7.029915	-7.060903	-7.090243	-7.078597	-7.049206	-7.068459	-7.060828	-7.059568	-7.051624	-7.080455	-7.078627	-15.007176	-7.063534
1973.546000	-7.008381	-7.004860	-7.021077	-7.029913	-7.060906	-7.090256	-7.078589	-7.049201	-7.068458	-7.060801	-7.059556	-7.051635	-7.080460	-7.078629	-15.006963	-7.063499
1985.721000	-7.008384	-7.004885	-7.021092	-7.029890	-7.060895	-7.090228	-7.078595	-7.049190	-7.068449	-7.060818	-7.059569	-7.051629	-7.080469	-7.078641	-15.007018	-7.063494
1997.931000	-7.008363	-7.004859	-7.021080	-7.029903	-7.060889	-7.090220	-7.078581	-7.049211	-7.068450	-7.060810	-7.059581	-7.051633	-7.080474	-7.078639	-15.007021	-7.063477
2010.113000	-7.008372	-7.004848	-7.021086	-7.029900	-7.060892	-7.090206	-7.078588	-7.049203	-7.068453	-7.060811	-7.059559	-7.051616	-7.080463	-7.078632	-15.006980	-7.063459
2022.317000	-7.008402	-7.004868	-7.021089	-7.029889	-7.060890	-7.090221	-7.078595	-7.049204	-7.068443	-7.060806	-7.059553	-7.051622	-7.080490	-7.078638	-15.006933	-7.063424
2034.514000	-7.008401	-7.004861	-7.021084	-7.029891	-7.060895	-7.090222	-7.078584	-7.049225	-7.068456	-7.060791	-7.059557	-7.051612	-7.080485	-7.078635	-15.006963	-7.063408
2046.706000	-7.008387	-7.004850	-7.021080	-7.029863	-7.060892	-7.090219	-7.078576	-7.049199	-7.068461	-7.060804	-7.059544	-7.051611	-7.080469	-7.078617	-15.007133	-7.063388
2058.907000	-7.008379	-7.004858	-7.021074	-7.029880	-7.060904	-7.090209	-7.078593	-7.049216	-7.068445	-7.060797	-7.059565	-7.051609	-7.080466	-7.078627	-15.007009	-7.063378
2071.125000	-7.008372	-7.004861	-7.021057	-7.029870	-7.060885	-7.090216	-7.078557	-7.049208	-7.068439	-7.060795	-7.059568	-7.051629	-7.080472	-7.078628	-15.007135	-7.063362
2083.331000	-7.008356	-7.004853	-7.021082	-7.029861	-7.060880	-7.090205	-7.078560	-7.049192	-7.068443	-7.060804	-7.059558	-7.051621	-7.080463	-7.078632	-15.006979	-7.063364
2095.524000	-7.008379	-7.004870	-7.021077	-7.029876	-7.060904	-7.090195	-7.078572	-7.049204	-7.068445	-7.060807	-7.059564	-7.051617	-7.080469	-7.078631	-15.007134	-7.063335
2107.729000	-7.008396	-7.004881	-7.021065	-7.029856	-7.060914	-7.090205	-7.078575	-7.049207	-7.068439	-7.060804	-7.059559	-7.051627	-7.080455	-7.078656	-15.007240	-7.063322
2119.928000	-7.008396	-7.004847	-7.021024	-7.029853	-7.060867	-7.090245	-7.078545	-7.049211	-7.068407	-7.060821	-7.059539	-7.051616	-7.080483	-7.078684	-15.007100	-7.063558
2132.100000	-7.008381	-7.004878	-7.021056	-7.029935	-7.060841	-7.090422	-7.078599	-7.049169	-7.068442	-7.060876	-7.059508	-7.051568	-7.080462	-7.078601	-15.007265	-7.064367
2144.324000	-7.008395	-7.004865	-7.020994	-7.030147	-7.060809	-7.090390	-7.078635	-7.049077	-7.068360	-7.060848	-7.059431	-7.051517	-7.080434	-7.078509	-15.007164	-7.064788
2156.510000	-7.008380	-7.004772	-7.020876	-7.030498	-7.060754	-7.090304	-7.078615	-7.048960	-7.068263	-7.060784	-7.059397	-7.051479	-7.080358	-7.078394	-15.007071	-7.064802
2168.717000	-7.008371	-7.004654	-7.020786	-7.030411	-7.060672	-7.090215	-7.078582	-7.048876	-7.068170	-7.060736	-7.059323	-7.051404	-7.080315	-7.078309	-15.007073	-7.064767
2180.905000	-7.008322	-7.004562	-7.020731	-7.030248	-7.060645	-7.090143	-7.078521	-7.048805	-7.068085	-7.060690	-7.059303	-7.051377	-7.080257	-7.078237	-15.007005	-7.064721
2193.092000	-7.008284	-7.004482	-7.020688	-7.030104	-7.060602	-7.090099	-7.078476	-7.048721	-7.068056	-7.060660	-7.059216	-7.051334	-7.080204	-7.078185	-15.006963	-7.064696
2205.300000	-7.008266	-7.004446	-7.020627	-7.030004	-7.060582	-7.090069	-7.078458	-7.048692	-7.068012	-7.060614	-7.059170	-7.051298	-7.080160	-7.078127	-15.006926	-7.064691
2217.502000	-7.008250	-7.004401	-7.020591	-7.029921	-7.060563	-7.090020	-7.078413	-7.048661	-7.067982	-7.060593	-7.059156	-7.051295	-7.080138	-7.078066	-15.007000	-7.064676
2229.690000	-7.008237	-7.004370	-7.020578	-7.029871	-7.060544	-7.090024	-7.078389	-7.048627	-7.067969	-7.060576	-7.059120	-7.051279	-7.080115	-7.078062	-15.006935	-7.064659
2241.905000	-7.008192	-7.004317	-7.020561	-7.029795	-7.060542	-7.090023	-7.078344	-7.048616	-7.067922	-7.060535	-7.059121	-7.051291	-7.080074	-7.078027	-15.007014	-7.064637
2254.122000	-7.008171	-7.004288	-7.020566	-7.029772	-7.060522	-7.089992	-7.078330	-7.048634	-7.067942	-7.060534	-7.059119	-7.051278	-7.080057	-7.078003	-15.007007	-7.064633
2266.340000	-7.008176	-7.004293	-7.020538	-7.029732	-7.060531	-7.089975	-7.078316	-7.048606	-7.067938	-7.060502	-7.059082	-7.051276	-7.080043	-7.077957	-15.007002	-7.064610
2278.529000	-7.008167	-7.004251	-7.020518	-7.029686	-7.060536	-7.089972	-7.078309	-7.048595	-7.067914	-7.060509	-7.059103	-7.051264	-7.080037	-7.077960	-15.007065	-7.064598
2290.721000	-7.008161	-7.004253	-7.020528	-7.029672	-7.060541	-7.089964	-7.078308	-7.048605	-7.067882	-7.060505	-7.059077	-7.051274	-7.080027	-7.077943	-15.007098	-7.064609
2302.920000	-7.008158	-7.004246	-7.020516	-7.029669	-7.060526	-7.089976	-7.078284	-7.048611	-7.067918	-7.060494	-7.059067	-7.051261	-7.080034	-7.077965	-15.007009	-7.064610
2315.097000	-7.008139	-7.004228	-7.020508	-7.029659	-7.060512	-7.089966	-7.078301	-7.048580	-7.067907	-7.060478	-7.059077	-7.051269	-7.080024	-7.077941	-15.006989	-7.064610
2327.277000	-7.008150	-7.004224	-7.020489	-7.029633	-7.060504	-7.089975	-7.078268	-7.048589	-7.067917	-7.060480	-7.059060	-7.051268	-7.080008	-7.077914	-15.007012	-7.064619
2339.466000	-7.008139	-7.004226	-7.020494	-7.029631	-7.060492	-7.089964	-7.078269	-7.048589	-7.067909	-7.060482	-7.059057	-7.051256	-7.080031	-7.077902	-15.007026	-7.064599
2351.655000	-7.008119	-7.004216	-7.020494	-7.029623	-7.060491	-7.089955	-7.078268	-7.048604	-7.067902	-7.060463	-7.059071	-7.051270	-7.080020	-7.077900	-15.007142	-7.064593
2363.826000	-7.008132	-7.004213	-7.020492	-7.029596	-7.060488	-7.089950	-7.078265	-7.048595	-7.067910	-7.060464	-7.059056	-7.051267	-7.080017	-7.077899	-15.007239	-7.064591
2376.041000	-7.008118	-7.004212	-7.020475	-7.029596	-7.060497	-7.089960	-7.078281	-7.048577	-7.067901	-7.060453	-7.059063	-7.051243	-7.080005	-7.077888	-15.007186	-7.064600
2388.228000	-7.008083	-7.004204	-7.020487	-7.029625	-7.060466	-7.089963	-7.078267	-7.048585	-7.067898	-7.060446	-7.059067	-7.051247	-7.079997	-7.077899	-15.007069	-7.064597
2400.387000	-7.008119	-7.004201	-7.020472	-7.029602	-7.060508	-7.089963	-7.078259	-7.048589	-7.067893	-7.060438	-7.059072	-7.051249	-7.079983	-7.077879	-15.007147	-7.064588
2412.575000	-7.008119	-7.004198	-7.020493	-7.029618	-7.060491	-7.089964	-7.078263	-7.048565	-7.067912	-7.060485	-7.059043	-7.051251	-7.079982	-7.077917	-15.007197	-7.064582
2424.774000	-7.008111	-7.004192	-7.020477	-7.029620	-7.060499	-7.089976	-7.078290	-7.048565	-7.067921	-7.060476	-7.059076	-7.051247	-7.079990	-7.077912	-15.006950	-7.064587
2436.962000	-7.008097	-7.004188	-7.020474	-7.029617	-7.060505	-7.089962	-7.078261	-7.048579	-7.067892	-7.060446	-7.059061	-7.051239	-7.080002	-7.077907	-15.007364	-7.064589
2449.151000	-7.008101	-7.004201	-7.020489	-7.029623	-7.060507	-7.089957	-7.078242	-7.048584	-7.067886	-7.060467	-7.059084	-7.051256	-7.079977	-7.077886	-15.007105	-7.064582
2461.357000	-7.008099	-7.004182	-7.020474	-7.029620	-7.060501	-7.089963	-7.078257	-7.048580	-7.067889	-7.060452	-7.059065	-7.051252	-7.079985	-7.077897	-15.006995	-7.064578
2473.555000	-7.008102	-7.004192	-7.020492	-7.029624	-7.060495	-7.089964	-7.078250	-7.048567	-7.067891	-7.060484	-7.059073	-7.051255	-7.080002	-7.077888	-15.006889	-7.064580
2485.761000	-7.008102	-7.004172	-7.020465	-7.029605	-7.060477	-7.089961	-7.078246	-7.048568	-7.067883	-7.060478	-7.059057	-7.051229	-7.079986	-7.077874	-15.006996	-7.064583
2497.955000	-7.008130	-7.004183	-7.020460	-7.029590	-7.060470	-7.089938	-7.078249	-7.048579	-7.067878	-7.060465	-7.059077	-7.051240	-7.080006	-7.077870	-15.007080	-7.064582
2510.144000	-7.008120	-7.004194	-7.020491	-7.029611	-7.060485	-7.089933	-7.078236	-7.048570	-7.067874	-7.060492	-7.059065	-7.051250	-7.079985	-7.077853	-15.007123	-7.064573
2522.339000	-7.008109	-7.004183	-7.020484	-7.029623	-7.060496	-7.089942	-7.078236	-7.048569	-7.067874	-7.060463	-7.059058	-7.051242	-7.080003	-7.077871	-15.007113	-7.064588
2534.520000	-7.008094	-7.004190	-7.020468	-7.029629	-7.060476	-7.089956	-7.078253	-7.048565	-7.067854	-7.060480	-7.059058	-7.051253	-7.080001	-7.077874	-15.007129	-7.064602
2546.734000	-7.008104	-7.004164	-7.020473	-7.029600	-7.060477	-7.089945	-7.078259	-7.048572	-7.067869	-7.060460	-7.059068	-7.051257	-7.079994	-7.077874	-15.007156	-7.064582
2558.911000	-7.008103	-7.004161	-7.020489	-7.029617	-7.060479	-7.089964	-7.078249	-7.048567	-7.067861	-7.060462	-7.059063	-7.051252	-7.079999	-7.077861	-15.007189	-7.064609
2571.115000	-7.008100	-7.004157	-7.020473	-7.029627	-7.060491	-7.089945	-7.078244	-7.048569	-7.067870	-7.060466	-7.059047	-7.051247	-7.079977	-7.077890	-15.006996	-7.064586
2583.332000	-7.008114	-7.004168	-7.020462	-7.029593	-7.060487	-7.089961	-7.078251	-7.048565	-7.067862	-7.060455	-7.059053	-7.051245	-7.079999	-7.077859	-15.006984	-7.064584
2595.517000	-7.008123	-7.004182	-7.020485	-7.029614	-7.060503	-7.089951	-7.078232	-7.048562	-7.067872	-7.060468	-7.059079	-7.051248	-7.079995	-7.077877	-15.006926	-7.064580
2607.710000	-7.008110	-7.004160	-7.020469	-7.029597	-7.060495	-7.089941	-7.078255	-7.048557	-7.067865	-7.060458	-7.059074	-7.051231	-7.079985	-7.077876	-15.006854	-7.064608
2619.897000	-7.008103	-7.004172	-7.020474	-7.029594	-7.060495	-7.089957	-7.078233	-7.048567	-7.067840	-7.060468	-7.059062	-7.051250	-7.079967	-7.077876	-15.006864	-7.064571
2632.112000	-7.008095	-7.004144	-7.020478	-7.029595	-7.060497	-7.089966	-7.078242	-7.048567	-7.067880	-7.060459	-7.059040	-7.051245	-7.080002	-7.077869	-15.006990	-7.064581
2644.294000	-7.008106	-7.004149	-7.020465	-7.029583	-7.060497	-7.089960	-7.078243	-7.048562	-7.067881	-7.060460	-7.059065	-7.051247	-7.079991	-7.077873	-15.006771	-7.064589
	-7.008119	-7.004171	-7.020459	-7.029587	-7.060505	-7.089956	-7.078232	-7.048546	-7.067872	-7.060451	-7.059060	-7.051242	-7.079992			
