5.027000	-7.253118	-7.229767	-7.233681	-7.237518	-7.249343	-7.248695	-7.222691	-7.245200	-7.217589	-7.220510	-7.245916	-7.248827	-7.237477	-7.242352	-14.995361	-7.197924
25.047000	-7.253180	-7.229821	-7.233673	-7.237615	-7.249341	-7.248748	-7.222684	-7.245196	-7.217633	-7.220534	-7.245938	-7.248892	-7.237501	-7.242419	-14.995427	-7.197964
45.088000	-7.253165	-7.229814	-7.233665	-7.237591	-7.249329	-7.248721	-7.222711	-7.245199	-7.217588	-7.220570	-7.245918	-7.248834	-7.237514	-7.242410	-14.995401	-7.197970
65.137000	-7.253159	-7.229838	-7.233668	-7.237586	-7.249338	-7.248689	-7.222729	-7.245195	-7.217578	-7.220534	-7.245968	-7.248841	-7.237497	-7.242412	-14.995411	-7.197952
85.187000	-7.253157	-7.229820	-7.233663	-7.237592	-7.249321	-7.248726	-7.222743	-7.245221	-7.217616	-7.220588	-7.245964	-7.248870	-7.237491	-7.242409	-14.995301	-7.197987
105.247000	-7.253191	-7.229824	-7.233698	-7.237616	-7.249317	-7.248715	-7.222705	-7.245200	-7.217656	-7.220528	-7.245925	-7.248874	-7.237505	-7.242475	-14.995347	-7.198017
125.297000	-7.253136	-7.229837	-7.233663	-7.237598	-7.249312	-7.248698	-7.222750	-7.245205	-7.217663	-7.220557	-7.246013	-7.248885	-7.237446	-7.242460	-14.995367	-7.198014
145.327000	-7.253124	-7.229813	-7.233675	-7.237640	-7.249280	-7.248686	-7.222736	-7.245185	-7.217660	-7.220555	-7.245958	-7.248917	-7.237554	-7.242480	-14.995373	-7.197974
165.387000	-7.253133	-7.229807	-7.233656	-7.237639	-7.249304	-7.248707	-7.222726	-7.245226	-7.217662	-7.220560	-7.245990	-7.248855	-7.237537	-7.242454	-14.995397	-7.197951
185.427000	-7.253195	-7.229854	-7.233666	-7.237693	-7.249283	-7.248707	-7.222772	-7.245196	-7.217652	-7.220587	-7.245965	-7.248890	-7.237536	-7.242454	-14.995356	-7.197940
205.438000	-7.253172	-7.229825	-7.233698	-7.237690	-7.249292	-7.248690	-7.222768	-7.245238	-7.217698	-7.220600	-7.245988	-7.248879	-7.237524	-7.242440	-14.995397	-7.197954
225.457000	-7.253177	-7.229824	-7.233680	-7.237634	-7.249334	-7.248696	-7.222760	-7.245192	-7.217655	-7.220589	-7.245986	-7.248906	-7.237535	-7.242424	-14.995373	-7.197987
245.508000	-7.253155	-7.229783	-7.233669	-7.237619	-7.249305	-7.248683	-7.222732	-7.245195	-7.217615	-7.220565	-7.245970	-7.248917	-7.237538	-7.242454	-14.995374	-7.197977
265.547000	-7.253194	-7.229805	-7.233671	-7.237630	-7.249336	-7.248687	-7.222751	-7.245220	-7.217652	-7.220539	-7.245997	-7.248896	-7.237534	-7.242448	-14.995367	-7.198005
285.607000	-7.253152	-7.229787	-7.233701	-7.237684	-7.249311	-7.248679	-7.222710	-7.245228	-7.217612	-7.220590	-7.246025	-7.248907	-7.237513	-7.242470	-14.995358	-7.197970
305.637000	-7.253141	-7.229795	-7.233679	-7.237663	-7.249326	-7.248716	-7.222665	-7.245231	-7.217635	-7.220580	-7.245994	-7.248912	-7.237548	-7.242478	-14.995364	-7.197961
325.647000	-7.253149	-7.229833	-7.233692	-7.237657	-7.249306	-7.248729	-7.222693	-7.245212	-7.217713	-7.220545	-7.245990	-7.248964	-7.237540	-7.242460	-14.995375	-7.198007
345.689000	-7.253166	-7.229847	-7.233673	-7.237643	-7.249337	-7.248742	-7.222715	-7.245230	-7.217649	-7.220516	-7.245958	-7.248948	-7.237544	-7.242480	-14.995347	-7.197987
365.737000	-7.253158	-7.229828	-7.233686	-7.237675	-7.249324	-7.248710	-7.222725	-7.245214	-7.217667	-7.220563	-7.245969	-7.248959	-7.237511	-7.242450	-14.995333	-7.197954
385.777000	-7.253185	-7.229837	-7.233694	-7.237707	-7.249331	-7.248716	-7.222713	-7.245232	-7.217681	-7.220593	-7.245996	-7.248937	-7.237576	-7.242506	-14.995348	-7.198009
405.817000	-7.253189	-7.229906	-7.233742	-7.237703	-7.249385	-7.248685	-7.222701	-7.245214	-7.217681	-7.220597	-7.245960	-7.248980	-7.237563	-7.242485	-14.995322	-7.198000
425.867000	-7.253181	-7.229880	-7.233719	-7.237664	-7.249321	-7.248692	-7.222687	-7.245166	-7.217727	-7.220570	-7.245973	-7.248942	-7.237548	-7.242503	-14.995360	-7.198031
445.907000	-7.253200	-7.229861	-7.233722	-7.237664	-7.249331	-7.248707	-7.222733	-7.245204	-7.217723	-7.220594	-7.245973	-7.248938	-7.237536	-7.242494	-14.995336	-7.198015
465.937000	-7.253152	-7.229837	-7.233708	-7.237661	-7.249358	-7.248685	-7.222729	-7.245200	-7.217687	-7.220600	-7.245981	-7.248937	-7.237582	-7.242502	-14.995371	-7.198022
485.977000	-7.253207	-7.229869	-7.233749	-7.237666	-7.249336	-7.248699	-7.222771	-7.245242	-7.217658	-7.220601	-7.245980	-7.248940	-7.237563	-7.242490	-14.995350	-7.198018
506.027000	-7.253139	-7.229852	-7.233703	-7.237618	-7.249322	-7.248692	-7.222741	-7.245237	-7.217675	-7.220617	-7.246003	-7.248929	-7.237550	-7.242480	-14.995381	-7.198030
526.077000	-7.253148	-7.229859	-7.233724	-7.237686	-7.249370	-7.248719	-7.222739	-7.245220	-7.217694	-7.220643	-7.245983	-7.248951	-7.237587	-7.242523	-14.995323	-7.198072
546.107000	-7.253178	-7.229855	-7.233708	-7.237659	-7.249371	-7.248704	-7.222730	-7.245231	-7.217719	-7.220551	-7.245994	-7.248909	-7.237559	-7.242492	-14.995383	-7.198023
566.127000	-7.253158	-7.229865	-7.233731	-7.237669	-7.249349	-7.248689	-7.222745	-7.245244	-7.217661	-7.220594	-7.245971	-7.248890	-7.237611	-7.242507	-14.995331	-7.198019
586.157000	-7.253136	-7.229825	-7.233725	-7.237670	-7.249338	-7.248697	-7.222738	-7.245241	-7.217666	-7.220616	-7.245963	-7.248827	-7.237563	-7.242488	-14.995331	-7.198067
606.208000	-7.253174	-7.229844	-7.233679	-7.237704	-7.249347	-7.248720	-7.222737	-7.245212	-7.217693	-7.220624	-7.245992	-7.248882	-7.237556	-7.242501	-14.995311	-7.198052
626.247000	-7.253158	-7.229819	-7.233740	-7.237643	-7.249315	-7.248682	-7.222736	-7.245218	-7.217722	-7.220603	-7.246005	-7.248877	-7.237559	-7.242493	-14.995349	-7.198055
646.317000	-7.253152	-7.229828	-7.233708	-7.237661	-7.249308	-7.248705	-7.222774	-7.245218	-7.217688	-7.220618	-7.245983	-7.248895	-7.237566	-7.242508	-14.995269	-7.198042
666.357000	-7.253161	-7.229838	-7.233707	-7.237632	-7.249333	-7.248669	-7.222734	-7.245176	-7.217693	-7.220624	-7.246000	-7.248860	-7.237578	-7.242534	-14.995322	-7.198030
686.409000	-7.253189	-7.229803	-7.233673	-7.237656	-7.249321	-7.248696	-7.222759	-7.245207	-7.217680	-7.220607	-7.245949	-7.248874	-7.237571	-7.242518	-14.995311	-7.198024
706.487000	-7.253185	-7.229818	-7.233721	-7.237634	-7.249331	-7.248688	-7.222752	-7.245207	-7.217697	-7.220604	-7.245997	-7.248875	-7.237567	-7.242540	-14.995320	-7.198027
726.527000	-7.253200	-7.229806	-7.233750	-7.237633	-7.249323	-7.248691	-7.222746	-7.245208	-7.217593	-7.220592	-7.246009	-7.248849	-7.237520	-7.242488	-14.995331	-7.198030
746.577000	-7.253173	-7.229823	-7.233747	-7.237682	-7.249321	-7.248694	-7.222734	-7.245228	-7.217677	-7.220619	-7.245992	-7.248849	-7.237595	-7.242505	-14.995291	-7.198050
766.577000	-7.253157	-7.229830	-7.233743	-7.237678	-7.249314	-7.248718	-7.222749	-7.245227	-7.217640	-7.220622	-7.246009	-7.248862	-7.237591	-7.242505	-14.995230	-7.198036
786.637000	-7.253191	-7.229847	-7.233730	-7.237680	-7.249343	-7.248707	-7.222781	-7.245231	-7.217662	-7.220591	-7.246013	-7.248887	-7.237563	-7.242541	-14.995256	-7.198056
806.667000	-7.253185	-7.229840	-7.233759	-7.237624	-7.249335	-7.248692	-7.222792	-7.245210	-7.217712	-7.220577	-7.245987	-7.248866	-7.237580	-7.242522	-14.995265	-7.198038
826.717000	-7.253184	-7.229843	-7.233757	-7.237654	-7.249324	-7.248723	-7.222732	-7.245226	-7.217688	-7.220618	-7.245954	-7.248847	-7.237586	-7.242563	-14.995275	-7.198051
846.787000	-7.253187	-7.229816	-7.233768	-7.237642	-7.249340	-7.248694	-7.222757	-7.245209	-7.217698	-7.220618	-7.245983	-7.248887	-7.237586	-7.242536	-14.995299	-7.198053
866.828000	-7.253174	-7.229840	-7.233740	-7.237674	-7.249308	-7.248688	-7.222752	-7.245184	-7.217666	-7.220641	-7.246005	-7.248857	-7.237627	-7.242559	-14.995282	-7.198029
886.888000	-7.253149	-7.229829	-7.233742	-7.237660	-7.249327	-7.248706	-7.222745	-7.245239	-7.217747	-7.220602	-7.245981	-7.248881	-7.237608	-7.242547	-14.995339	-7.198015
906.937000	-7.253164	-7.229828	-7.233753	-7.237645	-7.249287	-7.248704	-7.222762	-7.245219	-7.217736	-7.220588	-7.245995	-7.248892	-7.237601	-7.242585	-14.995329	-7.198051
926.987000	-7.253170	-7.229861	-7.233768	-7.237681	-7.249368	-7.248738	-7.222741	-7.245234	-7.217751	-7.220645	-7.246029	-7.248872	-7.237613	-7.242585	-14.995244	-7.198035
947.037000	-7.253127	-7.229803	-7.233735	-7.237624	-7.249332	-7.248691	-7.222738	-7.245252	-7.217723	-7.220611	-7.246019	-7.248858	-7.237597	-7.242595	-14.995276	-7.198061
967.077000	-7.253189	-7.229805	-7.233715	-7.237642	-7.249297	-7.248707	-7.222778	-7.245257	-7.217755	-7.220630	-7.246062	-7.248869	-7.237599	-7.242573	-14.995281	-7.198045
987.107000	-7.253202	-7.229856	-7.233741	-7.237650	-7.249297	-7.248709	-7.222766	-7.245238	-7.217740	-7.220635	-7.246017	-7.248852	-7.237580	-7.242562	-14.995299	-7.198069
1007.157000	-7.253205	-7.229844	-7.233719	-7.237652	-7.249335	-7.248681	-7.222706	-7.245235	-7.217698	-7.220592	-7.245995	-7.248844	-7.237552	-7.242561	-14.995269	-7.198035
1027.207000	-7.253198	-7.229858	-7.233753	-7.237642	-7.249304	-7.248697	-7.222752	-7.245244	-7.217727	-7.220594	-7.246025	-7.248878	-7.237568	-7.242519	-14.995282	-7.198001
1047.247000	-7.253185	-7.229830	-7.233729	-7.237649	-7.249299	-7.248678	-7.222715	-7.245264	-7.217714	-7.220548	-7.246002	-7.248833	-7.237553	-7.242562	-14.995304	-7.198036
1067.267000	-7.253172	-7.229827	-7.233799	-7.237670	-7.249334	-7.248696	-7.222737	-7.245250	-7.217761	-7.220604	-7.246039	-7.248877	-7.237639	-7.242596	-14.995273	-7.198012
1087.317000	-7.253218	-7.229840	-7.233740	-7.237639	-7.249300	-7.248702	-7.222750	-7.245223	-7.217741	-7.220554	-7.245984	-7.248859	-7.237607	-7.242534	-14.995236	-7.198063
1107.387000	-7.253190	-7.229831	-7.233768	-7.237644	-7.249320	-7.248691	-7.222752	-7.245207	-7.217714	-7.220569	-7.246000	-7.248872	-7.237609	-7.242521	-14.995280	-7.198045
1127.407000	-7.253189	-7.229850	-7.233783	-7.237648	-7.249325	-7.248655	-7.222732	-7.245233	-7.217717	-7.220573	-7.246015	-7.248880	-7.237589	-7.242519	-14.995256	-7.198041
1147.457000	-7.253212	-7.229849	-7.233761	-7.237645	-7.249370	-7.248680	-7.222699	-7.245244	-7.217702	-7.220581	-7.246011	-7.248881	-7.237595	-7.242554	-14.995278	-7.198058
1167.488000	-7.253169	-7.229878	-7.233755	-7.237680	-7.249292	-7.248685	-7.222732	-7.245249	-7.217664	-7.220543	-7.245993	-7.248843	-7.237620	-7.242553	-14.995262	-7.198049
1187.527000	-7.253150	-7.229852	-7.233772	-7.237658	-7.249308	-7.248699	-7.222691	-7.245213	-7.217682	-7.220615	-7.245996	-7.248878	-7.237611	-7.242545	-14.995284	-7.198021
1207.597000	-7.253153	-7.229851	-7.233734	-7.237666	-7.249314	-7.248692	-7.222724	-7.245231	-7.217729	-7.220590	-7.246051	-7.248865	-7.237584	-7.242575	-14.995257	-7.198043
1227.647000	-7.253125	-7.229869	-7.233752	-7.237686	-7.249283	-7.248699	-7.222690	-7.245229	-7.217712	-7.220570	-7.245976	-7.248866	-7.237638	-7.242547	-14.995270	-7.198017
1247.697000	-7.253158	-7.229881	-7.233755	-7.237657	-7.249322	-7.248676	-7.222738	-7.245231	-7.217768	-7.220554	-7.246018	-7.248874	-7.237602	-7.242608	-14.995275	-7.198036
1267.741000	-7.253142	-7.229839	-7.233744	-7.237669	-7.249297	-7.248671	-7.222739	-7.245215	-7.217671	-7.220602	-7.246014	-7.248844	-7.237579	-7.242543	-14.995329	-7.198001
1287.787000	-7.253140	-7.229861	-7.233696	-7.237683	-7.249328	-7.248665	-7.222722	-7.245231	-7.217719	-7.220555	-7.245989	-7.248835	-7.237599	-7.242559	-14.995295	-7.198024
1307.847000	-7.253161	-7.229857	-7.233736	-7.237639	-7.249308	-7.248691	-7.222717	-7.245186	-7.217695	-7.220560	-7.245963	-7.248833	-7.237557	-7.242537	-14.995257	-7.197987
1327.897000	-7.253211	-7.229841	-7.233751	-7.237637	-7.249366	-7.248684	-7.222729	-7.245223	-7.217661	-7.220558	-7.245970	-7.248848	-7.237549	-7.242524	-14.995292	-7.197974
1347.957000	-7.253196	-7.229787	-7.233730	-7.237628	-7.249308	-7.248657	-7.222709	-7.245186	-7.217682	-7.220604	-7.245982	-7.248854	-7.237594	-7.242545	-14.995274	-7.198031
1368.017000	-7.253222	-7.229827	-7.233725	-7.237667	-7.249340	-7.248683	-7.222738	-7.245196	-7.217700	-7.220554	-7.245966	-7.248852	-7.237580	-7.242537	-14.995301	-7.198027
1388.067000	-7.253189	-7.229856	-7.233746	-7.237634	-7.249325	-7.248669	-7.222701	-7.245173	-7.217740	-7.220541	-7.246029	-7.248883	-7.237532	-7.242558	-14.995293	-7.198057
1408.097000	-7.253207	-7.229852	-7.233782	-7.237696	-7.249316	-7.248673	-7.222702	-7.245214	-7.217689	-7.220585	-7.245993	-7.248871	-7.237591	-7.242546	-14.995252	-7.198058
1428.127000	-7.253193	-7.229889	-7.233755	-7.237642	-7.249319	-7.248691	-7.222722	-7.245213	-7.217700	-7.220594	-7.245999	-7.248866	-7.237547	-7.242546	-14.995275	-7.198044
1448.127000	-7.253167	-7.229858	-7.233767	-7.237684	-7.249296	-7.248695	-7.222734	-7.245239	-7.217683	-7.220583	-7.245981	-7.248887	-7.237587	-7.242522	-14.995233	-7.198055
1468.117000	-7.253180	-7.229853	-7.233769	-7.237645	-7.249309	-7.248682	-7.222714	-7.245232	-7.217722	-7.220578	-7.245986	-7.248871	-7.237581	-7.242531	-14.995242	-7.198036
1488.107000	-7.253192	-7.229861	-7.233729	-7.237681	-7.249324	-7.248678	-7.222740	-7.245269	-7.217706	-7.220604	-7.245970	-7.248900	-7.237622	-7.242523	-14.995231	-7.198022
1508.127000	-7.253149	-7.229832	-7.233745	-7.237673	-7.249332	-7.248698	-7.222729	-7.245280	-7.217698	-7.220616	-7.245992	-7.248851	-7.237619	-7.242521	-14.995304	-7.198010
1528.137000	-7.253153	-7.229850	-7.233768	-7.237655	-7.249293	-7.248701	-7.222743	-7.245269	-7.217664	-7.220643	-7.246006	-7.248855	-7.237612	-7.242534	-14.995278	-7.198028
1548.127000	-7.253199	-7.229864	-7.233734	-7.237669	-7.249275	-7.248733	-7.222718	-7.245287	-7.217668	-7.220594	-7.246005	-7.248881	-7.237638	-7.242521	-14.995232	-7.197999
1568.147000	-7.253199	-7.229859	-7.233779	-7.237679	-7.249280	-7.248679	-7.222671	-7.245263	-7.217701	-7.220595	-7.245995	-7.248863	-7.237594	-7.242548	-14.995243	-7.198031
1588.147000	-7.253213	-7.229857	-7.233781	-7.237697	-7.249314	-7.248708	-7.222708	-7.245239	-7.217712	-7.220575	-7.246013	-7.248843	-7.237595	-7.242537	-14.995245	-7.198044
1608.147000	-7.253164	-7.229878	-7.233769	-7.237716	-7.249347	-7.248703	-7.222722	-7.245280	-7.217737	-7.220565	-7.245979	-7.248864	-7.237595	-7.242564	-14.995284	-7.198055
1628.187000	-7.253157	-7.229877	-7.233761	-7.237658	-7.249308	-7.248702	-7.222743	-7.245261	-7.217734	-7.220543	-7.246002	-7.248866	-7.237582	-7.242574	-14.995270	-7.198054
1648.167000	-7.253177	-7.229864	-7.233746	-7.237679	-7.249336	-7.248664	-7.222721	-7.245281	-7.217687	-7.220545	-7.245990	-7.248860	-7.237583	-7.242571	-14.995289	-7.198042
1668.197000	-7.253162	-7.229893	-7.233785	-7.237638	-7.249316	-7.248674	-7.222722	-7.245265	-7.217703	-7.220537	-7.245952	-7.248872	-7.237585	-7.242543	-14.995223	-7.198070
1688.198000	-7.253137	-7.229875	-7.233789	-7.237668	-7.249335	-7.248676	-7.222716	-7.245270	-7.217733	-7.220572	-7.245946	-7.248835	-7.237605	-7.242520	-14.995203	-7.198052
1708.187000	-7.253178	-7.229860	-7.233773	-7.237670	-7.249293	-7.248672	-7.222704	-7.245295	-7.217661	-7.220547	-7.245937	-7.248845	-7.237583	-7.242513	-14.995270	-7.198005
1728.187000	-7.253162	-7.229866	-7.233778	-7.237658	-7.249331	-7.248646	-7.222698	-7.245296	-7.217689	-7.220556	-7.246002	-7.248825	-7.237573	-7.242536	-14.995252	-7.198030
1748.197000	-7.253177	-7.229870	-7.233788	-7.237665	-7.249319	-7.248671	-7.222708	-7.245330	-7.217674	-7.220557	-7.245970	-7.248836	-7.237610	-7.242523	-14.995207	-7.197997
1768.227000	-7.253144	-7.229874	-7.233807	-7.237671	-7.249360	-7.248700	-7.222715	-7.245291	-7.217717	-7.220559	-7.246010	-7.248862	-7.237636	-7.242550	-14.995218	-7.198045
1788.207000	-7.253186	-7.229882	-7.233768	-7.237716	-7.249291	-7.248649	-7.222701	-7.245305	-7.217698	-7.220604	-7.245969	-7.248860	-7.237596	-7.242538	-14.995275	-7.198011
1808.237000	-7.253159	-7.229859	-7.233781	-7.237637	-7.249328	-7.248671	-7.222705	-7.245246	-7.217638	-7.220576	-7.245969	-7.248827	-7.237599	-7.242495	-14.995252	-7.197988
1828.227000	-7.253124	-7.229822	-7.233753	-7.237674	-7.249321	-7.248685	-7.222688	-7.245245	-7.217652	-7.220589	-7.245949	-7.248801	-7.237609	-7.242532	-14.995273	-7.197992
1848.227000	-7.253153	-7.229884	-7.233754	-7.237664	-7.249334	-7.248699	-7.222708	-7.245240	-7.217653	-7.220569	-7.245988	-7.248797	-7.237623	-7.242515	-14.995230	-7.198006
1868.237000	-7.253152	-7.229847	-7.233798	-7.237686	-7.249370	-7.248682	-7.222681	-7.245277	-7.217686	-7.220581	-7.245958	-7.248841	-7.237611	-7.242497	-14.995265	-7.197987
1888.267000	-7.253154	-7.229839	-7.233780	-7.237650	-7.249319	-7.248665	-7.222722	-7.245243	-7.217704	-7.220552	-7.246009	-7.248852	-7.237607	-7.242519	-14.995236	-7.198021
1908.277000	-7.253146	-7.229866	-7.233797	-7.237672	-7.249347	-7.248681	-7.222735	-7.245230	-7.217709	-7.220582	-7.245951	-7.248826	-7.237589	-7.242511	-14.995264	-7.198032
1928.297000	-7.253194	-7.229886	-7.233772	-7.237671	-7.249332	-7.248659	-7.222701	-7.245241	-7.217715	-7.220516	-7.245967	-7.248841	-7.237609	-7.242493	-14.995241	-7.198011
1948.267000	-7.253145	-7.229859	-7.233799	-7.237664	-7.249349	-7.248670	-7.222688	-7.245233	-7.217703	-7.220554	-7.245985	-7.248852	-7.237605	-7.242517	-14.995247	-7.198030
1968.288000	-7.253146	-7.229865	-7.233773	-7.237710	-7.249318	-7.248614	-7.222710	-7.245273	-7.217685	-7.220574	-7.245956	-7.248861	-7.237586	-7.242507	-14.995236	-7.198079
1988.297000	-7.253147	-7.229901	-7.233796	-7.237685	-7.249323	-7.248658	-7.222700	-7.245255	-7.217743	-7.220548	-7.245953	-7.248839	-7.237581	-7.242518	-14.995275	-7.198053
2008.297000	-7.253188	-7.229924	-7.233760	-7.237698	-7.249336	-7.248637	-7.222712	-7.245249	-7.217712	-7.220597	-7.245916	-7.248870	-7.237592	-7.242513	-14.995312	-7.198048
2028.307000	-7.253200	-7.229929	-7.233748	-7.237699	-7.249346	-7.248667	-7.222739	-7.245258	-7.217723	-7.220610	-7.245945	-7.248855	-7.237657	-7.242526	-14.995217	-7.198053
2048.327000	-7.253208	-7.229894	-7.233820	-7.237661	-7.249338	-7.248648	-7.222696	-7.245262	-7.217720	-7.220563	-7.245986	-7.248878	-7.237592	-7.242538	-14.995272	-7.198021
2068.387000	-7.253193	-7.229869	-7.233781	-7.237702	-7.249310	-7.248633	-7.222703	-7.245260	-7.217710	-7.220587	-7.245933	-7.248818	-7.237609	-7.242536	-14.995219	-7.198034
2088.417000	-7.253209	-7.229878	-7.233785	-7.237681	-7.249317	-7.248657	-7.222694	-7.245262	-7.217785	-7.220573	-7.245929	-7.248862	-7.237558	-7.242565	-14.995249	-7.198028
2108.398000	-7.253200	-7.229887	-7.233746	-7.237668	-7.249310	-7.248713	-7.222704	-7.245240	-7.217744	-7.220579	-7.245975	-7.248873	-7.237620	-7.242570	-14.995275	-7.198053
2128.447000	-7.253207	-7.229910	-7.233809	-7.237678	-7.249333	-7.248686	-7.222724	-7.245280	-7.217729	-7.220579	-7.245998	-7.248858	-7.237669	-7.242555	-14.995238	-7.198071
2148.508000	-7.253195	-7.229899	-7.233811	-7.237657	-7.249324	-7.248672	-7.222697	-7.245277	-7.217707	-7.220561	-7.245959	-7.248861	-7.237586	-7.242496	-14.995238	-7.198034
2168.537000	-7.253215	-7.229916	-7.233827	-7.237685	-7.249295	-7.248673	-7.222735	-7.245286	-7.217724	-7.220578	-7.245967	-7.248899	-7.237597	-7.242563	-14.995277	-7.198040
2188.527000	-7.253220	-7.229896	-7.233790	-7.237660	-7.249306	-7.248697	-7.222713	-7.245278	-7.217731	-7.220589	-7.245958	-7.248843	-7.237641	-7.242540	-14.995267	-7.198046
2208.497000	-7.253209	-7.229910	-7.233771	-7.237655	-7.249335	-7.248670	-7.222700	-7.245259	-7.217769	-7.220593	-7.245944	-7.248832	-7.237586	-7.242514	-14.995238	-7.198078
2228.477000	-7.253190	-7.229915	-7.233789	-7.237657	-7.249300	-7.248673	-7.222703	-7.245288	-7.217724	-7.220564	-7.245935	-7.248826	-7.237579	-7.242546	-14.995273	-7.198076
2248.487000	-7.253159	-7.229900	-7.233771	-7.237633	-7.249310	-7.248666	-7.222659	-7.245252	-7.217682	-7.220601	-7.245891	-7.248834	-7.237593	-7.242511	-14.995257	-7.198059
2268.467000	-7.253168	-7.229914	-7.233817	-7.237613	-7.249327	-7.248674	-7.222689	-7.245261	-7.217753	-7.220592	-7.245935	-7.248834	-7.237572	-7.242536	-14.995257	-7.198105
2288.457000	-7.253195	-7.229906	-7.233804	-7.237599	-7.249341	-7.248672	-7.222704	-7.245286	-7.217736	-7.220623	-7.245960	-7.248851	-7.237600	-7.242539	-14.995283	-7.198012
2308.477000	-7.253236	-7.229923	-7.233828	-7.237625	-7.249300	-7.248688	-7.222705	-7.245265	-7.217691	-7.220631	-7.245937	-7.248826	-7.237563	-7.242561	-14.995253	-7.198018
2328.508000	-7.253219	-7.229947	-7.233811	-7.237616	-7.249330	-7.248690	-7.222745	-7.245254	-7.217731	-7.220588	-7.245992	-7.248840	-7.237559	-7.242553	-14.995255	-7.198050
2348.517000	-7.253173	-7.229937	-7.233804	-7.237699	-7.249330	-7.248652	-7.222719	-7.245260	-7.217730	-7.220640	-7.245941	-7.248871	-7.237569	-7.242519	-14.995289	-7.198059
2368.537000	-7.253209	-7.229939	-7.233797	-7.237705	-7.249350	-7.248657	-7.222731	-7.245256	-7.217729	-7.220644	-7.245954	-7.248895	-7.237610	-7.242567	-14.995289	-7.198121
2388.517000	-7.253224	-7.229957	-7.233805	-7.237707	-7.249342	-7.248676	-7.222723	-7.245288	-7.217707	-7.220671	-7.245971	-7.248879	-7.237619	-7.242572	-14.995343	-7.198052
2408.527000	-7.253216	-7.229960	-7.233820	-7.237651	-7.249306	-7.248682	-7.222700	-7.245265	-7.217691	-7.220639	-7.245943	-7.248852	-7.237601	-7.242502	-14.995266	-7.198074
2428.537000	-7.253246	-7.229947	-7.233800	-7.237660	-7.249327	-7.248680	-7.222720	-7.245219	-7.217680	-7.220600	-7.245941	-7.248830	-7.237617	-7.242509	-14.995249	-7.198036
2448.557000	-7.253254	-7.229935	-7.233792	-7.237681	-7.249352	-7.248669	-7.222716	-7.245251	-7.217645	-7.220620	-7.245915	-7.248855	-7.237607	-7.242475	-14.995257	-7.198067
2468.539000	-7.253222	-7.229914	-7.233823	-7.237699	-7.249314	-7.248664	-7.222726	-7.245259	-7.217653	-7.220637	-7.245955	-7.248854	-7.237617	-7.242530	-14.995200	-7.198009
2488.537000	-7.253284	-7.229916	-7.233805	-7.237676	-7.249357	-7.248663	-7.222700	-7.245276	-7.217702	-7.220612	-7.245948	-7.248859	-7.237645	-7.242524	-14.995272	-7.198088
2508.547000	-7.253289	-7.229894	-7.233828	-7.237686	-7.249387	-7.248643	-7.222698	-7.245273	-7.217665	-7.220635	-7.245953	-7.248826	-7.237606	-7.242511	-14.995256	-7.198022
2528.587000	-7.253226	-7.229878	-7.233838	-7.237695	-7.249357	-7.248653	-7.222713	-7.245270	-7.217701	-7.220618	-7.245985	-7.248843	-7.237595	-7.242535	-14.995240	-7.198001
2548.597000	-7.253219	-7.229895	-7.233840	-7.237736	-7.249366	-7.248680	-7.222711	-7.245276	-7.217719	-7.220668	-7.245925	-7.248843	-7.237611	-7.242515	-14.995308	-7.198012
2568.607000	-7.253218	-7.229879	-7.233831	-7.237710	-7.249354	-7.248675	-7.222702	-7.245305	-7.217717	-7.220629	-7.245955	-7.248876	-7.237593	-7.242545	-14.995236	-7.198026
2588.607000	-7.253206	-7.229871	-7.233810	-7.237703	-7.249358	-7.248651	-7.222716	-7.245274	-7.217742	-7.220664	-7.245978	-7.248891	-7.237557	-7.242519	-14.995246	-7.198086
2608.607000	-7.253227	-7.229892	-7.233855	-7.237689	-7.249308	-7.248666	-7.222685	-7.245279	-7.217718	-7.220677	-7.245958	-7.248887	-7.237575	-7.242481	-14.995185	-7.198056
2628.597000	-7.253240	-7.229873	-7.233827	-7.237700	-7.249347	-7.248657	-7.222656	-7.245270	-7.217715	-7.220647	-7.245973	-7.248843	-7.237538	-7.242498	-14.995285	-7.198053
2648.597000	-7.253220	-7.229893	-7.233815	-7.237707	-7.249379	-7.248651	-7.222711	-7.245301	-7.217743	-7.220619	-7.245951	-7.248867	-7.237565	-7.242520	-14.995239	-7.198015
2668.647000	-7.253222	-7.229953	-7.233820	-7.237689	-7.249362	-7.248683	-7.222732	-7.245275	-7.217772	-7.220681	-7.245942	-7.248881	-7.237583	-7.242551	-14.995330	-7.198045
2688.707000	-7.253272	-7.229946	-7.233803	-7.237682	-7.249351	-7.248603	-7.222680	-7.245275	-7.217737	-7.220662	-7.245955	-7.248838	-7.237574	-7.242550	-14.995262	-7.198008
2708.747000	-7.253217	-7.229872	-7.233779	-7.237703	-7.249336	-7.248676	-7.222696	-7.245293	-7.217671	-7.220620	-7.245951	-7.248860	-7.237603	-7.242511	-14.995277	-7.197998
2728.798000	-7.253246	-7.229889	-7.233812	-7.237720	-7.249302	-7.248649	-7.222726	-7.245290	-7.217691	-7.220660	-7.245963	-7.248860	-7.237582	-7.242496	-14.995241	-7.198029
2748.847000	-7.253253	-7.229901	-7.233823	-7.237685	-7.249319	-7.248655	-7.222720	-7.245282	-7.217716	-7.220623	-7.245929	-7.248895	-7.237588	-7.242505	-14.995268	-7.198042
2768.877000	-7.253241	-7.229881	-7.233783	-7.237727	-7.249369	-7.248685	-7.222722	-7.245315	-7.217708	-7.220649	-7.245942	-7.248913	-7.237608	-7.242540	-14.995262	-7.198042
2788.947000	-7.253258	-7.229935	-7.233826	-7.237716	-7.249366	-7.248746	-7.222706	-7.245304	-7.217689	-7.220624	-7.246011	-7.248879	-7.237632	-7.242495	-14.995233	-7.198043
2808.977000	-7.253259	-7.229903	-7.233834	-7.237698	-7.249350	-7.248679	-7.222705	-7.245332	-7.217730	-7.220584	-7.245964	-7.248861	-7.237600	-7.242486	-14.995236	-7.198044
2829.017000	-7.253231	-7.229902	-7.233807	-7.237725	-7.249314	-7.248679	-7.222669	-7.245301	-7.217680	-7.220640	-7.245983	-7.248841	-7.237632	-7.242527	-14.995266	-7.197991
2849.059000	-7.253256	-7.229903	-7.233825	-7.237690	-7.249332	-7.248713	-7.222738	-7.245284	-7.217705	-7.220654	-7.245939	-7.248860	-7.237632	-7.242483	-14.995243	-7.198052
2869.087000	-7.253203	-7.229924	-7.233761	-7.237689	-7.249303	-7.248703	-7.222698	-7.245293	-7.217688	-7.220630	-7.245906	-7.248855	-7.237602	-7.242477	-14.995254	-7.198052
2889.127000	-7.253201	-7.229853	-7.233755	-7.237739	-7.249296	-7.248691	-7.222682	-7.245306	-7.217683	-7.220631	-7.245954	-7.248860	-7.237642	-7.242533	-14.995258	-7.198062
2909.207000	-7.253202	-7.229896	-7.233782	-7.237723	-7.249304	-7.248697	-7.222666	-7.245283	-7.217688	-7.220707	-7.245986	-7.248873	-7.237671	-7.242538	-14.995231	-7.198039
2929.257000	-7.253253	-7.229891	-7.233751	-7.237703	-7.249326	-7.248681	-7.222652	-7.245270	-7.217723	-7.220630	-7.245986	-7.248851	-7.237640	-7.242486	-14.995219	-7.198034
2949.327000	-7.253217	-7.229918	-7.233781	-7.237713	-7.249335	-7.248711	-7.222664	-7.245289	-7.217733	-7.220585	-7.245935	-7.248862	-7.237603	-7.242476	-14.995232	-7.197995
2969.347000	-7.253246	-7.229950	-7.233797	-7.237745	-7.249346	-7.248686	-7.222716	-7.245236	-7.217715	-7.220652	-7.245966	-7.248861	-7.237599	-7.242489	-14.995220	-7.198010
2989.397000	-7.253246	-7.229911	-7.233780	-7.237737	-7.249385	-7.248701	-7.222733	-7.245244	-7.217722	-7.220658	-7.245981	-7.248834	-7.237599	-7.242518	-14.995295	-7.198026
3009.457000	-7.253210	-7.229903	-7.233774	-7.237710	-7.249346	-7.248693	-7.222710	-7.245270	-7.217689	-7.220634	-7.245953	-7.248892	-7.237612	-7.242498	-14.995296	-7.198026
3029.517000	-7.253213	-7.229921	-7.233788	-7.237721	-7.249343	-7.248672	-7.222729	-7.245244	-7.217672	-7.220632	-7.245957	-7.248843	-7.237630	-7.242513	-14.995245	-7.198074
3049.587000	-7.253244	-7.229907	-7.233790	-7.237745	-7.249342	-7.248681	-7.222715	-7.245256	-7.217730	-7.220645	-7.245951	-7.248877	-7.237623	-7.242527	-14.995193	-7.198050
3069.607000	-7.253254	-7.229866	-7.233768	-7.237701	-7.249361	-7.248640	-7.222727	-7.245239	-7.217710	-7.220646	-7.245966	-7.248869	-7.237581	-7.242498	-14.995260	-7.198046
3089.667000	-7.253236	-7.229924	-7.233799	-7.237707	-7.249340	-7.248696	-7.222718	-7.245264	-7.217697	-7.220613	-7.245978	-7.248846	-7.237598	-7.242494	-14.995269	-7.198011
3109.717000	-7.253258	-7.229877	-7.233806	-7.237727	-7.249349	-7.248691	-7.222728	-7.245248	-7.217710	-7.220630	-7.245966	-7.248906	-7.237621	-7.242532	-14.995228	-7.198073
3129.767000	-7.253276	-7.229896	-7.233780	-7.237724	-7.249357	-7.248700	-7.222710	-7.245265	-7.217710	-7.220623	-7.246003	-7.248859	-7.237584	-7.242510	-14.995274	-7.198078
3149.837000	-7.253272	-7.229922	-7.233815	-7.237740	-7.249361	-7.248691	-7.222717	-7.245273	-7.217694	-7.220672	-7.245960	-7.248897	-7.237628	-7.242512	-14.995270	-7.198042
3169.907000	-7.253273	-7.229919	-7.233804	-7.237688	-7.249335	-7.248657	-7.222722	-7.245256	-7.217690	-7.220635	-7.245969	-7.248894	-7.237602	-7.242497	-14.995304	-7.198037
3189.937000	-7.253298	-7.229914	-7.233828	-7.237681	-7.249356	-7.248681	-7.222710	-7.245272	-7.217677	-7.220622	-7.245961	-7.248882	-7.237585	-7.242502	-14.995262	-7.198045
3209.927000	-7.253227	-7.229900	-7.233817	-7.237706	-7.249343	-7.248684	-7.222705	-7.245317	-7.217736	-7.220630	-7.245985	-7.248914	-7.237601	-7.242521	-14.995263	-7.198062
3229.987000	-7.253257	-7.229936	-7.233847	-7.237718	-7.249404	-7.248688	-7.222712	-7.245303	-7.217737	-7.220619	-7.246008	-7.248935	-7.237671	-7.242569	-14.995238	-7.198106
3250.048000	-7.253267	-7.229970	-1.704267	-7.237750	-7.249384	-7.248666	-7.222738	-7.245272	-7.217743	-7.220653	-7.245994	-7.248900	-7.237657	-7.242557	-14.995058	-7.198120
3270.067000	-7.253250	-7.229927	-1.708093	-7.237776	-7.249400	-7.248712	-7.222709	-7.245253	-7.217696	-7.220632	-7.245976	-7.248921	-7.237649	-7.242562	-14.995047	-7.198090
3290.117000	-7.253232	-7.229922	-1.710510	-7.237769	-7.249400	-7.248671	-7.222726	-7.245258	-7.217671	-7.220644	-7.246002	-7.248887	-7.237640	-7.242547	-14.995059	-7.198100
3310.157000	-7.253261	-7.229930	-1.712460	-7.237734	-7.249380	-7.248685	-7.222767	-7.245213	-7.217702	-7.220669	-7.245991	-7.248854	-7.237590	-7.242496	-14.995026	-7.198048
3330.207000	-7.253241	-7.229941	-1.710610	-7.237703	-7.249421	-7.248677	-7.222721	-7.245276	-7.217719	-7.220619	-7.245964	-7.248850	-7.237659	-7.242556	-14.995050	-7.198074
3350.257000	-7.253207	-7.229930	-1.711539	-7.237743	-7.249386	-7.248663	-7.222713	-7.245289	-7.217768	-7.220671	-7.245976	-7.248843	-7.237608	-7.242555	-14.995057	-7.198104
3370.287000	-7.253237	-7.229963	-1.712228	-7.237714	-7.249388	-7.248698	-7.222684	-7.245295	-7.217768	-7.220647	-7.246006	-7.248861	-7.237634	-7.242575	-14.995041	-7.198078
3390.308000	-7.253275	-7.229979	-1.712372	-7.237714	-7.249416	-7.248685	-7.222723	-7.245274	-7.217747	-7.220635	-7.245997	-7.248846	-7.237631	-7.242580	-14.995022	-7.198072
3410.307000	-7.253226	-7.229900	-1.712417	-7.237722	-7.249421	-7.248661	-7.222723	-7.245291	-7.217736	-7.220635	-7.245990	-7.248872	-7.237655	-7.242582	-14.995039	-7.198102
3430.357000	-7.253250	-7.229947	-1.711694	-7.237679	-7.249394	-7.248686	-7.222743	-7.245249	-7.217689	-7.220656	-7.245966	-7.248849	-7.237611	-7.242489	-14.994977	-7.198045
3450.417000	-7.253262	-7.229961	-1.712271	-7.237731	-7.249384	-7.248701	-7.222744	-7.245277	-7.217744	-7.220650	-7.245970	-7.248880	-7.237628	-7.242531	-14.995003	-7.198080
3470.447000	-7.253269	-7.229970	-1.712712	-7.237749	-7.249355	-7.248682	-7.222700	-7.245309	-7.217696	-7.220680	-7.245993	-7.248852	-7.237631	-7.242534	-14.995001	-7.198090
3490.507000	-7.253260	-7.229941	-1.712361	-7.237712	-7.249360	-7.248735	-7.222700	-7.245262	-7.217736	-7.220630	-7.245987	-7.248854	-7.237623	-7.242532	-14.994977	-7.198069
3510.547000	-7.253250	-7.229919	-1.711257	-7.237671	-7.249405	-7.248709	-7.222713	-7.245286	-7.217749	-7.220598	-7.245991	-7.248893	-7.237612	-7.242574	-14.995009	-7.198112
3530.597000	-7.253278	-7.229914	-1.711977	-7.237726	-7.249353	-7.248737	-7.222718	-7.245230	-7.217776	-7.220617	-7.245971	-7.248891	-7.237608	-7.242549	-14.995033	-7.198094
3550.638000	-7.253295	-7.229952	-1.712465	-7.237710	-7.249366	-7.248718	-7.222682	-7.245296	-7.217749	-7.220657	-7.245970	-7.248869	-7.237613	-7.242534	-14.995042	-7.198059
3570.733000	-7.253275	-7.229905	-1.712555	-7.237707	-7.249387	-7.248711	-7.222692	-7.245250	-7.217722	-7.220631	-7.245977	-7.248879	-7.237584	-7.242556	-14.994966	-7.198111
3590.757000	-7.253265	-7.229906	-1.713338	-7.237683	-7.249392	-7.248736	-7.222700	-7.245249	-7.217755	-7.220653	-7.245980	-7.248871	-7.237580	-7.242544	-14.994994	-7.198146
3610.777000	-7.253252	-7.229904	-1.713695	-7.237711	-7.249362	-7.248697	-7.222696	-7.245243	-7.217766	-7.220647	-7.245973	-7.248878	-7.237557	-7.242487	-14.995025	-7.198123
3630.807000	-7.253281	-7.229921	-1.713732	-7.237681	-7.249369	-7.248685	-7.222669	-7.245220	-7.217752	-7.220623	-7.245978	-7.248876	-7.237594	-7.242510	-14.994998	-7.198145
3650.837000	-7.253272	-7.229946	-1.709526	-7.237695	-7.249370	-7.248699	-7.222669	-7.245281	-7.217822	-7.220648	-7.246016	-7.248917	-7.237568	-7.242537	-14.995045	-7.198122
3670.867000	-7.253245	-7.229916	-1.709761	-7.237719	-7.249356	-7.248706	-7.222677	-7.245321	-7.217792	-7.220669	-7.245982	-7.248919	-7.237590	-7.242522	-14.995003	-7.198123
3690.927000	-7.253236	-7.229960	-1.709422	-7.237677	-7.249366	-7.248712	-7.222687	-7.245269	-7.217814	-7.220618	-7.246022	-7.248902	-7.237567	-7.242502	-14.995033	-7.198155
3710.957000	-7.253298	-7.229975	-1.702807	-7.237708	-7.249351	-7.248725	-7.222693	-7.245293	-7.217825	-7.220610	-7.246011	-7.248929	-7.237568	-7.242572	-14.995039	-7.198125
3730.997000	-7.253235	-7.229983	-1.706615	-7.237731	-7.249346	-7.248702	-7.222727	-7.245243	-7.217712	-7.220642	-7.245961	-7.248856	-7.237555	-7.242521	-14.995074	-7.198108
3751.017000	-7.253279	-7.229960	-1.709176	-7.237681	-7.249378	-7.248706	-7.222693	-7.245242	-7.217733	-7.220647	-7.245978	-7.248876	-7.237568	-7.242542	-14.995058	-7.198114
3771.087000	-7.253299	-7.229950	-1.710445	-7.237707	-7.249354	-7.248710	-7.222717	-7.245241	-7.217740	-7.220628	-7.245966	-7.248874	-7.237554	-7.242526	-14.995044	-7.198077
3791.117000	-7.253261	-7.229981	-1.711967	-7.237744	-7.249335	-7.248699	-7.222709	-7.245262	-7.217734	-7.220681	-7.245972	-7.248906	-7.237635	-7.242568	-14.994981	-7.198108
3811.127000	-7.253294	-7.229954	-1.712626	-7.237698	-7.249364	-7.248692	-7.222728	-7.245281	-7.217797	-7.220637	-7.245988	-7.248867	-7.237591	-7.242572	-14.995037	-7.198110
3831.167000	-7.253297	-7.229944	-1.712661	-7.237695	-7.249395	-7.248665	-7.222700	-7.245271	-7.217768	-7.220633	-7.245948	-7.248913	-7.237595	-7.242542	-14.995039	-7.198122
3851.227000	-7.253239	-7.229946	-7.233755	-7.237776	-7.249429	-7.248711	-7.222735	-7.245279	-7.217790	-7.220645	-7.246015	-7.248985	-7.237623	-7.242579	-14.995261	-7.198154
3871.247000	-7.253290	-7.229949	-7.233761	-7.237742	-7.249391	-7.248704	-7.222736	-7.245286	-7.217798	-7.220638	-7.245991	-7.248912	-7.237577	-7.242555	-14.995244	-7.198139
3891.317000	-7.253269	-7.229936	-7.233799	-7.237732	-7.249384	-7.248698	-7.222744	-7.245307	-7.217820	-7.220662	-7.245991	-7.248942	-7.237578	-7.242599	-14.995255	-7.198117
3911.360000	-7.253310	-7.229923	-7.233792	-7.237730	-7.249420	-7.248685	-7.222758	-7.245268	-7.217776	-7.220666	-7.245970	-7.248886	-7.237584	-7.242529	-14.995293	-7.198054
3931.407000	-7.253272	-7.229931	-7.233783	-7.237707	-7.249394	-7.248703	-7.222689	-7.245268	-7.217835	-7.220681	-7.245993	-7.248910	-7.237592	-7.242603	-14.995254	-7.198130
3951.417000	-7.253298	-7.229939	-7.233792	-7.237724	-7.249412	-7.248692	-7.222745	-7.245256	-7.217789	-7.220681	-7.246030	-7.248923	-7.237621	-7.242608	-14.995212	-7.198134
3971.467000	-7.253257	-7.229957	-7.233794	-7.237717	-7.249383	-7.248666	-7.222713	-7.245301	-7.217756	-7.220669	-7.246014	-7.248890	-7.237609	-7.242586	-14.995251	-7.198122
3991.547000	-7.253320	-7.229987	-7.233778	-7.237733	-7.249414	-7.248708	-7.222720	-7.245317	-7.217802	-7.220631	-7.245984	-7.248895	-7.237604	-7.242568	-14.995247	-7.198111
4011.608000	-7.253295	-7.229931	-7.233797	-7.237720	-7.249418	-7.248695	-7.222737	-7.245280	-7.217791	-7.220636	-7.246033	-7.248928	-7.237576	-7.242546	-14.995254	-7.198087
4031.657000	-7.253262	-7.229954	-7.233790	-7.237732	-7.249402	-7.248735	-7.222707	-7.245301	-7.217770	-7.220616	-7.246000	-7.248916	-7.237611	-7.242537	-14.995299	-7.198103
4051.737000	-7.253272	-7.229961	-7.233806	-7.237735	-7.249424	-7.248701	-7.222664	-7.245297	-7.217803	-7.220640	-7.246011	-7.248945	-7.237591	-7.242534	-14.995269	-7.198073
4071.807000	-7.253256	-7.229977	-7.233807	-7.237742	-7.249402	-7.248715	-7.222717	-7.245319	-7.217767	-7.220671	-7.245953	-7.248890	-7.237582	-7.242534	-14.995310	-7.198092
4091.867000	-7.253286	-7.229943	-7.233807	-7.237794	-7.249443	-7.248684	-7.222726	-7.245295	-7.217783	-7.220638	-7.245992	-7.248907	-7.237595	-7.242531	-14.995251	-7.198122
4111.927000	-7.253290	-7.229930	-7.233828	-7.237792	-7.249374	-7.248667	-7.222734	-7.245274	-7.217730	-7.220619	-7.245970	-7.248887	-7.237600	-7.242543	-14.995232	-7.198084
4131.987000	-7.253285	-7.229930	-7.233820	-7.237763	-7.249395	-7.248707	-7.222753	-7.245254	-7.217781	-7.220609	-7.245968	-7.248923	-7.237632	-7.242573	-14.995266	-7.198041
4152.027000	-7.253279	-7.229946	-7.233832	-7.237805	-7.249382	-7.248710	-7.222742	-7.245298	-7.217832	-7.220581	-7.245957	-7.248908	-7.237601	-7.242579	-14.995231	-7.198084
4172.017000	-7.253278	-7.229935	-7.233785	-7.237779	-7.249372	-7.248707	-7.222728	-7.245269	-7.217768	-7.220591	-7.246018	-7.248928	-7.237630	-7.242545	-14.995203	-7.198100
4192.007000	-7.253274	-7.229937	-7.233821	-7.237738	-7.249360	-7.248750	-7.222743	-7.245285	-7.217759	-7.220615	-7.246011	-7.248928	-7.237628	-7.242569	-14.995296	-7.198094
4212.007000	-7.253283	-7.229912	-7.233803	-7.237784	-7.249387	-7.248725	-7.222713	-7.245291	-7.217736	-7.220642	-7.246024	-7.248888	-7.237611	-7.242595	-14.995244	-7.198064
4232.037000	-7.253291	-7.229904	-7.233814	-7.237767	-7.249373	-7.248729	-7.222715	-7.245280	-7.217775	-7.220639	-7.245971	-7.248891	-7.237639	-7.242582	-14.995210	-7.198050
4252.097000	-7.253253	-7.229908	-7.233827	-7.237747	-7.249410	-7.248712	-7.222714	-7.245290	-7.217782	-7.220660	-7.246012	-7.248869	-7.237595	-7.242574	-14.995269	-7.198048
4272.157000	-7.253292	-7.229919	-7.233823	-7.237747	-7.249359	-7.248732	-7.222699	-7.245298	-7.217784	-7.220665	-7.245971	-7.248968	-7.237605	-7.242570	-14.995247	-7.198039
4292.208000	-7.253264	-7.229943	-7.233784	-7.237727	-7.249351	-7.248699	-7.222710	-7.245321	-7.217838	-7.220632	-7.245980	-7.248897	-7.237612	-7.242544	-14.995268	-7.198051
4312.217000	-7.253275	-7.229946	-7.233814	-7.237762	-7.249383	-7.248707	-7.222715	-7.245296	-7.217793	-7.220611	-7.246006	-7.248870	-7.237626	-7.242567	-14.995251	-7.198045
4332.247000	-7.253279	-7.229930	-7.233803	-7.237752	-7.249376	-7.248699	-7.222702	-7.245292	-7.217792	-7.220615	-7.245979	-7.248856	-7.237607	-7.242560	-14.995260	-7.198055
4352.307000	-7.253263	-7.229935	-7.233810	-7.237788	-7.249404	-7.248707	-7.222679	-7.245282	-7.217823	-7.220619	-7.246019	-7.248892	-7.237624	-7.242585	-14.995194	-7.198070
4372.357000	-7.253243	-7.229932	-7.233823	-7.237778	-7.249396	-7.248700	-7.222694	-7.245274	-7.217821	-7.220602	-7.245997	-7.248865	-7.237606	-7.242549	-14.995195	-7.198056
4392.387000	-7.253251	-7.229925	-7.233867	-7.237813	-7.249385	-7.248710	-7.222722	-7.245294	-7.217825	-7.220660	-7.245986	-7.248867	-7.237626	-7.242581	-14.995195	-7.198041
4412.438000	-7.253294	-7.229932	-7.233859	-7.237758	-7.249343	-7.248708	-7.222733	-7.245308	-7.217786	-7.220633	-7.245976	-7.248886	-7.237578	-7.242578	-14.995268	-7.198083
4432.457000	-7.253308	-7.229918	-7.233830	-7.237780	-7.249372	-7.248721	-7.222733	-7.245297	-7.217749	-7.220654	-7.245975	-7.248897	-7.237619	-7.242552	-14.995217	-7.198056
4452.467000	-7.253299	-7.229907	-7.233862	-7.237762	-7.249329	-7.248723	-7.222720	-7.245271	-7.217838	-7.220626	-7.245985	-7.248901	-7.237595	-7.242555	-14.995186	-7.198049
4472.487000	-7.253320	-7.229917	-7.233824	-7.237788	-7.249350	-7.248715	-7.222749	-7.245264	-7.217793	-7.220638	-7.245962	-7.248872	-7.237613	-7.242568	-14.995229	-7.198061
4492.557000	-7.253297	-7.229896	-7.233788	-7.237752	-7.249347	-7.248701	-7.222734	-7.245242	-7.217823	-7.220586	-7.245938	-7.248888	-7.237620	-7.242540	-14.995234	-7.198077
4512.587000	-7.253318	-7.229923	-7.233813	-7.237782	-7.249360	-7.248699	-7.222760	-7.245265	-7.217850	-7.220665	-7.246021	-7.248873	-7.237647	-7.242599	-14.995200	-7.198122
4532.627000	-7.253287	-7.229885	-7.233816	-7.237752	-7.249410	-7.248709	-7.222736	-7.245335	-7.217756	-7.220659	-7.245997	-7.248862	-7.237655	-7.242579	-14.995218	-7.198117
4552.677000	-7.253281	-7.229919	-7.233816	-7.237763	-7.249378	-7.248688	-7.222708	-7.245253	-7.217783	-7.220628	-7.246001	-7.248871	-7.237622	-7.242535	-14.995186	-7.198029
4572.717000	-7.253296	-7.229900	-7.233762	-7.237792	-7.249369	-7.248716	-7.222774	-7.245296	-7.217770	-7.220610	-7.246022	-7.248895	-7.237632	-7.242529	-14.995198	-7.198080
4592.787000	-7.253299	-7.229893	-7.233785	-7.237779	-7.249348	-7.248677	-7.222721	-7.245281	-7.217768	-7.220602	-7.246023	-7.248903	-7.237635	-7.242553	-14.995215	-7.198059
4612.837000	-7.253288	-7.229939	-7.233816	-7.237778	-7.249357	-7.248667	-7.222713	-7.245314	-7.217767	-7.220619	-7.246006	-7.248908	-7.237644	-7.242569	-14.995146	-7.198059
4632.861000	-7.253307	-7.229918	-7.233779	-7.237766	-7.249379	-7.248704	-7.222721	-7.245302	-7.217776	-7.220622	-7.245982	-7.248907	-7.237584	-7.242559	-14.995196	-7.198067
4652.917000	-7.253285	-7.229911	-7.233783	-7.237741	-7.249363	-7.248675	-7.222706	-7.245268	-7.217753	-7.220605	-7.246004	-7.248898	-7.237601	-7.242540	-14.995202	-7.198040
4672.997000	-7.253239	-7.229887	-7.233781	-7.237761	-7.249359	-7.248694	-7.222732	-7.245271	-7.217808	-7.220635	-7.245973	-7.248865	-7.237619	-7.242583	-14.995203	-7.198080
4693.067000	-7.253264	-7.229913	-7.233765	-7.237757	-7.249374	-7.248678	-7.222722	-7.245274	-7.217756	-7.220623	-7.245924	-7.248877	-7.237578	-7.242561	-14.995198	-7.198042
4713.087000	-7.253277	-7.229943	-7.233796	-7.237783	-7.249391	-7.248708	-7.222745	-7.245279	-7.217768	-7.220637	-7.245979	-7.248853	-7.237590	-7.242562	-14.995266	-7.198082
4733.127000	-7.253305	-7.229920	-7.233790	-7.237775	-7.249407	-7.248686	-7.222734	-7.245281	-7.217843	-7.220617	-7.245987	-7.248926	-7.237604	-7.242589	-14.995233	-7.198108
4753.157000	-7.253306	-7.229931	-7.233806	-7.237743	-7.249392	-7.248695	-7.222723	-7.245266	-7.217856	-7.220595	-7.245983	-7.248897	-7.237588	-7.242569	-14.995223	-7.198075
4773.197000	-7.253280	-7.229960	-7.233799	-7.237772	-7.249349	-7.248711	-7.222722	-7.245257	-7.217832	-7.220591	-7.245988	-7.248871	-7.237561	-7.242594	-14.995227	-7.198069
4793.267000	-7.253230	-7.229931	-7.233784	-7.237764	-7.249353	-7.248708	-7.222708	-7.245273	-7.217812	-7.220642	-7.245989	-7.248872	-7.237635	-7.242585	-14.995175	-7.198074
4813.307000	-7.253249	-7.229886	-7.233804	-7.237775	-7.249400	-7.248664	-7.222719	-7.245257	-7.217814	-7.220650	-7.245976	-7.248862	-7.237609	-7.242521	-14.995204	-7.198083
4833.378000	-7.253222	-7.229930	-7.233744	-7.237809	-7.249367	-7.248680	-7.222715	-7.245259	-7.217795	-7.220650	-7.245969	-7.248911	-7.237581	-7.242548	-14.995210	-7.198093
4853.417000	-7.253236	-7.229950	-7.233805	-7.237772	-7.249391	-7.248700	-7.222731	-7.245273	-7.217865	-7.220614	-7.245976	-7.248913	-7.237575	-7.242569	-14.995231	-7.198076
4873.427000	-7.253253	-7.229943	-7.233819	-7.237810	-7.249379	-7.248721	-7.222726	-7.245236	-7.217838	-7.220624	-7.246029	-7.248859	-7.237604	-7.242555	-14.995254	-7.198100
4893.487000	-7.253254	-7.229919	-7.233819	-7.237807	-7.249380	-7.248698	-7.222713	-7.245269	-7.217806	-7.220644	-7.246002	-7.248910	-7.237637	-7.242546	-14.995266	-7.198066
4913.529000	-7.253247	-7.229909	-7.233795	-7.237813	-7.249379	-7.248692	-7.222754	-7.245278	-7.217827	-7.220632	-7.246019	-7.248874	-7.237617	-7.242581	-14.995202	-7.198106
4933.582000	-7.253274	-7.229931	-7.233754	-7.237821	-7.249334	-7.248698	-7.222726	-7.245268	-7.217809	-7.220644	-7.246001	-7.248890	-7.237594	-7.242505	-14.995211	-7.198133
4953.597000	-7.253221	-7.229916	-7.233799	-7.237790	-7.249357	-7.248675	-7.222717	-7.245266	-7.217792	-7.220640	-7.245992	-7.248876	-7.237586	-7.242522	-14.995255	-7.198045
4973.607000	-7.253300	-7.229907	-7.233822	-7.237771	-7.249328	-7.248667	-7.222712	-7.245229	-7.217819	-7.220622	-7.245978	-7.248894	-7.237606	-7.242518	-14.995229	-7.198082
4993.678000	-7.253280	-7.229930	-7.233814	-7.237781	-7.249342	-7.248650	-7.222744	-7.245199	-7.217774	-7.220640	-7.245982	-7.248852	-7.237596	-7.242514	-14.995240	-7.198070
5013.727000	-7.253322	-7.229948	-7.233831	-7.237800	-7.249371	-7.248627	-7.222727	-7.245243	-7.217849	-7.220631	-7.246005	-7.248882	-7.237612	-7.242527	-14.995215	-7.198079
5033.797000	-7.253309	-7.229965	-7.233820	-7.237775	-7.249330	-7.248686	-7.222737	-7.245247	-7.217809	-7.220598	-7.246021	-7.248911	-7.237593	-7.242517	-14.995229	-7.198093
5053.817000	-7.253265	-7.229943	-7.233806	-7.237779	-7.249344	-7.248670	-7.222701	-7.245272	-7.217836	-7.220626	-7.245994	-7.248927	-7.237601	-7.242529	-14.995229	-7.198084
5073.867000	-7.253299	-7.229940	-7.233820	-7.237780	-7.249334	-7.248659	-7.222689	-7.245244	-7.217838	-7.220611	-7.245976	-7.248922	-7.237614	-7.242514	-14.995220	-7.198076
5093.927000	-7.253298	-7.229953	-7.233823	-7.237785	-7.249338	-7.248658	-7.222708	-7.245264	-7.217793	-7.220603	-7.245988	-7.248921	-7.237622	-7.242542	-14.995210	-7.198117
5113.969000	-7.253298	-7.229930	-7.233813	-7.237787	-7.249345	-7.248679	-7.222723	-7.245264	-7.217745	-7.220608	-7.246004	-7.248907	-7.237590	-7.242534	-14.995189	-7.198058
5134.017000	-7.253281	-7.229947	-7.233798	-7.237761	-7.249361	-7.248668	-7.222696	-7.245232	-7.217755	-7.220593	-7.246005	-7.248894	-7.237631	-7.242517	-14.995225	-7.198069
5154.107000	-7.253309	-7.229943	-7.233803	-7.237797	-7.249346	-7.248698	-7.222699	-7.245227	-7.217795	-7.220625	-7.245985	-7.248864	-7.237592	-7.242531	-14.995218	-7.198085
5174.147000	-7.253317	-7.229963	-7.233793	-7.237773	-7.249332	-7.248664	-7.222760	-7.245253	-7.217755	-7.220625	-7.246005	-7.248890	-7.237639	-7.242556	-14.995201	-7.198071
5194.187000	-7.253302	-7.229975	-7.233805	-7.237769	-7.249375	-7.248692	-7.222697	-7.245236	-7.217729	-7.220612	-7.245962	-7.248898	-7.237626	-7.242521	-14.995266	-7.198076
5214.247000	-7.253315	-7.229972	-7.233791	-7.237727	-7.249376	-7.248679	-7.222718	-7.245214	-7.217766	-7.220620	-7.245956	-7.248939	-7.237611	-7.242593	-14.995221	-7.198076
5234.307000	-7.253318	-7.229969	-7.233806	-7.237765	-7.249363	-7.248672	-7.222732	-7.245239	-7.217823	-7.220654	-7.245967	-7.248894	-7.237629	-7.242575	-14.995212	-7.198109
5254.357000	-7.253293	-7.229940	-7.233793	-7.237749	-7.249368	-7.248677	-7.222722	-7.245225	-7.217779	-7.220599	-7.245975	-7.248881	-7.237631	-7.242534	-14.995218	-7.198130
5274.377000	-7.253277	-7.229940	-7.233797	-7.237733	-7.249369	-7.248689	-7.222732	-7.245276	-7.217749	-7.220616	-7.245997	-7.248927	-7.237644	-7.242584	-14.995236	-7.198099
5294.407000	-7.253304	-7.229968	-7.233789	-7.237735	-7.249330	-7.248696	-7.222730	-7.245243	-7.217757	-7.220596	-7.245968	-7.248929	-7.237613	-7.242525	-14.995191	-7.198083
5314.477000	-7.253288	-7.229945	-7.233822	-7.237749	-7.249336	-7.248684	-7.222735	-7.245246	-7.217771	-7.220593	-7.245955	-7.248904	-7.237608	-7.242547	-14.995207	-7.198091
5334.527000	-7.253298	-7.229962	-7.233764	-7.237734	-7.249352	-7.248681	-7.222753	-7.245262	-7.217842	-7.220606	-7.245981	-7.248941	-7.237642	-7.242539	-14.995195	-7.198096
5354.597000	-7.253305	-7.229966	-7.233811	-7.237732	-7.249322	-7.248677	-7.222715	-7.245253	-7.217746	-7.220583	-7.245950	-7.248911	-7.237583	-7.242540	-14.995227	-7.198133
5374.637000	-7.253298	-7.229957	-7.233787	-7.237758	-7.249385	-7.248673	-7.222748	-7.245270	-7.217794	-7.220569	-7.245988	-7.248947	-7.237581	-7.242524	-14.995195	-7.198091
5394.677000	-7.253317	-7.229968	-7.233815	-7.237747	-7.249317	-7.248683	-7.222730	-7.245243	-7.217840	-7.220584	-7.245950	-7.248927	-7.237627	-7.242560	-14.995200	-7.198117
5414.717000	-7.253297	-7.229973	-7.233810	-7.237756	-7.249363	-7.248673	-7.222735	-7.245250	-7.217748	-7.220573	-7.245933	-7.248878	-7.237602	-7.242483	-14.995176	-7.198082
5434.727000	-7.253291	-7.229944	-7.233783	-7.237757	-7.249327	-7.248663	-7.222730	-7.245278	-7.217786	-7.220591	-7.246006	-7.248901	-7.237606	-7.242575	-14.995197	-7.198087
5454.777000	-7.253297	-7.229915	-7.233778	-7.237750	-7.249332	-7.248656	-7.222729	-7.245257	-7.217759	-7.220586	-7.245972	-7.248885	-7.237560	-7.242562	-14.995183	-7.198047
5474.827000	-7.253308	-7.229942	-7.233762	-7.237732	-7.249308	-7.248662	-7.222744	-7.245275	-7.217808	-7.220611	-7.245964	-7.248894	-7.237617	-7.242571	-14.995202	-7.198049
5494.865000	-7.253298	-7.229950	-7.233803	-7.237733	-7.249348	-7.248656	-7.222743	-7.245256	-7.217798	-7.220571	-7.246003	-7.248917	-7.237575	-7.242608	-14.995158	-7.198088
5514.897000	-7.253347	-7.229956	-7.233776	-7.237736	-7.249363	-7.248689	-7.222731	-7.245271	-7.217773	-7.220613	-7.245989	-7.248923	-7.237614	-7.242599	-14.995242	-7.198051
5534.928000	-7.253295	-7.229945	-7.233795	-7.237766	-7.249316	-7.248681	-7.222754	-7.245259	-7.217746	-7.220602	-7.245968	-7.248871	-7.237603	-7.242549	-14.995171	-7.198037
5555.007000	-7.253299	-7.229945	-7.233756	-7.237788	-7.249333	-7.248669	-7.222720	-7.245245	-7.217739	-7.220588	-7.245983	-7.248878	-7.237647	-7.242553	-14.995249	-7.198036
5575.047000	-7.253305	-7.229927	-7.233766	-7.237820	-7.249335	-7.248667	-7.222747	-7.245291	-7.217776	-7.220605	-7.245980	-7.248909	-7.237607	-7.242555	-14.995180	-7.198020
5595.078000	-7.253309	-7.229931	-7.233763	-7.237765	-7.249325	-7.248677	-7.222707	-7.245227	-7.217738	-7.220600	-7.245936	-7.248903	-7.237619	-7.242549	-14.995214	-7.198006
5615.087000	-7.253314	-7.229922	-7.233755	-7.237783	-7.249329	-7.248687	-7.222741	-7.245267	-7.217738	-7.220590	-7.245941	-7.248930	-7.237582	-7.242569	-14.995159	-7.198041
5635.118000	-7.253310	-7.229937	-7.233751	-7.237766	-7.249342	-7.248701	-7.222747	-7.245267	-7.217764	-7.220587	-7.245979	-7.248908	-7.237597	-7.242552	-14.995186	-7.198020
5655.167000	-7.253316	-7.229954	-7.233793	-7.237804	-7.249342	-7.248704	-7.222725	-7.245264	-7.217776	-7.220592	-7.245964	-7.248881	-7.237595	-7.242533	-14.995166	-7.198054
5675.197000	-7.253346	-7.229995	-7.233780	-7.237801	-7.249344	-7.248712	-7.222738	-7.245277	-7.217793	-7.220586	-7.246000	-7.248907	-7.237610	-7.242522	-14.995172	-7.198043
5695.197000	-7.253275	-7.229949	-7.233792	-7.237756	-7.249346	-7.248669	-7.222734	-7.245285	-7.217799	-7.220562	-7.245971	-7.248878	-7.237579	-7.242525	-14.995197	-7.198044
5715.237000	-7.253277	-7.229967	-7.233814	-7.237743	-7.249341	-7.248652	-7.222735	-7.245256	-7.217843	-7.220543	-7.245998	-7.248951	-7.237555	-7.242553	-14.995218	-7.198069
5735.287000	-7.253295	-7.229956	-7.233798	-7.237741	-7.249388	-7.248678	-7.222755	-7.245239	-7.217812	-7.220561	-7.246015	-7.248946	-7.237630	-7.242557	-14.995183	-7.198067
5755.357000	-7.253303	-7.229928	-7.233827	-7.237760	-7.249386	-7.248667	-7.222725	-7.245231	-7.217785	-7.220558	-7.246029	-7.248911	-7.237580	-7.242571	-14.995169	-7.198045
5775.367000	-7.253295	-7.229964	-7.233797	-7.237790	-7.249403	-7.248685	-7.222750	-7.245260	-7.217847	-7.220605	-7.245981	-7.248934	-7.237605	-7.242556	-14.995189	-7.198075
5795.407000	-7.253324	-7.229949	-7.233800	-7.237750	-7.249362	-7.248681	-7.222720	-7.245207	-7.217753	-7.220595	-7.245950	-7.248869	-7.237596	-7.242556	-14.995194	-7.198029
5815.427000	-7.253272	-7.229968	-7.233850	-7.237782	-7.249381	-7.248679	-7.222742	-7.245269	-7.217793	-7.220584	-7.245987	-7.248934	-7.237582	-7.242576	-14.995199	-7.198063
5835.427000	-7.253274	-7.229956	-7.233825	-7.237782	-7.249329	-7.248697	-7.222744	-7.245184	-7.217771	-7.220570	-7.245956	-7.248956	-7.237594	-7.242549	-14.995236	-7.198068
5855.477000	-7.253301	-7.229964	-7.233821	-7.237765	-7.249360	-7.248685	-7.222740	-7.245227	-7.217751	-7.220580	-7.246006	-7.248935	-7.237594	-7.242562	-14.995187	-7.198055
5875.537000	-7.253294	-7.229940	-7.233799	-7.237775	-7.249367	-7.248722	-7.222738	-7.245252	-7.217761	-7.220583	-7.245992	-7.248912	-7.237572	-7.242556	-14.995198	-7.198078
5895.587000	-7.253316	-7.229967	-7.233794	-7.237775	-7.249338	-7.248701	-7.222722	-7.245235	-7.217807	-7.220567	-7.245997	-7.248940	-7.237608	-7.242591	-14.995187	-7.198079
5915.607000	-7.253306	-7.230027	-7.233825	-7.237764	-7.249366	-7.248701	-7.222713	-7.245248	-7.217776	-7.220572	-7.246019	-7.248932	-7.237558	-7.242574	-14.995180	-7.198072
5935.657000	-7.253360	-7.230022	-7.233760	-7.237799	-7.249392	-7.248697	-7.222761	-7.245273	-7.217820	-7.220599	-7.246042	-7.248991	-7.237634	-7.242613	-14.995197	-7.198094
5955.657000	-7.253291	-7.230007	-7.233784	-7.237816	-7.249383	-7.248728	-7.222741	-7.245278	-7.217873	-7.220655	-7.246082	-7.248941	-7.237631	-7.242644	-14.995175	-7.198106
5975.677000	-7.253267	-7.229964	-7.233792	-7.237806	-7.249380	-7.248709	-7.222729	-7.245316	-7.217837	-7.220626	-7.246008	-7.248958	-7.237615	-7.242602	-14.995220	-7.198120
5995.687000	-7.253336	-7.230001	-7.233781	-7.237791	-7.249402	-7.248683	-7.222728	-7.245263	-7.217837	-7.220619	-7.246013	-7.248970	-7.237610	-7.242610	-14.995208	-7.198065
6015.727000	-7.253325	-7.229965	-7.233763	-7.237816	-7.249365	-7.248699	-7.222732	-7.245264	-7.217813	-7.220636	-7.246052	-7.248959	-7.237620	-7.242603	-14.995225	-7.198074
6035.777000	-7.253355	-7.229984	-7.233769	-7.237815	-7.249358	-7.248659	-7.222740	-7.245214	-7.217850	-7.220627	-7.246022	-7.248947	-7.237615	-7.242606	-14.995171	-7.198089
6055.777000	-7.253329	-7.229971	-7.233786	-7.237863	-7.249419	-7.248693	-7.222734	-7.245273	-7.217827	-7.220664	-7.246043	-7.248952	-7.237644	-7.242620	-14.995201	-7.198120
6075.807000	-7.253307	-7.229943	-7.233775	-7.237821	-7.249381	-7.248672	-7.222783	-7.245270	-7.217840	-7.220609	-7.246026	-7.248932	-7.237550	-7.242588	-14.995146	-7.198087
6095.857000	-7.253306	-7.229946	-7.233775	-7.237776	-7.249394	-7.248700	-7.222781	-7.245241	-7.217793	-7.220612	-7.245992	-7.248937	-7.237577	-7.242600	-14.995157	-7.198077
6115.927000	-7.253340	-7.229954	-7.233775	-7.237798	-7.249353	-7.248660	-7.222736	-7.245245	-7.217809	-7.220635	-7.245978	-7.248929	-7.237583	-7.242616	-14.995143	-7.198086
6135.987000	-7.253336	-7.229956	-7.233785	-7.237785	-7.249382	-7.248662	-7.222739	-7.245255	-7.217812	-7.220605	-7.246022	-7.248906	-7.237572	-7.242583	-14.995187	-7.198075
6156.027000	-7.253335	-7.229950	-7.233816	-7.237787	-7.249348	-7.248671	-7.222743	-7.245261	-7.217780	-7.220608	-7.246013	-7.248910	-7.237595	-7.242560	-14.995175	-7.198084
6176.047000	-7.253352	-7.229991	-7.233804	-7.237784	-7.249365	-7.248674	-7.222754	-7.245250	-7.217811	-7.220623	-7.246000	-7.248903	-7.237586	-7.242566	-14.995212	-7.198091
6196.087000	-7.253343	-7.229940	-7.233776	-7.237777	-7.249377	-7.248670	-7.222728	-7.245233	-7.217821	-7.220613	-7.246012	-7.248960	-7.237606	-7.242581	-14.995148	-7.198089
6216.108000	-7.253310	-7.229996	-7.233780	-7.237806	-7.249368	-7.248687	-7.222738	-7.245264	-7.217856	-7.220620	-7.246005	-7.248905	-7.237624	-7.242544	-14.995109	-7.198132
6236.157000	-7.253338	-7.229965	-7.233788	-7.237842	-7.249363	-7.248663	-7.222750	-7.245273	-7.217815	-7.220617	-7.245959	-7.248934	-7.237620	-7.242586	-14.995126	-7.198105
6256.197000	-7.253335	-7.230006	-7.233799	-7.237818	-7.249336	-7.248690	-7.222744	-7.245276	-7.217801	-7.220560	-7.246011	-7.248884	-7.237561	-7.242550	-14.995157	-7.198123
6276.271000	-7.253346	-7.229977	-7.233790	-7.237804	-7.249368	-7.248701	-7.222741	-7.245221	-7.217785	-7.220574	-7.245958	-7.248901	-7.237598	-7.242591	-14.995078	-7.198046
6296.300000	-7.253294	-7.229981	-7.233804	-7.237789	-7.249343	-7.248685	-7.222726	-7.245259	-7.217847	-7.220600	-7.245959	-7.248909	-7.237589	-7.242591	-14.995105	-7.198052
6316.337000	-7.253324	-7.229957	-7.233779	-7.237812	-7.249343	-7.248640	-7.222739	-7.245257	-7.217830	-7.220593	-7.245945	-7.248921	-7.237605	-7.242574	-14.995125	-7.198083
6336.367000	-7.253337	-7.230000	-7.233793	-7.237820	-7.249353	-7.248641	-7.222782	-7.245256	-7.217807	-7.220670	-7.245994	-7.248915	-7.237649	-7.242607	-14.995158	-7.198082
6356.377000	-7.253312	-7.229957	-7.233805	-7.237838	-7.249350	-7.248667	-7.222763	-7.245251	-7.217793	-7.220621	-7.245980	-7.248889	-7.237601	-7.242573	-14.995176	-7.198032
6376.417000	-7.253317	-7.229985	-7.233814	-7.237801	-7.249356	-7.248698	-7.222740	-7.245225	-7.217789	-7.220588	-7.245980	-7.248921	-7.237621	-7.242553	-14.995139	-7.198062
6396.457000	-7.253296	-7.229974	-7.233799	-7.237815	-7.249329	-7.248661	-7.222738	-7.245215	-7.217796	-7.220613	-7.245943	-7.248924	-7.237610	-7.242578	-14.995182	-7.198034
6416.507000	-7.253287	-7.229956	-7.233822	-7.237789	-7.249342	-7.248662	-7.222739	-7.245214	-7.217806	-7.220573	-7.245963	-7.248926	-7.237593	-7.242573	-14.995126	-7.198092
6436.587000	-7.253275	-7.229985	-7.233774	-7.237760	-7.249358	-7.248666	-7.222714	-7.245251	-7.217835	-7.220612	-7.245989	-7.248899	-7.237600	-7.242598	-14.995107	-7.198096
6456.607000	-7.253309	-7.229935	-7.233777	-7.237796	-7.249314	-7.248683	-7.222765	-7.245235	-7.217793	-7.220592	-7.245965	-7.248936	-7.237590	-7.242557	-14.995147	-7.198058
6476.658000	-7.253304	-7.229941	-7.233774	-7.237796	-7.249331	-7.248626	-7.222719	-7.245236	-7.217755	-7.220598	-7.245981	-7.248903	-7.237589	-7.242610	-14.995174	-7.198038
6496.688000	-7.253284	-7.229927	-7.233801	-7.237790	-7.249347	-7.248653	-7.222733	-7.245224	-7.217829	-7.220584	-7.246003	-7.248950	-7.237560	-7.242595	-14.995184	-7.198058
6516.747000	-7.253294	-7.229933	-7.233778	-7.237826	-7.249367	-7.248665	-7.222729	-7.245241	-7.217818	-7.220548	-7.246002	-7.248977	-7.237557	-7.242551	-14.995141	-7.198072
6536.807000	-7.253266	-7.229972	-7.233824	-7.237844	-7.249362	-7.248672	-7.222765	-7.245295	-7.217830	-7.220568	-7.246005	-7.248971	-7.237580	-7.242596	-14.995151	-7.198080
6556.857000	-7.253312	-7.229956	-7.233792	-7.237847	-7.249362	-7.248651	-7.222763	-7.245245	-7.217852	-7.220621	-7.246028	-7.248958	-7.237610	-7.242621	-14.995180	-7.198061
6576.868000	-7.253271	-7.229953	-7.233817	-7.237843	-7.249326	-7.248679	-7.222746	-7.245251	-7.217872	-7.220604	-7.245979	-7.248928	-7.237591	-7.242565	-14.995150	-7.198092
6596.907000	-7.253319	-7.229960	-7.233835	-7.237811	-7.249361	-7.248696	-7.222748	-7.245268	-7.217827	-7.220582	-7.246013	-7.248921	-7.237594	-7.242595	-14.995187	-7.198069
6616.967000	-7.253291	-7.229954	-7.233802	-7.237801	-7.249322	-7.248657	-7.222761	-7.245246	-7.217839	-7.220579	-7.246002	-7.248928	-7.237620	-7.242586	-14.995201	-7.198061
6637.020000	-7.253346	-7.229940	-7.233795	-7.237842	-7.249338	-7.248682	-7.222765	-7.245260	-7.217821	-7.220589	-7.246019	-7.248964	-7.237628	-7.242602	-14.995208	-7.198064
6657.077000	-7.253349	-7.229974	-7.233791	-7.237820	-7.249336	-7.248686	-7.222737	-7.245253	-7.217784	-7.220562	-7.245940	-7.248921	-7.237609	-7.242559	-14.995157	-7.198084
6677.117000	-7.253304	-7.229939	-7.233824	-7.237830	-7.249318	-7.248651	-7.222752	-7.245259	-7.217829	-7.220611	-7.245969	-7.248933	-7.237584	-7.242583	-14.995163	-7.198113
6697.157000	-7.253320	-7.229970	-7.233815	-7.237865	-7.249324	-7.248680	-7.222747	-7.245332	-7.217793	-7.220592	-7.246010	-7.248959	-7.237659	-7.242580	-14.995194	-7.198066
6717.197000	-7.253291	-7.229962	-7.233813	-7.237831	-7.249398	-7.248649	-7.222746	-7.245280	-7.217790	-7.220589	-7.245986	-7.248961	-7.237674	-7.242551	-14.995177	-7.198031
6737.237000	-7.253284	-7.229953	-7.233819	-7.237828	-7.249329	-7.248677	-7.222747	-7.245290	-7.217819	-7.220593	-7.245999	-7.248954	-7.237648	-7.242560	-14.995152	-7.198066
6757.287000	-7.253305	-7.229948	-7.233817	-7.237778	-7.249345	-7.248688	-7.222731	-7.245270	-7.217857	-7.220548	-7.245990	-7.248952	-7.237583	-7.242573	-14.995205	-7.198051
6777.337000	-7.253306	-7.229946	-7.233783	-7.237796	-7.249343	-7.248666	-7.222778	-7.245237	-7.217825	-7.220566	-7.245993	-7.248974	-7.237609	-7.242605	-14.995183	-7.198059
6797.347000	-7.253293	-7.229971	-7.233797	-7.237769	-7.249361	-7.248671	-7.222736	-7.245261	-7.217774	-7.220603	-7.245969	-7.248959	-7.237613	-7.242598	-14.995161	-7.198060
6817.400000	-7.253316	-7.229978	-7.233807	-7.237805	-7.249363	-7.248649	-7.222768	-7.245240	-7.217821	-7.220583	-7.245963	-7.248924	-7.237606	-7.242573	-14.995142	-7.198029
6837.417000	-7.253333	-7.229945	-7.233815	-7.237769	-7.249355	-7.248656	-7.222722	-7.245253	-7.217795	-7.220550	-7.245984	-7.248985	-7.237599	-7.242550	-14.995149	-7.198050
6857.447000	-7.253288	-7.229938	-7.233839	-7.237816	-7.249362	-7.248647	-7.222729	-7.245218	-7.217797	-7.220556	-7.245968	-7.248983	-7.237613	-7.242572	-14.995136	-7.198033
6877.507000	-7.253325	-7.229944	-7.233834	-7.237828	-7.249368	-7.248695	-7.222750	-7.245233	-7.217850	-7.220597	-7.245997	-7.248969	-7.237592	-7.242579	-14.995125	-7.198020
6897.528000	-7.253282	-7.229979	-7.233852	-7.237810	-7.249367	-7.248694	-7.222769	-7.245214	-7.217826	-7.220583	-7.246004	-7.248913	-7.237585	-7.242596	-14.995134	-7.198067
6917.571000	-7.253315	-7.229962	-7.233796	-7.237820	-7.249389	-7.248645	-7.222737	-7.245233	-7.217829	-7.220650	-7.245975	-7.248930	-7.237640	-7.242604	-14.995163	-7.198041
6937.637000	-7.253288	-7.229915	-7.233811	-7.237820	-7.249345	-7.248649	-7.222787	-7.245243	-7.217795	-7.220600	-7.245990	-7.248967	-7.237652	-7.242611	-14.995176	-7.198054
6957.657000	-7.253303	-7.229930	-7.233811	-7.237826	-7.249351	-7.248687	-7.222779	-7.245270	-7.217780	-7.220575	-7.245982	-7.248946	-7.237633	-7.242554	-14.995147	-7.198045
6977.702000	-7.253331	-7.229968	-7.233804	-7.237826	-7.249374	-7.248660	-7.222791	-7.245247	-7.217766	-7.220632	-7.245991	-7.248944	-7.237642	-7.242567	-14.995177	-7.198046
6997.767000	-7.253309	-7.229979	-7.233816	-7.237866	-7.249368	-7.248691	-7.222780	-7.245244	-7.217815	-7.220624	-7.246031	-7.248971	-7.237615	-7.242606	-14.995157	-7.198062
7017.797000	-7.253328	-7.229980	-7.233852	-7.237818	-7.249358	-7.248636	-7.222811	-7.245241	-7.217802	-7.220571	-7.245991	-7.248966	-7.237590	-7.242589	-14.995117	-7.198064
7037.837000	-7.253286	-7.229927	-7.233797	-7.237819	-7.249351	-7.248648	-7.222785	-7.245246	-7.217828	-7.220593	-7.245997	-7.248983	-7.237639	-7.242648	-14.995162	-7.198060
7057.877000	-7.253301	-7.229946	-7.233807	-7.237798	-7.249320	-7.248671	-7.222764	-7.245262	-7.217800	-7.220572	-7.245998	-7.248978	-7.237585	-7.242620	-14.995174	-7.198044
7077.927000	-7.253300	-7.229952	-7.233825	-7.237814	-7.249317	-7.248630	-7.222753	-7.245242	-7.217782	-7.220584	-7.246002	-7.248960	-7.237603	-7.242591	-14.995171	-7.198032
7097.997000	-7.253308	-7.229972	-7.233785	-7.237808	-7.249337	-7.248688	-7.222767	-7.245236	-7.217837	-7.220596	-7.246028	-7.248960	-7.237607	-7.242605	-14.995118	-7.198012
7118.057000	-7.253299	-7.229997	-7.233796	-7.237829	-7.249344	-7.248624	-7.222779	-7.245218	-7.217825	-7.220555	-7.245999	-7.248916	-7.237616	-7.242587	-14.995144	-7.198037
7138.097000	-7.253304	-7.229977	-7.233800	-7.237831	-7.249352	-7.248638	-7.222770	-7.245258	-7.217845	-7.220577	-7.245999	-7.248955	-7.237644	-7.242612	-14.995144	-7.198042
7158.137000	-7.253303	-7.229930	-7.233782	-7.237824	-7.249329	-7.248649	-7.222781	-7.245222	-7.217830	-7.220578	-7.246028	-7.248926	-7.237611	-7.242604	-14.995143	-7.198042
7178.178000	-7.253326	-7.229935	-7.233789	-7.237803	-7.249332	-7.248643	-7.222746	-7.245244	-7.217794	-7.220548	-7.245992	-7.248928	-7.237579	-7.242625	-14.995159	-7.198038
7198.247000	-7.253338	-7.229979	-7.233774	-7.237783	-7.249373	-7.248635	-7.222771	-7.245277	-7.217837	-7.220559	-7.246000	-7.248955	-7.237589	-7.242618	-14.995102	-7.198059
7218.317000	-7.253309	-7.229944	-7.233787	-7.237829	-7.249352	-7.248645	-7.222767	-7.245293	-7.217810	-7.220606	-7.246018	-7.248947	-7.237631	-7.242659	-14.995121	-7.198035
	-7.253300	-7.229985	-7.233802	-7.237818	-7.249309	-7.248674										
