5.065000	-7.201438	-7.266950	-7.199658	-7.128747	-7.167076	-7.184563	-7.237641	-7.216380	-7.224301	-7.190607	-7.207459	-7.137592	-7.227529	-7.205855	-14.995127	-7.254516
25.115000	-7.201539	-7.267444	-7.199670	-7.128905	-7.167063	-7.184652	-7.237626	-7.216490	-7.224310	-7.190625	-7.207502	-7.137634	-7.227572	-7.205865	-14.995168	-7.254569
45.185000	-7.201505	-7.267503	-7.199711	-7.128913	-7.167045	-7.184682	-7.237640	-7.216484	-7.224327	-7.190686	-7.207479	-7.137637	-7.227619	-7.205918	-14.995177	-7.254584
65.255000	-7.201501	-7.267517	-7.199731	-7.128923	-7.167047	-7.184717	-7.237662	-7.216536	-7.224329	-7.190624	-7.207474	-7.137606	-7.227652	-7.205881	-14.995170	-7.254622
85.295000	-7.201509	-7.267488	-7.199683	-7.128928	-7.167061	-7.184691	-7.237671	-7.216532	-7.224354	-7.190638	-7.207459	-7.137643	-7.227624	-7.205904	-14.995136	-7.254644
105.385000	-7.201558	-7.267502	-7.199707	-7.128934	-7.167064	-7.184705	-7.237687	-7.216544	-7.224321	-7.190622	-7.207438	-7.137672	-7.227619	-7.205932	-14.995179	-7.254612
125.455000	-7.201528	-7.267468	-7.199700	-7.128956	-7.167090	-7.184718	-7.237700	-7.216552	-7.224333	-7.190690	-7.207427	-7.137660	-7.227625	-7.205913	-14.995135	-7.254580
145.521000	-7.201569	-7.267511	-7.199717	-7.128890	-7.167035	-7.184710	-7.237674	-7.216563	-7.224329	-7.190690	-7.207440	-7.137737	-7.227619	-7.205926	-14.995149	-7.254661
165.587000	-7.201550	-7.267527	-7.199701	-7.128930	-7.167035	-7.184712	-7.237663	-7.216546	-7.224358	-7.190634	-7.207466	-7.137679	-7.227562	-7.205942	-14.995173	-7.254635
185.625000	-7.201567	-7.267505	-7.199699	-7.128923	-7.167051	-7.184749	-7.237671	-7.216550	-7.224351	-7.190652	-7.207422	-7.137690	-7.227614	-7.205934	-14.995157	-7.254646
205.675000	-7.201551	-7.267511	-7.199691	-7.128899	-7.167061	-7.184695	-7.237633	-7.216550	-7.224312	-7.190683	-7.207422	-7.137700	-7.227620	-7.205935	-14.995118	-7.254609
225.707000	-7.201555	-7.267567	-7.199739	-7.128931	-7.167034	-7.184742	-7.237626	-7.216519	-7.224334	-7.190625	-7.207417	-7.137702	-7.227603	-7.205947	-14.995152	-7.254568
245.755000	-7.201562	-7.267552	-7.199731	-7.128974	-7.167068	-7.184769	-7.237642	-7.216546	-7.224286	-7.190611	-7.207392	-7.137677	-7.227643	-7.205962	-14.995139	-7.254595
265.835000	-7.201570	-7.267573	-7.199769	-7.128985	-7.167063	-7.184791	-7.237697	-7.216556	-7.224348	-7.190632	-7.207412	-7.137693	-7.227666	-7.205955	-14.995135	-7.254621
285.890000	-7.201551	-7.267565	-7.199757	-7.128966	-7.167058	-7.184791	-7.237659	-7.216533	-7.224352	-7.190677	-7.207440	-7.137701	-7.227611	-7.205920	-14.995111	-7.254634
305.985000	-7.201538	-7.267551	-7.199783	-7.128945	-7.167071	-7.184768	-7.237689	-7.216505	-7.224337	-7.190714	-7.207457	-7.137684	-7.227662	-7.205954	-14.995123	-7.254612
326.035000	-7.201559	-7.267558	-7.199757	-7.128941	-7.167061	-7.184732	-7.237704	-7.216548	-7.224327	-7.190675	-7.207492	-7.137632	-7.227644	-7.205913	-14.995146	-7.254601
346.057000	-7.201580	-7.267550	-7.199732	-7.128990	-7.167065	-7.184766	-7.237667	-7.216566	-7.224331	-7.190653	-7.207457	-7.137677	-7.227620	-7.205978	-14.995058	-7.254627
366.125000	-7.201540	-7.267589	-7.199716	-7.128965	-7.167075	-7.184770	-7.237652	-7.216557	-7.224337	-7.190631	-7.207432	-7.137690	-7.227601	-7.205951	-14.995122	-7.254612
386.185000	-7.201601	-7.267533	-7.199724	-7.128967	-7.167042	-7.184750	-7.237642	-7.216517	-7.224263	-7.190610	-7.207402	-7.137603	-7.227589	-7.205922	-14.995136	-7.254558
406.226000	-7.201570	-7.267353	-7.199697	-7.128895	-7.167093	-7.184562	-7.237648	-7.216365	-7.224140	-7.190577	-7.207350	-7.137490	-7.227484	-7.205767	-14.995189	-7.254466
426.305000	-7.201602	-7.267218	-7.199672	-7.128785	-7.167176	-7.184488	-7.237616	-7.216221	-7.223997	-7.190590	-7.207306	-7.137313	-7.227389	-7.205653	-14.995148	-7.254426
446.365000	-7.201603	-7.267074	-7.199630	-7.128691	-7.167225	-7.184394	-7.237618	-7.216162	-7.223908	-7.190583	-7.207268	-7.137229	-7.227277	-7.205585	-14.995195	-7.254369
466.405000	-7.201631	-7.266961	-7.199631	-7.128615	-7.167237	-7.184337	-7.237564	-7.216085	-7.223841	-7.190509	-7.207207	-7.137130	-7.227257	-7.205507	-14.995180	-7.254349
486.456000	-7.201609	-7.266870	-7.199638	-7.128567	-7.167288	-7.184274	-7.237555	-7.216025	-7.223761	-7.190449	-7.207161	-7.137070	-7.227196	-7.205479	-14.995186	-7.254341
506.505000	-7.201636	-7.266811	-7.199628	-7.128553	-7.167262	-7.184242	-7.237593	-7.215969	-7.223777	-7.190542	-7.207155	-7.136982	-7.227154	-7.205415	-14.995193	-7.254337
526.585000	-7.201604	-7.266725	-7.199635	-7.128516	-7.167298	-7.184190	-7.237559	-7.215934	-7.223729	-7.190491	-7.207165	-7.136905	-7.227073	-7.205365	-14.995189	-7.254286
546.646000	-7.201614	-7.266663	-7.199612	-7.128483	-7.167306	-7.184117	-7.237543	-7.215924	-7.223694	-7.190472	-7.207116	-7.136811	-7.227039	-7.205332	-14.995251	-7.254217
566.715000	-7.201653	-7.266579	-7.199616	-7.128479	-7.167313	-7.184171	-7.237572	-7.215881	-7.223680	-7.190461	-7.207115	-7.136861	-7.227049	-7.205338	-14.995219	-7.254254
586.745000	-7.201624	-7.266581	-7.199619	-7.128408	-7.167336	-7.184098	-7.237568	-7.215841	-7.223663	-7.190372	-7.207136	-7.136805	-7.226993	-7.205311	-14.995204	-7.254286
606.827000	-7.201664	-7.266559	-7.199620	-7.128380	-7.167341	-7.184085	-7.237614	-7.215804	-7.223646	-7.190394	-7.207159	-7.136830	-7.226960	-7.205299	-14.995236	-7.254216
626.865000	-7.201634	-7.266537	-7.199621	-7.128413	-7.167348	-7.184078	-7.237586	-7.215813	-7.223624	-7.190443	-7.207125	-7.136771	-7.226920	-7.205279	-14.995243	-7.254248
646.925000	-7.201609	-7.266515	-7.199605	-7.128336	-7.167338	-7.184073	-7.237575	-7.215828	-7.223648	-7.190436	-7.207133	-7.136808	-7.226936	-7.205240	-14.995153	-7.254218
666.955000	-7.201628	-7.266499	-7.199625	-7.128384	-7.167309	-7.184076	-7.237598	-7.215797	-7.223643	-7.190427	-7.207133	-7.136761	-7.226955	-7.205230	-14.995216	-7.254288
687.027000	-7.201652	-7.266507	-7.199623	-7.128388	-7.167312	-7.184061	-7.237538	-7.215771	-7.223630	-7.190433	-7.207178	-7.136802	-7.226945	-7.205291	-14.995211	-7.254235
707.115000	-7.201629	-7.266505	-7.199619	-7.128367	-7.167356	-7.184067	-7.237576	-7.215814	-7.223635	-7.190439	-7.207128	-7.136780	-7.226876	-7.205278	-14.995224	-7.254224
727.175000	-7.201623	-7.266524	-7.199565	-7.128365	-7.167372	-7.184096	-7.237549	-7.215835	-7.223616	-7.190475	-7.207098	-7.136747	-7.226910	-7.205261	-14.995217	-7.254240
747.265000	-7.201654	-7.266478	-7.199567	-7.128367	-7.167322	-7.184071	-7.237582	-7.215808	-7.223616	-7.190436	-7.207104	-7.136757	-7.226923	-7.205235	-14.995196	-7.254215
767.315000	-7.201634	-7.266503	-7.199578	-7.128349	-7.167314	-7.184022	-7.237532	-7.215848	-7.223599	-7.190434	-7.207129	-7.136729	-7.226917	-7.205228	-14.995175	-7.254246
787.355000	-7.201652	-7.266510	-7.199603	-7.128392	-7.167342	-7.184021	-7.237572	-7.215819	-7.223597	-7.190441	-7.207103	-7.136708	-7.226917	-7.205218	-14.995198	-7.254251
807.385000	-7.201598	-7.266521	-7.199604	-7.128421	-7.167330	-7.184067	-7.237559	-7.215838	-7.223613	-7.190426	-7.207126	-7.136727	-7.226925	-7.205241	-14.995202	-7.254247
827.435000	-7.201607	-7.266487	-7.199592	-7.128330	-7.167353	-7.184088	-7.237542	-7.215839	-7.223590	-7.190400	-7.207089	-7.136702	-7.226884	-7.205182	-14.995189	-7.254264
847.475000	-7.201616	-7.266484	-7.199609	-7.128316	-7.167342	-7.184037	-7.237561	-7.215861	-7.223578	-7.190407	-7.207092	-7.136732	-7.226890	-7.205204	-14.995213	-7.254267
867.515000	-7.201631	-7.266451	-7.199579	-7.128310	-7.167329	-7.184058	-7.237542	-7.215808	-7.223625	-7.190497	-7.207132	-7.136700	-7.226915	-7.205234	-14.995175	-7.254274
887.565000	-7.201661	-7.266459	-7.199633	-7.128347	-7.167328	-7.184035	-7.237532	-7.215857	-7.223661	-7.190518	-7.207110	-7.136671	-7.226932	-7.205250	-14.995186	-7.254243
907.585000	-7.201666	-7.266482	-7.199607	-7.128323	-7.167334	-7.184048	-7.237519	-7.215843	-7.223649	-7.190467	-7.207067	-7.136653	-7.226875	-7.205245	-14.995184	-7.254267
927.639000	-7.201654	-7.266500	-7.199617	-7.128330	-7.167352	-7.184066	-7.237558	-7.215845	-7.223648	-7.190461	-7.207129	-7.136700	-7.226920	-7.205203	-14.995189	-7.254237
947.716000	-7.201640	-7.266488	-7.199603	-7.128306	-7.167341	-7.184049	-7.237524	-7.215871	-7.223652	-7.190441	-7.207140	-7.136704	-7.226887	-7.205196	-14.995186	-7.254280
967.755000	-7.201638	-7.266499	-7.199597	-7.128303	-7.167305	-7.184053	-7.237528	-7.215864	-7.223626	-7.190441	-7.207132	-7.136666	-7.226906	-7.205239	-14.995165	-7.254246
987.805000	-7.201652	-7.266485	-7.199616	-7.128333	-7.167338	-7.184062	-7.237553	-7.215837	-7.223621	-7.190473	-7.207121	-7.136678	-7.226852	-7.205207	-14.995162	-7.254244
1007.855000	-7.201621	-7.266484	-7.199604	-7.128356	-7.167358	-7.184047	-7.237522	-7.215882	-7.223614	-7.190420	-7.207107	-7.136726	-7.226872	-7.205216	-14.995174	-7.254242
1027.905000	-7.201623	-7.266476	-7.199621	-7.128358	-7.167350	-7.184065	-7.237519	-7.215874	-7.223649	-7.190466	-7.207096	-7.136716	-7.226872	-7.205225	-14.995128	-7.254263
1047.975000	-7.201653	-7.266463	-7.199571	-7.128321	-7.167369	-7.184029	-7.237535	-7.215844	-7.223608	-7.190437	-7.207119	-7.136717	-7.226859	-7.205241	-14.995189	-7.254275
1068.045000	-7.201618	-7.266474	-7.199585	-7.128339	-7.167326	-7.184038	-7.237582	-7.215845	-7.223613	-7.190444	-7.207107	-7.136733	-7.226855	-7.205272	-14.995183	-7.254271
1088.105000	-7.201590	-7.266459	-7.199606	-7.128396	-7.167337	-7.184010	-7.237566	-7.215819	-7.223594	-7.190453	-7.207111	-7.136733	-7.226895	-7.205291	-14.995162	-7.254265
1108.165000	-7.201594	-7.266478	-7.199606	-7.128342	-7.167357	-7.183999	-7.237557	-7.215836	-7.223631	-7.190447	-7.207113	-7.136733	-7.226946	-7.205247	-14.995132	-7.254286
1128.216000	-7.201613	-7.266461	-7.199603	-7.128365	-7.167336	-7.184023	-7.237562	-7.215860	-7.223616	-7.190388	-7.207139	-7.136720	-7.226886	-7.205245	-14.995141	-7.254301
1148.265000	-7.201602	-7.266471	-7.199622	-7.128329	-7.167333	-7.184034	-7.237556	-7.215891	-7.223636	-7.190428	-7.207101	-7.136755	-7.226859	-7.205244	-14.995153	-7.254294
1168.305000	-7.201599	-7.266471	-7.199581	-7.128337	-7.167330	-7.184004	-7.237574	-7.215896	-7.223628	-7.190400	-7.207108	-7.136752	-7.226845	-7.205188	-14.995167	-7.254300
1188.335000	-7.201605	-7.266501	-7.199595	-7.128345	-7.167348	-7.184015	-7.237552	-7.215882	-7.223581	-7.190413	-7.207132	-7.136738	-7.226875	-7.205254	-14.995157	-7.254305
1208.367000	-7.201587	-7.266488	-7.199602	-7.128352	-7.167347	-7.183986	-7.237601	-7.215864	-7.223613	-7.190403	-7.207089	-7.136739	-7.226902	-7.205301	-14.995141	-7.254328
1228.425000	-7.201614	-7.266474	-7.199633	-7.128327	-7.167362	-7.184027	-7.237536	-7.215815	-7.223589	-7.190398	-7.207141	-7.136739	-7.226880	-7.205207	-14.995165	-7.254300
1248.465000	-7.201650	-7.266512	-7.199633	-7.128335	-7.167326	-7.184039	-7.237566	-7.215854	-7.223573	-7.190402	-7.207140	-7.136749	-7.226911	-7.205204	-14.995162	-7.254291
1268.496000	-7.201605	-7.266484	-7.199578	-7.128345	-7.167379	-7.184028	-7.237538	-7.215866	-7.223545	-7.190465	-7.207141	-7.136765	-7.226914	-7.205205	-14.995133	-7.254275
1288.555000	-7.201606	-7.266447	-7.199583	-7.128340	-7.167348	-7.184016	-7.237589	-7.215840	-7.223579	-7.190422	-7.207128	-7.136772	-7.226876	-7.205239	-14.995135	-7.254312
1308.645000	-7.201594	-7.266474	-7.199588	-7.128349	-7.167337	-7.184051	-7.237580	-7.215892	-7.223602	-7.190448	-7.207119	-7.136733	-7.226935	-7.205244	-14.995127	-7.254292
1328.684000	-7.201579	-7.266480	-7.199611	-7.128321	-7.167331	-7.183976	-7.237569	-7.215842	-7.223620	-7.190464	-7.207142	-7.136718	-7.226904	-7.205220	-14.995146	-7.254303
1348.725000	-7.201594	-7.266455	-7.199574	-7.128334	-7.167315	-7.184030	-7.237555	-7.215868	-7.223603	-7.190477	-7.207119	-7.136702	-7.226905	-7.205211	-14.995126	-7.254287
1368.787000	-7.201605	-7.266451	-7.199593	-7.128339	-7.167317	-7.184026	-7.237531	-7.215871	-7.223618	-7.190431	-7.207124	-7.136681	-7.226900	-7.205186	-14.995125	-7.254269
1388.855000	-7.201644	-7.266436	-7.199603	-7.128307	-7.167343	-7.184001	-7.237577	-7.215865	-7.223639	-7.190434	-7.207140	-7.136694	-7.226858	-7.205206	-14.995120	-7.254286
1408.915000	-7.201591	-7.266471	-7.199591	-7.128340	-7.167344	-7.184013	-7.237610	-7.215873	-7.223595	-7.190453	-7.207138	-7.136688	-7.226936	-7.205208	-14.995103	-7.254319
1428.945000	-7.201628	-7.266423	-7.199610	-7.128365	-7.167378	-7.184016	-7.237600	-7.215865	-7.223626	-7.190482	-7.207108	-7.136671	-7.226871	-7.205211	-14.995116	-7.254294
1448.976000	-7.201640	-7.266461	-7.199592	-7.128340	-7.167368	-7.184003	-7.237564	-7.215845	-7.223613	-7.190426	-7.207073	-7.136706	-7.226865	-7.205225	-14.995123	-7.254315
1469.046000	-7.201614	-7.266475	-7.199599	-7.128324	-7.167363	-7.184028	-7.237590	-7.215851	-7.223628	-7.190425	-7.207085	-7.136723	-7.226865	-7.205223	-14.995158	-7.254292
1489.105000	-7.201619	-7.266442	-7.199616	-7.128334	-7.167363	-7.184086	-7.237588	-7.215838	-7.223640	-7.190471	-7.207140	-7.136720	-7.226841	-7.205228	-14.995051	-7.254327
1509.165000	-7.201612	-7.266453	-7.199620	-7.128311	-7.167380	-7.184031	-7.237572	-7.215820	-7.223644	-7.190462	-7.207125	-7.136721	-7.226892	-7.205203	-14.995094	-7.254304
1529.206000	-7.201656	-7.266440	-7.199592	-7.128327	-7.167415	-7.184036	-7.237561	-7.215864	-7.223636	-7.190476	-7.207132	-7.136698	-7.226897	-7.205221	-14.995112	-7.254263
1549.265000	-7.201654	-7.266458	-7.199607	-7.128334	-7.167412	-7.184015	-7.237578	-7.215834	-7.223615	-7.190434	-7.207082	-7.136754	-7.226857	-7.205204	-14.995096	-7.254275
1569.315000	-7.201657	-7.266425	-7.199582	-7.128352	-7.167413	-7.184004	-7.237590	-7.215817	-7.223608	-7.190419	-7.207140	-7.136780	-7.226887	-7.205192	-14.995109	-7.254254
1589.376000	-7.201643	-7.266463	-7.199599	-7.128280	-7.167397	-7.184033	-7.237585	-7.215848	-7.223634	-7.190473	-7.207137	-7.136725	-7.226862	-7.205220	-14.995099	-7.254303
1609.450000	-7.201671	-7.266431	-7.199559	-7.128317	-7.167412	-7.184052	-7.237588	-7.215851	-7.223641	-7.190488	-7.207173	-7.136739	-7.226882	-7.205174	-14.995094	-7.254261
1629.505000	-7.201617	-7.266443	-7.199603	-7.128322	-7.167387	-7.184071	-7.237611	-7.215864	-7.223635	-7.190435	-7.207166	-7.136738	-7.226886	-7.205190	-14.995071	-7.254218
1649.521000	-7.201639	-7.266465	-7.199588	-7.128305	-7.167425	-7.184054	-7.237583	-7.215855	-7.223592	-7.190440	-7.207137	-7.136746	-7.226892	-7.205210	-14.995054	-7.254254
1669.605000	-7.201627	-7.266438	-7.199572	-7.128308	-7.167416	-7.184079	-7.237605	-7.215861	-7.223607	-7.190395	-7.207107	-7.136780	-7.226847	-7.205240	-14.995082	-7.254228
1689.659000	-7.201632	-7.266410	-7.199539	-7.128343	-7.167356	-7.184087	-7.237591	-7.215877	-7.223637	-7.190463	-7.207096	-7.136742	-7.226867	-7.205220	-14.995015	-7.254270
1709.695000	-7.201627	-7.266404	-7.199571	-7.128300	-7.167382	-7.184060	-7.237577	-7.215803	-7.223640	-7.190399	-7.207139	-7.136748	-7.226887	-7.205240	-14.995073	-7.254237
1729.765000	-7.201610	-7.266398	-7.199545	-7.128310	-7.167356	-7.184107	-7.237609	-7.215830	-7.223602	-7.190436	-7.207154	-7.136741	-7.226881	-7.205258	-14.995029	-7.254277
1749.828000	-7.201608	-7.266436	-7.199540	-7.128302	-7.167335	-7.184072	-7.237590	-7.215842	-7.223644	-7.190483	-7.207104	-7.136808	-7.226874	-7.205229	-14.995053	-7.254268
1769.845000	-7.201621	-7.266475	-7.199580	-7.128333	-7.167333	-7.184071	-7.237626	-7.215865	-7.223630	-7.190473	-7.207121	-7.136752	-7.226858	-7.205210	-14.995064	-7.254270
1789.885000	-7.201632	-7.266484	-7.199587	-7.128302	-7.167365	-7.184082	-7.237605	-7.215840	-7.223622	-7.190460	-7.207121	-7.136711	-7.226855	-7.205255	-14.995116	-7.254271
1809.945000	-7.201581	-7.266860	-7.199674	-7.128533	-7.167287	-7.184486	-7.237617	-7.216178	-7.224087	-7.190572	-7.207355	-7.137238	-7.227179	-7.205628	-14.994930	-7.254531
1829.985000	-7.201563	-7.267149	-7.199718	-7.128656	-7.167208	-7.184669	-7.237710	-7.216389	-7.224206	-7.190645	-7.207455	-7.137413	-7.227391	-7.205777	-14.994955	-7.254580
1850.045000	-7.201512	-7.267313	-7.199762	-7.128804	-7.167189	-7.184696	-7.237739	-7.216453	-7.224263	-7.190613	-7.207476	-7.137522	-7.227428	-7.205834	-14.994836	-7.254610
1870.125000	-7.201542	-7.267383	-7.199738	-7.128842	-7.167207	-7.184793	-7.237732	-7.216485	-7.224281	-7.190609	-7.207490	-7.137598	-7.227518	-7.205906	-14.994891	-7.254627
1890.175000	-7.201542	-7.267400	-7.199779	-7.128908	-7.167172	-7.184764	-7.237736	-7.216533	-7.224334	-7.190680	-7.207487	-7.137605	-7.227551	-7.205895	-14.994900	-7.254610
1910.226000	-7.201563	-7.267446	-7.199757	-7.128940	-7.167170	-7.184777	-7.237724	-7.216591	-7.224320	-7.190648	-7.207508	-7.137601	-7.227565	-7.205908	-14.994891	-7.254646
1930.280000	-7.201532	-7.267472	-7.199740	-7.128909	-7.167197	-7.184787	-7.237743	-7.216548	-7.224346	-7.190686	-7.207475	-7.137658	-7.227597	-7.205899	-14.994915	-7.254655
1950.356000	-7.201553	-7.267531	-7.199773	-7.128951	-7.167185	-7.184817	-7.237736	-7.216537	-7.224357	-7.190696	-7.207465	-7.137673	-7.227630	-7.205947	-14.994898	-7.254661
1970.409000	-7.201596	-7.267555	-7.199725	-7.128915	-7.167194	-7.184800	-7.237794	-7.216603	-7.224339	-7.190681	-7.207518	-7.137700	-7.227639	-7.205950	-14.994897	-7.254632
1990.455000	-7.201547	-7.267526	-7.199730	-7.128924	-7.167204	-7.184789	-7.237834	-7.216576	-7.224361	-7.190683	-7.207516	-7.137723	-7.227641	-7.205972	-14.994884	-7.254683
2010.489000	-7.201521	-7.267518	-7.199775	-7.128927	-7.167197	-7.184787	-7.237786	-7.216535	-7.224385	-7.190744	-7.207505	-7.137708	-7.227676	-7.205970	-14.994931	-7.254725
2030.555000	-7.201517	-7.267553	-7.199772	-7.128942	-7.167208	-7.184807	-7.237799	-7.216568	-7.224345	-7.190730	-7.207536	-7.137707	-7.227676	-7.205926	-14.994911	-7.254709
2050.625000	-7.201564	-7.267535	-7.199749	-7.128921	-7.167220	-7.184836	-7.237782	-7.216552	-7.224369	-7.190696	-7.207523	-7.137692	-7.227650	-7.205955	-14.994917	-7.254686
2070.695000	-7.201580	-7.267581	-7.199798	-7.128952	-7.167166	-7.184821	-7.237781	-7.216553	-7.224378	-7.190738	-7.207523	-7.137688	-7.227664	-7.205972	-14.994889	-7.254664
2090.746000	-7.201654	-7.267554	-7.199771	-7.128964	-7.167176	-7.184774	-7.237781	-7.216611	-7.224352	-7.190713	-7.207528	-7.137735	-7.227688	-7.205970	-14.994895	-7.254703
2110.795000	-7.201595	-7.267575	-7.199787	-7.128998	-7.167185	-7.184767	-7.237752	-7.216595	-7.224360	-7.190664	-7.207539	-7.137707	-7.227667	-7.205931	-14.994900	-7.254664
2130.865000	-7.201575	-7.267564	-7.199768	-7.129021	-7.167161	-7.184824	-7.237788	-7.216569	-7.224354	-7.190723	-7.207542	-7.137728	-7.227657	-7.205919	-14.994886	-7.254663
2150.911000	-7.201571	-7.267568	-7.199805	-7.129027	-7.167157	-7.184785	-7.237817	-7.216557	-7.224352	-7.190683	-7.207531	-7.137706	-7.227629	-7.205921	-14.994856	-7.254690
2170.965000	-7.201570	-7.267586	-7.199776	-7.129013	-7.167195	-7.184798	-7.237786	-7.216575	-7.224393	-7.190695	-7.207542	-7.137734	-7.227639	-7.205929	-14.994871	-7.254682
2191.038000	-7.201567	-7.267602	-7.199812	-7.129051	-7.167211	-7.184819	-7.237786	-7.216578	-7.224372	-7.190705	-7.207531	-7.137736	-7.227640	-7.205944	-14.994866	-7.254715
2211.065000	-7.201592	-7.267605	-7.199819	-7.129064	-7.167220	-7.184808	-7.237776	-7.216588	-7.224359	-7.190653	-7.207530	-7.137698	-7.227646	-7.205975	-14.994883	-7.254739
2231.135000	-7.201612	-7.267627	-7.199783	-7.129065	-7.167225	-7.184837	-7.237781	-7.216596	-7.224329	-7.190727	-7.207509	-7.137714	-7.227622	-7.205930	-14.994868	-7.254700
2251.195000	-7.201585	-7.267575	-7.199801	-7.129054	-7.167215	-7.184819	-7.237774	-7.216576	-7.224373	-7.190712	-7.207524	-7.137711	-7.227652	-7.205950	-14.994867	-7.254661
2271.235000	-7.201577	-7.267613	-7.199794	-7.129050	-7.167229	-7.184818	-7.237815	-7.216620	-7.224370	-7.190692	-7.207490	-7.137729	-7.227672	-7.205967	-14.994881	-7.254711
2291.295000	-7.201590	-7.267612	-7.199787	-7.129051	-7.167204	-7.184858	-7.237762	-7.216585	-7.224360	-7.190787	-7.207515	-7.137704	-7.227689	-7.205941	-14.994862	-7.254712
2311.376000	-7.201569	-7.267624	-7.199826	-7.129049	-7.167213	-7.184825	-7.237825	-7.216637	-7.224339	-7.190741	-7.207519	-7.137737	-7.227664	-7.205984	-14.994895	-7.254716
2331.455000	-7.201570	-7.267603	-7.199814	-7.129080	-7.167225	-7.184865	-7.237811	-7.216594	-7.224351	-7.190754	-7.207510	-7.137720	-7.227697	-7.205954	-14.994865	-7.254710
2351.525000	-7.201548	-7.267597	-7.199850	-7.129066	-7.167219	-7.184818	-7.237813	-7.216614	-7.224367	-7.190748	-7.207502	-7.137713	-7.227665	-7.205969	-14.994901	-7.254746
2371.585000	-7.201572	-7.267592	-7.199844	-7.129050	-7.167229	-7.184869	-7.237785	-7.216622	-7.224380	-7.190742	-7.207533	-7.137762	-7.227717	-7.205938	-14.994896	-7.254721
2391.635000	-7.201543	-7.267614	-7.199827	-7.129033	-7.167197	-7.184858	-7.237813	-7.216637	-7.224388	-7.190778	-7.207541	-7.137755	-7.227705	-7.205951	-14.994858	-7.254704
2411.665000	-7.201590	-7.267653	-7.199841	-7.129115	-7.167250	-7.184913	-7.237793	-7.216669	-7.224464	-7.190765	-7.207603	-7.137735	-7.227755	-7.206066	-14.994828	-7.254772
2431.725000	-7.201604	-7.268002	-7.199917	-7.129236	-7.167163	-7.185123	-7.237815	-7.216960	-7.224768	-7.190842	-7.207713	-7.138088	-7.227965	-7.206291	-14.994855	-7.254942
2451.783000	-7.201623	-7.268218	-7.199965	-7.129367	-7.167111	-7.185222	-7.237885	-7.217143	-7.224895	-7.190922	-7.207761	-7.138190	-7.228063	-7.206374	-14.994777	-7.255002
2471.815000	-7.201649	-7.268424	-7.200042	-7.129410	-7.167112	-7.185256	-7.237956	-7.217379	-7.224996	-7.190940	-7.207768	-7.138251	-7.228174	-7.206423	-14.994804	-7.255070
2491.910000	-7.201657	-7.268490	-7.200081	-7.129424	-7.167058	-7.185252	-7.238124	-7.217567	-7.225039	-7.190899	-7.207884	-7.138213	-7.228278	-7.206481	-14.994791	-7.255142
2511.945000	-7.201664	-7.268613	-7.200111	-7.129387	-7.167083	-7.185302	-7.238256	-7.217743	-7.225134	-7.190881	-7.207920	-7.138203	-7.228320	-7.206494	-14.994813	-7.255229
2531.995000	-7.201696	-7.268713	-7.200162	-7.129412	-7.167057	-7.185287	-7.238447	-7.217847	-7.225172	-7.190972	-7.208006	-7.138279	-7.228400	-7.206569	-14.994807	-7.255321
2552.055000	-7.201721	-7.268814	-7.200192	-7.129358	-7.167074	-7.185306	-7.238627	-7.217902	-7.225247	-7.190943	-7.208052	-7.138267	-7.228469	-7.206667	-14.994766	-7.255370
2572.085000	-7.201723	-7.268892	-7.200165	-7.129330	-7.167078	-7.185296	-7.238693	-7.218002	-7.225273	-7.190937	-7.208115	-7.138265	-7.228575	-7.206698	-14.994865	-7.255464
2592.138000	-7.201716	-7.268973	-7.200231	-7.129372	-7.167045	-7.185337	-7.238755	-7.218042	-7.225312	-7.190941	-7.208129	-7.138309	-7.228588	-7.206728	-14.994762	-7.255496
2612.197000	-7.201748	-7.269061	-7.200232	-7.129317	-7.167035	-7.185337	-7.238774	-7.218078	-7.225330	-7.190937	-7.208162	-7.138283	-7.228642	-7.206818	-14.994820	-7.255554
2632.237000	-7.201764	-7.269074	-7.200255	-7.129321	-7.167044	-7.185354	-7.238861	-7.218087	-7.225353	-7.190956	-7.208179	-7.138297	-7.228684	-7.206791	-14.994808	-7.255642
2652.276000	-7.201764	-7.269081	-7.200269	-7.129326	-7.167075	-7.185344	-7.238936	-7.218136	-7.225347	-7.190985	-7.208168	-7.138322	-7.228717	-7.206801	-14.994803	-7.255648
2672.286000	-7.201767	-7.269142	-7.200268	-7.129339	-7.167076	-7.185383	-7.238975	-7.218168	-7.225341	-7.190981	-7.208222	-7.138334	-7.228782	-7.206828	-14.994761	-7.255668
2692.325000	-7.201796	-7.269191	-7.200271	-7.129328	-7.167036	-7.185390	-7.238976	-7.218210	-7.225368	-7.191017	-7.208236	-7.138344	-7.228754	-7.206877	-14.994768	-7.255706
2712.405000	-7.201769	-7.269225	-7.200293	-7.129341	-7.167091	-7.185417	-7.239043	-7.218207	-7.225378	-7.191026	-7.208279	-7.138329	-7.228844	-7.206867	-14.994776	-7.255727
2732.446000	-7.201790	-7.269264	-7.200278	-7.129333	-7.167013	-7.185453	-7.239019	-7.218243	-7.225386	-7.191000	-7.208297	-7.138354	-7.228877	-7.206920	-14.994797	-7.255805
2752.507000	-7.201798	-7.269287	-7.200307	-7.129349	-7.167093	-7.185391	-7.239107	-7.218193	-7.225389	-7.191052	-7.208271	-7.138279	-7.228919	-7.206923	-14.994817	-7.255838
2772.585000	-7.201785	-7.269272	-7.200301	-7.129314	-7.167109	-7.185401	-7.239077	-7.218232	-7.225408	-7.191072	-7.208329	-7.138348	-7.228898	-7.206942	-14.994754	-7.255837
2792.635000	-7.201813	-7.269300	-7.200324	-7.129317	-7.167039	-7.185399	-7.239091	-7.218256	-7.225443	-7.191036	-7.208266	-7.138331	-7.228934	-7.207000	-14.994747	-7.255884
2812.696000	-7.201841	-7.269294	-7.200326	-7.129307	-7.167041	-7.185429	-7.239111	-7.218296	-7.225375	-7.191068	-7.208279	-7.138334	-7.228945	-7.207014	-14.994764	-7.255896
2832.766000	-7.201799	-7.269314	-7.200351	-7.129313	-7.167053	-7.185428	-7.239132	-7.218347	-7.225420	-7.191084	-7.208316	-7.138368	-7.228900	-7.206972	-14.994773	-7.255896
2852.805000	-7.201810	-7.269306	-7.200342	-7.129307	-7.167064	-7.185445	-7.239144	-7.218346	-7.225416	-7.191101	-7.208286	-7.138393	-7.228981	-7.207062	-14.994796	-7.255923
2872.846000	-7.201825	-7.269331	-7.200348	-7.129305	-7.167064	-7.185412	-7.239118	-7.218352	-7.225466	-7.191116	-7.208303	-7.138354	-7.228959	-7.207042	-14.994769	-7.255948
2892.905000	-7.201793	-7.269350	-7.200375	-7.129351	-7.167048	-7.185443	-7.239220	-7.218332	-7.225469	-7.191122	-7.208298	-7.138351	-7.229003	-7.207052	-14.994739	-7.255959
2913.005000	-7.201793	-7.269365	-7.200357	-7.129290	-7.167061	-7.185416	-7.239231	-7.218314	-7.225497	-7.191088	-7.208336	-7.138366	-7.229023	-7.207067	-14.994790	-7.255983
2933.075000	-7.201844	-7.269390	-7.200379	-7.129278	-7.167093	-7.185441	-7.239239	-7.218364	-7.225449	-7.191178	-7.208362	-7.138339	-7.228973	-7.207080	-14.994763	-7.256003
2953.145000	-7.201861	-7.269379	-7.200391	-7.129300	-7.167118	-7.185399	-7.239243	-7.218359	-7.225449	-7.191153	-7.208360	-7.138413	-7.228988	-7.207103	-14.994735	-7.256061
2973.205000	-7.201843	-7.269408	-7.200355	-7.129274	-7.167062	-7.185439	-7.239313	-7.218346	-7.225454	-7.191171	-7.208410	-7.138368	-7.229003	-7.207110	-14.994736	-7.256044
2993.215000	-7.201856	-7.269449	-7.200362	-7.129321	-7.167078	-7.185413	-7.239326	-7.218341	-7.225486	-7.191160	-7.208372	-7.138410	-7.228997	-7.207118	-14.994711	-7.256049
3013.265000	-7.201848	-7.269454	-7.200381	-7.129311	-7.167092	-7.185463	-7.239345	-7.218309	-7.225484	-7.191169	-7.208367	-7.138382	-7.229014	-7.207138	-14.994766	-7.256055
3033.325000	-7.201833	-7.269468	-7.200394	-7.129253	-7.167069	-7.185430	-7.239317	-7.218318	-7.225460	-7.191168	-7.208373	-7.138403	-7.229016	-7.207109	-14.994790	-7.256052
3053.395000	-7.201850	-7.269468	-7.200381	-7.129307	-7.167080	-7.185449	-7.239309	-7.218364	-7.225510	-7.191202	-7.208395	-7.138381	-7.229003	-7.207154	-14.994787	-7.256058
3073.435000	-7.201819	-7.269472	-7.200410	-7.129292	-7.167127	-7.185492	-7.239320	-7.218363	-7.225497	-7.191222	-7.208408	-7.138348	-7.228997	-7.207113	-14.994774	-7.256056
3093.485000	-7.201833	-7.269478	-7.200399	-7.129319	-7.167122	-7.185477	-7.239317	-7.218388	-7.225491	-7.191217	-7.208404	-7.138381	-7.229052	-7.207118	-14.994730	-7.256083
3113.571000	-7.201804	-7.269551	-7.200412	-7.129335	-7.167093	-7.185488	-7.239383	-7.218369	-7.225506	-7.191210	-7.208352	-7.138378	-7.229025	-7.207175	-14.994784	-7.256109
3133.645000	-7.201869	-7.269521	-7.200374	-7.129342	-7.167085	-7.185463	-7.239336	-7.218325	-7.225490	-7.191175	-7.208374	-7.138364	-7.229007	-7.207148	-14.994718	-7.256115
3153.719000	-7.201865	-7.269505	-7.200399	-7.129361	-7.167085	-7.185493	-7.239366	-7.218373	-7.225496	-7.191199	-7.208431	-7.138370	-7.229024	-7.207147	-14.994777	-7.256111
3173.755000	-7.201837	-7.269526	-7.200417	-7.129329	-7.167085	-7.185487	-7.239362	-7.218329	-7.225530	-7.191187	-7.208453	-7.138321	-7.229062	-7.207129	-14.994796	-7.256155
3193.795000	-7.201841	-7.269560	-7.200415	-7.129366	-7.167084	-7.185496	-7.239375	-7.218355	-7.225535	-7.191197	-7.208445	-7.138329	-7.229074	-7.207154	-14.994737	-7.256091
3213.845000	-7.201820	-7.269527	-7.200386	-7.129325	-7.167061	-7.185460	-7.239373	-7.218371	-7.225544	-7.191225	-7.208438	-7.138385	-7.229110	-7.207184	-14.994755	-7.256156
3233.896000	-7.201876	-7.269504	-7.200444	-7.129336	-7.167077	-7.185479	-7.239373	-7.218360	-7.225591	-7.191234	-7.208447	-7.138396	-7.229052	-7.207184	-14.994768	-7.256137
3253.945000	-7.201882	-7.269524	-7.200459	-7.129290	-7.167081	-7.185518	-7.239353	-7.218388	-7.225546	-7.191194	-7.208488	-7.138384	-7.229095	-7.207215	-14.994779	-7.256137
3273.996000	-7.201886	-7.269557	-7.200481	-7.129306	-7.167068	-7.185483	-7.239379	-7.218371	-7.225567	-7.191153	-7.208495	-7.138357	-7.229076	-7.207206	-14.994805	-7.256165
3294.048000	-7.201899	-7.269573	-7.200485	-7.129305	-7.167075	-7.185456	-7.239426	-7.218407	-7.225589	-7.191178	-7.208481	-7.138368	-7.229092	-7.207200	-14.994755	-7.256169
3314.135000	-7.201879	-7.269574	-7.200455	-7.129322	-7.167096	-7.185476	-7.239396	-7.218442	-7.225558	-7.191174	-7.208515	-7.138400	-7.229087	-7.207189	-14.994740	-7.256187
3334.185000	-7.201882	-7.269538	-7.200469	-7.129344	-7.167119	-7.185469	-7.239354	-7.218423	-7.225583	-7.191228	-7.208522	-7.138370	-7.229091	-7.207217	-14.994781	-7.256145
3354.255000	-7.201863	-7.269556	-7.200406	-7.129360	-7.167118	-7.185474	-7.239412	-7.218387	-7.225564	-7.191200	-7.208515	-7.138387	-7.229093	-7.207208	-14.994762	-7.256222
3374.325000	-7.201869	-7.269584	-7.200458	-7.129351	-7.167099	-7.185457	-7.239390	-7.218368	-7.225589	-7.191172	-7.208493	-7.138415	-7.229079	-7.207240	-14.994745	-7.256186
3394.375000	-7.201869	-7.269616	-7.200471	-7.129358	-7.167113	-7.185519	-7.239433	-7.218349	-7.225584	-7.191234	-7.208542	-7.138340	-7.229085	-7.207246	-14.994812	-7.256199
3414.405000	-7.201889	-7.269612	-7.200452	-7.129385	-7.167130	-7.185482	-7.239394	-7.218340	-7.225600	-7.191200	-7.208537	-7.138367	-7.229113	-7.207244	-14.994760	-7.256232
3434.475000	-7.201895	-7.269577	-7.200445	-7.129363	-7.167115	-7.185482	-7.239438	-7.218352	-7.225607	-7.191195	-7.208539	-7.138393	-7.229090	-7.207198	-14.994780	-7.256214
3454.536000	-7.201921	-7.269603	-7.200459	-7.129362	-7.167123	-7.185562	-7.239442	-7.218359	-7.225631	-7.191230	-7.208603	-7.138401	-7.229145	-7.207224	-14.994735	-7.256250
3474.586000	-7.201899	-7.269606	-7.200432	-7.129352	-7.167116	-7.185555	-7.239443	-7.218372	-7.225630	-7.191170	-7.208585	-7.138394	-7.229108	-7.207215	-14.994744	-7.256225
3494.635000	-7.201857	-7.269647	-7.200444	-7.129374	-7.167093	-7.185530	-7.239459	-7.218363	-7.225653	-7.191233	-7.208539	-7.138377	-7.229114	-7.207244	-14.994739	-7.256236
3514.675000	-7.201873	-7.269627	-7.200449	-7.129372	-7.167135	-7.185520	-7.239493	-7.218376	-7.225638	-7.191210	-7.208575	-7.138410	-7.229154	-7.207235	-14.994734	-7.256256
3534.736000	-7.201890	-7.269616	-7.200434	-7.129343	-7.167145	-7.185504	-7.239448	-7.218399	-7.225622	-7.191205	-7.208568	-7.138413	-7.229138	-7.207246	-14.994742	-7.256250
3554.805000	-7.201906	-7.269659	-7.200488	-7.129332	-7.167158	-7.185538	-7.239433	-7.218407	-7.225633	-7.191196	-7.208550	-7.138408	-7.229096	-7.207215	-14.994767	-7.256273
3574.845000	-7.201873	-7.269666	-7.200483	-7.129332	-7.167162	-7.185558	-7.239466	-7.218370	-7.225642	-7.191212	-7.208546	-7.138452	-7.229113	-7.207222	-14.994790	-7.256296
3594.865000	-7.201886	-7.269685	-7.200439	-7.129325	-7.167166	-7.185565	-7.239446	-7.218356	-7.225625	-7.191219	-7.208553	-7.138466	-7.229142	-7.207233	-14.994759	-7.256269
3614.955000	-7.201914	-7.269640	-7.200450	-7.129330	-7.167161	-7.185546	-7.239451	-7.218376	-7.225633	-7.191235	-7.208565	-7.138443	-7.229160	-7.207240	-14.994737	-7.256235
3635.015000	-7.201902	-7.269644	-7.200439	-7.129336	-7.167159	-7.185524	-7.239532	-7.218391	-7.225653	-7.191181	-7.208570	-7.138425	-7.229130	-7.207215	-14.994738	-7.256327
3655.049000	-7.201766	-7.268627	-7.200012	-7.129568	-7.167141	-7.185357	-7.238566	-7.217390	-7.224778	-7.190996	-7.207875	-7.138450	-7.228248	-7.206334	-14.994786	-7.255088
3675.075000	-7.201706	-7.268162	-7.199961	-7.129410	-7.167236	-7.185190	-7.238103	-7.216851	-7.224579	-7.190865	-7.207748	-7.138229	-7.228012	-7.206182	-14.994787	-7.254939
3695.125000	-7.201704	-7.267977	-7.199924	-7.129332	-7.167264	-7.185094	-7.238076	-7.216744	-7.224533	-7.190859	-7.207696	-7.138116	-7.227939	-7.206127	-14.994798	-7.254936
3715.185000	-7.201736	-7.267896	-7.199878	-7.129291	-7.167275	-7.185090	-7.238008	-7.216713	-7.224586	-7.190885	-7.207733	-7.138060	-7.227889	-7.206111	-14.994821	-7.254900
3735.217000	-7.201715	-7.267845	-7.199850	-7.129172	-7.167262	-7.185053	-7.238040	-7.216689	-7.224504	-7.190900	-7.207702	-7.138070	-7.227845	-7.206094	-14.994792	-7.254880
3755.279000	-7.201692	-7.267855	-7.199856	-7.129203	-7.167240	-7.185033	-7.237972	-7.216664	-7.224508	-7.190863	-7.207710	-7.138033	-7.227860	-7.206103	-14.994869	-7.254876
3775.360000	-7.201702	-7.267819	-7.199847	-7.129180	-7.167242	-7.185000	-7.237978	-7.216686	-7.224486	-7.190911	-7.207719	-7.137982	-7.227800	-7.206095	-14.994832	-7.254886
3795.449000	-7.201658	-7.267792	-7.199881	-7.129175	-7.167252	-7.185014	-7.237994	-7.216644	-7.224543	-7.190869	-7.207731	-7.138005	-7.227757	-7.206123	-14.994846	-7.254870
3815.525000	-7.201691	-7.267789	-7.199892	-7.129125	-7.167231	-7.185027	-7.237979	-7.216674	-7.224495	-7.190856	-7.207736	-7.138025	-7.227747	-7.206102	-14.994814	-7.254883
3835.565000	-7.201658	-7.267809	-7.199904	-7.129184	-7.167246	-7.185005	-7.237984	-7.216665	-7.224511	-7.190822	-7.207664	-7.137973	-7.227785	-7.206074	-14.994787	-7.254858
3855.625000	-7.201698	-7.267776	-7.199894	-7.129176	-7.167249	-7.184998	-7.238016	-7.216668	-7.224512	-7.190824	-7.207658	-7.137979	-7.227761	-7.206050	-14.994832	-7.254887
3875.659000	-7.201674	-7.267792	-7.199873	-7.129162	-7.167272	-7.185013	-7.237978	-7.216653	-7.224521	-7.190862	-7.207696	-7.137973	-7.227774	-7.206057	-14.994872	-7.254842
3895.715000	-7.201680	-7.267773	-7.199899	-7.129154	-7.167258	-7.185046	-7.237982	-7.216648	-7.224487	-7.190830	-7.207665	-7.137998	-7.227786	-7.206062	-14.994835	-7.254867
3915.792000	-7.201681	-7.267750	-7.199915	-7.129184	-7.167258	-7.185020	-7.237962	-7.216652	-7.224499	-7.190817	-7.207660	-7.137974	-7.227801	-7.206057	-14.994838	-7.254847
3935.875000	-7.201670	-7.267749	-7.199882	-7.129143	-7.167237	-7.185000	-7.237977	-7.216694	-7.224474	-7.190871	-7.207670	-7.137945	-7.227783	-7.206051	-14.994859	-7.254866
3955.965000	-7.201707	-7.267759	-7.199891	-7.129100	-7.167252	-7.184985	-7.237992	-7.216635	-7.224501	-7.190841	-7.207652	-7.137976	-7.227783	-7.206063	-14.994874	-7.254875
3975.995000	-7.201642	-7.267801	-7.199923	-7.129126	-7.167231	-7.185023	-7.238003	-7.216676	-7.224468	-7.190845	-7.207699	-7.137938	-7.227758	-7.206069	-14.994808	-7.254848
3996.066000	-7.201650	-7.267749	-7.199901	-7.129124	-7.167274	-7.184988	-7.237986	-7.216673	-7.224474	-7.190840	-7.207645	-7.137953	-7.227772	-7.206056	-14.994815	-7.254860
4016.135000	-7.201663	-7.267783	-7.199922	-7.129135	-7.167293	-7.185006	-7.237937	-7.216658	-7.224480	-7.190836	-7.207671	-7.137961	-7.227799	-7.206031	-14.994808	-7.254876
4036.178000	-7.201702	-7.267787	-7.199883	-7.129131	-7.167263	-7.185005	-7.237978	-7.216643	-7.224445	-7.190825	-7.207641	-7.137963	-7.227767	-7.206038	-14.994859	-7.254835
4056.205000	-7.201649	-7.267787	-7.199896	-7.129169	-7.167268	-7.185038	-7.237992	-7.216626	-7.224468	-7.190885	-7.207662	-7.137919	-7.227741	-7.206022	-14.994832	-7.254891
4076.225000	-7.201643	-7.267769	-7.199873	-7.129144	-7.167294	-7.185021	-7.237969	-7.216641	-7.224533	-7.190918	-7.207608	-7.137946	-7.227744	-7.206085	-14.994802	-7.254866
4096.285000	-7.201632	-7.267767	-7.199901	-7.129161	-7.167300	-7.185004	-7.237972	-7.216642	-7.224549	-7.190902	-7.207630	-7.137921	-7.227743	-7.206076	-14.994863	-7.254879
4116.345000	-7.201636	-7.267699	-7.199910	-7.129116	-7.167308	-7.185049	-7.237994	-7.216615	-7.224481	-7.190855	-7.207652	-7.137957	-7.227779	-7.206039	-14.994859	-7.254881
4136.406000	-7.201601	-7.267737	-7.199874	-7.129109	-7.167287	-7.185014	-7.237976	-7.216646	-7.224471	-7.190864	-7.207642	-7.137927	-7.227730	-7.206081	-14.994889	-7.254863
4156.435000	-7.201657	-7.267745	-7.199877	-7.129158	-7.167306	-7.184981	-7.237978	-7.216648	-7.224472	-7.190853	-7.207637	-7.137953	-7.227756	-7.206013	-14.994870	-7.254889
4176.485000	-7.201641	-7.267750	-7.199892	-7.129118	-7.167289	-7.184999	-7.237975	-7.216622	-7.224464	-7.190869	-7.207638	-7.137946	-7.227770	-7.206035	-14.994867	-7.254869
4196.545000	-7.201635	-7.267753	-7.199876	-7.129097	-7.167300	-7.184956	-7.237979	-7.216584	-7.224483	-7.190851	-7.207660	-7.137955	-7.227761	-7.206031	-14.994804	-7.254860
4216.535000	-7.201623	-7.267747	-7.199864	-7.129118	-7.167276	-7.185010	-7.237962	-7.216622	-7.224480	-7.190860	-7.207638	-7.137955	-7.227738	-7.206063	-14.994851	-7.254883
4236.595000	-7.201612	-7.267743	-7.199870	-7.129132	-7.167302	-7.185011	-7.238010	-7.216645	-7.224472	-7.190882	-7.207666	-7.137996	-7.227769	-7.206064	-14.994858	-7.254849
4256.645000	-7.201618	-7.267739	-7.199909	-7.129115	-7.167290	-7.185007	-7.237977	-7.216617	-7.224461	-7.190871	-7.207647	-7.137968	-7.227752	-7.206051	-14.994807	-7.254822
4276.695000	-7.201696	-7.268207	-7.200050	-7.129373	-7.167235	-7.185405	-7.238068	-7.217026	-7.225022	-7.191032	-7.207891	-7.138365	-7.228110	-7.206482	-14.994685	-7.255202
4296.765000	-7.201784	-7.269122	-7.200508	-7.129356	-7.167179	-7.185585	-7.238788	-7.218182	-7.225927	-7.191219	-7.208376	-7.138393	-7.228834	-7.207193	-14.994677	-7.256366
4316.825000	-7.201939	-7.270561	-7.200958	-7.129233	-7.167224	-7.185839	-7.239960	-7.219318	-7.226700	-7.191506	-7.209049	-7.138436	-7.229722	-7.207965	-14.994734	-7.257486
4336.876000	-7.202185	-7.271657	-7.201253	-7.129121	-7.167300	-7.186026	-7.240865	-7.220079	-7.227151	-7.191844	-7.209484	-7.138581	-7.230311	-7.208506	-14.994698	-7.258172
4356.955000	-7.202406	-7.272347	-7.201405	-7.129057	-7.167327	-7.186147	-7.241453	-7.220526	-7.227374	-7.191974	-7.209808	-7.138579	-7.230823	-7.208861	-14.994685	-7.258582
4377.016000	-7.202490	-7.272751	-7.201519	-7.129084	-7.167356	-7.186193	-7.241861	-7.220787	-7.227494	-7.192134	-7.210047	-7.138588	-7.231155	-7.209134	-14.994698	-7.258980
4397.066000	-7.202622	-7.273014	-7.201609	-7.129040	-7.167364	-7.186276	-7.242094	-7.220975	-7.227661	-7.192213	-7.210202	-7.138713	-7.231366	-7.209292	-14.994638	-7.259155
4417.116000	-7.202645	-7.273208	-7.201652	-7.129075	-7.167343	-7.186271	-7.242392	-7.221082	-7.227699	-7.192287	-7.210345	-7.138676	-7.231500	-7.209436	-14.994721	-7.259302
4437.127000	-7.202707	-7.273397	-7.201697	-7.129069	-7.167359	-7.186297	-7.242470	-7.221178	-7.227860	-7.192343	-7.210384	-7.138697	-7.231551	-7.209579	-14.994683	-7.259393
4457.165000	-7.202822	-7.273473	-7.201730	-7.129115	-7.167452	-7.186311	-7.242591	-7.221260	-7.227896	-7.192475	-7.210526	-7.138725	-7.231713	-7.209510	-14.994683	-7.259467
4477.226000	-7.202836	-7.273568	-7.201686	-7.129133	-7.167421	-7.186265	-7.242671	-7.221320	-7.227964	-7.192515	-7.210557	-7.138707	-7.231779	-7.209635	-14.994680	-7.259616
4497.275000	-7.202768	-7.273639	-7.201743	-7.129078	-7.167484	-7.186239	-7.242743	-7.221358	-7.228003	-7.192494	-7.210652	-7.138780	-7.231896	-7.209707	-14.994685	-7.259647
4517.325000	-7.202830	-7.273743	-7.201736	-7.129084	-7.167434	-7.186288	-7.242777	-7.221478	-7.227994	-7.192497	-7.210703	-7.138739	-7.231963	-7.209740	-14.994683	-7.259610
4537.385000	-7.202862	-7.273818	-7.201787	-7.129124	-7.167456	-7.186280	-7.242875	-7.221506	-7.228033	-7.192552	-7.210684	-7.138782	-7.231978	-7.209747	-14.994707	-7.259766
4557.405000	-7.202917	-7.273845	-7.201805	-7.129085	-7.167439	-7.186250	-7.242938	-7.221551	-7.228078	-7.192528	-7.210721	-7.138766	-7.232040	-7.209756	-14.994676	-7.259791
4577.445000	-7.202888	-7.273887	-7.201821	-7.129109	-7.167519	-7.186318	-7.242920	-7.221523	-7.228120	-7.192499	-7.210766	-7.138771	-7.232091	-7.209802	-14.994702	-7.259798
4597.515000	-7.202955	-7.273903	-7.201839	-7.129100	-7.167536	-7.186346	-7.242988	-7.221548	-7.228135	-7.192581	-7.210791	-7.138801	-7.232150	-7.209836	-14.994671	-7.259828
4617.596000	-7.202947	-7.274032	-7.201853	-7.129091	-7.167473	-7.186370	-7.242993	-7.221579	-7.228152	-7.192581	-7.210813	-7.138771	-7.232181	-7.209900	-14.994685	-7.259917
4637.646000	-7.202880	-7.274045	-7.201894	-7.129118	-7.167429	-7.186372	-7.243039	-7.221630	-7.228126	-7.192564	-7.210823	-7.138779	-7.232201	-7.209922	-14.994692	-7.259964
4657.715000	-7.202885	-7.274011	-7.201895	-7.129133	-7.167496	-7.186391	-7.243110	-7.221605	-7.228206	-7.192554	-7.210861	-7.138810	-7.232156	-7.209906	-14.994653	-7.259972
4677.775000	-7.202890	-7.274091	-7.201945	-7.129142	-7.167475	-7.186364	-7.243114	-7.221590	-7.228185	-7.192602	-7.210838	-7.138743	-7.232154	-7.209985	-14.994646	-7.259967
4697.815000	-7.202873	-7.274094	-7.201960	-7.129159	-7.167533	-7.186364	-7.243108	-7.221602	-7.228188	-7.192664	-7.210909	-7.138771	-7.232172	-7.210045	-14.994713	-7.260026
4717.876000	-7.202878	-7.274151	-7.202026	-7.129156	-7.167598	-7.186332	-7.243144	-7.221644	-7.228256	-7.192618	-7.210860	-7.138731	-7.232250	-7.210012	-14.994669	-7.260067
4737.926000	-7.202915	-7.274119	-7.201965	-7.129190	-7.167565	-7.186381	-7.243150	-7.221629	-7.228208	-7.192624	-7.210891	-7.138745	-7.232254	-7.210043	-14.994681	-7.260098
4757.956000	-7.202911	-7.274162	-7.202014	-7.129190	-7.167573	-7.186389	-7.243188	-7.221623	-7.228221	-7.192668	-7.210925	-7.138741	-7.232294	-7.210040	-14.994662	-7.260104
4778.019000	-7.202918	-7.274124	-7.201981	-7.129148	-7.167560	-7.186340	-7.243193	-7.221601	-7.228272	-7.192665	-7.210891	-7.138753	-7.232347	-7.210045	-14.994640	-7.260141
4798.065000	-7.202943	-7.274149	-7.201968	-7.129164	-7.167591	-7.186378	-7.243199	-7.221679	-7.228283	-7.192647	-7.210946	-7.138734	-7.232366	-7.210047	-14.994677	-7.260128
4818.145000	-7.202956	-7.274148	-7.201942	-7.129167	-7.167618	-7.186405	-7.243261	-7.221629	-7.228232	-7.192677	-7.210930	-7.138671	-7.232371	-7.210071	-14.994658	-7.260215
4838.205000	-7.202939	-7.274148	-7.202001	-7.129153	-7.167600	-7.186389	-7.243260	-7.221645	-7.228268	-7.192689	-7.210930	-7.138771	-7.232372	-7.210049	-14.994602	-7.260186
4858.275000	-7.202913	-7.274146	-7.202018	-7.129080	-7.167572	-7.186404	-7.243287	-7.221674	-7.228291	-7.192660	-7.210935	-7.138769	-7.232357	-7.210096	-14.994637	-7.260236
4878.325000	-7.202928	-7.274234	-7.202029	-7.129195	-7.167558	-7.186382	-7.243261	-7.221701	-7.228267	-7.192687	-7.210936	-7.138799	-7.232471	-7.210125	-14.994705	-7.260229
4898.362000	-7.202919	-7.274221	-7.202022	-7.129136	-7.167589	-7.186424	-7.243277	-7.221724	-7.228311	-7.192614	-7.210971	-7.138764	-7.232444	-7.210168	-14.994700	-7.260276
4918.425000	-7.202945	-7.274188	-7.202046	-7.129163	-7.167587	-7.186396	-7.243315	-7.221728	-7.228292	-7.192668	-7.210939	-7.138802	-7.232520	-7.210191	-14.994700	-7.260188
4938.485000	-7.202880	-7.274195	-7.202006	-7.129114	-7.167608	-7.186421	-7.243349	-7.221725	-7.228326	-7.192713	-7.211008	-7.138805	-7.232427	-7.210193	-14.994623	-7.260265
4958.555000	-7.202927	-7.274209	-7.202055	-7.129158	-7.167593	-7.186431	-7.243322	-7.221752	-7.228342	-7.192739	-7.210943	-7.138781	-7.232492	-7.210231	-14.994631	-7.260276
4978.595000	-7.202921	-7.274221	-7.202032	-7.129170	-7.167609	-7.186427	-7.243345	-7.221774	-7.228355	-7.192767	-7.210948	-7.138811	-7.232483	-7.210213	-14.994657	-7.260253
4998.646000	-7.202898	-7.274227	-7.202047	-7.129119	-7.167633	-7.186416	-7.243342	-7.221758	-7.228381	-7.192727	-7.210932	-7.138870	-7.232540	-7.210192	-14.994687	-7.260252
5018.685000	-7.202926	-7.274239	-7.202117	-7.129130	-7.167634	-7.186416	-7.243332	-7.221764	-7.228321	-7.192723	-7.210934	-7.138822	-7.232517	-7.210223	-14.994697	-7.260275
5038.725000	-7.202922	-7.274267	-7.202085	-7.129150	-7.167618	-7.186448	-7.243418	-7.221798	-7.228330	-7.192711	-7.210932	-7.138843	-7.232525	-7.210190	-14.994646	-7.260315
5058.785000	-7.202978	-7.274297	-7.202137	-7.129105	-7.167591	-7.186427	-7.243369	-7.221774	-7.228345	-7.192704	-7.210969	-7.138821	-7.232542	-7.210224	-14.994686	-7.260307
5078.827000	-7.202994	-7.274297	-7.202122	-7.129123	-7.167630	-7.186451	-7.243355	-7.221823	-7.228346	-7.192726	-7.210931	-7.138794	-7.232577	-7.210210	-14.994636	-7.260275
5098.865000	-7.203032	-7.274280	-7.202123	-7.129160	-7.167624	-7.186439	-7.243325	-7.221782	-7.228349	-7.192725	-7.210959	-7.138884	-7.232618	-7.210226	-14.994658	-7.260323
5118.935000	-7.202997	-7.274284	-7.202113	-7.129203	-7.167662	-7.186420	-7.243360	-7.221799	-7.228347	-7.192769	-7.210974	-7.138854	-7.232540	-7.210226	-14.994653	-7.260366
5138.965000	-7.202972	-7.274342	-7.202098	-7.129173	-7.167652	-7.186400	-7.243369	-7.221779	-7.228377	-7.192729	-7.210955	-7.138862	-7.232567	-7.210195	-14.994623	-7.260367
5159.035000	-7.203011	-7.274315	-7.202102	-7.129137	-7.167568	-7.186399	-7.243360	-7.221823	-7.228373	-7.192735	-7.210972	-7.138882	-7.232602	-7.210266	-14.994668	-7.260376
5179.097000	-7.203031	-7.274355	-7.202118	-7.129219	-7.167630	-7.186382	-7.243326	-7.221804	-7.228338	-7.192699	-7.211028	-7.138837	-7.232608	-7.210237	-14.994664	-7.260375
5199.145000	-7.203006	-7.274345	-7.202061	-7.129251	-7.167586	-7.186398	-7.243366	-7.221766	-7.228375	-7.192725	-7.211008	-7.138823	-7.232606	-7.210264	-14.994682	-7.260385
5219.165000	-7.203050	-7.274365	-7.202112	-7.129226	-7.167583	-7.186424	-7.243349	-7.221814	-7.228345	-7.192692	-7.211034	-7.138845	-7.232590	-7.210255	-14.994670	-7.260437
5239.255000	-7.203040	-7.274338	-7.202100	-7.129240	-7.167610	-7.186403	-7.243381	-7.221815	-7.228306	-7.192694	-7.210979	-7.138795	-7.232616	-7.210252	-14.994653	-7.260382
5259.275000	-7.203011	-7.274402	-7.202101	-7.129224	-7.167600	-7.186403	-7.243375	-7.221804	-7.228355	-7.192715	-7.210996	-7.138807	-7.232613	-7.210213	-14.994633	-7.260376
5279.315000	-7.203048	-7.274393	-7.202077	-7.129246	-7.167628	-7.186373	-7.243372	-7.221796	-7.228436	-7.192722	-7.210951	-7.138873	-7.232605	-7.210250	-14.994658	-7.260401
5299.365000	-7.203032	-7.274389	-7.202147	-7.129247	-7.167598	-7.186339	-7.243344	-7.221853	-7.228338	-7.192709	-7.210946	-7.138803	-7.232642	-7.210256	-14.994626	-7.260419
5319.406000	-7.203037	-7.274377	-7.202107	-7.129217	-7.167616	-7.186387	-7.243350	-7.221882	-7.228370	-7.192672	-7.210930	-7.138804	-7.232641	-7.210288	-14.994659	-7.260465
5339.455000	-7.203090	-7.274385	-7.202123	-7.129249	-7.167585	-7.186366	-7.243376	-7.221872	-7.228391	-7.192664	-7.211015	-7.138806	-7.232661	-7.210255	-14.994648	-7.260451
5359.496000	-7.203042	-7.274402	-7.202109	-7.129235	-7.167580	-7.186355	-7.243403	-7.221860	-7.228334	-7.192723	-7.210972	-7.138853	-7.232629	-7.210279	-14.994683	-7.260380
5379.586000	-7.203070	-7.274444	-7.202119	-7.129203	-7.167578	-7.186366	-7.243396	-7.221857	-7.228387	-7.192686	-7.211002	-7.138845	-7.232643	-7.210321	-14.994684	-7.260399
5399.695000	-7.203066	-7.274412	-7.202084	-7.129184	-7.167608	-7.186382	-7.243421	-7.221860	-7.228380	-7.192666	-7.210963	-7.138847	-7.232709	-7.210296	-14.994689	-7.260431
5419.726000	-7.203060	-7.274418	-7.202088	-7.129200	-7.167632	-7.186413	-7.243427	-7.221869	-7.228331	-7.192691	-7.210988	-7.138762	-7.232687	-7.210333	-14.994657	-7.260430
5439.725000	-7.203050	-7.274441	-7.202097	-7.129217	-7.167589	-7.186440	-7.243427	-7.221885	-7.228363	-7.192713	-7.211017	-7.138840	-7.232663	-7.210304	-14.994701	-7.260452
5459.805000	-7.203064	-7.274423	-7.202058	-7.129196	-7.167668	-7.186432	-7.243382	-7.221898	-7.228365	-7.192715	-7.211003	-7.138838	-7.232671	-7.210324	-14.994639	-7.260438
5479.879000	-7.203053	-7.274334	-7.201969	-7.129281	-7.167586	-7.186260	-7.243201	-7.221662	-7.227909	-7.192549	-7.210743	-7.138843	-7.232150	-7.209755	-14.994693	-7.259540
5499.935000	-7.202294	-7.271156	-7.200632	-7.129593	-7.167264	-7.185524	-7.240774	-7.219163	-7.225462	-7.191484	-7.209087	-7.138633	-7.229757	-7.207643	-14.994769	-7.256487
5519.985000	-7.201862	-7.268681	-7.200115	-7.129796	-7.167255	-7.185229	-7.238834	-7.217252	-7.224788	-7.190931	-7.208003	-7.138546	-7.228430	-7.206573	-14.994800	-7.255186
5540.055000	-7.201748	-7.268324	-7.200036	-7.129648	-7.167289	-7.185156	-7.238163	-7.217019	-7.224754	-7.190837	-7.207897	-7.138403	-7.228243	-7.206418	-14.994789	-7.255115
5560.146000	-7.201761	-7.268206	-7.200011	-7.129568	-7.167311	-7.185111	-7.238058	-7.216955	-7.224732	-7.190842	-7.207870	-7.138252	-7.228170	-7.206356	-14.994811	-7.255098
5580.205000	-7.201761	-7.268115	-7.200006	-7.129483	-7.167365	-7.185095	-7.238095	-7.216917	-7.224686	-7.190902	-7.207924	-7.138248	-7.228091	-7.206347	-14.994784	-7.255076
5600.265000	-7.201760	-7.268028	-7.200012	-7.129459	-7.167363	-7.185082	-7.238087	-7.216901	-7.224660	-7.190888	-7.207917	-7.138178	-7.228032	-7.206371	-14.994831	-7.255095
5620.325000	-7.201765	-7.268002	-7.200006	-7.129445	-7.167318	-7.185083	-7.238064	-7.216881	-7.224681	-7.190867	-7.207939	-7.138176	-7.228015	-7.206340	-14.994814	-7.255047
5640.385000	-7.201733	-7.267981	-7.200031	-7.129418	-7.167339	-7.185076	-7.238087	-7.216897	-7.224676	-7.190860	-7.207958	-7.138168	-7.228043	-7.206306	-14.994805	-7.255082
5660.445000	-7.201712	-7.267974	-7.200011	-7.129399	-7.167300	-7.185022	-7.238046	-7.216904	-7.224638	-7.190856	-7.207884	-7.138145	-7.228026	-7.206328	-14.994837	-7.255077
5680.495000	-7.201730	-7.267944	-7.200034	-7.129385	-7.167334	-7.185008	-7.238102	-7.216874	-7.224629	-7.190850	-7.207887	-7.138148	-7.228031	-7.206340	-14.994822	-7.255077
5700.545000	-7.201713	-7.267932	-7.200038	-7.129410	-7.167329	-7.185022	-7.238118	-7.216870	-7.224651	-7.190872	-7.207904	-7.138096	-7.228059	-7.206345	-14.994790	-7.255079
5720.615000	-7.201692	-7.267934	-7.200000	-7.129342	-7.167363	-7.185029	-7.238081	-7.216861	-7.224633	-7.190833	-7.207900	-7.138111	-7.228036	-7.206353	-14.994785	-7.255088
5740.675000	-7.201708	-7.267936	-7.199994	-7.129331	-7.167329	-7.185001	-7.238035	-7.216832	-7.224616	-7.190828	-7.207899	-7.138103	-7.228047	-7.206323	-14.994833	-7.255072
5760.755000	-7.201699	-7.267946	-7.200007	-7.129353	-7.167333	-7.185017	-7.238032	-7.216864	-7.224605	-7.190811	-7.207879	-7.138100	-7.228021	-7.206363	-14.994837	-7.255075
5780.815000	-7.201713	-7.267963	-7.200010	-7.129362	-7.167340	-7.185049	-7.238049	-7.216851	-7.224620	-7.190816	-7.207855	-7.138122	-7.228000	-7.206344	-14.994801	-7.255030
5800.875000	-7.201706	-7.267919	-7.200019	-7.129348	-7.167329	-7.185013	-7.238041	-7.216868	-7.224635	-7.190820	-7.207887	-7.138108	-7.227996	-7.206359	-14.994791	-7.255016
5820.905000	-7.201717	-7.267903	-7.200023	-7.129366	-7.167342	-7.184988	-7.238035	-7.216852	-7.224613	-7.190828	-7.207892	-7.138110	-7.227956	-7.206372	-14.994848	-7.255051
5840.975000	-7.201708	-7.267961	-7.199982	-7.129341	-7.167347	-7.185036	-7.238047	-7.216836	-7.224614	-7.190850	-7.207894	-7.138120	-7.228032	-7.206353	-14.994747	-7.255040
5861.036000	-7.201667	-7.267917	-7.200000	-7.129336	-7.167359	-7.184953	-7.238069	-7.216839	-7.224626	-7.190829	-7.207889	-7.138074	-7.228015	-7.206322	-14.994812	-7.255035
5881.095000	-7.201669	-7.267863	-7.200041	-7.129354	-7.167318	-7.184944	-7.238055	-7.216847	-7.224628	-7.190839	-7.207892	-7.138113	-7.227998	-7.206364	-14.994845	-7.254997
5901.145000	-7.201681	-7.267911	-7.199994	-7.129321	-7.167354	-7.185003	-7.238048	-7.216826	-7.224613	-7.190840	-7.207890	-7.138113	-7.227973	-7.206335	-14.994809	-7.255030
5921.207000	-7.201686	-7.267886	-7.199995	-7.129326	-7.167333	-7.184963	-7.238089	-7.216801	-7.224599	-7.190818	-7.207834	-7.138088	-7.227969	-7.206337	-14.994860	-7.255009
5941.269000	-7.201655	-7.267867	-7.199988	-7.129338	-7.167370	-7.184996	-7.238070	-7.216819	-7.224639	-7.190868	-7.207871	-7.138048	-7.228020	-7.206354	-14.994828	-7.255030
5961.350000	-7.201656	-7.267843	-7.199971	-7.129330	-7.167310	-7.184985	-7.238087	-7.216845	-7.224632	-7.190829	-7.207842	-7.138051	-7.227989	-7.206315	-14.994814	-7.254995
5981.405000	-7.201657	-7.267853	-7.200003	-7.129306	-7.167308	-7.184971	-7.238090	-7.216804	-7.224611	-7.190823	-7.207901	-7.138031	-7.227968	-7.206299	-14.994797	-7.255013
6001.475000	-7.201666	-7.267833	-7.199988	-7.129338	-7.167362	-7.184982	-7.238071	-7.216845	-7.224595	-7.190791	-7.207874	-7.138041	-7.227982	-7.206322	-14.994811	-7.255030
6021.555000	-7.201663	-7.267863	-7.199995	-7.129331	-7.167345	-7.184969	-7.238071	-7.216828	-7.224612	-7.190839	-7.207877	-7.138052	-7.227967	-7.206289	-14.994805	-7.255047
6041.575000	-7.201678	-7.267842	-7.199974	-7.129315	-7.167314	-7.184974	-7.238064	-7.216811	-7.224616	-7.190836	-7.207862	-7.138075	-7.227966	-7.206332	-14.994785	-7.255020
6061.647000	-7.201642	-7.267855	-7.199983	-7.129341	-7.167347	-7.184994	-7.238056	-7.216861	-7.224632	-7.190832	-7.207867	-7.138083	-7.227986	-7.206301	-14.994831	-7.255029
6081.715000	-7.201608	-7.267866	-7.199980	-7.129313	-7.167356	-7.185010	-7.238070	-7.216865	-7.224630	-7.190834	-7.207849	-7.138062	-7.227995	-7.206341	-14.994883	-7.255046
6101.766000	-7.201628	-7.267875	-7.199988	-7.129347	-7.167348	-7.185013	-7.238052	-7.216832	-7.224622	-7.190851	-7.207852	-7.138067	-7.227983	-7.206336	-14.994830	-7.255020
	-7.201650															
