4.906000	-7.244099	-7.259006	-7.256720	-7.245069	-7.265590	-7.231328	-7.204746	-7.192098	-7.226659	-7.226799	-7.251663	NaN	-7.174315	-7.220551	-14.995289	-7.221091
14.966000	-7.244429	-7.258994	-7.256478	-7.244665	-7.265777	-7.231035	-7.204650	-7.191929	-7.226512	-7.226648	-7.252205	-14.981798	-7.174119	-7.220418	-14.995287	-7.220822
25.017000	-7.244433	-7.259715	-7.256322	-7.244620	-7.265674	-7.231139	-7.204591	-7.191958	-7.226361	-7.226534	-7.252122	-14.981853	-7.173918	-7.219581	-14.995271	-7.220757
35.068000	-7.245088	-7.259894	-7.256261	-7.244575	-7.265786	-7.230841	-7.204610	-7.191934	-7.226325	-7.226336	-7.252025	-14.981852	-7.173860	-7.220727	-14.995250	-7.220676
45.116000	-7.244592	-7.259327	-7.256234	-7.244579	-7.265894	-7.230767	-7.204644	-7.192044	-7.226317	-7.226805	-7.252592	-14.981807	-7.174564	-7.221180	-14.995277	-7.220629
55.166000	-7.244569	-7.259326	-7.256255	-7.244616	-7.265987	-7.230787	-7.204657	-7.192136	-7.226079	-7.227043	-7.252800	-14.981826	-7.173850	-7.222506	-14.995236	-7.221734
65.246000	-7.244782	-7.259329	-7.256297	-7.244628	-7.266270	-7.231192	-7.204664	-7.192189	-7.226527	-7.226528	-7.252797	-14.981810	-7.173949	-7.221268	-14.995299	-7.221713
75.286000	-7.244983	-7.259360	-7.256265	-7.244713	-7.266266	-7.231142	-7.204658	-7.192319	-7.226582	-7.225774	-7.252686	-14.981809	-7.174684	-7.221321	-14.995191	-7.221122
85.316000	-7.245486	-7.259511	-7.256315	-7.244707	-7.266313	-7.231015	-7.204740	-7.192346	-7.226380	-7.225992	-7.252955	-14.981837	-7.174783	-7.221434	-14.995278	-7.221788
95.366000	-7.244912	-7.259471	-7.256240	-7.244704	-7.266280	-7.230895	-7.204716	-7.192417	-7.226344	-7.225537	-7.253182	-14.981849	-7.174142	-7.221478	-14.995255	-7.220984
105.377000	-7.244911	-7.259601	-7.256215	-7.244799	-7.266318	-7.230832	-7.204774	-7.192489	-7.226019	-7.225682	-7.253145	-14.981828	-7.173845	-7.221527	-14.995225	-7.221762
115.422000	-7.244945	-7.259502	-7.256212	-7.244832	-7.266422	-7.230804	-7.204760	-7.192467	-7.226181	-7.225931	-7.253215	-14.981794	-7.173886	-7.221576	-14.995290	-7.221899
125.469000	-7.245361	-7.259755	-7.256330	-7.244847	-7.266392	-7.231056	-7.204663	-7.192342	-7.225816	-7.225884	-7.253109	-14.981844	-7.174510	-7.221571	-14.995231	-7.221389
135.513000	-7.244937	-7.259878	-7.256333	-7.244757	-7.266378	-7.231089	-7.204575	-7.192146	-7.226245	-7.225715	-7.252805	-14.981834	-7.174535	-7.221441	-14.995232	-7.221294
145.537000	-7.244071	-7.257803	-7.256284	-7.244752	-7.265161	-7.230969	-7.204913	-7.190821	-7.226084	-7.229608	-7.251191	-14.981842	-7.173503	-7.216032	-14.995259	-7.221828
155.580000	-7.244065	-7.257351	-7.256167	-7.244740	-7.265017	-7.230957	-7.204853	-7.191018	-7.226092	-7.229619	-7.250836	-14.981844	-7.173489	-7.215838	-14.995208	-7.221576
165.637000	-7.244052	-7.257499	-7.256238	-7.244840	-7.265001	-7.231086	-7.204864	-7.191109	-7.226229	-7.229718	-7.250918	-14.981813	-7.173445	-7.215926	-14.995259	-7.221053
175.657000	-7.244076	-7.257398	-7.256275	-7.244931	-7.264822	-7.230977	-7.204910	-7.191152	-7.226140	-7.229750	-7.250648	-14.981802	-7.173427	-7.215919	-14.995259	-7.220868
185.669000	-7.244064	-7.257313	-7.256264	-7.244859	-7.264716	-7.230995	-7.204890	-7.191190	-7.226119	-7.229764	-7.250628	-14.981776	-7.173482	-7.215881	-14.995263	-7.220755
195.727000	-7.244073	-7.257260	-7.256288	-7.244857	-7.264700	-7.231008	-7.204920	-7.191272	-7.226358	-7.229830	-7.250546	-14.981793	-7.173463	-7.216958	-14.995259	-7.220803
205.739000	-7.244094	-7.258862	-7.256909	-7.246011	-7.266031	-7.231886	-7.204967	-7.191819	-7.226163	-7.229724	-7.252387	-14.981801	-7.173412	-7.217228	-14.995209	-7.220143
215.797000	-7.244062	-7.257760	-7.257102	-7.245443	-7.265319	-7.231483	-7.204916	-7.191595	-7.226303	-7.229718	-7.250608	-14.981810	-7.173463	-7.216138	-14.995218	-7.220794
225.866000	-7.244234	-7.258945	-7.256518	-7.244844	-7.265893	-7.230862	-7.204595	-7.192124	-7.226270	-7.225538	-7.252200	-14.981759	-7.174161	-7.217812	-14.995234	-7.220708
235.887000	-7.244323	-7.259129	-7.256344	-7.244766	-7.265824	-7.230776	-7.204634	-7.192409	-7.226364	-7.225483	-7.252604	-14.981810	-7.174175	-7.221607	-14.995226	-7.220596
245.926000	-7.244376	-7.259384	-7.256279	-7.244873	-7.265949	-7.230801	-7.204665	-7.192540	-7.226496	-7.225264	-7.252899	-14.981820	-7.173803	-7.221623	-14.995203	-7.220549
255.957000	-7.244333	-7.259210	-7.256231	-7.244862	-7.265964	-7.230711	-7.204667	-7.192504	-7.226296	-7.225375	-7.252986	-14.981796	-7.173746	-7.221556	-14.995206	-7.220630
265.996000	-7.244447	-7.259537	-7.256182	-7.244858	-7.266345	-7.230878	-7.204608	-7.192337	-7.226587	-7.225719	-7.252960	-14.981861	-7.173711	-7.221583	-14.995234	-7.220754
276.036000	-7.244540	-7.259201	-7.256202	-7.244823	-7.266165	-7.230754	-7.204496	-7.192122	-7.225802	-7.225973	-7.252913	-14.981811	-7.173913	-7.221469	-14.995269	-7.221436
286.057000	-7.245213	-7.263276	-7.256331	-7.244820	-7.266262	-7.230971	-7.204482	-7.191900	-7.225917	-7.225737	-7.252936	-14.981826	-7.173916	-7.217775	-14.995178	-7.220963
296.097000	-7.244663	-7.263286	-7.256227	-7.244791	-7.266387	-7.230889	-7.204447	-7.191771	-7.226403	-7.225341	-7.252872	-14.981844	-7.173654	-7.218036	-14.995234	-7.220797
306.120000	-7.244661	-7.260983	-7.256272	-7.244848	-7.266235	-7.230972	-7.204441	-7.191707	-7.225723	-7.225440	-7.252641	-14.981781	-7.173679	-7.219585	-14.995252	-7.221045
316.178000	-7.244716	-7.260180	-7.256249	-7.244798	-7.266159	-7.230963	-7.204423	-7.191663	-7.226012	-7.225323	-7.252573	-14.981812	-7.173641	-7.219536	-14.995263	-7.221654
326.227000	-7.244873	-7.259349	-7.256209	-7.244802	-7.266339	-7.230888	-7.204497	-7.191668	-7.225606	-7.225315	-7.252791	-14.981845	-7.173748	-7.220745	-14.995251	-7.221201
336.257000	-7.244785	-7.259368	-7.256250	-7.244818	-7.266349	-7.230825	-7.204453	-7.191598	-7.225917	-7.225473	-7.252824	-14.981820	-7.173725	-7.220713	-14.995240	-7.221004
346.287000	-7.244764	-7.259369	-7.256174	-7.244797	-7.266301	-7.230787	-7.204496	-7.191622	-7.225985	-7.225453	-7.252798	-14.981776	-7.173733	-7.220312	-14.995275	-7.221669
356.341000	-7.244791	-7.259609	-7.256632	-7.244871	-7.266245	-7.231099	-7.204477	-7.191652	-7.226126	-7.225204	-7.252715	-14.981823	-7.173967	-7.220112	-14.995251	-7.221167
366.397000	-7.244420	-7.259740	-7.256357	-7.244873	-7.266337	-7.231207	-7.204474	-7.191615	-7.226300	-7.225312	-7.252702	-14.981813	-7.173766	-7.220028	-14.995275	-7.221187
376.428000	-7.244530	-7.259895	-7.256291	-7.244848	-7.266248	-7.231228	-7.204470	-7.191592	-7.225914	-7.225443	-7.252654	-14.981782	-7.174013	-7.219823	-14.995248	-7.221805
386.456000	-7.244621	-7.260050	-7.256637	-7.244837	-7.266278	-7.230946	-7.204493	-7.191631	-7.226142	-7.225626	-7.252608	-14.981860	-7.173722	-7.219571	-14.995236	-7.220958
396.507000	-7.244599	-7.260232	-7.256451	-7.244877	-7.266302	-7.230998	-7.204481	-7.191670	-7.226121	-7.224859	-7.252495	-14.981863	-7.173828	-7.219377	-14.995217	-7.221038
406.557000	-7.244477	-7.260379	-7.256321	-7.244846	-7.266142	-7.230819	-7.204534	-7.191732	-7.225821	-7.225268	-7.252462	-14.981779	-7.174218	-7.219319	-14.995256	-7.221456
416.616000	-7.244309	-7.260462	-7.256275	-7.244870	-7.266142	-7.230815	-7.204527	-7.191749	-7.225993	-7.225245	-7.252334	-14.981858	-7.173840	-7.219288	-14.995292	-7.221732
426.656000	-7.244490	-7.260519	-7.256279	-7.244884	-7.266147	-7.230789	-7.204542	-7.191749	-7.226048	-7.225237	-7.252404	-14.981832	-7.173631	-7.219559	-14.995315	-7.221306
436.697000	-7.244588	-7.260487	-7.256367	-7.244955	-7.266157	-7.230900	-7.204511	-7.191754	-7.226147	-7.225183	-7.252397	-14.981838	-7.173715	-7.219428	-14.995228	-7.221152
446.740000	-7.244645	-7.260012	-7.256302	-7.244863	-7.266171	-7.230858	-7.204547	-7.191767	-7.226132	-7.225181	-7.252358	-14.981817	-7.174271	-7.219560	-14.995250	-7.220865
456.777000	-7.244422	-7.260087	-7.256255	-7.244858	-7.266139	-7.230791	-7.204487	-7.191712	-7.226150	-7.225843	-7.252365	-14.981851	-7.173713	-7.219035	-14.995246	-7.220770
466.827000	-7.244292	-7.259754	-7.256260	-7.244916	-7.266198	-7.230746	-7.204535	-7.191738	-7.226156	-7.225464	-7.252315	-14.981809	-7.174453	-7.219842	-14.995274	-7.221995
476.848000	-7.244525	-7.259527	-7.256367	-7.244922	-7.266133	-7.231267	-7.204515	-7.191760	-7.225956	-7.225184	-7.252300	-14.981810	-7.173868	-7.220118	-14.995265	-7.221985
486.906000	-7.244687	-7.259261	-7.256524	-7.244996	-7.266048	-7.230992	-7.204537	-7.191824	-7.226092	-7.225237	-7.252459	-14.981833	-7.173780	-7.219881	-14.995243	-7.221316
496.959000	-7.244909	-7.259773	-7.256403	-7.244945	-7.265975	-7.230895	-7.204550	-7.191863	-7.226068	-7.226476	-7.252442	-14.981830	-7.173745	-7.219636	-14.995236	-7.221810
507.016000	-7.244460	-7.259564	-7.256319	-7.244944	-7.266113	-7.230833	-7.204585	-7.191773	-7.226367	-7.226329	-7.252392	-14.981836	-7.173923	-7.219694	-14.995239	-7.221981
517.076000	-7.244684	-7.259879	-7.256667	-7.244957	-7.266106	-7.230979	-7.204580	-7.191797	-7.226532	-7.225583	-7.252452	-14.981830	-7.173869	-7.219390	-14.995265	-7.222031
527.086000	-7.244826	-7.260059	-7.256463	-7.245050	-7.266198	-7.231005	-7.204581	-7.191832	-7.226435	-7.225406	-7.252384	-14.981824	-7.173673	-7.219486	-14.995209	-7.221416
537.107000	-7.244596	-7.260110	-7.256365	-7.244928	-7.265930	-7.230950	-7.204542	-7.191844	-7.226298	-7.225422	-7.252379	-14.981834	-7.173665	-7.219269	-14.995291	-7.222162
547.156000	-7.244750	-7.260124	-7.256381	-7.244951	-7.266061	-7.230994	-7.204619	-7.191809	-7.225810	-7.225498	-7.252279	-14.981835	-7.173739	-7.219357	-14.995250	-7.220974
557.186000	-7.244793	-7.260261	-7.256424	-7.244963	-7.266059	-7.231284	-7.204892	-7.191807	-7.226153	-7.225530	-7.252195	-14.981784	-7.174284	-7.219238	-14.995266	-7.221041
567.216000	-7.245346	-7.260235	-7.256375	-7.244947	-7.266015	-7.230971	-7.204605	-7.191822	-7.226118	-7.226045	-7.252217	-14.981818	-7.174387	-7.219186	-14.995245	-7.221739
577.278000	-7.244792	-7.259992	-7.256372	-7.245075	-7.266119	-7.230943	-7.204303	-7.192484	-7.226001	-7.229518	-7.253102	-14.981818	-7.174280	-7.219316	-14.995247	-7.221638
587.337000	-7.244873	-7.259888	-7.256700	-7.245026	-7.266097	-7.230104	-7.204285	-7.192483	-7.226078	-7.228762	-7.253047	-14.981826	-7.173844	-7.219262	-14.995248	-7.221163
597.367000	-7.244924	-7.260155	-7.256440	-7.244942	-7.266150	-7.230137	-7.204290	-7.192444	-7.226179	-7.229738	-7.252636	-14.981848	-7.174476	-7.219909	-14.995261	-7.221819
607.389000	-7.244991	-7.259355	-7.256366	-7.244945	-7.266259	-7.230148	-7.204289	-7.192461	-7.226173	-7.230783	-7.252465	-14.981848	-7.174265	-7.219739	-14.995246	-7.221862
617.431000	-7.245013	-7.259843	-7.256397	-7.244932	-7.266057	-7.230462	-7.204257	-7.192504	-7.225966	-7.232016	-7.253300	-14.981835	-7.173676	-7.219135	-14.995284	-7.221693
627.500000	-7.244686	-7.259834	-7.256457	-7.244875	-7.266069	-7.230074	-7.204305	-7.192467	-7.226178	-7.230663	-7.252885	-14.981847	-7.173648	-7.218906	-14.995252	-7.221278
637.557000	-7.244732	-7.259927	-7.256713	-7.244910	-7.266057	-7.230117	-7.204337	-7.192413	-7.226369	-7.232480	-7.253151	-14.981865	-7.173766	-7.218925	-14.995237	-7.221251
647.577000	-7.244652	-7.260028	-7.256468	-7.244903	-7.265962	-7.230203	-7.204226	-7.192407	-7.226501	-7.228481	-7.253297	-14.981816	-7.173639	-7.218914	-14.995239	-7.221864
657.577000	-7.244761	-7.260045	-7.256451	-7.244920	-7.266093	-7.230109	-7.204304	-7.192372	-7.226323	-7.229585	-7.253224	-14.981836	-7.173730	-7.218856	-14.995260	-7.221889
667.597000	-7.244884	-7.260061	-7.256465	-7.244896	-7.265987	-7.230131	-7.204257	-7.192381	-7.226054	-7.228619	-7.253366	-14.981848	-7.174148	-7.218757	-14.995235	-7.221911
677.627000	-7.244428	-7.260046	-7.256805	-7.244867	-7.265969	-7.230126	-7.204335	-7.192363	-7.226437	-7.231649	-7.253252	-14.981839	-7.173785	-7.218799	-14.995283	-7.221451
687.676000	-7.244531	-7.260079	-7.256501	-7.244917	-7.266092	-7.230163	-7.204246	-7.192376	-7.226214	-7.230339	-7.253193	-14.981798	-7.173570	-7.218839	-14.995268	-7.221109
697.706000	-7.244479	-7.260143	-7.256477	-7.244926	-7.265960	-7.230067	-7.204266	-7.192363	-7.226232	-7.232214	-7.252940	-14.981823	-7.173586	-7.218845	-14.995228	-7.222068
707.736000	-7.244739	-7.260203	-7.256476	-7.244925	-7.266028	-7.230054	-7.204286	-7.192309	-7.226135	-7.230742	-7.252787	-14.981867	-7.173768	-7.218845	-14.995200	-7.221532
717.766000	-7.244579	-7.260096	-7.256408	-7.244887	-7.266002	-7.230036	-7.204285	-7.192360	-7.225850	-7.230698	-7.252875	-14.981838	-7.173572	-7.218656	-14.995275	-7.221154
727.796000	-7.245161	-7.260147	-7.256428	-7.244950	-7.265995	-7.230067	-7.204345	-7.192395	-7.226086	-7.230574	-7.252892	-14.981863	-7.173601	-7.218879	-14.995244	-7.222027
737.838000	-7.244716	-7.259816	-7.256439	-7.244912	-7.265941	-7.230106	-7.204298	-7.192395	-7.226094	-7.230468	-7.252920	-14.981813	-7.173706	-7.218885	-14.995246	-7.222086
747.906000	-7.245365	-7.259155	-7.256363	-7.244906	-7.266131	-7.229350	-7.203802	-7.191000	-7.226104	-7.225529	-7.251605	-14.981844	-7.173054	-7.222223	-14.995312	-7.221475
757.936000	-7.244192	-7.257980	-7.256566	-7.244958	-7.265180	-7.231061	-7.205026	-7.191001	-7.226070	-7.230079	-7.250919	-14.981772	-7.173359	-7.215957	-14.995238	-7.222120
767.967000	-7.244161	-7.257452	-7.256326	-7.244900	-7.265014	-7.231077	-7.204955	-7.191107	-7.226098	-7.229392	-7.250670	-14.981827	-7.173419	-7.215853	-14.995291	-7.220987
777.990000	-7.244177	-7.257418	-7.256279	-7.244906	-7.264894	-7.231055	-7.204956	-7.191158	-7.226125	-7.229482	-7.251204	-14.981862	-7.173385	-7.216223	-14.995312	-7.220958
788.027000	-7.244147	-7.257297	-7.256206	-7.245513	-7.264943	-7.231416	-7.204834	-7.191676	-7.226104	-7.229476	-7.250899	-14.981905	-7.173175	-7.215921	-14.995318	-7.220857
798.087000	-7.244121	-7.257264	-7.256292	-7.244871	-7.264742	-7.231105	-7.204737	-7.190984	-7.226145	-7.229583	-7.250412	-14.981877	-7.173964	-7.215861	-14.995325	-7.220898
808.106000	-7.244605	-7.257226	-7.256302	-7.244886	-7.264646	-7.230983	-7.204763	-7.191009	-7.226124	-7.229629	-7.250418	-14.981803	-7.173888	-7.215550	-14.995263	-7.220824
818.106000	-7.244474	-7.257195	-7.256318	-7.244851	-7.264643	-7.230987	-7.204756	-7.191041	-7.226139	-7.229648	-7.250386	-14.981878	-7.173931	-7.215735	-14.995255	-7.220799
828.136000	-7.244250	-7.257149	-7.256303	-7.245065	-7.264650	-7.230837	-7.204760	-7.191075	-7.226593	-7.232220	-7.250167	-14.981888	-7.173951	-7.215955	-14.995260	-7.221595
838.126000	-7.242742	-7.257519	-7.256511	-7.245284	-7.264779	-7.230942	-7.204759	-7.190880	-7.226618	-7.232107	-7.250691	-14.981878	-7.174154	-7.215963	-14.995339	-7.222176
848.188000	-7.242985	-7.257492	-7.256707	-7.245689	-7.265265	-7.230915	-7.205004	-7.190924	-7.226391	-7.227617	-7.250922	-14.981811	-7.174136	-7.216248	-14.995242	-7.222221
858.217000	-7.243251	-7.257615	-7.256778	-7.245497	-7.264894	-7.230920	-7.204789	-7.190790	-7.226372	-7.229892	-7.250935	-14.981825	-7.174090	-7.215878	-14.995278	-7.220620
868.257000	-7.244014	-7.257542	-7.256843	-7.245724	-7.265138	-7.230935	-7.204957	-7.190835	-7.226305	-7.226799	-7.250927	-14.981847	-7.173462	-7.216058	-14.995254	-7.221391
878.276000	-7.244051	-7.257780	-7.257136	-7.245904	-7.265522	-7.230930	-7.205217	-7.190874	-7.226657	-7.225975	-7.251389	-14.981862	-7.174095	-7.216276	-14.995296	-7.221958
888.326000	-7.243436	-7.257952	-7.257088	-7.245830	-7.265228	-7.230919	-7.205157	-7.190802	-7.225857	-7.229653	-7.251223	-14.981851	-7.174171	-7.216260	-14.995282	-7.221356
898.386000	-7.243473	-7.257868	-7.256939	-7.245734	-7.265037	-7.230971	-7.204845	-7.190736	-7.226124	-7.229706	-7.251304	-14.981846	-7.173659	-7.216172	-14.995269	-7.220446
908.376000	-7.243618	-7.257703	-7.256848	-7.245700	-7.265050	-7.230967	-7.205263	-7.190879	-7.226378	-7.228917	-7.251360	-14.981827	-7.174186	-7.216415	-14.995261	-7.221418
918.417000	-7.243711	-7.257865	-7.257189	-7.246111	-7.265347	-7.230982	-7.205241	-7.190849	-7.226136	-7.227106	-7.251252	-14.981844	-7.174199	-7.216487	-14.995250	-7.221629
928.436000	-7.244191	-7.257909	-7.257290	-7.246139	-7.265433	-7.230971	-7.205383	-7.190934	-7.225941	-7.230996	-7.251457	-14.981832	-7.174212	-7.216595	-14.995235	-7.221658
938.477000	-7.243786	-7.257852	-7.257142	-7.246066	-7.265382	-7.230987	-7.205101	-7.190773	-7.225954	-7.231262	-7.251412	-14.981822	-7.173644	-7.216348	-14.995270	-7.221050
948.506000	-7.243705	-7.257859	-7.257013	-7.245917	-7.265278	-7.230992	-7.204986	-7.190753	-7.226110	-7.226369	-7.251182	-14.981861	-7.173531	-7.216177	-14.995244	-7.220827
958.556000	-7.244345	-7.257788	-7.257127	-7.245888	-7.265169	-7.230952	-7.204949	-7.190754	-7.226151	-7.230473	-7.251256	-14.981885	-7.173561	-7.216324	-14.995299	-7.221762
968.596000	-7.243833	-7.257811	-7.257086	-7.245835	-7.265173	-7.231003	-7.204968	-7.190788	-7.226435	-7.225821	-7.251153	-14.981847	-7.173727	-7.216282	-14.995273	-7.221747
978.606000	-7.243814	-7.257747	-7.257071	-7.246079	-7.265296	-7.230971	-7.205159	-7.190749	-7.226512	-7.225356	-7.251335	-14.981836	-7.173510	-7.216293	-14.995275	-7.221187
988.656000	-7.244532	-7.257937	-7.256990	-7.246048	-7.265523	-7.230996	-7.205279	-7.190935	-7.225852	-7.225927	-7.251296	-14.981846	-7.173491	-7.216296	-14.995235	-7.221454
998.687000	-7.243903	-7.258118	-7.257245	-7.246314	-7.265823	-7.231011	-7.205501	-7.190971	-7.225810	-7.229701	-7.251488	-14.981854	-7.173707	-7.216468	-14.995282	-7.221378
1008.727000	-7.244554	-7.257999	-7.257224	-7.246038	-7.265444	-7.230980	-7.205264	-7.190893	-7.226345	-7.230780	-7.251570	-14.981907	-7.173603	-7.216580	-14.995305	-7.221316
1018.777000	-7.244604	-7.257953	-7.257213	-7.246314	-7.265649	-7.231006	-7.205218	-7.190859	-7.226452	-7.230224	-7.251614	-14.981798	-7.173703	-7.216537	-14.995275	-7.221379
1028.798000	-7.243917	-7.258109	-7.257160	-7.246188	-7.265425	-7.230984	-7.205181	-7.190826	-7.226572	-7.231215	-7.251674	-14.981888	-7.174314	-7.216616	-14.995297	-7.221498
1038.826000	-7.244007	-7.258221	-7.257311	-7.246174	-7.265496	-7.231001	-7.205161	-7.190846	-7.226315	-7.230266	-7.251349	-14.981810	-7.174382	-7.216389	-14.995289	-7.221887
1048.846000	-7.243999	-7.257915	-7.257116	-7.245976	-7.265270	-7.231020	-7.205025	-7.190817	-7.226283	-7.231314	-7.251417	-14.981853	-7.173690	-7.216343	-14.995310	-7.221183
1058.896000	-7.243923	-7.258131	-7.257515	-7.246403	-7.265913	-7.231007	-7.205417	-7.190960	-7.225819	-7.229698	-7.251514	-14.981893	-7.174371	-7.216626	-14.995290	-7.222013
1068.926000	-7.244046	-7.258184	-7.257360	-7.246106	-7.265494	-7.231023	-7.205240	-7.190860	-7.226066	-7.229807	-7.251283	-14.981847	-7.174400	-7.216600	-14.995313	-7.221491
1078.957000	-7.244721	-7.258115	-7.257219	-7.246227	-7.265736	-7.230946	-7.205312	-7.190917	-7.225639	-7.228917	-7.251373	-14.981876	-7.173816	-7.216765	-14.995287	-7.221623
1088.997000	-7.244022	-7.258336	-7.257426	-7.246391	-7.265849	-7.230984	-7.205445	-7.190886	-7.226189	-7.231552	-7.251464	-14.981846	-7.173786	-7.216520	-14.995278	-7.221376
1099.017000	-7.243998	-7.258238	-7.257309	-7.246122	-7.265514	-7.230972	-7.205275	-7.190851	-7.225840	-7.231808	-7.251402	-14.981874	-7.173697	-7.216504	-14.995268	-7.221335
1109.056000	-7.243985	-7.258010	-7.257230	-7.245986	-7.265283	-7.231012	-7.205086	-7.190807	-7.226030	-7.230584	-7.251246	-14.981872	-7.174358	-7.216352	-14.995267	-7.221715
1119.078000	-7.244041	-7.257917	-7.257221	-7.246107	-7.265482	-7.230991	-7.205026	-7.190905	-7.226288	-7.228870	-7.251453	-14.981840	-7.173920	-7.216635	-14.995254	-7.222034
1129.109000	-7.244754	-7.258357	-7.257361	-7.246309	-7.265674	-7.230999	-7.205314	-7.190844	-7.226116	-7.227660	-7.251479	-14.981864	-7.173750	-7.216440	-14.995252	-7.221551
1139.149000	-7.244071	-7.258002	-7.257173	-7.246021	-7.265340	-7.231008	-7.205153	-7.190838	-7.226177	-7.229259	-7.251308	-14.981814	-7.174404	-7.216431	-14.995277	-7.222058
1149.159000	-7.244723	-7.258096	-7.257300	-7.246125	-7.265503	-7.230962	-7.205289	-7.190986	-7.225801	-7.231417	-7.251518	-14.981833	-7.173815	-7.216455	-14.995290	-7.221528
1159.238000	-7.244123	-7.258397	-7.257538	-7.246438	-7.265884	-7.230936	-7.205394	-7.190920	-7.226125	-7.229074	-7.251416	-14.981832	-7.173771	-7.216707	-14.995277	-7.221749
1169.256000	-7.244227	-7.258214	-7.257396	-7.246181	-7.265601	-7.231002	-7.205207	-7.190902	-7.226147	-7.230647	-7.251340	-14.981834	-7.173641	-7.216442	-14.995216	-7.221774
1179.276000	-7.244102	-7.257977	-7.257200	-7.246010	-7.265365	-7.231028	-7.205089	-7.190789	-7.226165	-7.229800	-7.251259	-14.981865	-7.174279	-7.216269	-14.995257	-7.221981
1189.287000	-7.244146	-7.257932	-7.257143	-7.245975	-7.265291	-7.230963	-7.205038	-7.190787	-7.226214	-7.229642	-7.251170	-14.981869	-7.174390	-7.216421	-14.995273	-7.220491
1199.326000	-7.244098	-7.258177	-7.257205	-7.246072	-7.265619	-7.230980	-7.205254	-7.190813	-7.226560	-7.231397	-7.251505	-14.981825	-7.174416	-7.216735	-14.995284	-7.220732
1209.396000	-7.244138	-7.258351	-7.257502	-7.246180	-7.265622	-7.230990	-7.205276	-7.190973	-7.226206	-7.229368	-7.251443	-14.981809	-7.174441	-7.216718	-14.995303	-7.221576
1219.446000	-7.244182	-7.258129	-7.257319	-7.246034	-7.265347	-7.230987	-7.205042	-7.190854	-7.226254	-7.229753	-7.251374	-14.981862	-7.173802	-7.216416	-14.995280	-7.220457
1229.506000	-7.244784	-7.258330	-7.257453	-7.246258	-7.265584	-7.230931	-7.205172	-7.190806	-7.226237	-7.229930	-7.251527	-14.981835	-7.173773	-7.216726	-14.995288	-7.220726
1239.536000	-7.244825	-7.258060	-7.257229	-7.246030	-7.265479	-7.230987	-7.205154	-7.190869	-7.225893	-7.228955	-7.251471	-14.981872	-7.173740	-7.216521	-14.995270	-7.220885
1249.576000	-7.244210	-7.258141	-7.257372	-7.246230	-7.265701	-7.230997	-7.205231	-7.190902	-7.226158	-7.228598	-7.251510	-14.981861	-7.173697	-7.216872	-14.995224	-7.221201
1259.596000	-7.244235	-7.258112	-7.257301	-7.246094	-7.265439	-7.230994	-7.205105	-7.190808	-7.226186	-7.229529	-7.251338	-14.981874	-7.174363	-7.216383	-14.995294	-7.221648
1269.616000	-7.244209	-7.258404	-7.257482	-7.246197	-7.265729	-7.230981	-7.205539	-7.191033	-7.226451	-7.232033	-7.251669	-14.981886	-7.174372	-7.216847	-14.995308	-7.221634
1279.646000	-7.244822	-7.258116	-7.257286	-7.246160	-7.265474	-7.231008	-7.205182	-7.190866	-7.226318	-7.230663	-7.251388	-14.981842	-7.174433	-7.216487	-14.995293	-7.221743
1289.696000	-7.244351	-7.258185	-7.257299	-7.246164	-7.265884	-7.230970	-7.205583	-7.191026	-7.226577	-7.226480	-7.251852	-14.981816	-7.174123	-7.216805	-14.995283	-7.221524
1299.706000	-7.244379	-7.258177	-7.257304	-7.246223	-7.265525	-7.230968	-7.205239	-7.190873	-7.226334	-7.229070	-7.251484	-14.981884	-7.174422	-7.216548	-14.995270	-7.220653
1309.756000	-7.244265	-7.258266	-7.257325	-7.246469	-7.265992	-7.230975	-7.205533	-7.191042	-7.226618	-7.231064	-7.251786	-14.981864	-7.174060	-7.216842	-14.995230	-7.221251
1319.786000	-7.245054	-7.258146	-7.257328	-7.246195	-7.265454	-7.230950	-7.205186	-7.190864	-7.226369	-7.230212	-7.251451	-14.981855	-7.173822	-7.216454	-14.995252	-7.221759
1329.777000	-7.244659	-7.258124	-7.257433	-7.246298	-7.265694	-7.230961	-7.205523	-7.190958	-7.226175	-7.229894	-7.251890	-14.981859	-7.174016	-7.216699	-14.995313	-7.221463
1339.827000	-7.244343	-7.258364	-7.257351	-7.246355	-7.265588	-7.230934	-7.205250	-7.190910	-7.226127	-7.229984	-7.251661	-14.981844	-7.173733	-7.216596	-14.995239	-7.221040
1349.887000	-7.244315	-7.258088	-7.257279	-7.246306	-7.265416	-7.230962	-7.205197	-7.190927	-7.225738	-7.230073	-7.251677	-14.981816	-7.173892	-7.216561	-14.995259	-7.221406
1359.916000	-7.244418	-7.258500	-7.257729	-7.246560	-7.265636	-7.230940	-7.205199	-7.191014	-7.226436	-7.226588	-7.251822	-14.981879	-7.173905	-7.216799	-14.995249	-7.221443
1369.936000	-7.244941	-7.258237	-7.257340	-7.246263	-7.265365	-7.230937	-7.205070	-7.190870	-7.226256	-7.229546	-7.251448	-14.981820	-7.174394	-7.216490	-14.995276	-7.221061
1379.966000	-7.244327	-7.258292	-7.257330	-7.246507	-7.265722	-7.230949	-7.205170	-7.190899	-7.226173	-7.229712	-7.251691	-14.981850	-7.174483	-7.216673	-14.995245	-7.221938
1390.016000	-7.244365	-7.258203	-7.257386	-7.246273	-7.265540	-7.230979	-7.205111	-7.190909	-7.225907	-7.226229	-7.251450	-14.981873	-7.174485	-7.216543	-14.995290	-7.220624
1400.046000	-7.244252	-7.258549	-7.257710	-7.246676	-7.265810	-7.230956	-7.205362	-7.191087	-7.226393	-7.229548	-7.251712	-14.981861	-7.174221	-7.216758	-14.995252	-7.221652
1410.088000	-7.244980	-7.258554	-7.257580	-7.246376	-7.265979	-7.230984	-7.205316	-7.191029	-7.226172	-7.229175	-7.251544	-14.981804	-7.173934	-7.216725	-14.995264	-7.221380
1420.107000	-7.245009	-7.258200	-7.257357	-7.246279	-7.265715	-7.230954	-7.205184	-7.190885	-7.226409	-7.230823	-7.251565	-14.981843	-7.173857	-7.216647	-14.995308	-7.221539
1430.116000	-7.244989	-7.258216	-7.257299	-7.246228	-7.265554	-7.230990	-7.205220	-7.190869	-7.226290	-7.229589	-7.251522	-14.981825	-7.173751	-7.216505	-14.995253	-7.221492
1440.136000	-7.244316	-7.258142	-7.257260	-7.246249	-7.265512	-7.231008	-7.205030	-7.190807	-7.226222	-7.229748	-7.251342	-14.981889	-7.174329	-7.216500	-14.995291	-7.220712
1450.166000	-7.245033	-7.258108	-7.257289	-7.246126	-7.265586	-7.230973	-7.205121	-7.190817	-7.226491	-7.228581	-7.251494	-14.981847	-7.173862	-7.216500	-14.995248	-7.221216
1460.226000	-7.244433	-7.258271	-7.257344	-7.246571	-7.265986	-7.230962	-7.205607	-7.191154	-7.226614	-7.229555	-7.251690	-14.981856	-7.174477	-7.216843	-14.995234	-7.221524
1470.256000	-7.244488	-7.258648	-7.257705	-7.246544	-7.265782	-7.231028	-7.205525	-7.191018	-7.226146	-7.230056	-7.251747	-14.981848	-7.174060	-7.216836	-14.995246	-7.221918
1480.287000	-7.244460	-7.258282	-7.257481	-7.246318	-7.265509	-7.230995	-7.205191	-7.190983	-7.226170	-7.230068	-7.251432	-14.981838	-7.174271	-7.216549	-14.995257	-7.221114
1490.346000	-7.245133	-7.258301	-7.257467	-7.246229	-7.265805	-7.230945	-7.205387	-7.191032	-7.226197	-7.229468	-7.251549	-14.981916	-7.174465	-7.216941	-14.995287	-7.221973
1500.386000	-7.244453	-7.258272	-7.257384	-7.246172	-7.265519	-7.230952	-7.205230	-7.190922	-7.226175	-7.229686	-7.251412	-14.981874	-7.173917	-7.216666	-14.995307	-7.222028
1510.413000	-7.244532	-7.258189	-7.257298	-7.246071	-7.265473	-7.230949	-7.205171	-7.190878	-7.225722	-7.226480	-7.251358	-14.981824	-7.173805	-7.216467	-14.995277	-7.221156
1520.456000	-7.244380	-7.258065	-7.257329	-7.246068	-7.265810	-7.231000	-7.205291	-7.191015	-7.226177	-7.225935	-7.251579	-14.981826	-7.173810	-7.216736	-14.995302	-7.221470
1530.506000	-7.245115	-7.258530	-7.257516	-7.246219	-7.265670	-7.231008	-7.205251	-7.190931	-7.226167	-7.229437	-7.251498	-14.981843	-7.173825	-7.216583	-14.995252	-7.221594
1540.537000	-7.244483	-7.258352	-7.257387	-7.246123	-7.265462	-7.230965	-7.205067	-7.190868	-7.226014	-7.229277	-7.251372	-14.981909	-7.173710	-7.216720	-14.995303	-7.221385
1550.566000	-7.244857	-7.258103	-7.257319	-7.246069	-7.265391	-7.231008	-7.205011	-7.190813	-7.226160	-7.229392	-7.251341	-14.981878	-7.173817	-7.216529	-14.995308	-7.222021
1560.616000	-7.244506	-7.258501	-7.257559	-7.246208	-7.265780	-7.230889	-7.205261	-7.191052	-7.226195	-7.228024	-7.251955	-14.981818	-7.173910	-7.216826	-14.995264	-7.221489
1570.656000	-7.244510	-7.258378	-7.257311	-7.246099	-7.265568	-7.231009	-7.205053	-7.190919	-7.226102	-7.228802	-7.251519	-14.981850	-7.173648	-7.216592	-14.995314	-7.221888
1580.716000	-7.244509	-7.258138	-7.257273	-7.245987	-7.265438	-7.230961	-7.205024	-7.190888	-7.226157	-7.229516	-7.251454	-14.981871	-7.174407	-7.216591	-14.995243	-7.221996
1590.776000	-7.244561	-7.258476	-7.257532	-7.246123	-7.265933	-7.231010	-7.205461	-7.190989	-7.226352	-7.231447	-7.251744	-14.981838	-7.174312	-7.216962	-14.995260	-7.222057
1600.826000	-7.244980	-7.258514	-7.257430	-7.246537	-7.266104	-7.230955	-7.205533	-7.191099	-7.226454	-7.232283	-7.251695	-14.981823	-7.174053	-7.216762	-14.995255	-7.221828
1610.887000	-7.244519	-7.258424	-7.257462	-7.246347	-7.265696	-7.230944	-7.205236	-7.190917	-7.226233	-7.228503	-7.251415	-14.981785	-7.173852	-7.216866	-14.995251	-7.221590
1620.946000	-7.244492	-7.258245	-7.257375	-7.246199	-7.265582	-7.230934	-7.205146	-7.190909	-7.226304	-7.229234	-7.251312	-14.981876	-7.173779	-7.216488	-14.995268	-7.221478
1630.976000	-7.244506	-7.258121	-7.257294	-7.246094	-7.265471	-7.230973	-7.205124	-7.190830	-7.226194	-7.229536	-7.251297	-14.981858	-7.173758	-7.216614	-14.995275	-7.221343
1640.996000	-7.245160	-7.258182	-7.257316	-7.246061	-7.265445	-7.230924	-7.205063	-7.190855	-7.226093	-7.230361	-7.251456	-14.981820	-7.174113	-7.216572	-14.995262	-7.221350
1650.996000	-7.245204	-7.258235	-7.257338	-7.246297	-7.265740	-7.230996	-7.205262	-7.190821	-7.226489	-7.228171	-7.251325	-14.981800	-7.173829	-7.216487	-14.995298	-7.221384
1661.009000	-7.245221	-7.258068	-7.257242	-7.246113	-7.265621	-7.230968	-7.205410	-7.190814	-7.226602	-7.230526	-7.251558	-14.981815	-7.173771	-7.216874	-14.995235	-7.221628
1670.996000	-7.244500	-7.258456	-7.257356	-7.246453	-7.265886	-7.230959	-7.205348	-7.190974	-7.226046	-7.231013	-7.251660	-14.981820	-7.173848	-7.216664	-14.995251	-7.221638
1681.016000	-7.245144	-7.258556	-7.257573	-7.246330	-7.265843	-7.230929	-7.205263	-7.190915	-7.225778	-7.231731	-7.251475	-14.981870	-7.173911	-7.216661	-14.995261	-7.222026
1691.056000	-7.245183	-7.258529	-7.257440	-7.246329	-7.265832	-7.230938	-7.205305	-7.190948	-7.226383	-7.231877	-7.251684	-14.981857	-7.174477	-7.216807	-14.995266	-7.222180
1701.086000	-7.244599	-7.258262	-7.257395	-7.246277	-7.265689	-7.230920	-7.205161	-7.190916	-7.226271	-7.230840	-7.251519	-14.981862	-7.174478	-7.216599	-14.995281	-7.221472
1711.096000	-7.245196	-7.258167	-7.257357	-7.246149	-7.265771	-7.230908	-7.205115	-7.191044	-7.226426	-7.227150	-7.251419	-14.981859	-7.173955	-7.216595	-14.995235	-7.221665
1721.136000	-7.244510	-7.258348	-7.257346	-7.246273	-7.265951	-7.230913	-7.205244	-7.190936	-7.226588	-7.229911	-7.251444	-14.981877	-7.173944	-7.216555	-14.995274	-7.221523
1731.176000	-7.244528	-7.258139	-7.257260	-7.246178	-7.265568	-7.230935	-7.205119	-7.190822	-7.226400	-7.229386	-7.251353	-14.981849	-7.174392	-7.216398	-14.995270	-7.221807
1741.196000	-7.244619	-7.258257	-7.257189	-7.246159	-7.265495	-7.230986	-7.205136	-7.190850	-7.226583	-7.230770	-7.251580	-14.981839	-7.173940	-7.216533	-14.995331	-7.221430
1751.246000	-7.244609	-7.258216	-7.257396	-7.246333	-7.265709	-7.230932	-7.205354	-7.190847	-7.226168	-7.231177	-7.251612	-14.981846	-7.173942	-7.216755	-14.995268	-7.221603
1761.296000	-7.245143	-7.258532	-7.257395	-7.246525	-7.265900	-7.230924	-7.205314	-7.191052	-7.226200	-7.229561	-7.251598	-14.981914	-7.174016	-7.216723	-14.995276	-7.221829
1771.316000	-7.244548	-7.258373	-7.257393	-7.246328	-7.265732	-7.230925	-7.205088	-7.190919	-7.226424	-7.229156	-7.251504	-14.981834	-7.173815	-7.216596	-14.995237	-7.221647
1781.336000	-7.244634	-7.258155	-7.257308	-7.246191	-7.265553	-7.230949	-7.205099	-7.190846	-7.226203	-7.229704	-7.251382	-14.981871	-7.173775	-7.216358	-14.995288	-7.222128
1791.336000	-7.244598	-7.258217	-7.257575	-7.246427	-7.265778	-7.230986	-7.205305	-7.190863	-7.226534	-7.231189	-7.251581	-14.981886	-7.174541	-7.216695	-14.995214	-7.222179
1801.346000	-7.245246	-7.258529	-7.257368	-7.246351	-7.265696	-7.230963	-7.205300	-7.190906	-7.226188	-7.231529	-7.251456	-14.981822	-7.173990	-7.216604	-14.995314	-7.221862
1811.396000	-7.244620	-7.258197	-7.257290	-7.246268	-7.265512	-7.230991	-7.205178	-7.190910	-7.226175	-7.227899	-7.251348	-14.981854	-7.174598	-7.216761	-14.995314	-7.220473
1821.437000	-7.244587	-7.258604	-7.257688	-7.246628	-7.265989	-7.230956	-7.205526	-7.191006	-7.226065	-7.227413	-7.251542	-14.981815	-7.174120	-7.216654	-14.995251	-7.221244
1831.476000	-7.244623	-7.258240	-7.257386	-7.246291	-7.265603	-7.230995	-7.205221	-7.190935	-7.226150	-7.228834	-7.251513	-14.981813	-7.174632	-7.216751	-14.995237	-7.221616
1841.476000	-7.244663	-7.258315	-7.257428	-7.246261	-7.265883	-7.230977	-7.205412	-7.190974	-7.226030	-7.231088	-7.251848	-14.981883	-7.174636	-7.216766	-14.995261	-7.221589
1851.506000	-7.245291	-7.258342	-7.257458	-7.246277	-7.265776	-7.230991	-7.205369	-7.190871	-7.226292	-7.228231	-7.251527	-14.981837	-7.174001	-7.216584	-14.995243	-7.221417
1861.537000	-7.244637	-7.258216	-7.257358	-7.246117	-7.265645	-7.230994	-7.205350	-7.190861	-7.225974	-7.229211	-7.251493	-14.981869	-7.174042	-7.216496	-14.995237	-7.220782
1871.566000	-7.244617	-7.258583	-7.257721	-7.246504	-7.265880	-7.230961	-7.205608	-7.191009	-7.226007	-7.227301	-7.251604	-14.981824	-7.173959	-7.216878	-14.995261	-7.221230
1881.606000	-7.245211	-7.258305	-7.257440	-7.246169	-7.265560	-7.230929	-7.205302	-7.190892	-7.226332	-7.228904	-7.251620	-14.981844	-7.174519	-7.216692	-14.995274	-7.221122
1891.637000	-7.244648	-7.258438	-7.257586	-7.246398	-7.265789	-7.230971	-7.205443	-7.190848	-7.226431	-7.230623	-7.251548	-14.981833	-7.174138	-7.216647	-14.995234	-7.221144
1901.706000	-7.244755	-7.258297	-7.257391	-7.246528	-7.265868	-7.230934	-7.205392	-7.190869	-7.226089	-7.229020	-7.251539	-14.981857	-7.174561	-7.216663	-14.995264	-7.221783
1911.756000	-7.245328	-7.258647	-7.257668	-7.246355	-7.265783	-7.230996	-7.205435	-7.190886	-7.226451	-7.228971	-7.251518	-14.981860	-7.174607	-7.216621	-14.995280	-7.221472
1921.817000	-7.244703	-7.258294	-7.257396	-7.246169	-7.265540	-7.230986	-7.205281	-7.190929	-7.226456	-7.229695	-7.251463	-14.981845	-7.174593	-7.216637	-14.995313	-7.221904
1931.877000	-7.245295	-7.258364	-7.257672	-7.246560	-7.266068	-7.230980	-7.205610	-7.190992	-7.226555	-7.231189	-7.251566	-14.981889	-7.174110	-7.216797	-14.995283	-7.221530
1941.916000	-7.244677	-7.258246	-7.257389	-7.246240	-7.265527	-7.231037	-7.205352	-7.190930	-7.226400	-7.227565	-7.251433	-14.981842	-7.174580	-7.216551	-14.995286	-7.220615
1951.937000	-7.244665	-7.258413	-7.257557	-7.246242	-7.265861	-7.231069	-7.205639	-7.190951	-7.226652	-7.230076	-7.251607	-14.981819	-7.174136	-7.216755	-14.995299	-7.221077
1961.966000	-7.244703	-7.258346	-7.257371	-7.246168	-7.265557	-7.231084	-7.205279	-7.190842	-7.226373	-7.229503	-7.251432	-14.981852	-7.173895	-7.216523	-14.995281	-7.220625
1972.006000	-7.245345	-7.258625	-7.257612	-7.246414	-7.265812	-7.231064	-7.205429	-7.190861	-7.226379	-7.229704	-7.251458	-14.981878	-7.173916	-7.216653	-14.995257	-7.220803
1982.066000	-7.245363	-7.258212	-7.257310	-7.246157	-7.265536	-7.231054	-7.205231	-7.190819	-7.226325	-7.227565	-7.251345	-14.981838	-7.173810	-7.216872	-14.995308	-7.221165
1992.086000	-7.245310	-7.258418	-7.257404	-7.246367	-7.265711	-7.231022	-7.205421	-7.190849	-7.226636	-7.228113	-7.251387	-14.981813	-7.173885	-7.216702	-14.995318	-7.221160
2002.146000	-7.245279	-7.258421	-7.257671	-7.246659	-7.266115	-7.231010	-7.205715	-7.191151	-7.226624	-7.229382	-7.251756	-14.981897	-7.174541	-7.216830	-14.995302	-7.221808
2012.196000	-7.244760	-7.258562	-7.257443	-7.246446	-7.265817	-7.231002	-7.205357	-7.190963	-7.225970	-7.228064	-7.251480	-14.981809	-7.174558	-7.216566	-14.995304	-7.220846
2022.226000	-7.245370	-7.258270	-7.257348	-7.246216	-7.265576	-7.231057	-7.205249	-7.190899	-7.226057	-7.228551	-7.251397	-14.981836	-7.173969	-7.216619	-14.995273	-7.221113
2032.276000	-7.244715	-7.258413	-7.257603	-7.246283	-7.265805	-7.231028	-7.205533	-7.190958	-7.226495	-7.230594	-7.251637	-14.981863	-7.174228	-7.216753	-14.995257	-7.221893
2042.306000	-7.244714	-7.258452	-7.257383	-7.246315	-7.265690	-7.231048	-7.205359	-7.190907	-7.226193	-7.229451	-7.251400	-14.981848	-7.173860	-7.216469	-14.995286	-7.220991
2052.346000	-7.245398	-7.258286	-7.257337	-7.246252	-7.265558	-7.231045	-7.205347	-7.190837	-7.226523	-7.231258	-7.251677	-14.981887	-7.174321	-7.216918	-14.995266	-7.221732
2062.396000	-7.244809	-7.258671	-7.257484	-7.246582	-7.266133	-7.230987	-7.205651	-7.190954	-7.226367	-7.227259	-7.251579	-14.981826	-7.174019	-7.216735	-14.995258	-7.221091
2072.446000	-7.245463	-7.258329	-7.257448	-7.246299	-7.265665	-7.231044	-7.205391	-7.190913	-7.225699	-7.226297	-7.251399	-14.981826	-7.173799	-7.216684	-14.995271	-7.221348
2082.486000	-7.244826	-7.258499	-7.257745	-7.246603	-7.265906	-7.230993	-7.205795	-7.191039	-7.226201	-7.229412	-7.251742	-14.981810	-7.174427	-7.216752	-14.995265	-7.220735
2092.516000	-7.244771	-7.258375	-7.257484	-7.246350	-7.265664	-7.231071	-7.205399	-7.190955	-7.226224	-7.229676	-7.251404	-14.981862	-7.174506	-7.216606	-14.995287	-7.221610
2102.557000	-7.244744	-7.258231	-7.257421	-7.246300	-7.265583	-7.231010	-7.205323	-7.190910	-7.226177	-7.229451	-7.251381	-14.981831	-7.174382	-7.216396	-14.995285	-7.220985
2112.576000	-7.244708	-7.258497	-7.257649	-7.246307	-7.265840	-7.231045	-7.205594	-7.190976	-7.225831	-7.230955	-7.251783	-14.981884	-7.174085	-7.216802	-14.995276	-7.221521
2122.636000	-7.244706	-7.258680	-7.257751	-7.246778	-7.266223	-7.231033	-7.205778	-7.191086	-7.226471	-7.231378	-7.251726	-14.981864	-7.174037	-7.216728	-14.995284	-7.221403
2132.696000	-7.244903	-7.258547	-7.257480	-7.246376	-7.265712	-7.231027	-7.205385	-7.190949	-7.226291	-7.230429	-7.251471	-14.981866	-7.173860	-7.216488	-14.995263	-7.220574
2142.716000	-7.245460	-7.258316	-7.257410	-7.246297	-7.265637	-7.230974	-7.205352	-7.190893	-7.226240	-7.228973	-7.251418	-14.981836	-7.173794	-7.216426	-14.995311	-7.220527
2152.766000	-7.244724	-7.258445	-7.257300	-7.246227	-7.265552	-7.230973	-7.205324	-7.190854	-7.225990	-7.228361	-7.251357	-14.981851	-7.174551	-7.216876	-14.995212	-7.221583
2162.826000	-7.244803	-7.258697	-7.257692	-7.246461	-7.265875	-7.230988	-7.205513	-7.191016	-7.226507	-7.231599	-7.251818	-14.981826	-7.174145	-7.216845	-14.995278	-7.221701
2172.867000	-7.245423	-7.258446	-7.257691	-7.246499	-7.265881	-7.230993	-7.205427	-7.191090	-7.226136	-7.228891	-7.251547	-14.981836	-7.173954	-7.216711	-14.995283	-7.221375
2182.878000	-7.245291	-7.258345	-7.257463	-7.246322	-7.265657	-7.231018	-7.205252	-7.190989	-7.226161	-7.229446	-7.251477	-14.981840	-7.174566	-7.216542	-14.995242	-7.221785
2192.907000	-7.245481	-7.258462	-7.257627	-7.246368	-7.265782	-7.231013	-7.205649	-7.191110	-7.226415	-7.231339	-7.251812	-14.981828	-7.174579	-7.216782	-14.995283	-7.221241
2202.938000	-7.244848	-7.258598	-7.257402	-7.246270	-7.265657	-7.230966	-7.205343	-7.190993	-7.226245	-7.230110	-7.251521	-14.981812	-7.174007	-7.216677	-14.995293	-7.221134
2212.936000	-7.244799	-7.258384	-7.257424	-7.246194	-7.265495	-7.230958	-7.205265	-7.190958	-7.226171	-7.230193	-7.251534	-14.981909	-7.174562	-7.216914	-14.995281	-7.220527
2222.986000	-7.244715	-7.258699	-7.257739	-7.246598	-7.266044	-7.230948	-7.205360	-7.191096	-7.226188	-7.229681	-7.251826	-14.981857	-7.174132	-7.216742	-14.995298	-7.221494
2233.066000	-7.244818	-7.258687	-7.257630	-7.246356	-7.265745	-7.230959	-7.205588	-7.191059	-7.226438	-7.231217	-7.251925	-14.981877	-7.174652	-7.216938	-14.995324	-7.221320
2243.116000	-7.245359	-7.258688	-7.257648	-7.246323	-7.265736	-7.230965	-7.205405	-7.191018	-7.226104	-7.232369	-7.252095	-14.981802	-7.174650	-7.216935	-14.995267	-7.221172
2253.137000	-7.244802	-7.258523	-7.257551	-7.246319	-7.265833	-7.230918	-7.205380	-7.190998	-7.226482	-7.232035	-7.251787	-14.981866	-7.174164	-7.216792	-14.995243	-7.221175
2263.196000	-7.244793	-7.258426	-7.257401	-7.246216	-7.265949	-7.230923	-7.205510	-7.191076	-7.226164	-7.229567	-7.251790	-14.981905	-7.174156	-7.216990	-14.995258	-7.221443
2273.206000	-7.244762	-7.258388	-7.257371	-7.246224	-7.265586	-7.230983	-7.205259	-7.190917	-7.226203	-7.229669	-7.251529	-14.981837	-7.174583	-7.216602	-14.995310	-7.220877
2283.276000	-7.245396	-7.258242	-7.257242	-7.246174	-7.265427	-7.230952	-7.205136	-7.190857	-7.226217	-7.229691	-7.251462	-14.981795	-7.174621	-7.216875	-14.995294	-7.221744
2293.306000	-7.244804	-7.258609	-7.257436	-7.246357	-7.265786	-7.230970	-7.205397	-7.190979	-7.226091	-7.231205	-7.251570	-14.981809	-7.174125	-7.216761	-14.995281	-7.220704
2303.336000	-7.244880	-7.258614	-7.257614	-7.246601	-7.266099	-7.230962	-7.205592	-7.191009	-7.226518	-7.230221	-7.251838	-14.981853	-7.174554	-7.217045	-14.995293	-7.221517
2313.376000	-7.245407	-7.258640	-7.257611	-7.246309	-7.266016	-7.230975	-7.205669	-7.191055	-7.226570	-7.229037	-7.251890	-14.981862	-7.174415	-7.217009	-14.995346	-7.221616
2323.416000	-7.245460	-7.258587	-7.257557	-7.246239	-7.265765	-7.230979	-7.205470	-7.190917	-7.226575	-7.231163	-7.251536	-14.981856	-7.174045	-7.216674	-14.995267	-7.221064
2333.476000	-7.245461	-7.258266	-7.257308	-7.246135	-7.265524	-7.231014	-7.205214	-7.190875	-7.226386	-7.230277	-7.251448	-14.981832	-7.173890	-7.216645	-14.995308	-7.220347
2343.497000	-7.244875	-7.258191	-7.257237	-7.246136	-7.265480	-7.230987	-7.205216	-7.190873	-7.225871	-7.229514	-7.251653	-14.981882	-7.174051	-7.216667	-14.995330	-7.220600
2353.516000	-7.244852	-7.258237	-7.257539	-7.246339	-7.265749	-7.230945	-7.205486	-7.190902	-7.226458	-7.231784	-7.251677	-14.981836	-7.174482	-7.216755	-14.995278	-7.220822
2363.560000	-7.244825	-7.258639	-7.257701	-7.246602	-7.266031	-7.230965	-7.205518	-7.191087	-7.226234	-7.229630	-7.251703	-14.981853	-7.174549	-7.216871	-14.995270	-7.220913
2373.587000	-7.244880	-7.258672	-7.257545	-7.246493	-7.265838	-7.230960	-7.205644	-7.191091	-7.226292	-7.229687	-7.251734	-14.981878	-7.174572	-7.216869	-14.995244	-7.221627
2383.646000	-7.245503	-7.258348	-7.257624	-7.246314	-7.265981	-7.230994	-7.205702	-7.191095	-7.226199	-7.229518	-7.251762	-14.981859	-7.174603	-7.216875	-14.995309	-7.221764
2393.656000	-7.244917	-7.258407	-7.257426	-7.246209	-7.266058	-7.230951	-7.205599	-7.191069	-7.226406	-7.230793	-7.251701	-14.981833	-7.174164	-7.216852	-14.995286	-7.221196
2403.716000	-7.244849	-7.258560	-7.257615	-7.246508	-7.266098	-7.230941	-7.205546	-7.191069	-7.226232	-7.231286	-7.251670	-14.981889	-7.174128	-7.216882	-14.995267	-7.220750
2413.746000	-7.244840	-7.258489	-7.257515	-7.246393	-7.265741	-7.230917	-7.205674	-7.191070	-7.226159	-7.229853	-7.251644	-14.981845	-7.174540	-7.216830	-14.995267	-7.221523
2423.769000	-7.245444	-7.258393	-7.257445	-7.246587	-7.266066	-7.230954	-7.205604	-7.191081	-7.225737	-7.231149	-7.251772	-14.981862	-7.174558	-7.217071	-14.995279	-7.221715
2433.797000	-7.245512	-7.258667	-7.257588	-7.246387	-7.265816	-7.230989	-7.205597	-7.191115	-7.226173	-7.229756	-7.251654	-14.981902	-7.174649	-7.216922	-14.995264	-7.221268
2443.806000	-7.244861	-7.258545	-7.257500	-7.246323	-7.265631	-7.230953	-7.205333	-7.190954	-7.226107	-7.229796	-7.251478	-14.981847	-7.174628	-7.216967	-14.995310	-7.221717
2453.846000	-7.244875	-7.258309	-7.257453	-7.246272	-7.265619	-7.230978	-7.205331	-7.190874	-7.226225	-7.229876	-7.251473	-14.981883	-7.174628	-7.216771	-14.995180	-7.221359
2463.886000	-7.244797	-7.258340	-7.257427	-7.246253	-7.265684	-7.230976	-7.205388	-7.190941	-7.226496	-7.231305	-7.251474	-14.981835	-7.174058	-7.216732	-14.995294	-7.221422
2473.946000	-7.244845	-7.258591	-7.257848	-7.246562	-7.265954	-7.230963	-7.205734	-7.191081	-7.226559	-7.232194	-7.251853	-14.981807	-7.174198	-7.216845	-14.995263	-7.220687
2483.966000	-7.244942	-7.258312	-7.257510	-7.246401	-7.265688	-7.230971	-7.205374	-7.190953	-7.226324	-7.230805	-7.251523	-14.981855	-7.173906	-7.216575	-14.995253	-7.220652
2493.996000	-7.245316	-7.258222	-7.257417	-7.246208	-7.265497	-7.230934	-7.205343	-7.190913	-7.226297	-7.230302	-7.251498	-14.981858	-7.173872	-7.216537	-14.995255	-7.221569
2504.016000	-7.244859	-7.258207	-7.257340	-7.246141	-7.265495	-7.230989	-7.205271	-7.191026	-7.226317	-7.230629	-7.251522	-14.981844	-7.173955	-7.216740	-14.995304	-7.221663
2514.056000	-7.244918	-7.258280	-7.257454	-7.246280	-7.265640	-7.230980	-7.205314	-7.190931	-7.226302	-7.230396	-7.251431	-14.981870	-7.173883	-7.216680	-14.995285	-7.221724
2524.106000	-7.244808	-7.258237	-7.257433	-7.246203	-7.265579	-7.231002	-7.205648	-7.191019	-7.226317	-7.230386	-7.251578	-14.981862	-7.173978	-7.216790	-14.995297	-7.220583
2534.126000	-7.245350	-7.258270	-7.257438	-7.246233	-7.265782	-7.231056	-7.205335	-7.190969	-7.226282	-7.230227	-7.251392	-14.981841	-7.174566	-7.216707	-14.995275	-7.220586
2544.146000	-7.245308	-7.258196	-7.257345	-7.246156	-7.265551	-7.231006	-7.205230	-7.190919	-7.226266	-7.230161	-7.251391	-14.981826	-7.174607	-7.216873	-14.995226	-7.220550
2554.186000	-7.244883	-7.258362	-7.257438	-7.246283	-7.265646	-7.231012	-7.205348	-7.190919	-7.226386	-7.230409	-7.251549	-14.981887	-7.174632	-7.216923	-14.995302	-7.221031
2564.202000	-7.244979	-7.258353	-7.257482	-7.246294	-7.265677	-7.231020	-7.205324	-7.190910	-7.226369	-7.230728	-7.251414	-14.981816	-7.174584	-7.216565	-14.995245	-7.221593
2574.253000	-7.245453	-7.258355	-7.257472	-7.246295	-7.265686	-7.231009	-7.205343	-7.190928	-7.226360	-7.230639	-7.251434	-14.981842	-7.174048	-7.216643	-14.995264	-7.220503
2584.307000	-7.244720	-7.258295	-7.257411	-7.246260	-7.265642	-7.231044	-7.205334	-7.190881	-7.226354	-7.230511	-7.251317	-14.981860	-7.173905	-7.216606	-14.995233	-7.220587
2594.346000	-7.245261	-7.258158	-7.257359	-7.246191	-7.265545	-7.231046	-7.205244	-7.190884	-7.226321	-7.230374	-7.251290	-14.981872	-7.174537	-7.216658	-14.995253	-7.220802
2604.396000	-7.244818	-7.258143	-7.257337	-7.246266	-7.265664	-7.230979	-7.205233	-7.190913	-7.225672	-7.227238	-7.251324	-14.981909	-7.173950	-7.216509	-14.995306	-7.221674
2614.417000	-7.245407	-7.258340	-7.257466	-7.246389	-7.265764	-7.231024	-7.205322	-7.190973	-7.226368	-7.229020	-7.251557	-14.981856	-7.174076	-7.217066	-14.995252	-7.221283
2624.446000	-7.245487	-7.258351	-7.257488	-7.246343	-7.265729	-7.230985	-7.205324	-7.190924	-7.226216	-7.229156	-7.251472	-14.981851	-7.174574	-7.216585	-14.995251	-7.221816
2634.476000	-7.244909	-7.258550	-7.257550	-7.246530	-7.265927	-7.230981	-7.205464	-7.191057	-7.226225	-7.229616	-7.251732	-14.981850	-7.174560	-7.216805	-14.995280	-7.221246
2644.527000	-7.244895	-7.258532	-7.257712	-7.246461	-7.265959	-7.230939	-7.205473	-7.190986	-7.226213	-7.228861	-7.251672	-14.981844	-7.174079	-7.216968	-14.995259	-7.221490
2654.566000	-7.245532	-7.258377	-7.257450	-7.246325	-7.265837	-7.230973	-7.205300	-7.190930	-7.226018	-7.229594	-7.251519	-14.981863	-7.173915	-7.216748	-14.995306	-7.221199
2664.566000	-7.245228	-7.258263	-7.257359	-7.246247	-7.265619	-7.230963	-7.205171	-7.190909	-7.226167	-7.229531	-7.251436	-14.981866	-7.174509	-7.216454	-14.995274	-7.220608
2674.596000	-7.244793	-7.258425	-7.257358	-7.246201	-7.265598	-7.230997	-7.205288	-7.190959	-7.226487	-7.231078	-7.251449	-14.981879	-7.174560	-7.216816	-14.995261	-7.221826
	-7.245515	-7.258689	-7.257568	-7.246405	-7.265929	-7.230995	-7.205476	-7.191042								
