11.375000	-7.181776	-7.195334	-7.173352	-7.150575	-7.154325	-7.157952	-7.187115	-7.171696	-7.187819	-7.110928	-7.167157	-7.200799	-7.191077	-7.196193	-15.157002	-7.181696
22.765000	-7.181805	-7.195351	-7.173370	-7.150589	-7.154317	-7.157943	-7.187114	-7.171682	-7.187819	-7.110907	-7.167147	-7.200808	-7.191107	-7.196188	-15.157181	-7.181696
34.139000	-7.181818	-7.195340	-7.173365	-7.150592	-7.154319	-7.157955	-7.187107	-7.171685	-7.187792	-7.110939	-7.167144	-7.200791	-7.191098	-7.196188	-15.157092	-7.181691
45.548000	-7.181818	-7.195345	-7.173375	-7.150601	-7.154311	-7.157969	-7.187110	-7.171697	-7.187799	-7.110927	-7.167139	-7.200793	-7.191105	-7.196196	-15.157280	-7.181700
56.938000	-7.181820	-7.195346	-7.173367	-7.150581	-7.154310	-7.157967	-7.187110	-7.171705	-7.187805	-7.110923	-7.167125	-7.200803	-7.191108	-7.196182	-15.157254	-7.181696
68.317000	-7.181833	-7.195349	-7.173378	-7.150594	-7.154317	-7.157972	-7.187134	-7.171700	-7.187813	-7.110927	-7.167126	-7.200809	-7.191097	-7.196182	-15.157328	-7.181692
79.722000	-7.181841	-7.195356	-7.173363	-7.150595	-7.154307	-7.157967	-7.187122	-7.171693	-7.187808	-7.110912	-7.167130	-7.200798	-7.191098	-7.196196	-15.157694	-7.181701
91.125000	-7.181846	-7.195362	-7.173369	-7.150600	-7.154310	-7.157953	-7.187129	-7.171698	-7.187792	-7.110925	-7.167150	-7.200795	-7.191108	-7.196203	-15.157632	-7.181704
102.497000	-7.181844	-7.195363	-7.173366	-7.150604	-7.154301	-7.157970	-7.187115	-7.171706	-7.187803	-7.110940	-7.167144	-7.200793	-7.191095	-7.196193	-15.157633	-7.181697
113.903000	-7.181854	-7.195365	-7.173376	-7.150600	-7.154303	-7.157983	-7.187115	-7.171695	-7.187796	-7.110941	-7.167139	-7.200801	-7.191099	-7.196217	-15.157800	-7.181706
125.301000	-7.181842	-7.195354	-7.173364	-7.150579	-7.154305	-7.157978	-7.187114	-7.171699	-7.187794	-7.110922	-7.167138	-7.200809	-7.191107	-7.196196	-15.157791	-7.181698
136.719000	-7.181848	-7.195361	-7.173362	-7.150582	-7.154303	-7.157964	-7.187115	-7.171712	-7.187796	-7.110913	-7.167133	-7.200811	-7.191104	-7.196202	-15.157979	-7.181703
148.096000	-7.181837	-7.195364	-7.173379	-7.150590	-7.154320	-7.157985	-7.187113	-7.171696	-7.187795	-7.110919	-7.167150	-7.200813	-7.191113	-7.196193	-15.157903	-7.181687
159.486000	-7.181834	-7.195364	-7.173359	-7.150580	-7.154287	-7.157983	-7.187127	-7.171689	-7.187796	-7.110929	-7.167150	-7.200809	-7.191089	-7.196208	-15.158046	-7.181688
170.893000	-7.181846	-7.195355	-7.173375	-7.150610	-7.154301	-7.157973	-7.187110	-7.171705	-7.187807	-7.110921	-7.167151	-7.200811	-7.191120	-7.196210	-15.158208	-7.181681
182.280000	-7.181834	-7.195358	-7.173368	-7.150585	-7.154298	-7.157988	-7.187130	-7.171695	-7.187814	-7.110928	-7.167144	-7.200821	-7.191108	-7.196214	-15.157968	-7.181707
193.678000	-7.181838	-7.195340	-7.173362	-7.150590	-7.154299	-7.157974	-7.187135	-7.171691	-7.187829	-7.110928	-7.167144	-7.200800	-7.191108	-7.196212	-15.158035	-7.181694
205.069000	-7.181836	-7.195346	-7.173356	-7.150605	-7.154315	-7.157979	-7.187124	-7.171691	-7.187820	-7.110922	-7.167142	-7.200805	-7.191112	-7.196204	-15.158097	-7.181697
216.454000	-7.181818	-7.195318	-7.173285	-7.150610	-7.154233	-7.157879	-7.187115	-7.171654	-7.187549	-7.110937	-7.167122	-7.200697	-7.191124	-7.196140	-15.158043	-7.181641
227.844000	-7.181814	-7.195219	-7.173005	-7.150575	-7.153993	-7.157558	-7.187049	-7.171481	-7.187140	-7.110823	-7.166883	-7.200502	-7.191065	-7.196064	-15.158241	-7.181552
239.226000	-7.181755	-7.195073	-7.172699	-7.150477	-7.153693	-7.157269	-7.186959	-7.171282	-7.186822	-7.110662	-7.166614	-7.200279	-7.190953	-7.195947	-15.158168	-7.181405
250.631000	-7.181629	-7.194879	-7.172424	-7.150376	-7.153377	-7.157056	-7.186838	-7.171050	-7.186573	-7.110455	-7.166302	-7.200068	-7.190789	-7.195823	-15.158294	-7.181247
262.010000	-7.181510	-7.194710	-7.172156	-7.150257	-7.153064	-7.156917	-7.186701	-7.170847	-7.186385	-7.110268	-7.166015	-7.199887	-7.190630	-7.195738	-15.158383	-7.181112
273.420000	-7.181387	-7.194555	-7.171973	-7.150160	-7.152783	-7.156813	-7.186626	-7.170685	-7.186289	-7.110120	-7.165768	-7.199738	-7.190476	-7.195672	-15.158559	-7.180979
284.831000	-7.181212	-7.194376	-7.171807	-7.150042	-7.152548	-7.156698	-7.186502	-7.170535	-7.186187	-7.109951	-7.165587	-7.199609	-7.190342	-7.195606	-15.158538	-7.180846
296.227000	-7.181079	-7.194236	-7.171701	-7.149936	-7.152304	-7.156629	-7.186427	-7.170397	-7.186116	-7.109819	-7.165439	-7.199537	-7.190212	-7.195572	-15.158421	-7.180744
307.623000	-7.180934	-7.194127	-7.171613	-7.149848	-7.152137	-7.156558	-7.186330	-7.170312	-7.186096	-7.109709	-7.165327	-7.199441	-7.190089	-7.195514	-15.158405	-7.180664
319.015000	-7.180808	-7.194040	-7.171547	-7.149763	-7.152010	-7.156506	-7.186239	-7.170204	-7.186054	-7.109611	-7.165232	-7.199382	-7.190001	-7.195497	-15.158568	-7.180591
330.421000	-7.180689	-7.193939	-7.171481	-7.149698	-7.151900	-7.156482	-7.186174	-7.170149	-7.186030	-7.109527	-7.165165	-7.199335	-7.189909	-7.195472	-15.158499	-7.180532
341.819000	-7.180613	-7.193869	-7.171453	-7.149633	-7.151826	-7.156461	-7.186116	-7.170090	-7.186019	-7.109468	-7.165108	-7.199298	-7.189857	-7.195448	-15.158611	-7.180500
353.226000	-7.180536	-7.193812	-7.171436	-7.149577	-7.151764	-7.156467	-7.186066	-7.170061	-7.186005	-7.109423	-7.165065	-7.199282	-7.189801	-7.195427	-15.158486	-7.180477
364.617000	-7.180498	-7.193776	-7.171414	-7.149532	-7.151732	-7.156446	-7.186035	-7.170039	-7.186008	-7.109400	-7.165045	-7.199244	-7.189764	-7.195423	-15.158468	-7.180449
376.008000	-7.180439	-7.193759	-7.171408	-7.149520	-7.151691	-7.156445	-7.186009	-7.170018	-7.186022	-7.109369	-7.165019	-7.199215	-7.189732	-7.195407	-15.158442	-7.180429
387.415000	-7.180430	-7.193711	-7.171381	-7.149494	-7.151668	-7.156416	-7.185976	-7.169990	-7.185996	-7.109337	-7.165008	-7.199204	-7.189727	-7.195416	-15.158350	-7.180416
398.823000	-7.180402	-7.193696	-7.171394	-7.149484	-7.151624	-7.156426	-7.185958	-7.169981	-7.186014	-7.109340	-7.164994	-7.199182	-7.189696	-7.195408	-15.158482	-7.180419
410.209000	-7.180379	-7.193680	-7.171366	-7.149477	-7.151618	-7.156410	-7.185956	-7.169965	-7.186007	-7.109333	-7.164975	-7.199190	-7.189692	-7.195383	-15.158642	-7.180383
421.583000	-7.180364	-7.193649	-7.171362	-7.149487	-7.151587	-7.156416	-7.185947	-7.169957	-7.186000	-7.109331	-7.164982	-7.199169	-7.189675	-7.195392	-15.158479	-7.180388
432.983000	-7.180341	-7.193638	-7.171345	-7.149455	-7.151597	-7.156405	-7.185926	-7.169968	-7.185998	-7.109310	-7.164976	-7.199152	-7.189678	-7.195402	-15.158578	-7.180379
444.364000	-7.180334	-7.193638	-7.171352	-7.149443	-7.151571	-7.156393	-7.185922	-7.169970	-7.186004	-7.109306	-7.164971	-7.199139	-7.189667	-7.195388	-15.158650	-7.180362
455.750000	-7.180321	-7.193623	-7.171364	-7.149443	-7.151555	-7.156400	-7.185921	-7.169952	-7.185992	-7.109311	-7.164963	-7.199131	-7.189669	-7.195380	-15.158495	-7.180357
467.145000	-7.180310	-7.193601	-7.171336	-7.149428	-7.151565	-7.156396	-7.185911	-7.169946	-7.185980	-7.109286	-7.164958	-7.199120	-7.189664	-7.195364	-15.158532	-7.180362
478.534000	-7.180295	-7.193602	-7.171348	-7.149413	-7.151529	-7.156393	-7.185897	-7.169937	-7.185984	-7.109295	-7.164928	-7.199097	-7.189630	-7.195379	-15.158537	-7.180353
489.918000	-7.180277	-7.193583	-7.171330	-7.149396	-7.151531	-7.156390	-7.185895	-7.169927	-7.185986	-7.109284	-7.164926	-7.199096	-7.189644	-7.195369	-15.158697	-7.180354
501.305000	-7.180272	-7.193584	-7.171313	-7.149398	-7.151518	-7.156367	-7.185892	-7.169941	-7.185980	-7.109254	-7.164910	-7.199090	-7.189636	-7.195369	-15.158693	-7.180336
512.690000	-7.180269	-7.193568	-7.171303	-7.149390	-7.151505	-7.156341	-7.185882	-7.169935	-7.185958	-7.109240	-7.164918	-7.199075	-7.189613	-7.195363	-15.158549	-7.180347
524.073000	-7.180270	-7.193562	-7.171294	-7.149405	-7.151496	-7.156359	-7.185891	-7.169923	-7.185956	-7.109261	-7.164915	-7.199082	-7.189623	-7.195370	-15.158669	-7.180327
535.476000	-7.180269	-7.193546	-7.171298	-7.149400	-7.151482	-7.156342	-7.185879	-7.169928	-7.185961	-7.109240	-7.164904	-7.199066	-7.189614	-7.195359	-15.158712	-7.180339
546.861000	-7.180265	-7.193548	-7.171294	-7.149399	-7.151481	-7.156354	-7.185888	-7.169920	-7.185953	-7.109247	-7.164901	-7.199052	-7.189623	-7.195359	-15.158363	-7.180332
558.260000	-7.180253	-7.193551	-7.171296	-7.149406	-7.151450	-7.156323	-7.185867	-7.169917	-7.185937	-7.109228	-7.164908	-7.199066	-7.189605	-7.195367	-15.158684	-7.180331
569.669000	-7.180261	-7.193533	-7.171264	-7.149405	-7.151455	-7.156329	-7.185858	-7.169915	-7.185947	-7.109223	-7.164894	-7.199053	-7.189611	-7.195347	-15.158550	-7.180323
581.049000	-7.180264	-7.193533	-7.171286	-7.149394	-7.151449	-7.156330	-7.185853	-7.169923	-7.185950	-7.109234	-7.164892	-7.199021	-7.189608	-7.195357	-15.158718	-7.180333
592.440000	-7.180259	-7.193514	-7.171282	-7.149398	-7.151416	-7.156328	-7.185852	-7.169926	-7.185936	-7.109233	-7.164893	-7.199043	-7.189593	-7.195346	-15.158699	-7.180331
603.839000	-7.180244	-7.193539	-7.171273	-7.149399	-7.151431	-7.156326	-7.185866	-7.169917	-7.185930	-7.109214	-7.164897	-7.199037	-7.189585	-7.195357	-15.158872	-7.180332
615.240000	-7.180226	-7.193526	-7.171285	-7.149400	-7.151436	-7.156340	-7.185875	-7.169910	-7.185933	-7.109219	-7.164904	-7.199025	-7.189587	-7.195349	-15.158732	-7.180331
626.616000	-7.180233	-7.193511	-7.171267	-7.149405	-7.151407	-7.156330	-7.185872	-7.169904	-7.185935	-7.109225	-7.164892	-7.199027	-7.189584	-7.195354	-15.158748	-7.180335
638.001000	-7.180237	-7.193512	-7.171279	-7.149403	-7.151413	-7.156336	-7.185867	-7.169917	-7.185939	-7.109217	-7.164894	-7.199018	-7.189578	-7.195347	-15.158837	-7.180341
649.396000	-7.180235	-7.193513	-7.171272	-7.149391	-7.151428	-7.156333	-7.185857	-7.169899	-7.185943	-7.109228	-7.164889	-7.199016	-7.189579	-7.195348	-15.158915	-7.180321
660.789000	-7.180219	-7.193502	-7.171265	-7.149391	-7.151406	-7.156345	-7.185851	-7.169900	-7.185950	-7.109233	-7.164889	-7.199017	-7.189584	-7.195344	-15.159073	-7.180327
672.185000	-7.180221	-7.193510	-7.171260	-7.149377	-7.151416	-7.156319	-7.185856	-7.169903	-7.185937	-7.109224	-7.164870	-7.198996	-7.189574	-7.195335	-15.158908	-7.180313
683.584000	-7.180227	-7.193499	-7.171261	-7.149377	-7.151403	-7.156329	-7.185858	-7.169903	-7.185942	-7.109240	-7.164874	-7.199012	-7.189586	-7.195335	-15.158912	-7.180313
694.981000	-7.180225	-7.193496	-7.171256	-7.149378	-7.151407	-7.156320	-7.185849	-7.169902	-7.185934	-7.109230	-7.164882	-7.199000	-7.189591	-7.195333	-15.158863	-7.180316
706.376000	-7.180220	-7.193490	-7.171260	-7.149391	-7.151414	-7.156333	-7.185845	-7.169907	-7.185939	-7.109221	-7.164864	-7.199002	-7.189569	-7.195357	-15.158814	-7.180324
717.763000	-7.180214	-7.193476	-7.171251	-7.149385	-7.151396	-7.156321	-7.185852	-7.169909	-7.185950	-7.109202	-7.164870	-7.199008	-7.189574	-7.195351	-15.158850	-7.180306
729.134000	-7.180228	-7.193490	-7.171240	-7.149396	-7.151410	-7.156323	-7.185851	-7.169901	-7.185942	-7.109228	-7.164873	-7.198996	-7.189570	-7.195338	-15.158923	-7.180320
740.531000	-7.180213	-7.193487	-7.171228	-7.149375	-7.151405	-7.156297	-7.185858	-7.169915	-7.185954	-7.109207	-7.164867	-7.198991	-7.189571	-7.195361	-15.158876	-7.180326
751.933000	-7.180211	-7.193490	-7.171240	-7.149377	-7.151420	-7.156313	-7.185841	-7.169904	-7.185942	-7.109210	-7.164870	-7.198988	-7.189562	-7.195345	-15.158701	-7.180306
763.329000	-7.180201	-7.193488	-7.171246	-7.149390	-7.151422	-7.156299	-7.185825	-7.169903	-7.185958	-7.109211	-7.164868	-7.198989	-7.189554	-7.195350	-15.158855	-7.180312
774.716000	-7.180227	-7.193493	-7.171229	-7.149391	-7.151403	-7.156296	-7.185838	-7.169907	-7.185949	-7.109220	-7.164863	-7.198998	-7.189555	-7.195347	-15.158843	-7.180306
786.116000	-7.180203	-7.193479	-7.171237	-7.149380	-7.151401	-7.156305	-7.185842	-7.169907	-7.185938	-7.109209	-7.164863	-7.198998	-7.189573	-7.195344	-15.158732	-7.180313
797.527000	-7.180216	-7.193492	-7.171229	-7.149397	-7.151409	-7.156309	-7.185822	-7.169892	-7.185947	-7.109214	-7.164857	-7.198987	-7.189563	-7.195338	-15.158687	-7.180284
808.922000	-7.180210	-7.193478	-7.171240	-7.149381	-7.151414	-7.156298	-7.185826	-7.169905	-7.185946	-7.109202	-7.164866	-7.198984	-7.189547	-7.195329	-15.158757	-7.180288
820.321000	-7.180206	-7.193479	-7.171253	-7.149375	-7.151386	-7.156304	-7.185844	-7.169885	-7.185926	-7.109224	-7.164858	-7.198975	-7.189572	-7.195339	-15.158914	-7.180288
831.697000	-7.180195	-7.193473	-7.171243	-7.149384	-7.151393	-7.156314	-7.185841	-7.169872	-7.185924	-7.109220	-7.164851	-7.198976	-7.189568	-7.195346	-15.158949	-7.180294
843.095000	-7.180194	-7.193484	-7.171256	-7.149372	-7.151391	-7.156309	-7.185837	-7.169896	-7.185927	-7.109204	-7.164863	-7.198959	-7.189559	-7.195341	-15.158989	-7.180285
854.499000	-7.180207	-7.193487	-7.171231	-7.149378	-7.151392	-7.156305	-7.185828	-7.169861	-7.185926	-7.109204	-7.164841	-7.198965	-7.189556	-7.195336	-15.158824	-7.180296
865.867000	-7.180196	-7.193485	-7.171231	-7.149355	-7.151389	-7.156304	-7.185822	-7.169870	-7.185921	-7.109203	-7.164842	-7.198969	-7.189576	-7.195331	-15.158901	-7.180289
877.238000	-7.180193	-7.193478	-7.171236	-7.149360	-7.151395	-7.156281	-7.185833	-7.169883	-7.185930	-7.109207	-7.164839	-7.198974	-7.189571	-7.195325	-15.158844	-7.180289
888.626000	-7.180202	-7.193470	-7.171235	-7.149348	-7.151395	-7.156291	-7.185839	-7.169880	-7.185928	-7.109208	-7.164839	-7.198984	-7.189588	-7.195342	-15.159045	-7.180306
900.027000	-7.180203	-7.193466	-7.171240	-7.149363	-7.151389	-7.156281	-7.185828	-7.169880	-7.185915	-7.109200	-7.164835	-7.198971	-7.189566	-7.195347	-15.158999	-7.180298
911.430000	-7.180213	-7.193463	-7.171244	-7.149369	-7.151389	-7.156277	-7.185834	-7.169885	-7.185910	-7.109205	-7.164831	-7.198976	-7.189568	-7.195343	-15.158895	-7.180291
922.814000	-7.180210	-7.193475	-7.171238	-7.149369	-7.151364	-7.156285	-7.185822	-7.169889	-7.185917	-7.109223	-7.164829	-7.198959	-7.189574	-7.195340	-15.158713	-7.180293
934.209000	-7.180201	-7.193467	-7.171218	-7.149359	-7.151366	-7.156287	-7.185818	-7.169871	-7.185909	-7.109208	-7.164822	-7.198972	-7.189572	-7.195328	-15.158868	-7.180287
945.591000	-7.180201	-7.193475	-7.171214	-7.149366	-7.151366	-7.156296	-7.185819	-7.169877	-7.185916	-7.109204	-7.164818	-7.198969	-7.189573	-7.195335	-15.158747	-7.180284
957.013000	-7.180193	-7.193449	-7.171234	-7.149356	-7.151359	-7.156307	-7.185817	-7.169890	-7.185904	-7.109208	-7.164821	-7.198950	-7.189562	-7.195332	-15.158973	-7.180309
968.409000	-7.180186	-7.193462	-7.171232	-7.149365	-7.151369	-7.156298	-7.185816	-7.169898	-7.185905	-7.109206	-7.164807	-7.198948	-7.189571	-7.195334	-15.158962	-7.180278
979.775000	-7.180176	-7.193452	-7.171238	-7.149361	-7.151351	-7.156280	-7.185813	-7.169878	-7.185906	-7.109205	-7.164831	-7.198962	-7.189573	-7.195336	-15.158815	-7.180274
991.158000	-7.180188	-7.193460	-7.171222	-7.149349	-7.151360	-7.156283	-7.185821	-7.169883	-7.185918	-7.109216	-7.164833	-7.198960	-7.189565	-7.195327	-15.159025	-7.180290
1002.573000	-7.180202	-7.193457	-7.171225	-7.149348	-7.151362	-7.156289	-7.185823	-7.169878	-7.185916	-7.109220	-7.164815	-7.198963	-7.189563	-7.195333	-15.158878	-7.180285
1013.951000	-7.180182	-7.193455	-7.171225	-7.149369	-7.151355	-7.156280	-7.185819	-7.169903	-7.185915	-7.109209	-7.164802	-7.198959	-7.189577	-7.195329	-15.158852	-7.180293
1025.344000	-7.180188	-7.193442	-7.171214	-7.149352	-7.151360	-7.156276	-7.185823	-7.169898	-7.185946	-7.109188	-7.164728	-7.198914	-7.189517	-7.195378	-15.158870	-7.180241
1036.750000	-7.180326	-7.193806	-7.171922	-7.149459	-7.151906	-7.157353	-7.186067	-7.170221	-7.187168	-7.109305	-7.165156	-7.199480	-7.189602	-7.195537	-15.158714	-7.180548
1048.141000	-7.180504	-7.194175	-7.172582	-7.149703	-7.152921	-7.158236	-7.186330	-7.170797	-7.187984	-7.109771	-7.165933	-7.200141	-7.189952	-7.195782	-15.158843	-7.180922
1059.538000	-7.180828	-7.194655	-7.173181	-7.149986	-7.153785	-7.158701	-7.186564	-7.171246	-7.188409	-7.110213	-7.166565	-7.200609	-7.190292	-7.195991	-15.158643	-7.181239
1070.964000	-7.181161	-7.195045	-7.173624	-7.150244	-7.154424	-7.158889	-7.186769	-7.171619	-7.188633	-7.110587	-7.167045	-7.200944	-7.190594	-7.196131	-15.158525	-7.181511
1082.361000	-7.181406	-7.195365	-7.173916	-7.150448	-7.154870	-7.158953	-7.186972	-7.171883	-7.188761	-7.110888	-7.167402	-7.201166	-7.190865	-7.196229	-15.158752	-7.181701
1093.739000	-7.181642	-7.195602	-7.174103	-7.150618	-7.155159	-7.158959	-7.187122	-7.172052	-7.188841	-7.111098	-7.167638	-7.201306	-7.191070	-7.196323	-15.158623	-7.181863
1105.143000	-7.181864	-7.195811	-7.174217	-7.150748	-7.155375	-7.158974	-7.187238	-7.172187	-7.188894	-7.111283	-7.167824	-7.201426	-7.191244	-7.196403	-15.158639	-7.181997
1116.552000	-7.182028	-7.195948	-7.174308	-7.150861	-7.155530	-7.158985	-7.187381	-7.172293	-7.188966	-7.111438	-7.167984	-7.201523	-7.191426	-7.196504	-15.158624	-7.182123
1127.929000	-7.182176	-7.196081	-7.174406	-7.150954	-7.155651	-7.159000	-7.187485	-7.172397	-7.189020	-7.111536	-7.168149	-7.201599	-7.191539	-7.196549	-15.158568	-7.182205
1139.329000	-7.182295	-7.196168	-7.174472	-7.151039	-7.155747	-7.159024	-7.187549	-7.172481	-7.189079	-7.111631	-7.168313	-7.201654	-7.191657	-7.196602	-15.158657	-7.182278
1150.756000	-7.182398	-7.196252	-7.174516	-7.151092	-7.155806	-7.159041	-7.187619	-7.172534	-7.189147	-7.111699	-7.168448	-7.201694	-7.191726	-7.196644	-15.158452	-7.182339
1162.148000	-7.182473	-7.196311	-7.174547	-7.151123	-7.155864	-7.159047	-7.187681	-7.172593	-7.189226	-7.111755	-7.168614	-7.201738	-7.191789	-7.196654	-15.158523	-7.182383
1173.548000	-7.182531	-7.196331	-7.174577	-7.151187	-7.155901	-7.159060	-7.187714	-7.172629	-7.189277	-7.111768	-7.168757	-7.201767	-7.191863	-7.196690	-15.158802	-7.182411
1184.942000	-7.182571	-7.196357	-7.174600	-7.151209	-7.155954	-7.159069	-7.187762	-7.172676	-7.189336	-7.111794	-7.168850	-7.201805	-7.191906	-7.196690	-15.158579	-7.182440
1196.312000	-7.182616	-7.196395	-7.174619	-7.151232	-7.155969	-7.159062	-7.187764	-7.172697	-7.189396	-7.111833	-7.168953	-7.201823	-7.191932	-7.196713	-15.158753	-7.182465
1207.716000	-7.182650	-7.196430	-7.174639	-7.151247	-7.155978	-7.159065	-7.187805	-7.172731	-7.189439	-7.111854	-7.169047	-7.201834	-7.191972	-7.196711	-15.158370	-7.182487
1219.108000	-7.182685	-7.196444	-7.174652	-7.151276	-7.156002	-7.159059	-7.187821	-7.172736	-7.189472	-7.111900	-7.169102	-7.201855	-7.192000	-7.196731	-15.158513	-7.182515
1230.501000	-7.182682	-7.196442	-7.174667	-7.151270	-7.156033	-7.159081	-7.187841	-7.172749	-7.189504	-7.111897	-7.169171	-7.201869	-7.192039	-7.196744	-15.158819	-7.182544
1241.882000	-7.182704	-7.196453	-7.174679	-7.151286	-7.156037	-7.159067	-7.187865	-7.172772	-7.189548	-7.111903	-7.169214	-7.201904	-7.192055	-7.196755	-15.158763	-7.182536
1253.272000	-7.182725	-7.196470	-7.174699	-7.151311	-7.156053	-7.159073	-7.187849	-7.172781	-7.189573	-7.111900	-7.169269	-7.201893	-7.192087	-7.196773	-15.158388	-7.182558
1264.691000	-7.182738	-7.196480	-7.174690	-7.151313	-7.156063	-7.159067	-7.187856	-7.172792	-7.189601	-7.111918	-7.169310	-7.201923	-7.192115	-7.196771	-15.158580	-7.182562
1276.108000	-7.182741	-7.196496	-7.174696	-7.151325	-7.156070	-7.159071	-7.187868	-7.172796	-7.189636	-7.111930	-7.169350	-7.201939	-7.192143	-7.196779	-15.158760	-7.182579
1287.507000	-7.182757	-7.196518	-7.174720	-7.151315	-7.156081	-7.159070	-7.187868	-7.172803	-7.189650	-7.111931	-7.169411	-7.201937	-7.192174	-7.196778	-15.158750	-7.182584
1298.910000	-7.182763	-7.196508	-7.174718	-7.151327	-7.156100	-7.159083	-7.187885	-7.172816	-7.189676	-7.111937	-7.169430	-7.201945	-7.192205	-7.196792	-15.158548	-7.182581
1310.296000	-7.182770	-7.196508	-7.174736	-7.151346	-7.156097	-7.159068	-7.187880	-7.172833	-7.189679	-7.111946	-7.169469	-7.201964	-7.192243	-7.196803	-15.158605	-7.182599
1321.694000	-7.182787	-7.196512	-7.174734	-7.151343	-7.156099	-7.159082	-7.187880	-7.172844	-7.189711	-7.111955	-7.169494	-7.201979	-7.192262	-7.196797	-15.158585	-7.182613
1333.093000	-7.182798	-7.196520	-7.174760	-7.151332	-7.156129	-7.159075	-7.187896	-7.172843	-7.189729	-7.111963	-7.169523	-7.201977	-7.192293	-7.196806	-15.158642	-7.182620
1344.480000	-7.182810	-7.196520	-7.174756	-7.151339	-7.156124	-7.159076	-7.187898	-7.172862	-7.189769	-7.111954	-7.169560	-7.201990	-7.192332	-7.196808	-15.158514	-7.182629
1355.884000	-7.182814	-7.196530	-7.174760	-7.151348	-7.156145	-7.159066	-7.187911	-7.172835	-7.189761	-7.111949	-7.169578	-7.201988	-7.192336	-7.196814	-15.158641	-7.182645
1367.254000	-7.182806	-7.196538	-7.174777	-7.151349	-7.156137	-7.159064	-7.187924	-7.172854	-7.189767	-7.111949	-7.169594	-7.202007	-7.192361	-7.196818	-15.158517	-7.182641
1378.644000	-7.182820	-7.196523	-7.174775	-7.151346	-7.156149	-7.159096	-7.187925	-7.172867	-7.189774	-7.111968	-7.169612	-7.202002	-7.192395	-7.196822	-15.158835	-7.182664
1390.071000	-7.182834	-7.196541	-7.174763	-7.151350	-7.156160	-7.159082	-7.187924	-7.172900	-7.189796	-7.111980	-7.169633	-7.202015	-7.192391	-7.196816	-15.158741	-7.182658
1401.457000	-7.182845	-7.196562	-7.174779	-7.151348	-7.156161	-7.159081	-7.187933	-7.172892	-7.189811	-7.111963	-7.169652	-7.202021	-7.192420	-7.196816	-15.158744	-7.182667
1412.839000	-7.182841	-7.196562	-7.174777	-7.151354	-7.156156	-7.159068	-7.187945	-7.172888	-7.189819	-7.111978	-7.169648	-7.202045	-7.192451	-7.196837	-15.158866	-7.182675
1424.238000	-7.182856	-7.196572	-7.174778	-7.151360	-7.156171	-7.159078	-7.187936	-7.172885	-7.189819	-7.112004	-7.169680	-7.202034	-7.192470	-7.196823	-15.158718	-7.182683
1435.632000	-7.182857	-7.196586	-7.174777	-7.151350	-7.156187	-7.159076	-7.187939	-7.172886	-7.189833	-7.111998	-7.169714	-7.202032	-7.192475	-7.196833	-15.158747	-7.182667
1447.036000	-7.182864	-7.196593	-7.174793	-7.151360	-7.156184	-7.159072	-7.187953	-7.172890	-7.189850	-7.112011	-7.169715	-7.202051	-7.192481	-7.196842	-15.158706	-7.182683
1458.409000	-7.182876	-7.196586	-7.174793	-7.151363	-7.156184	-7.159084	-7.187945	-7.172887	-7.189851	-7.111999	-7.169720	-7.202070	-7.192495	-7.196840	-15.158864	-7.182679
1469.814000	-7.182875	-7.196580	-7.174807	-7.151373	-7.156187	-7.159083	-7.187954	-7.172895	-7.189859	-7.111996	-7.169722	-7.202069	-7.192510	-7.196830	-15.158619	-7.182696
1481.212000	-7.182887	-7.196580	-7.174815	-7.151375	-7.156199	-7.159085	-7.187942	-7.172902	-7.189849	-7.111996	-7.169728	-7.202071	-7.192506	-7.196845	-15.158717	-7.182689
1492.620000	-7.182888	-7.196588	-7.174811	-7.151392	-7.156191	-7.159085	-7.187947	-7.172918	-7.189874	-7.112021	-7.169751	-7.202072	-7.192509	-7.196843	-15.158741	-7.182704
1504.035000	-7.182888	-7.196590	-7.174806	-7.151385	-7.156190	-7.159092	-7.187970	-7.172916	-7.189871	-7.112008	-7.169770	-7.202075	-7.192544	-7.196836	-15.158652	-7.182698
1515.429000	-7.182896	-7.196584	-7.174797	-7.151376	-7.156192	-7.159080	-7.187969	-7.172918	-7.189891	-7.112020	-7.169771	-7.202087	-7.192562	-7.196851	-15.158632	-7.182706
1526.837000	-7.182899	-7.196601	-7.174817	-7.151395	-7.156210	-7.159081	-7.187983	-7.172912	-7.189890	-7.112017	-7.169781	-7.202075	-7.192543	-7.196864	-15.158444	-7.182703
1538.237000	-7.182908	-7.196594	-7.174814	-7.151385	-7.156200	-7.159101	-7.187971	-7.172913	-7.189893	-7.112022	-7.169792	-7.202091	-7.192563	-7.196859	-15.158636	-7.182718
1549.646000	-7.182900	-7.196604	-7.174821	-7.151385	-7.156204	-7.159096	-7.187979	-7.172925	-7.189898	-7.112023	-7.169805	-7.202091	-7.192578	-7.196873	-15.158637	-7.182722
1561.056000	-7.182903	-7.196586	-7.174830	-7.151388	-7.156219	-7.159082	-7.187969	-7.172923	-7.189898	-7.112027	-7.169800	-7.202108	-7.192585	-7.196865	-15.158663	-7.182734
1572.437000	-7.182909	-7.196592	-7.174830	-7.151396	-7.156224	-7.159088	-7.187988	-7.172938	-7.189911	-7.112026	-7.169830	-7.202096	-7.192591	-7.196875	-15.158706	-7.182750
1583.835000	-7.182914	-7.196605	-7.174831	-7.151393	-7.156212	-7.159091	-7.187971	-7.172921	-7.189910	-7.112016	-7.169811	-7.202098	-7.192608	-7.196864	-15.158515	-7.182732
1595.224000	-7.182918	-7.196604	-7.174840	-7.151403	-7.156225	-7.159083	-7.187988	-7.172933	-7.189926	-7.112046	-7.169829	-7.202116	-7.192606	-7.196878	-15.158441	-7.182737
1606.646000	-7.182926	-7.196603	-7.174846	-7.151389	-7.156236	-7.159090	-7.187997	-7.172931	-7.189917	-7.112028	-7.169838	-7.202124	-7.192609	-7.196869	-15.158669	-7.182723
1618.047000	-7.182918	-7.196615	-7.174844	-7.151402	-7.156233	-7.159085	-7.188001	-7.172939	-7.189937	-7.112030	-7.169835	-7.202114	-7.192592	-7.196870	-15.158840	-7.182749
1629.458000	-7.182931	-7.196614	-7.174846	-7.151397	-7.156231	-7.159074	-7.188004	-7.172954	-7.189922	-7.112025	-7.169844	-7.202124	-7.192629	-7.196879	-15.158765	-7.182756
1640.869000	-7.182935	-7.196613	-7.174844	-7.151397	-7.156210	-7.159099	-7.188014	-7.172946	-7.189941	-7.112019	-7.169842	-7.202130	-7.192626	-7.196879	-15.158734	-7.182746
1652.263000	-7.182925	-7.196607	-7.174837	-7.151398	-7.156214	-7.159081	-7.188002	-7.172940	-7.189931	-7.112033	-7.169859	-7.202122	-7.192629	-7.196877	-15.158682	-7.182759
1663.671000	-7.182928	-7.196618	-7.174825	-7.151395	-7.156220	-7.159092	-7.188011	-7.172946	-7.189947	-7.112047	-7.169870	-7.202121	-7.192649	-7.196886	-15.158647	-7.182758
1675.056000	-7.182950	-7.196623	-7.174822	-7.151404	-7.156232	-7.159088	-7.188033	-7.172941	-7.189941	-7.112048	-7.169882	-7.202128	-7.192646	-7.196885	-15.158573	-7.182756
1686.453000	-7.182940	-7.196634	-7.174855	-7.151415	-7.156241	-7.159084	-7.188017	-7.172945	-7.189938	-7.112040	-7.169880	-7.202138	-7.192654	-7.196896	-15.158492	-7.182760
1697.859000	-7.182943	-7.196625	-7.174828	-7.151404	-7.156235	-7.159098	-7.188017	-7.172950	-7.189943	-7.112034	-7.169890	-7.202136	-7.192675	-7.196893	-15.158744	-7.182751
1709.238000	-7.182943	-7.196632	-7.174848	-7.151396	-7.156241	-7.159097	-7.188017	-7.172954	-7.189938	-7.112043	-7.169881	-7.202140	-7.192665	-7.196900	-15.158718	-7.182771
1720.648000	-7.182954	-7.196635	-7.174841	-7.151388	-7.156238	-7.159117	-7.188014	-7.172956	-7.189950	-7.112047	-7.169885	-7.202140	-7.192670	-7.196895	-15.158799	-7.182780
1732.045000	-7.182944	-7.196629	-7.174849	-7.151407	-7.156241	-7.159094	-7.188021	-7.172958	-7.189965	-7.112050	-7.169902	-7.202150	-7.192668	-7.196900	-15.158585	-7.182783
1743.432000	-7.182945	-7.196642	-7.174856	-7.151417	-7.156239	-7.159107	-7.188031	-7.172973	-7.189978	-7.112041	-7.169909	-7.202145	-7.192687	-7.196901	-15.158524	-7.182785
1754.853000	-7.182955	-7.196633	-7.174870	-7.151406	-7.156227	-7.159097	-7.188026	-7.172971	-7.189961	-7.112052	-7.169918	-7.202149	-7.192695	-7.196891	-15.158771	-7.182795
1766.240000	-7.182963	-7.196632	-7.174873	-7.151406	-7.156244	-7.159099	-7.188036	-7.172967	-7.189983	-7.112051	-7.169916	-7.202161	-7.192689	-7.196883	-15.158719	-7.182789
1777.614000	-7.182968	-7.196636	-7.174859	-7.151399	-7.156237	-7.159094	-7.188038	-7.172971	-7.189983	-7.112047	-7.169911	-7.202171	-7.192692	-7.196891	-15.158687	-7.182794
1789.023000	-7.182958	-7.196646	-7.174859	-7.151418	-7.156236	-7.159083	-7.188039	-7.172976	-7.189991	-7.112049	-7.169927	-7.202173	-7.192687	-7.196892	-15.158689	-7.182799
1800.405000	-7.182959	-7.196648	-7.174867	-7.151411	-7.156256	-7.159087	-7.188032	-7.172984	-7.189984	-7.112053	-7.169949	-7.202180	-7.192689	-7.196896	-15.158918	-7.182790
1811.795000	-7.182955	-7.196643	-7.174856	-7.151428	-7.156255	-7.159086	-7.188031	-7.172974	-7.189994	-7.112064	-7.169935	-7.202182	-7.192718	-7.196892	-15.158872	-7.182799
1823.192000	-7.182947	-7.196645	-7.174872	-7.151419	-7.156249	-7.159102	-7.188046	-7.172979	-7.190015	-7.112042	-7.169936	-7.202180	-7.192722	-7.196888	-15.158999	-7.182796
1834.597000	-7.182964	-7.196652	-7.174873	-7.151425	-7.156262	-7.159101	-7.188034	-7.172975	-7.189992	-7.112043	-7.169952	-7.202184	-7.192698	-7.196895	-15.159009	-7.182824
1845.984000	-7.182971	-7.196647	-7.174862	-7.151410	-7.156262	-7.159105	-7.188037	-7.172972	-7.189994	-7.112036	-7.169945	-7.202203	-7.192710	-7.196898	-15.158789	-7.182806
1857.375000	-7.182978	-7.196642	-7.174870	-7.151405	-7.156256	-7.159101	-7.188054	-7.172968	-7.189990	-7.112064	-7.169949	-7.202184	-7.192709	-7.196891	-15.158670	-7.182800
1868.750000	-7.182987	-7.196665	-7.174884	-7.151417	-7.156248	-7.159101	-7.188052	-7.172985	-7.190008	-7.112053	-7.169957	-7.202197	-7.192716	-7.196899	-15.158839	-7.182820
1880.151000	-7.182982	-7.196654	-7.174881	-7.151401	-7.156256	-7.159102	-7.188055	-7.172994	-7.189992	-7.112065	-7.169958	-7.202172	-7.192719	-7.196897	-15.158631	-7.182831
1891.544000	-7.182973	-7.196652	-7.174871	-7.151408	-7.156274	-7.159086	-7.188051	-7.172972	-7.190000	-7.112061	-7.169981	-7.202205	-7.192731	-7.196902	-15.158851	-7.182830
1902.945000	-7.182961	-7.196648	-7.174875	-7.151408	-7.156261	-7.159088	-7.188060	-7.172970	-7.189994	-7.112055	-7.169980	-7.202213	-7.192721	-7.196886	-15.158756	-7.182840
1914.352000	-7.182967	-7.196642	-7.174874	-7.151408	-7.156269	-7.159097	-7.188075	-7.172977	-7.189999	-7.112039	-7.169963	-7.202213	-7.192737	-7.196890	-15.158574	-7.182842
1925.744000	-7.182982	-7.196664	-7.174890	-7.151409	-7.156274	-7.159113	-7.188063	-7.172982	-7.190010	-7.112038	-7.169974	-7.202215	-7.192740	-7.196907	-15.158595	-7.182847
1937.187000	-7.182989	-7.196677	-7.174878	-7.151415	-7.156272	-7.159099	-7.188049	-7.172975	-7.190006	-7.112057	-7.169979	-7.202215	-7.192750	-7.196926	-15.158618	-7.182836
1948.609000	-7.182968	-7.196663	-7.174881	-7.151422	-7.156277	-7.159097	-7.188063	-7.172989	-7.190004	-7.112047	-7.169997	-7.202220	-7.192747	-7.196911	-15.158662	-7.182858
1960.002000	-7.182975	-7.196664	-7.174892	-7.151417	-7.156284	-7.159102	-7.188076	-7.172998	-7.190017	-7.112055	-7.169985	-7.202206	-7.192751	-7.196920	-15.158768	-7.182848
1971.373000	-7.182987	-7.196686	-7.174878	-7.151415	-7.156282	-7.159117	-7.188064	-7.172984	-7.190019	-7.112057	-7.169989	-7.202213	-7.192744	-7.196920	-15.158694	-7.182852
1982.764000	-7.182990	-7.196657	-7.174878	-7.151410	-7.156286	-7.159092	-7.188091	-7.172977	-7.190027	-7.112068	-7.169976	-7.202206	-7.192740	-7.196918	-15.158652	-7.182853
1994.175000	-7.182988	-7.196660	-7.174884	-7.151433	-7.156286	-7.159095	-7.188088	-7.172985	-7.190013	-7.112062	-7.169973	-7.202217	-7.192756	-7.196915	-15.158594	-7.182866
2005.575000	-7.183004	-7.196664	-7.174892	-7.151439	-7.156287	-7.159100	-7.188093	-7.172991	-7.190011	-7.112069	-7.169989	-7.202230	-7.192758	-7.196924	-15.158694	-7.182866
2016.989000	-7.182976	-7.196672	-7.174883	-7.151429	-7.156289	-7.159101	-7.188074	-7.172987	-7.190026	-7.112057	-7.170002	-7.202223	-7.192766	-7.196922	-15.158592	-7.182879
2028.376000	-7.182990	-7.196669	-7.174887	-7.151427	-7.156299	-7.159100	-7.188092	-7.172986	-7.190020	-7.112071	-7.169992	-7.202224	-7.192777	-7.196914	-15.158607	-7.182876
2039.767000	-7.182979	-7.196655	-7.174897	-7.151428	-7.156289	-7.159090	-7.188095	-7.172996	-7.190019	-7.112071	-7.170014	-7.202231	-7.192765	-7.196919	-15.158743	-7.182886
2051.171000	-7.182958	-7.196664	-7.174893	-7.151422	-7.156289	-7.159099	-7.188096	-7.172996	-7.190030	-7.112071	-7.169993	-7.202250	-7.192778	-7.196922	-15.158516	-7.182901
2062.584000	-7.182997	-7.196667	-7.174892	-7.151423	-7.156282	-7.159095	-7.188081	-7.172998	-7.190024	-7.112071	-7.170017	-7.202244	-7.192777	-7.196922	-15.158586	-7.182892
2073.992000	-7.182998	-7.196684	-7.174882	-7.151447	-7.156299	-7.159104	-7.188091	-7.173009	-7.190022	-7.112069	-7.170029	-7.202242	-7.192784	-7.196938	-15.158623	-7.182890
2085.387000	-7.182994	-7.196661	-7.174884	-7.151426	-7.156286	-7.159094	-7.188092	-7.172991	-7.190033	-7.112057	-7.170016	-7.202238	-7.192779	-7.196931	-15.158452	-7.182890
2096.790000	-7.182999	-7.196673	-7.174896	-7.151422	-7.156274	-7.159073	-7.188094	-7.173000	-7.190050	-7.112063	-7.170007	-7.202239	-7.192770	-7.196937	-15.158678	-7.182894
2108.169000	-7.183007	-7.196676	-7.174894	-7.151441	-7.156295	-7.159078	-7.188089	-7.172970	-7.190053	-7.112062	-7.170017	-7.202247	-7.192774	-7.196926	-15.158613	-7.182895
2119.561000	-7.183002	-7.196676	-7.174913	-7.151437	-7.156299	-7.159087	-7.188086	-7.173008	-7.190031	-7.112073	-7.170020	-7.202240	-7.192799	-7.196940	-15.158513	-7.182909
2130.965000	-7.182998	-7.196663	-7.174911	-7.151433	-7.156299	-7.159087	-7.188092	-7.172988	-7.190044	-7.112071	-7.170023	-7.202245	-7.192781	-7.196938	-15.158710	-7.182900
2142.349000	-7.183012	-7.196666	-7.174924	-7.151425	-7.156282	-7.159071	-7.188076	-7.173017	-7.190037	-7.112075	-7.170032	-7.202269	-7.192786	-7.196947	-15.158573	-7.182912
2153.734000	-7.183008	-7.196663	-7.174917	-7.151421	-7.156288	-7.159096	-7.188088	-7.173000	-7.190031	-7.112069	-7.170041	-7.202270	-7.192799	-7.196949	-15.158620	-7.182904
2165.141000	-7.183003	-7.196660	-7.174918	-7.151438	-7.156278	-7.159094	-7.188102	-7.173002	-7.190045	-7.112065	-7.170041	-7.202267	-7.192805	-7.196945	-15.158485	-7.182907
2176.550000	-7.183012	-7.196663	-7.174907	-7.151428	-7.156271	-7.159109	-7.188095	-7.173013	-7.190035	-7.112067	-7.170039	-7.202248	-7.192799	-7.196941	-15.158554	-7.182913
2187.930000	-7.183007	-7.196645	-7.174930	-7.151440	-7.156289	-7.159120	-7.188098	-7.173027	-7.190037	-7.112091	-7.170031	-7.202256	-7.192798	-7.196950	-15.158515	-7.182924
2199.320000	-7.182999	-7.196649	-7.174835	-7.151430	-7.156216	-7.158939	-7.188067	-7.172912	-7.189111	-7.112066	-7.169957	-7.202068	-7.192776	-7.196819	-15.158719	-7.182786
2210.705000	-7.182948	-7.196523	-7.174454	-7.151360	-7.155917	-7.158534	-7.187966	-7.172692	-7.188416	-7.111953	-7.169516	-7.201759	-7.192555	-7.196670	-15.158425	-7.182560
2222.114000	-7.182831	-7.196322	-7.174096	-7.151229	-7.155515	-7.158239	-7.187815	-7.172438	-7.188102	-7.111735	-7.168872	-7.201502	-7.192160	-7.196522	-15.158546	-7.182369
2233.505000	-7.182665	-7.196098	-7.173832	-7.151108	-7.155193	-7.158070	-7.187678	-7.172241	-7.187956	-7.111547	-7.168262	-7.201303	-7.191868	-7.196430	-15.158533	-7.182204
2244.887000	-7.182513	-7.195939	-7.173673	-7.150990	-7.154944	-7.158010	-7.187573	-7.172108	-7.187880	-7.111399	-7.167815	-7.201189	-7.191706	-7.196357	-15.158515	-7.182094
2256.302000	-7.182407	-7.195830	-7.173574	-7.150904	-7.154786	-7.157981	-7.187482	-7.172007	-7.187865	-7.111293	-7.167578	-7.201117	-7.191564	-7.196314	-15.158479	-7.182035
2267.693000	-7.182302	-7.195729	-7.173520	-7.150839	-7.154679	-7.157995	-7.187429	-7.171956	-7.187853	-7.111221	-7.167461	-7.201079	-7.191476	-7.196285	-15.158722	-7.181960
2279.089000	-7.182227	-7.195673	-7.173487	-7.150802	-7.154608	-7.157981	-7.187383	-7.171905	-7.187834	-7.111167	-7.167377	-7.201036	-7.191384	-7.196268	-15.158695	-7.181892
2290.497000	-7.182163	-7.195635	-7.173474	-7.150770	-7.154543	-7.157967	-7.187339	-7.171875	-7.187819	-7.111125	-7.167316	-7.201013	-7.191336	-7.196256	-15.158451	-7.181869
2301.898000	-7.182102	-7.195600	-7.173463	-7.150733	-7.154520	-7.157995	-7.187311	-7.171841	-7.187838	-7.111077	-7.167302	-7.200997	-7.191287	-7.196242	-15.158568	-7.181850
2313.288000	-7.182058	-7.195548	-7.173465	-7.150689	-7.154521	-7.157985	-7.187267	-7.171812	-7.187836	-7.111061	-7.167279	-7.200994	-7.191250	-7.196234	-15.158471	-7.181811
2324.682000	-7.182021	-7.195543	-7.173442	-7.150702	-7.154475	-7.157961	-7.187259	-7.171805	-7.187833	-7.111040	-7.167263	-7.200957	-7.191232	-7.196223	-15.158566	-7.181818
2336.096000	-7.182010	-7.195522	-7.173438	-7.150664	-7.154467	-7.157993	-7.187232	-7.171804	-7.187835	-7.111014	-7.167255	-7.200961	-7.191219	-7.196233	-15.158404	-7.181802
2347.505000	-7.181983	-7.195498	-7.173431	-7.150661	-7.154452	-7.157984	-7.187223	-7.171797	-7.187834	-7.111021	-7.167238	-7.200936	-7.191190	-7.196221	-15.158595	-7.181783
2358.889000	-7.181976	-7.195510	-7.173429	-7.150647	-7.154434	-7.157974	-7.187210	-7.171791	-7.187841	-7.111007	-7.167219	-7.200940	-7.191183	-7.196198	-15.158342	-7.181786
2370.296000	-7.181970	-7.195496	-7.173446	-7.150655	-7.154422	-7.158006	-7.187207	-7.171773	-7.187832	-7.111006	-7.167212	-7.200942	-7.191181	-7.196205	-15.158572	-7.181792
2381.708000	-7.181946	-7.195490	-7.173422	-7.150653	-7.154432	-7.157985	-7.187177	-7.171764	-7.187833	-7.110983	-7.167200	-7.200929	-7.191175	-7.196203	-15.158624	-7.181793
2393.099000	-7.181942	-7.195471	-7.173415	-7.150640	-7.154422	-7.157991	-7.187177	-7.171762	-7.187836	-7.110984	-7.167205	-7.200916	-7.191162	-7.196210	-15.158818	-7.181776
2404.467000	-7.181927	-7.195462	-7.173412	-7.150648	-7.154432	-7.158004	-7.187179	-7.171745	-7.187832	-7.110982	-7.167208	-7.200910	-7.191151	-7.196199	-15.158930	-7.181778
2415.852000	-7.181925	-7.195470	-7.173414	-7.150649	-7.154438	-7.157993	-7.187174	-7.171743	-7.187832	-7.110980	-7.167198	-7.200921	-7.191145	-7.196208	-15.158718	-7.181755
2427.283000	-7.181910	-7.195465	-7.173411	-7.150637	-7.154430	-7.157972	-7.187172	-7.171740	-7.187838	-7.110984	-7.167194	-7.200903	-7.191159	-7.196208	-15.158692	-7.181766
2438.666000	-7.181915	-7.195475	-7.173404	-7.150640	-7.154422	-7.157986	-7.187166	-7.171733	-7.187815	-7.110980	-7.167180	-7.200895	-7.191146	-7.196207	-15.158676	-7.181745
2450.057000	-7.181899	-7.195466	-7.173404	-7.150621	-7.154419	-7.157974	-7.187161	-7.171738	-7.187832	-7.110969	-7.167178	-7.200890	-7.191144	-7.196214	-15.158868	-7.181749
2461.453000	-7.181914	-7.195458	-7.173410	-7.150612	-7.154424	-7.157982	-7.187156	-7.171726	-7.187840	-7.110972	-7.167154	-7.200895	-7.191143	-7.196199	-15.158714	-7.181739
2472.833000	-7.181902	-7.195450	-7.173420	-7.150640	-7.154414	-7.157995	-7.187162	-7.171752	-7.187817	-7.110981	-7.167180	-7.200890	-7.191147	-7.196203	-15.158657	-7.181743
2484.252000	-7.181912	-7.195440	-7.173395	-7.150619	-7.154420	-7.157987	-7.187156	-7.171742	-7.187834	-7.110956	-7.167178	-7.200882	-7.191141	-7.196188	-15.158449	-7.181740
2495.651000	-7.181909	-7.195437	-7.173396	-7.150630	-7.154413	-7.157991	-7.187159	-7.171731	-7.187817	-7.110952	-7.167186	-7.200879	-7.191136	-7.196195	-15.158609	-7.181742
2507.050000	-7.181903	-7.195433	-7.173397	-7.150626	-7.154414	-7.157984	-7.187154	-7.171738	-7.187822	-7.110961	-7.167164	-7.200877	-7.191136	-7.196185	-15.158643	-7.181740
2518.426000	-7.181902	-7.195445	-7.173405	-7.150636	-7.154412	-7.158001	-7.187159	-7.171734	-7.187853	-7.110959	-7.167168	-7.200879	-7.191136	-7.196195	-15.158565	-7.181740
2529.819000	-7.181892	-7.195423	-7.173390	-7.150634	-7.154403	-7.157995	-7.187170	-7.171738	-7.187834	-7.110962	-7.167183	-7.200873	-7.191133	-7.196174	-15.158530	-7.181735
2541.208000	-7.181901	-7.195434	-7.173399	-7.150629	-7.154410	-7.157999	-7.187174	-7.171753	-7.187830	-7.110965	-7.167164	-7.200870	-7.191130	-7.196188	-15.158496	-7.181748
2552.587000	-7.181876	-7.195418	-7.173404	-7.150642	-7.154395	-7.157989	-7.187149	-7.171749	-7.187816	-7.110947	-7.167157	-7.200862	-7.191142	-7.196179	-15.158479	-7.181724
2563.977000	-7.181872	-7.195415	-7.173399	-7.150645	-7.154407	-7.157985	-7.187160	-7.171725	-7.187828	-7.110969	-7.167160	-7.200860	-7.191145	-7.196174	-15.158676	-7.181731
2575.361000	-7.181877	-7.195409	-7.173384	-7.150620	-7.154408	-7.157969	-7.187151	-7.171721	-7.187812	-7.110954	-7.167163	-7.200861	-7.191130	-7.196167	-15.158644	-7.181733
2586.763000	-7.181876	-7.195414	-7.173395	-7.150602	-7.154403	-7.157966	-7.187154	-7.171727	-7.187807	-7.110961	-7.167147	-7.200857	-7.191122	-7.196173	-15.158640	-7.181731
2598.183000	-7.181874	-7.195418	-7.173389	-7.150637	-7.154401	-7.157979	-7.187153	-7.171722	-7.187813	-7.110946	-7.167156	-7.200862	-7.191120	-7.196181	-15.158625	-7.181738
2609.577000	-7.181887	-7.195419	-7.173405	-7.150619	-7.154392	-7.157977	-7.187152	-7.171730	-7.187798	-7.110953	-7.167146	-7.200862	-7.191130	-7.196184	-15.158500	-7.181731
2620.960000	-7.181866	-7.195417	-7.173401	-7.150633	-7.154390	-7.157990	-7.187153	-7.171730	-7.187805	-7.110947	-7.167143	-7.200838	-7.191137	-7.196176	-15.158653	-7.181708
2632.350000	-7.181877	-7.195422	-7.173398	-7.150615	-7.154380	-7.157984	-7.187147	-7.171723	-7.187819	-7.110934	-7.167147	-7.200845	-7.191124	-7.196179	-15.158946	-7.181704
2643.746000	-7.181865	-7.195428	-7.173383	-7.150626	-7.154387	-7.157997	-7.187148	-7.171718	-7.187815	-7.110960	-7.167138	-7.200844	-7.191138	-7.196184	-15.158643	-7.181715
2655.166000	-7.181871	-7.195418	-7.173381	-7.150620	-7.154386	-7.157972	-7.187130	-7.171722	-7.187806	-7.110947	-7.167153	-7.200848	-7.191127	-7.196174	-15.158611	-7.181717
2666.588000	-7.181878	-7.195413	-7.173388	-7.150634	-7.154377	-7.157994	-7.187142	-7.171740	-7.187818	-7.110951	-7.167147	-7.200851	-7.191125	-7.196177	-15.158861	-7.181709
2677.995000	-7.181864	-7.195402	-7.173392	-7.150624	-7.154395	-7.157986	-7.187150	-7.171719	-7.187802	-7.110930	-7.167133	-7.200855	-7.191133	-7.196183	-15.158564	-7.181699
2689.378000	-7.181877	-7.195410	-7.173389	-7.150626	-7.154367	-7.157977	-7.187159	-7.171726	-7.187816	-7.110944	-7.167140	-7.200847	-7.191136	-7.196173	-15.158868	-7.181702
2700.760000	-7.181858	-7.195399	-7.173385	-7.150612	-7.154371	-7.157974	-7.187146	-7.171713	-7.187818	-7.110935	-7.167141	-7.200847	-7.191122	-7.196178	-15.158666	-7.181708
2712.153000	-7.181871	-7.195411	-7.173383	-7.150615	-7.154367	-7.157976	-7.187135	-7.171724	-7.187809	-7.110930	-7.167133	-7.200838	-7.191118	-7.196184	-15.158813	-7.181718
2723.557000	-7.181859	-7.195411	-7.173385	-7.150605	-7.154373	-7.157985	-7.187142	-7.171718	-7.187806	-7.110931	-7.167132	-7.200859	-7.191136	-7.196186	-15.158592	-7.181709
2734.961000	-7.181874	-7.195417	-7.173389	-7.150604	-7.154366	-7.157983	-7.187149	-7.171702	-7.187811	-7.110929	-7.167125	-7.200843	-7.191130	-7.196181	-15.158465	-7.181699
2746.385000	-7.181875	-7.195409	-7.173399	-7.150593	-7.154386	-7.157995	-7.187147	-7.171704	-7.187808	-7.110912	-7.167122	-7.200841	-7.191121	-7.196195	-15.158669	-7.181698
2757.756000	-7.181859	-7.195402	-7.173384	-7.150620	-7.154372	-7.157993	-7.187136	-7.171702	-7.187810	-7.110913	-7.167130	-7.200835	-7.191124	-7.196187	-15.158612	-7.181712
2769.152000	-7.181865	-7.195403	-7.173380	-7.150600	-7.154356	-7.157988	-7.187132	-7.171698	-7.187815	-7.110919	-7.167127	-7.200837	-7.191123	-7.196189	-15.158658	-7.181702
2780.540000	-7.181877	-7.195406	-7.173382	-7.150600	-7.154370	-7.157984	-7.187132	-7.171699	-7.187795	-7.110926	-7.167126	-7.200843	-7.191126	-7.196197	-15.158705	-7.181700
2791.910000	-7.181884	-7.195398	-7.173389	-7.150620	-7.154370	-7.157985	-7.187137	-7.171709	-7.187804	-7.110939	-7.167124	-7.200826	-7.191107	-7.196170	-15.158624	-7.181695
2803.305000	-7.181874	-7.195402	-7.173390	-7.150615	-7.154375	-7.157978	-7.187138	-7.171701	-7.187799	-7.110939	-7.167128	-7.200830	-7.191115	-7.196181	-15.158687	-7.181705
2814.690000	-7.181874	-7.195403	-7.173387	-7.150605	-7.154369	-7.157975	-7.187135	-7.171696	-7.187805	-7.110947	-7.167112	-7.200826	-7.191118	-7.196182	-15.158722	-7.181701
2826.069000	-7.181883	-7.195421	-7.173381	-7.150618	-7.154374	-7.157977	-7.187131	-7.171681	-7.187813	-7.110924	-7.167120	-7.200826	-7.191124	-7.196186	-15.158690	-7.181707
2837.461000	-7.181854	-7.195411	-7.173375	-7.150598	-7.154367	-7.157983	-7.187125	-7.171686	-7.187799	-7.110923	-7.167117	-7.200824	-7.191112	-7.196185	-15.158798	-7.181695
2848.862000	-7.181870	-7.195399	-7.173383	-7.150600	-7.154366	-7.157981	-7.187126	-7.171694	-7.187815	-7.110938	-7.167120	-7.200837	-7.191102	-7.196172	-15.158665	-7.181712
2860.247000	-7.181878	-7.195405	-7.173377	-7.150606	-7.154376	-7.157986	-7.187121	-7.171691	-7.187805	-7.110919	-7.167111	-7.200809	-7.191119	-7.196182	-15.158762	-7.181698
2871.641000	-7.181855	-7.195410	-7.173369	-7.150605	-7.154382	-7.157993	-7.187132	-7.171679	-7.187830	-7.110922	-7.167114	-7.200808	-7.191129	-7.196184	-15.158825	-7.181708
2883.041000	-7.181859	-7.195423	-7.173379	-7.150602	-7.154373	-7.157987	-7.187121	-7.171686	-7.187835	-7.110919	-7.167120	-7.200832	-7.191116	-7.196180	-15.158670	-7.181707
2894.445000	-7.181861	-7.195416	-7.173378	-7.150608	-7.154372	-7.157980	-7.187134	-7.171684	-7.187822	-7.110929	-7.167116	-7.200820	-7.191109	-7.196179	-15.158622	-7.181701
2905.830000	-7.181861	-7.195403	-7.173383	-7.150591	-7.154389	-7.157996	-7.187118	-7.171678	-7.187821	-7.110921	-7.167119	-7.200827	-7.191123	-7.196179	-15.158610	-7.181697
2917.217000	-7.181853	-7.195399	-7.173379	-7.150595	-7.154364	-7.157994	-7.187126	-7.171671	-7.187820	-7.110917	-7.167116	-7.200830	-7.191108	-7.196163	-15.158579	-7.181695
2928.616000	-7.181839	-7.195401	-7.173359	-7.150589	-7.154367	-7.157988	-7.187113	-7.171681	-7.187813	-7.110917	-7.167111	-7.200814	-7.191117	-7.196153	-15.158579	-7.181705
2940.031000	-7.181863	-7.195393	-7.173374	-7.150611	-7.154358	-7.158001	-7.187122	-7.171686	-7.187834	-7.110922	-7.167114	-7.200805	-7.191106	-7.196185	-15.158542	-7.181697
2951.429000	-7.181871	-7.195399	-7.173367	-7.150597	-7.154362	-7.157988	-7.187110	-7.171676	-7.187826	-7.110929	-7.167112	-7.200806	-7.191104	-7.196165	-15.158668	-7.181713
2962.817000	-7.181863	-7.195390	-7.173362	-7.150588	-7.154355	-7.158002	-7.187121	-7.171673	-7.187818	-7.110915	-7.167108	-7.200819	-7.191103	-7.196172	-15.158458	-7.181705
2974.223000	-7.181861	-7.195404	-7.173385	-7.150583	-7.154359	-7.157982	-7.187114	-7.171689	-7.187820	-7.110920	-7.167103	-7.200809	-7.191107	-7.196186	-15.158734	-7.181697
2985.612000	-7.181865	-7.195389	-7.173377	-7.150603	-7.154354	-7.157977	-7.187118	-7.171703	-7.187835	-7.110929	-7.167117	-7.200812	-7.191102	-7.196179	-15.158525	-7.181705
2996.988000	-7.181855	-7.195404	-7.173378	-7.150606	-7.154344	-7.157997	-7.187114	-7.171696	-7.187834	-7.110924	-7.167113	-7.200806	-7.191112	-7.196173	-15.158699	-7.181695
3008.383000	-7.181859	-7.195390	-7.173379	-7.150605	-7.154346	-7.157986	-7.187119	-7.171669	-7.187822	-7.110928	-7.167104	-7.200810	-7.191100	-7.196173	-15.158527	-7.181700
3019.750000	-7.181853	-7.195398	-7.173379	-7.150603	-7.154339	-7.157977	-7.187116	-7.171663	-7.187813	-7.110917	-7.167122	-7.200815	-7.191104	-7.196189	-15.158626	-7.181699
3031.142000	-7.181859	-7.195387	-7.173388	-7.150606	-7.154344	-7.157970	-7.187108	-7.171683	-7.187824	-7.110912	-7.167090	-7.200818	-7.191100	-7.196175	-15.158323	-7.181713
3042.521000	-7.181861	-7.195403	-7.173389	-7.150611	-7.154336	-7.157975	-7.187116	-7.171682	-7.187811	-7.110923	-7.167113	-7.200811	-7.191110	-7.196185	-15.158438	-7.181716
3053.929000	-7.181872	-7.195400	-7.173372	-7.150602	-7.154337	-7.157980	-7.187131	-7.171672	-7.187824	-7.110900	-7.167099	-7.200819	-7.191127	-7.196189	-15.158751	-7.181688
3065.311000	-7.181872	-7.195408	-7.173388	-7.150626	-7.154358	-7.157982	-7.187122	-7.171662	-7.187806	-7.110903	-7.167106	-7.200812	-7.191115	-7.196182	-15.158660	-7.181700
3076.685000	-7.181855	-7.195386	-7.173383	-7.150599	-7.154344	-7.157983	-7.187122	-7.171683	-7.187811	-7.110918	-7.167095	-7.200798	-7.191121	-7.196173	-15.158632	-7.181700
3088.080000	-7.181855	-7.195389	-7.173389	-7.150615	-7.154338	-7.157973	-7.187136	-7.171680	-7.187814	-7.110910	-7.167111	-7.200812	-7.191126	-7.196178	-15.158430	-7.181711
3099.472000	-7.181867	-7.195388	-7.173391	-7.150614	-7.154332	-7.157981	-7.187122	-7.171685	-7.187817	-7.110900	-7.167105	-7.200794	-7.191115	-7.196176	-15.158504	-7.181709
3110.844000	-7.181856	-7.195383	-7.173380	-7.150612	-7.154340	-7.157971	-7.187114	-7.171685	-7.187816	-7.110905	-7.167109	-7.200807	-7.191137	-7.196169	-15.158410	-7.181693
3122.237000	-7.181856	-7.195390	-7.173390	-7.150600	-7.154366	-7.157980	-7.187130	-7.171700	-7.187825	-7.110915	-7.167108	-7.200818	-7.191122	-7.196173	-15.158419	-7.181697
3133.619000	-7.181861	-7.195396	-7.173386	-7.150622	-7.154344	-7.157984	-7.187116	-7.171680	-7.187819	-7.110902	-7.167102	-7.200809	-7.191127	-7.196175	-15.158544	-7.181698
3145.025000	-7.181871	-7.195393	-7.173377	-7.150607	-7.154335	-7.157973	-7.187115	-7.171695	-7.187819	-7.110907	-7.167096	-7.200801	-7.191115	-7.196191	-15.158361	-7.181688
3156.427000	-7.181853	-7.195407	-7.173377	-7.150605	-7.154337	-7.157982	-7.187133	-7.171683	-7.187805	-7.110914	-7.167119	-7.200825	-7.191111	-7.196191	-15.158489	-7.181708
3167.821000	-7.181859	-7.195398	-7.173373	-7.150616	-7.154348	-7.157972	-7.187137	-7.171672	-7.187810	-7.110919	-7.167095	-7.200823	-7.191106	-7.196163	-15.158507	-7.181687
3179.225000	-7.181852	-7.195386	-7.173358	-7.150606	-7.154353	-7.157971	-7.187135	-7.171668	-7.187812	-7.110914	-7.167104	-7.200797	-7.191119	-7.196187	-15.158611	-7.181689
3190.650000	-7.181861	-7.195392	-7.173360	-7.150601	-7.154326	-7.157998	-7.187128	-7.171678	-7.187815	-7.110911	-7.167096	-7.200819	-7.191126	-7.196165	-15.158501	-7.181689
3202.036000	-7.181843	-7.195394	-7.173378	-7.150609	-7.154342	-7.157990	-7.187118	-7.171691	-7.187815	-7.110908	-7.167101	-7.200820	-7.191113	-7.196193	-15.158624	-7.181690
3213.426000	-7.181848	-7.195406	-7.173377	-7.150617	-7.154354	-7.157990	-7.187110	-7.171687	-7.187802	-7.110908	-7.167096	-7.200812	-7.191104	-7.196177	-15.158630	-7.181692
3224.814000	-7.181856	-7.195408	-7.173388	-7.150601	-7.154335	-7.157988	-7.187130	-7.171669	-7.187809	-7.110904	-7.167097	-7.200820	-7.191112	-7.196179	-15.158662	-7.181699
3236.227000	-7.181844	-7.195390	-7.173388	-7.150600	-7.154359	-7.157984	-7.187134	-7.171679	-7.187802	-7.110900	-7.167089	-7.200807	-7.191112	-7.196180	-15.158796	-7.181683
3247.615000	-7.181853	-7.195400	-7.173378	-7.150588	-7.154351	-7.157985	-7.187131	-7.171682	-7.187821	-7.110931	-7.167110	-7.200803	-7.191109	-7.196175	-15.158673	-7.181701
3258.996000	-7.181844	-7.195407	-7.173357	-7.150601	-7.154323	-7.157983	-7.187128	-7.171686	-7.187803	-7.110922	-7.167104	-7.200803	-7.191095	-7.196176	-15.158553	-7.181691
3270.397000	-7.181849	-7.195396	-7.173359	-7.150595	-7.154333	-7.157986	-7.187134	-7.171695	-7.187823	-7.110916	-7.167111	-7.200802	-7.191097	-7.196179	-15.158785	-7.181697
3281.783000	-7.181837	-7.195403	-7.173371	-7.150614	-7.154343	-7.157983	-7.187121	-7.171689	-7.187798	-7.110932	-7.167104	-7.200810	-7.191102	-7.196182	-15.158733	-7.181690
3293.159000	-7.181846	-7.195388	-7.173378	-7.150610	-7.154335	-7.157999	-7.187118	-7.171692	-7.187808	-7.110923	-7.167092	-7.200802	-7.191116	-7.196182	-15.158670	-7.181706
3304.560000	-7.181828	-7.195384	-7.173368	-7.150608	-7.154351	-7.157993	-7.187132	-7.171684	-7.187799	-7.110925	-7.167103	-7.200806	-7.191101	-7.196177	-15.158724	-7.181693
3315.946000	-7.181845	-7.195392	-7.173388	-7.150599	-7.154364	-7.157984	-7.187115	-7.171685	-7.187802	-7.110921	-7.167087	-7.200811	-7.191106	-7.196188	-15.158760	-7.181696
3327.325000	-7.181827	-7.195403	-7.173372	-7.150595	-7.154345	-7.157982	-7.187116	-7.171692	-7.187791	-7.110933	-7.167106	-7.200820	-7.191096	-7.196183	-15.158633	-7.181704
3338.709000	-7.181831	-7.195398	-7.173376	-7.150586	-7.154360	-7.157973	-7.187124	-7.171676	-7.187791	-7.110921	-7.167109	-7.200795	-7.191103	-7.196180	-15.158792	-7.181676
3350.115000	-7.181836	-7.195389	-7.173364	-7.150589	-7.154338	-7.157982	-7.187121	-7.171665	-7.187783	-7.110929	-7.167094	-7.200806	-7.191085	-7.196177	-15.158649	-7.181685
3361.494000	-7.181841	-7.195389	-7.173369	-7.150590	-7.154334	-7.157979	-7.187136	-7.171680	-7.187788	-7.110931	-7.167109	-7.200804	-7.191083	-7.196190	-15.158796	-7.181688
3372.886000	-7.181840	-7.195386	-7.173353	-7.150615	-7.154344	-7.157973	-7.187135	-7.171673	-7.187801	-7.110934	-7.167102	-7.200811	-7.191077	-7.196194	-15.158695	-7.181690
3384.270000	-7.181834	-7.195406	-7.173369	-7.150608	-7.154339	-7.157968	-7.187135	-7.171687	-7.187795	-7.110926	-7.167086	-7.200803	-7.191087	-7.196175	-15.158437	-7.181693
3395.672000	-7.181833	-7.195392	-7.173369	-7.150610	-7.154328	-7.157965	-7.187127	-7.171674	-7.187787	-7.110929	-7.167110	-7.200809	-7.191089	-7.196178	-15.158525	-7.181689
3407.047000	-7.181837	-7.195397	-7.173366	-7.150608	-7.154337	-7.157977	-7.187141	-7.171664	-7.187792	-7.110930	-7.167094	-7.200800	-7.191097	-7.196184	-15.158579	-7.181692
3418.421000	-7.181843	-7.195380	-7.173354	-7.150599	-7.154319	-7.157961	-7.187127	-7.171684	-7.187804	-7.110927	-7.167110	-7.200798	-7.191090	-7.196184	-15.158427	-7.181684
3429.808000	-7.181846	-7.195388	-7.173368	-7.150602	-7.154319	-7.157966	-7.187126	-7.171677	-7.187784	-7.110913	-7.167105	-7.200807	-7.191089	-7.196175	-15.158337	-7.181694
3441.192000	-7.181838	-7.195374	-7.173361	-7.150598	-7.154336	-7.157974	-7.187127	-7.171664	-7.187792	-7.110908	-7.167110	-7.200810	-7.191088	-7.196184	-15.158585	-7.181706
3452.586000	-7.181844	-7.195382	-7.173352	-7.150605	-7.154337	-7.157959	-7.187127	-7.171686	-7.187802	-7.110914	-7.167100	-7.200792	-7.191092	-7.196175	-15.158620	-7.181703
3463.979000	-7.181832	-7.195392	-7.173367	-7.150603	-7.154342	-7.157985	-7.187130	-7.171674	-7.187807	-7.110924	-7.167107	-7.200800	-7.191077	-7.196175	-15.158512	-7.181686
3475.358000	-7.181846	-7.195386	-7.173364	-7.150614	-7.154348	-7.157972	-7.187124	-7.171674	-7.187803	-7.110911	-7.167116	-7.200792	-7.191081	-7.196193	-15.158607	-7.181692
3486.747000	-7.181844	-7.195376	-7.173358	-7.150613	-7.154340	-7.157980	-7.187122	-7.171665	-7.187781	-7.110917	-7.167106	-7.200791	-7.191088	-7.196178	-15.158611	-7.181694
3498.135000	-7.181829	-7.195392	-7.173370	-7.150604	-7.154333	-7.157974	-7.187111	-7.171682	-7.187793	-7.110931	-7.167101	-7.200780	-7.191091	-7.196176	-15.158559	-7.181701
3509.511000	-7.181838	-7.195378	-7.173385	-7.150589	-7.154323	-7.157971	-7.187102	-7.171671	-7.187800	-7.110915	-7.167096	-7.200788	-7.191091	-7.196179	-15.158604	-7.181688
3520.891000	-7.181814	-7.195374	-7.173370	-7.150594	-7.154324	-7.157984	-7.187114	-7.171695	-7.187790	-7.110908	-7.167098	-7.200795	-7.191084	-7.196181	-15.158691	-7.181698
3532.277000	-7.181822	-7.195375	-7.173376	-7.150606	-7.154339	-7.157974	-7.187121	-7.171675	-7.187801	-7.110911	-7.167089	-7.200787	-7.191076	-7.196178	-15.158707	-7.181697
3543.668000	-7.181842	-7.195381	-7.173367	-7.150610	-7.154329	-7.157982	-7.187115	-7.171664	-7.187800	-7.110907	-7.167090	-7.200789	-7.191089	-7.196172	-15.158482	-7.181694
3555.062000	-7.181833	-7.195395	-7.173382	-7.150587	-7.154341	-7.157992	-7.187111	-7.171675	-7.187787	-7.110907	-7.167093	-7.200797	-7.191098	-7.196184	-15.158297	-7.181691
3566.458000	-7.181826	-7.195379	-7.173357	-7.150603	-7.154330	-7.157988	-7.187116	-7.171665	-7.187798	-7.110913	-7.167084	-7.200789	-7.191086	-7.196183	-15.158511	-7.181697
3577.851000	-7.181829	-7.195381	-7.173358	-7.150606	-7.154322	-7.157985	-7.187104	-7.171670	-7.187804	-7.110915	-7.167086	-7.200803	-7.191081	-7.196172	-15.158470	-7.181698
3589.258000	-7.181832	-7.195380	-7.173361	-7.150594	-7.154344	-7.157977	-7.187096	-7.171668	-7.187793	-7.110900	-7.167093	-7.200802	-7.191104	-7.196172	-15.158433	-7.181698
3600.636000	-7.181825	-7.195383	-7.173344	-7.150582	-7.154319	-7.157980	-7.187106	-7.171670	-7.187797	-7.110917	-7.167099	-7.200803	-7.191092	-7.196181	-15.158452	-7.181700
3612.049000	-7.181827	-7.195378	-7.173346	-7.150612	-7.154335	-7.157997	-7.187110	-7.171672	-7.187800	-7.110910	-7.167093	-7.200803	-7.191089	-7.196172	-15.158579	-7.181706
3623.428000	-7.181828	-7.195384	-7.173349	-7.150606	-7.154337	-7.157992	-7.187109	-7.171668	-7.187791	-7.110903	-7.167094	-7.200792	-7.191101	-7.196165	-15.158592	-7.181693
3634.818000	-7.181819	-7.195369	-7.173355	-7.150598	-7.154328	-7.157989	-7.187108	-7.171664	-7.187791	-7.110911	-7.167121	-7.200794	-7.191099	-7.196167	-15.158614	-7.181698
3646.191000	-7.181816	-7.195380	-7.173360	-7.150588	-7.154320	-7.157994	-7.187118	-7.171645	-7.187795	-7.110893	-7.167112	-7.200787	-7.191098	-7.196151	-15.158601	-7.181692
3657.579000	-7.181828	-7.195389	-7.173378	-7.150586	-7.154322	-7.157989	-7.187114	-7.171665	-7.187793	-7.110907	-7.167096	-7.200795	-7.191095	-7.196154	-15.158555	-7.181687
3668.954000	-7.181820	-7.195383	-7.173371	-7.150602	-7.154332	-7.158020	-7.187119	-7.171650	-7.187791	-7.110900	-7.167098	-7.200813	-7.191104	-7.196159	-15.158689	-7.181689
3680.335000	-7.181826	-7.195397	-7.173356	-7.150594	-7.154331	-7.158002	-7.187110	-7.171658	-7.187798	-7.110901	-7.167092	-7.200805	-7.191095	-7.196158	-15.158697	-7.181693
3691.746000	-7.181827	-7.195387	-7.173363	-7.150591	-7.154329	-7.158000	-7.187101	-7.171655	-7.187786	-7.110884	-7.167095	-7.200803	-7.191098	-7.196163	-15.158588	-7.181671
3703.136000	-7.181820	-7.195392	-7.173362	-7.150597	-7.154339	-7.158006	-7.187112	-7.171660	-7.187789	-7.110895	-7.167094	-7.200813	-7.191088	-7.196159	-15.158736	-7.181680
3714.551000	-7.181837	-7.195393	-7.173370	-7.150595	-7.154338	-7.158013	-7.187124	-7.171679	-7.187806	-7.110899	-7.167090	-7.200808	-7.191086	-7.196155	-15.158551	-7.181684
3725.929000	-7.181836	-7.195383	-7.173367	-7.150592	-7.154317	-7.157989	-7.187130	-7.171671	-7.187795	-7.110887	-7.167099	-7.200808	-7.191100	-7.196161	-15.158753	-7.181676
3737.319000	-7.181812	-7.195397	-7.173367	-7.150604	-7.154331	-7.157971	-7.187118	-7.171690	-7.187820	-7.110886	-7.167098	-7.200797	-7.191099	-7.196164	-15.158616	-7.181670
3748.722000	-7.181823	-7.195393	-7.173368	-7.150599	-7.154334	-7.157979	-7.187112	-7.171671	-7.187800	-7.110903	-7.167099	-7.200811	-7.191094	-7.196163	-15.158726	-7.181685
3760.102000	-7.181825	-7.195393	-7.173361	-7.150584	-7.154329	-7.157972	-7.187108	-7.171672	-7.187800	-7.110896	-7.167093	-7.200799	-7.191098	-7.196158	-15.158665	-7.181677
3771.499000	-7.181818	-7.195392	-7.173359	-7.150605	-7.154316	-7.157992	-7.187116	-7.171695	-7.187794	-7.110886	-7.167094	-7.200795	-7.191094	-7.196166	-15.158699	-7.181675
3782.906000	-7.181805	-7.195397	-7.173359	-7.150597	-7.154316	-7.157989	-7.187110	-7.171680	-7.187804	-7.110903	-7.167087	-7.200784	-7.191096	-7.196167	-15.158699	-7.181675
3794.311000	-7.181820	-7.195378	-7.173356	-7.150583	-7.154312	-7.157984	-7.187114	-7.171671	-7.187791	-7.110897	-7.167092	-7.200803	-7.191074	-7.196170	-15.158692	-7.181672
3805.691000	-7.181827	-7.195374	-7.173351	-7.150597	-7.154317	-7.157991	-7.187106	-7.171653	-7.187787	-7.110882	-7.167089	-7.200810	-7.191096	-7.196159	-15.158774	-7.181678
3817.084000	-7.181821	-7.195406	-7.173363	-7.150597	-7.154326	-7.157988	-7.187111	-7.171665	-7.187784	-7.110879	-7.167088	-7.200796	-7.191085	-7.196164	-15.158795	-7.181693
3828.470000	-7.181819	-7.195384	-7.173351	-7.150589	-7.154313	-7.158001	-7.187107	-7.171644	-7.187795	-7.110892	-7.167093	-7.200789	-7.191093	-7.196172	-15.158572	-7.181682
3839.853000	-7.181818	-7.195379	-7.173363	-7.150595	-7.154318	-7.157994	-7.187113	-7.171660	-7.187793	-7.110902	-7.167075	-7.200792	-7.191075	-7.196174	-15.158561	-7.181683
3851.253000	-7.181830	-7.195386	-7.173354	-7.150602	-7.154323	-7.157978	-7.187119	-7.171680	-7.187778	-7.110894	-7.167071	-7.200796	-7.191059	-7.196193	-15.158872	-7.181684
3862.639000	-7.181834	-7.195375	-7.173368	-7.150611	-7.154324	-7.157975	-7.187116	-7.171679	-7.187784	-7.110901	-7.167087	-7.200798	-7.191062	-7.196176	-15.158828	-7.181684
3874.046000	-7.181828	-7.195368	-7.173363	-7.150601	-7.154326	-7.157969	-7.187119	-7.171673	-7.187787	-7.110895	-7.167084	-7.200780	-7.191093	-7.196176	-15.158839	-7.181685
3885.438000	-7.181833	-7.195372	-7.173370	-7.150613	-7.154315	-7.157981	-7.187115	-7.171676	-7.187776	-7.110897	-7.167102	-7.200800	-7.191090	-7.196159	-15.158713	-7.181684
3896.840000	-7.181816	-7.195364	-7.173372	-7.150609	-7.154314	-7.157979	-7.187104	-7.171661	-7.187785	-7.110902	-7.167098	-7.200797	-7.191083	-7.196176	-15.158855	-7.181681
3908.236000	-7.181812	-7.195371	-7.173380	-7.150605	-7.154332	-7.157974	-7.187118	-7.171659	-7.187786	-7.110880	-7.167087	-7.200807	-7.191088	-7.196163	-15.158568	-7.181692
3919.613000	-7.181808	-7.195359	-7.173372	-7.150605	-7.154336	-7.157970	-7.187111	-7.171671	-7.187791	-7.110887	-7.167093	-7.200807	-7.191076	-7.196166	-15.158677	-7.181674
3931.023000	-7.181809	-7.195363	-7.173360	-7.150594	-7.154332	-7.157968	-7.187114	-7.171650	-7.187780	-7.110890	-7.167096	-7.200808	-7.191088	-7.196163	-15.158719	-7.181682
3942.413000	-7.181795	-7.195352	-7.173353	-7.150611	-7.154330	-7.157959	-7.187102	-7.171646	-7.187791	-7.110895	-7.167096	-7.200800	-7.191083	-7.196168	-15.158613	-7.181678
3953.801000	-7.181825	-7.195354	-7.173353	-7.150603	-7.154329	-7.157958	-7.187097	-7.171665	-7.187789	-7.110879	-7.167093	-7.200795	-7.191079	-7.196171	-15.158562	-7.181691
3965.187000	-7.181811	-7.195371	-7.173354	-7.150600	-7.154311	-7.157989	-7.187116	-7.171677	-7.187801	-7.110876	-7.167089	-7.200815	-7.191083	-7.196166	-15.158718	-7.181677
3976.578000	-7.181818	-7.195379	-7.173359	-7.150598	-7.154334	-7.157969	-7.187103	-7.171670	-7.187790	-7.110896	-7.167080	-7.200804	-7.191089	-7.196166	-15.158612	-7.181680
3987.959000	-7.181823	-7.195374	-7.173339	-7.150600	-7.154317	-7.157981	-7.187108	-7.171667	-7.187795	-7.110898	-7.167086	-7.200807	-7.191088	-7.196172	-15.158576	-7.181681
3999.341000	-7.181824	-7.195368	-7.173344	-7.150600	-7.154338	-7.157986	-7.187115	-7.171666	-7.187805	-7.110904	-7.167094	-7.200795	-7.191091	-7.196181	-15.158689	-7.181685
4010.734000	-7.181817	-7.195365	-7.173349	-7.150599	-7.154324	-7.157981	-7.187115	-7.171652	-7.187809	-7.110890	-7.167076	-7.200794	-7.191086	-7.196178	-15.158598	-7.181680
4022.148000	-7.181822	-7.195381	-7.173351	-7.150591	-7.154328	-7.157987	-7.187110	-7.171659	-7.187793	-7.110891	-7.167080	-7.200819	-7.191078	-7.196177	-15.158569	-7.181671
4033.531000	-7.181822	-7.195364	-7.173345	-7.150607	-7.154321	-7.157974	-7.187101	-7.171649	-7.187800	-7.110905	-7.167076	-7.200803	-7.191074	-7.196190	-15.158464	-7.181670
4044.931000	-7.181822	-7.195377	-7.173345	-7.150603	-7.154330	-7.157985	-7.187106	-7.171654	-7.187802	-7.110912	-7.167087	-7.200806	-7.191103	-7.196182	-15.158625	-7.181679
4056.317000	-7.181821	-7.195382	-7.173352	-7.150603	-7.154326	-7.157974	-7.187104	-7.171660	-7.187818	-7.110904	-7.167077	-7.200796	-7.191103	-7.196183	-15.158452	-7.181686
4067.727000	-7.181806	-7.195369	-7.173339	-7.150605	-7.154325	-7.157965	-7.187100	-7.171636	-7.187798	-7.110891	-7.167079	-7.200795	-7.191091	-7.196172	-15.158420	-7.181682
4079.123000	-7.181831	-7.195371	-7.173351	-7.150600	-7.154313	-7.157962	-7.187109	-7.171658	-7.187788	-7.110916	-7.167072	-7.200802	-7.191083	-7.196167	-15.158484	-7.181681
4090.511000	-7.181819	-7.195371	-7.173350	-7.150606	-7.154325	-7.157973	-7.187093	-7.171650	-7.187782	-7.110895	-7.167074	-7.200788	-7.191085	-7.196176	-15.158396	-7.181672
	-7.181819															
