8.185000	-7.176459	-7.169654	-7.185047	-7.165137	-7.134038	-7.182100	-7.240039	-7.223848	-7.160943	-7.203732	-7.223616	-7.217395	-7.166902	-7.213702	-15.004460	-7.325294
20.399000	-7.176525	-7.169697	-7.185056	-7.165195	-7.134092	-7.182097	-7.240079	-7.223827	-7.160827	-7.203728	-7.223633	-7.217375	-7.166892	-7.213711	-15.004296	-7.325273
32.598000	-7.176521	-7.169689	-7.185052	-7.165213	-7.134103	-7.182089	-7.240069	-7.223839	-7.160798	-7.203729	-7.223617	-7.217361	-7.166910	-7.213704	-15.004598	-7.325271
44.807000	-7.176514	-7.169699	-7.185046	-7.165215	-7.134090	-7.182090	-7.240086	-7.223857	-7.160798	-7.203745	-7.223621	-7.217363	-7.166920	-7.213705	-15.004756	-7.325260
56.996000	-7.176518	-7.169693	-7.185065	-7.165224	-7.134109	-7.182085	-7.240071	-7.223840	-7.160802	-7.203743	-7.223638	-7.217393	-7.166919	-7.213711	-15.004786	-7.325245
69.194000	-7.176531	-7.169679	-7.185061	-7.165242	-7.134124	-7.182077	-7.240076	-7.223845	-7.160810	-7.203746	-7.223641	-7.217383	-7.166932	-7.213711	-15.004870	-7.325267
81.387000	-7.176521	-7.169691	-7.185082	-7.165255	-7.134124	-7.182099	-7.240108	-7.223828	-7.160807	-7.203755	-7.223623	-7.217381	-7.166917	-7.213729	-15.005211	-7.325239
93.587000	-7.176538	-7.169687	-7.185070	-7.165254	-7.134136	-7.182088	-7.240092	-7.223868	-7.160801	-7.203744	-7.223647	-7.217383	-7.166928	-7.213721	-15.005127	-7.325239
105.769000	-7.176532	-7.169694	-7.185058	-7.165264	-7.134113	-7.182080	-7.240101	-7.223862	-7.160811	-7.203762	-7.223673	-7.217389	-7.166934	-7.213726	-15.005280	-7.325247
117.985000	-7.176540	-7.169703	-7.185059	-7.165282	-7.134134	-7.182089	-7.240089	-7.223862	-7.160812	-7.203752	-7.223660	-7.217381	-7.166946	-7.213711	-15.005171	-7.325256
130.175000	-7.176555	-7.169688	-7.185059	-7.165260	-7.134142	-7.182104	-7.240090	-7.223853	-7.160810	-7.203751	-7.223642	-7.217380	-7.166939	-7.213717	-15.005587	-7.325241
142.354000	-7.176547	-7.169700	-7.185059	-7.165260	-7.134150	-7.182106	-7.240082	-7.223851	-7.160814	-7.203767	-7.223696	-7.217406	-7.166944	-7.213722	-15.005680	-7.325276
154.543000	-7.176520	-7.169642	-7.184943	-7.165291	-7.134142	-7.182070	-7.239958	-7.223854	-7.160617	-7.203640	-7.223681	-7.217269	-7.166940	-7.213616	-15.005529	-7.325198
166.737000	-7.176407	-7.169568	-7.184743	-7.165202	-7.133900	-7.181985	-7.239740	-7.223766	-7.160295	-7.203450	-7.223555	-7.217028	-7.166848	-7.213403	-15.005954	-7.325059
178.945000	-7.176287	-7.169405	-7.184493	-7.165017	-7.133547	-7.181856	-7.239452	-7.223634	-7.159944	-7.203209	-7.223340	-7.216753	-7.166725	-7.213160	-15.005977	-7.324896
191.139000	-7.176171	-7.169222	-7.184228	-7.164818	-7.133142	-7.181712	-7.239146	-7.223474	-7.159545	-7.202983	-7.223147	-7.216481	-7.166599	-7.212891	-15.005918	-7.324734
203.337000	-7.176017	-7.169009	-7.183971	-7.164587	-7.132774	-7.181593	-7.238847	-7.223309	-7.159216	-7.202753	-7.222898	-7.216235	-7.166459	-7.212647	-15.006129	-7.324586
215.516000	-7.175877	-7.168803	-7.183749	-7.164368	-7.132444	-7.181509	-7.238592	-7.223166	-7.158920	-7.202525	-7.222720	-7.215972	-7.166282	-7.212398	-15.006207	-7.324471
227.789000	-7.175726	-7.168598	-7.183558	-7.164165	-7.132127	-7.181427	-7.238344	-7.223010	-7.158660	-7.202332	-7.222511	-7.215757	-7.166137	-7.212193	-15.006297	-7.324348
240.002000	-7.175614	-7.168407	-7.183382	-7.163955	-7.131832	-7.181344	-7.238132	-7.222886	-7.158458	-7.202172	-7.222329	-7.215579	-7.165998	-7.211983	-15.006247	-7.324224
252.199000	-7.175487	-7.168257	-7.183235	-7.163791	-7.131601	-7.181261	-7.237936	-7.222782	-7.158264	-7.202014	-7.222182	-7.215452	-7.165849	-7.211807	-15.006063	-7.324138
264.394000	-7.175402	-7.168125	-7.183132	-7.163663	-7.131371	-7.181196	-7.237808	-7.222689	-7.158149	-7.201884	-7.222067	-7.215319	-7.165750	-7.211671	-15.006199	-7.324063
276.599000	-7.175331	-7.168018	-7.183033	-7.163564	-7.131224	-7.181160	-7.237708	-7.222617	-7.158058	-7.201826	-7.221984	-7.215231	-7.165682	-7.211566	-15.006324	-7.324008
288.812000	-7.175278	-7.167953	-7.182994	-7.163484	-7.131113	-7.181157	-7.237645	-7.222561	-7.157991	-7.201779	-7.221925	-7.215177	-7.165607	-7.211518	-15.006528	-7.323966
301.030000	-7.175242	-7.167881	-7.182942	-7.163412	-7.131047	-7.181141	-7.237561	-7.222499	-7.157923	-7.201705	-7.221862	-7.215121	-7.165554	-7.211435	-15.006674	-7.323946
313.214000	-7.175201	-7.167833	-7.182900	-7.163375	-7.130983	-7.181117	-7.237547	-7.222484	-7.157895	-7.201691	-7.221830	-7.215102	-7.165508	-7.211397	-15.006463	-7.323917
325.418000	-7.175181	-7.167780	-7.182859	-7.163352	-7.130908	-7.181094	-7.237507	-7.222447	-7.157850	-7.201664	-7.221797	-7.215064	-7.165488	-7.211379	-15.006447	-7.323900
337.616000	-7.175156	-7.167747	-7.182844	-7.163328	-7.130875	-7.181085	-7.237482	-7.222453	-7.157827	-7.201631	-7.221769	-7.215054	-7.165451	-7.211355	-15.006474	-7.323891
349.804000	-7.175134	-7.167724	-7.182820	-7.163303	-7.130855	-7.181060	-7.237459	-7.222425	-7.157804	-7.201639	-7.221766	-7.215044	-7.165449	-7.211334	-15.006484	-7.323876
362.001000	-7.175125	-7.167706	-7.182804	-7.163286	-7.130814	-7.181041	-7.237445	-7.222411	-7.157770	-7.201623	-7.221738	-7.214998	-7.165437	-7.211329	-15.006643	-7.323875
374.187000	-7.175110	-7.167654	-7.182782	-7.163273	-7.130805	-7.181030	-7.237430	-7.222392	-7.157751	-7.201639	-7.221712	-7.215001	-7.165422	-7.211327	-15.006478	-7.323862
386.376000	-7.175096	-7.167669	-7.182779	-7.163244	-7.130794	-7.181022	-7.237428	-7.222383	-7.157753	-7.201636	-7.221698	-7.214982	-7.165410	-7.211325	-15.006412	-7.323866
398.578000	-7.175082	-7.167648	-7.182773	-7.163252	-7.130771	-7.181002	-7.237401	-7.222373	-7.157723	-7.201626	-7.221688	-7.214976	-7.165411	-7.211310	-15.006517	-7.323854
410.811000	-7.175069	-7.167636	-7.182776	-7.163241	-7.130777	-7.181018	-7.237389	-7.222360	-7.157719	-7.201627	-7.221694	-7.214971	-7.165386	-7.211294	-15.006627	-7.323842
422.997000	-7.175058	-7.167639	-7.182741	-7.163233	-7.130740	-7.181019	-7.237386	-7.222356	-7.157697	-7.201630	-7.221692	-7.214954	-7.165383	-7.211293	-15.006506	-7.323837
435.194000	-7.175057	-7.167613	-7.182744	-7.163223	-7.130762	-7.181018	-7.237387	-7.222332	-7.157684	-7.201612	-7.221661	-7.214939	-7.165391	-7.211299	-15.006523	-7.323832
447.378000	-7.175053	-7.167605	-7.182729	-7.163197	-7.130744	-7.181007	-7.237367	-7.222311	-7.157694	-7.201605	-7.221676	-7.214949	-7.165365	-7.211295	-15.006586	-7.323809
459.574000	-7.175057	-7.167573	-7.182745	-7.163190	-7.130708	-7.180998	-7.237353	-7.222323	-7.157680	-7.201608	-7.221667	-7.214930	-7.165367	-7.211282	-15.006835	-7.323819
471.755000	-7.175048	-7.167588	-7.182720	-7.163193	-7.130706	-7.180968	-7.237351	-7.222309	-7.157669	-7.201603	-7.221638	-7.214913	-7.165365	-7.211275	-15.006694	-7.323805
483.947000	-7.175032	-7.167576	-7.182714	-7.163192	-7.130707	-7.180997	-7.237358	-7.222305	-7.157677	-7.201609	-7.221655	-7.214909	-7.165357	-7.211261	-15.006730	-7.323812
496.141000	-7.175024	-7.167558	-7.182694	-7.163189	-7.130695	-7.180971	-7.237347	-7.222299	-7.157656	-7.201600	-7.221634	-7.214908	-7.165377	-7.211254	-15.006832	-7.323819
508.350000	-7.175016	-7.167553	-7.182694	-7.163193	-7.130675	-7.180970	-7.237355	-7.222294	-7.157627	-7.201590	-7.221641	-7.214906	-7.165371	-7.211245	-15.006682	-7.323812
520.547000	-7.175025	-7.167549	-7.182686	-7.163173	-7.130674	-7.180983	-7.237345	-7.222280	-7.157642	-7.201594	-7.221617	-7.214897	-7.165364	-7.211239	-15.006628	-7.323805
532.779000	-7.175005	-7.167555	-7.182684	-7.163170	-7.130663	-7.180976	-7.237335	-7.222267	-7.157638	-7.201581	-7.221608	-7.214895	-7.165356	-7.211252	-15.006678	-7.323819
544.956000	-7.175019	-7.167544	-7.182684	-7.163162	-7.130660	-7.180981	-7.237338	-7.222302	-7.157647	-7.201587	-7.221616	-7.214881	-7.165357	-7.211250	-15.006889	-7.323774
557.169000	-7.175002	-7.167549	-7.182679	-7.163162	-7.130647	-7.180953	-7.237315	-7.222268	-7.157608	-7.201571	-7.221614	-7.214876	-7.165363	-7.211234	-15.006968	-7.323789
569.353000	-7.174991	-7.167550	-7.182673	-7.163136	-7.130640	-7.180970	-7.237339	-7.222264	-7.157603	-7.201592	-7.221618	-7.214882	-7.165357	-7.211250	-15.006948	-7.323796
581.547000	-7.174995	-7.167531	-7.182681	-7.163135	-7.130641	-7.180971	-7.237331	-7.222277	-7.157612	-7.201605	-7.221600	-7.214875	-7.165347	-7.211242	-15.007012	-7.323782
593.736000	-7.174991	-7.167539	-7.182666	-7.163142	-7.130649	-7.180959	-7.237347	-7.222282	-7.157609	-7.201585	-7.221614	-7.214873	-7.165351	-7.211228	-15.006882	-7.323779
605.943000	-7.175003	-7.167514	-7.182659	-7.163144	-7.130657	-7.180972	-7.237330	-7.222285	-7.157602	-7.201575	-7.221596	-7.214873	-7.165351	-7.211222	-15.006993	-7.323762
618.154000	-7.174966	-7.167517	-7.182662	-7.163150	-7.130655	-7.180982	-7.237327	-7.222286	-7.157607	-7.201583	-7.221606	-7.214871	-7.165354	-7.211231	-15.007128	-7.323785
630.350000	-7.174985	-7.167516	-7.182663	-7.163145	-7.130633	-7.180958	-7.237327	-7.222285	-7.157601	-7.201583	-7.221582	-7.214852	-7.165345	-7.211209	-15.006825	-7.323764
642.542000	-7.174985	-7.167523	-7.182658	-7.163139	-7.130635	-7.180974	-7.237315	-7.222286	-7.157602	-7.201592	-7.221589	-7.214863	-7.165351	-7.211218	-15.006753	-7.323784
654.721000	-7.174985	-7.167512	-7.182672	-7.163137	-7.130628	-7.180970	-7.237317	-7.222273	-7.157597	-7.201577	-7.221602	-7.214851	-7.165331	-7.211214	-15.006853	-7.323761
666.887000	-7.174981	-7.167516	-7.182662	-7.163142	-7.130621	-7.180947	-7.237308	-7.222266	-7.157595	-7.201570	-7.221593	-7.214864	-7.165340	-7.211202	-15.007014	-7.323771
679.100000	-7.174990	-7.167521	-7.182662	-7.163133	-7.130624	-7.180951	-7.237315	-7.222281	-7.157587	-7.201560	-7.221592	-7.214845	-7.165337	-7.211198	-15.006841	-7.323757
691.303000	-7.174985	-7.167512	-7.182674	-7.163138	-7.130621	-7.180960	-7.237314	-7.222274	-7.157582	-7.201577	-7.221587	-7.214833	-7.165333	-7.211190	-15.006901	-7.323753
703.476000	-7.174983	-7.167501	-7.182663	-7.163131	-7.130611	-7.180924	-7.237316	-7.222278	-7.157578	-7.201572	-7.221609	-7.214857	-7.165340	-7.211191	-15.006750	-7.323756
715.685000	-7.174981	-7.167505	-7.182657	-7.163122	-7.130634	-7.180926	-7.237311	-7.222261	-7.157571	-7.201588	-7.221588	-7.214847	-7.165331	-7.211222	-15.006795	-7.323761
727.890000	-7.174972	-7.167490	-7.182655	-7.163130	-7.130628	-7.180913	-7.237318	-7.222270	-7.157582	-7.201581	-7.221607	-7.214851	-7.165331	-7.211215	-15.006765	-7.323779
740.108000	-7.174987	-7.167490	-7.182641	-7.163130	-7.130628	-7.180903	-7.237327	-7.222255	-7.157570	-7.201594	-7.221579	-7.214858	-7.165325	-7.211218	-15.006864	-7.323763
752.308000	-7.174981	-7.167479	-7.182657	-7.163132	-7.130624	-7.180895	-7.237308	-7.222257	-7.157574	-7.201574	-7.221599	-7.214832	-7.165318	-7.211216	-15.007048	-7.323765
764.536000	-7.174977	-7.167478	-7.182658	-7.163130	-7.130628	-7.180884	-7.237287	-7.222279	-7.157577	-7.201587	-7.221580	-7.214847	-7.165319	-7.211216	-15.007046	-7.323780
776.718000	-7.174968	-7.167486	-7.182647	-7.163121	-7.130626	-7.180891	-7.237289	-7.222264	-7.157555	-7.201571	-7.221571	-7.214828	-7.165336	-7.211221	-15.007106	-7.323770
788.899000	-7.174981	-7.167488	-7.182652	-7.163121	-7.130611	-7.180871	-7.237297	-7.222251	-7.157576	-7.201549	-7.221575	-7.214839	-7.165317	-7.211208	-15.006950	-7.323755
801.110000	-7.174962	-7.167478	-7.182641	-7.163122	-7.130602	-7.180862	-7.237288	-7.222258	-7.157562	-7.201559	-7.221593	-7.214827	-7.165318	-7.211211	-15.006866	-7.323747
813.299000	-7.174969	-7.167475	-7.182652	-7.163117	-7.130599	-7.180851	-7.237283	-7.222265	-7.157572	-7.201557	-7.221565	-7.214831	-7.165308	-7.211222	-15.006855	-7.323764
825.497000	-7.174979	-7.167464	-7.182648	-7.163107	-7.130592	-7.180852	-7.237301	-7.222254	-7.157577	-7.201568	-7.221590	-7.214833	-7.165325	-7.211210	-15.006885	-7.323751
837.697000	-7.174960	-7.167458	-7.182640	-7.163099	-7.130591	-7.180852	-7.237297	-7.222256	-7.157559	-7.201565	-7.221598	-7.214837	-7.165305	-7.211203	-15.006759	-7.323752
849.904000	-7.174983	-7.167486	-7.182654	-7.163118	-7.130586	-7.180860	-7.237283	-7.222264	-7.157546	-7.201581	-7.221576	-7.214830	-7.165326	-7.211205	-15.006847	-7.323764
862.115000	-7.174970	-7.167472	-7.182637	-7.163107	-7.130576	-7.180836	-7.237284	-7.222253	-7.157536	-7.201599	-7.221595	-7.214830	-7.165327	-7.211216	-15.006909	-7.323757
874.312000	-7.174966	-7.167478	-7.182638	-7.163106	-7.130581	-7.180811	-7.237298	-7.222246	-7.157538	-7.201609	-7.221586	-7.214827	-7.165329	-7.211226	-15.006842	-7.323758
886.519000	-7.174973	-7.167478	-7.182635	-7.163129	-7.130587	-7.180832	-7.237338	-7.222238	-7.157541	-7.201604	-7.221581	-7.214831	-7.165321	-7.211217	-15.006977	-7.323779
898.709000	-7.174964	-7.167481	-7.182637	-7.163139	-7.130587	-7.180836	-7.237330	-7.222246	-7.157542	-7.201595	-7.221594	-7.214855	-7.165323	-7.211218	-15.006944	-7.323753
910.894000	-7.174971	-7.167475	-7.182645	-7.163110	-7.130578	-7.180831	-7.237325	-7.222249	-7.157535	-7.201603	-7.221595	-7.214847	-7.165328	-7.211232	-15.006691	-7.323763
923.108000	-7.174982	-7.167454	-7.182640	-7.163127	-7.130570	-7.180790	-7.237321	-7.222238	-7.157543	-7.201614	-7.221584	-7.214811	-7.165323	-7.211220	-15.006976	-7.323774
935.289000	-7.174976	-7.167446	-7.182630	-7.163119	-7.130588	-7.180818	-7.237294	-7.222249	-7.157533	-7.201596	-7.221585	-7.214834	-7.165329	-7.211215	-15.006795	-7.323770
947.519000	-7.174966	-7.167457	-7.182634	-7.163120	-7.130582	-7.180798	-7.237307	-7.222238	-7.157536	-7.201606	-7.221574	-7.214835	-7.165312	-7.211209	-15.006921	-7.323767
959.720000	-7.174975	-7.167446	-7.182634	-7.163118	-7.130578	-7.180800	-7.237303	-7.222251	-7.157526	-7.201600	-7.221589	-7.214840	-7.165316	-7.211210	-15.006892	-7.323764
971.910000	-7.174967	-7.167459	-7.182619	-7.163122	-7.130564	-7.180806	-7.237315	-7.222253	-7.157548	-7.201613	-7.221582	-7.214816	-7.165303	-7.211210	-15.006967	-7.323758
984.090000	-7.174973	-7.167470	-7.182623	-7.163110	-7.130574	-7.180811	-7.237298	-7.222242	-7.157533	-7.201621	-7.221578	-7.214819	-7.165318	-7.211226	-15.007016	-7.323757
996.269000	-7.174972	-7.167467	-7.182628	-7.163115	-7.130580	-7.180808	-7.237289	-7.222250	-7.157521	-7.201588	-7.221574	-7.214812	-7.165307	-7.211211	-15.006914	-7.323739
1008.489000	-7.174980	-7.167449	-7.182640	-7.163103	-7.130591	-7.180793	-7.237300	-7.222244	-7.157523	-7.201599	-7.221567	-7.214826	-7.165302	-7.211213	-15.006837	-7.323753
1020.685000	-7.174968	-7.167448	-7.182627	-7.163114	-7.130600	-7.180797	-7.237300	-7.222244	-7.157515	-7.201596	-7.221585	-7.214830	-7.165289	-7.211220	-15.007114	-7.323750
1032.882000	-7.174974	-7.167467	-7.182616	-7.163107	-7.130593	-7.180797	-7.237326	-7.222236	-7.157518	-7.201598	-7.221576	-7.214829	-7.165296	-7.211216	-15.007108	-7.323744
1045.076000	-7.174977	-7.167458	-7.182612	-7.163101	-7.130587	-7.180810	-7.237331	-7.222243	-7.157519	-7.201600	-7.221572	-7.214833	-7.165310	-7.211216	-15.007263	-7.323746
1057.265000	-7.174964	-7.167448	-7.182612	-7.163105	-7.130581	-7.180815	-7.237323	-7.222242	-7.157507	-7.201612	-7.221581	-7.214824	-7.165303	-7.211217	-15.007359	-7.323753
1069.451000	-7.174981	-7.167472	-7.182622	-7.163108	-7.130568	-7.180812	-7.237313	-7.222218	-7.157519	-7.201599	-7.221554	-7.214804	-7.165301	-7.211197	-15.007017	-7.323732
1081.644000	-7.174964	-7.167471	-7.182617	-7.163114	-7.130566	-7.180822	-7.237332	-7.222227	-7.157507	-7.201609	-7.221554	-7.214814	-7.165314	-7.211189	-15.006979	-7.323748
1093.857000	-7.174980	-7.167468	-7.182620	-7.163105	-7.130583	-7.180810	-7.237333	-7.222239	-7.157509	-7.201615	-7.221582	-7.214839	-7.165301	-7.211200	-15.006911	-7.323752
1106.033000	-7.174961	-7.167456	-7.182606	-7.163110	-7.130593	-7.180811	-7.237327	-7.222234	-7.157510	-7.201621	-7.221570	-7.214824	-7.165303	-7.211203	-15.007085	-7.323737
1118.213000	-7.174954	-7.167444	-7.182607	-7.163096	-7.130584	-7.180820	-7.237323	-7.222224	-7.157508	-7.201608	-7.221590	-7.214821	-7.165323	-7.211206	-15.007122	-7.323744
1130.414000	-7.174956	-7.167440	-7.182616	-7.163116	-7.130581	-7.180851	-7.237322	-7.222219	-7.157542	-7.201634	-7.221417	-7.214784	-7.165243	-7.211203	-15.007033	-7.323577
1142.613000	-7.175209	-7.167728	-7.183119	-7.163127	-7.130813	-7.180943	-7.237866	-7.222278	-7.158334	-7.202056	-7.221594	-7.215392	-7.165357	-7.211616	-15.006939	-7.323953
1154.828000	-7.175511	-7.168071	-7.183751	-7.163547	-7.131653	-7.181323	-7.238590	-7.222622	-7.159323	-7.202671	-7.222154	-7.216096	-7.165703	-7.212240	-15.006904	-7.324424
1167.035000	-7.175836	-7.168534	-7.184320	-7.164050	-7.132536	-7.181692	-7.239208	-7.223018	-7.160111	-7.203199	-7.222681	-7.216660	-7.166108	-7.212828	-15.006931	-7.324770
1179.220000	-7.176112	-7.168963	-7.184810	-7.164483	-7.133300	-7.182021	-7.239741	-7.223350	-7.160683	-7.203615	-7.223127	-7.217116	-7.166430	-7.213287	-15.006780	-7.325042
1191.407000	-7.176351	-7.169332	-7.185161	-7.164889	-7.133945	-7.182213	-7.240154	-7.223635	-7.161127	-7.203923	-7.223489	-7.217455	-7.166714	-7.213659	-15.006726	-7.325222
1203.619000	-7.176536	-7.169649	-7.185440	-7.165216	-7.134469	-7.182387	-7.240489	-7.223879	-7.161463	-7.204166	-7.223754	-7.217737	-7.166945	-7.213977	-15.006750	-7.325359
1215.811000	-7.176685	-7.169900	-7.185661	-7.165463	-7.134876	-7.182484	-7.240753	-7.224053	-7.161706	-7.204365	-7.223986	-7.217948	-7.167111	-7.214214	-15.006769	-7.325474
1227.992000	-7.176822	-7.170114	-7.185829	-7.165698	-7.135198	-7.182556	-7.240942	-7.224204	-7.161910	-7.204513	-7.224147	-7.218107	-7.167246	-7.214413	-15.006521	-7.325571
1240.200000	-7.176912	-7.170268	-7.185961	-7.165842	-7.135457	-7.182611	-7.241101	-7.224329	-7.162071	-7.204624	-7.224299	-7.218230	-7.167362	-7.214570	-15.006804	-7.325668
1252.391000	-7.177016	-7.170406	-7.186053	-7.165968	-7.135633	-7.182661	-7.241209	-7.224417	-7.162181	-7.204708	-7.224391	-7.218334	-7.167481	-7.214694	-15.006766	-7.325712
1264.590000	-7.177085	-7.170528	-7.186138	-7.166072	-7.135762	-7.182690	-7.241313	-7.224490	-7.162286	-7.204788	-7.224473	-7.218418	-7.167546	-7.214792	-15.006803	-7.325747
1276.778000	-7.177135	-7.170601	-7.186223	-7.166147	-7.135888	-7.182713	-7.241372	-7.224570	-7.162351	-7.204849	-7.224536	-7.218469	-7.167607	-7.214860	-15.006509	-7.325774
1288.960000	-7.177184	-7.170656	-7.186277	-7.166214	-7.135981	-7.182732	-7.241437	-7.224618	-7.162409	-7.204893	-7.224604	-7.218545	-7.167654	-7.214928	-15.006714	-7.325810
1301.144000	-7.177233	-7.170721	-7.186310	-7.166280	-7.136044	-7.182778	-7.241487	-7.224667	-7.162480	-7.204928	-7.224629	-7.218583	-7.167693	-7.214966	-15.006772	-7.325821
1313.325000	-7.177267	-7.170786	-7.186344	-7.166328	-7.136096	-7.182806	-7.241512	-7.224713	-7.162523	-7.204962	-7.224674	-7.218637	-7.167739	-7.215011	-15.006856	-7.325853
1325.506000	-7.177291	-7.170826	-7.186377	-7.166362	-7.136147	-7.182837	-7.241558	-7.224760	-7.162549	-7.204974	-7.224693	-7.218667	-7.167761	-7.215058	-15.006586	-7.325863
1337.669000	-7.177304	-7.170840	-7.186398	-7.166410	-7.136190	-7.182855	-7.241599	-7.224810	-7.162583	-7.205011	-7.224754	-7.218683	-7.167785	-7.215094	-15.006604	-7.325892
1349.860000	-7.177337	-7.170874	-7.186439	-7.166426	-7.136214	-7.182873	-7.241610	-7.224835	-7.162634	-7.205030	-7.224779	-7.218709	-7.167815	-7.215112	-15.006773	-7.325914
1362.060000	-7.177349	-7.170896	-7.186455	-7.166446	-7.136266	-7.182901	-7.241648	-7.224885	-7.162660	-7.205056	-7.224804	-7.218753	-7.167826	-7.215152	-15.006784	-7.325930
1374.288000	-7.177357	-7.170929	-7.186464	-7.166460	-7.136295	-7.182930	-7.241651	-7.224931	-7.162678	-7.205056	-7.224816	-7.218768	-7.167839	-7.215168	-15.006591	-7.325943
1386.464000	-7.177389	-7.170950	-7.186482	-7.166487	-7.136324	-7.182972	-7.241673	-7.224967	-7.162698	-7.205071	-7.224821	-7.218782	-7.167856	-7.215174	-15.006766	-7.325959
1398.654000	-7.177401	-7.170983	-7.186513	-7.166495	-7.136339	-7.182981	-7.241690	-7.225002	-7.162722	-7.205086	-7.224850	-7.218802	-7.167854	-7.215218	-15.006453	-7.325971
1410.853000	-7.177429	-7.170982	-7.186518	-7.166528	-7.136357	-7.183007	-7.241695	-7.225049	-7.162739	-7.205109	-7.224875	-7.218824	-7.167873	-7.215217	-15.006545	-7.325998
1423.028000	-7.177433	-7.170995	-7.186539	-7.166538	-7.136363	-7.183024	-7.241705	-7.225102	-7.162750	-7.205111	-7.224884	-7.218840	-7.167898	-7.215235	-15.006603	-7.325992
1435.241000	-7.177455	-7.171024	-7.186560	-7.166578	-7.136394	-7.183037	-7.241721	-7.225138	-7.162747	-7.205116	-7.224901	-7.218830	-7.167902	-7.215256	-15.006555	-7.326018
1447.413000	-7.177463	-7.171040	-7.186554	-7.166590	-7.136408	-7.183073	-7.241725	-7.225187	-7.162778	-7.205121	-7.224923	-7.218856	-7.167919	-7.215241	-15.006658	-7.326009
1459.638000	-7.177474	-7.171050	-7.186584	-7.166587	-7.136419	-7.183101	-7.241731	-7.225221	-7.162797	-7.205136	-7.224923	-7.218875	-7.167925	-7.215262	-15.006731	-7.326025
1471.830000	-7.177497	-7.171066	-7.186587	-7.166602	-7.136425	-7.183118	-7.241752	-7.225252	-7.162798	-7.205150	-7.224928	-7.218882	-7.167924	-7.215274	-15.006611	-7.326039
1484.027000	-7.177503	-7.171081	-7.186613	-7.166610	-7.136430	-7.183139	-7.241755	-7.225298	-7.162813	-7.205148	-7.224945	-7.218887	-7.167941	-7.215293	-15.006525	-7.326027
1496.245000	-7.177518	-7.171082	-7.186598	-7.166614	-7.136436	-7.183154	-7.241757	-7.225310	-7.162831	-7.205155	-7.224967	-7.218894	-7.167959	-7.215320	-15.006606	-7.326044
1508.418000	-7.177532	-7.171096	-7.186603	-7.166635	-7.136468	-7.183156	-7.241770	-7.225334	-7.162838	-7.205180	-7.224957	-7.218895	-7.167958	-7.215311	-15.006719	-7.326049
1520.603000	-7.177548	-7.171122	-7.186637	-7.166651	-7.136468	-7.183179	-7.241775	-7.225370	-7.162849	-7.205200	-7.224978	-7.218939	-7.167966	-7.215330	-15.006689	-7.326053
1532.792000	-7.177551	-7.171126	-7.186635	-7.166662	-7.136492	-7.183186	-7.241805	-7.225392	-7.162837	-7.205184	-7.224985	-7.218925	-7.167958	-7.215325	-15.006479	-7.326053
1544.989000	-7.177557	-7.171108	-7.186646	-7.166666	-7.136493	-7.183197	-7.241808	-7.225423	-7.162873	-7.205203	-7.225002	-7.218940	-7.167959	-7.215341	-15.006494	-7.326061
1557.187000	-7.177570	-7.171132	-7.186667	-7.166673	-7.136497	-7.183205	-7.241820	-7.225436	-7.162876	-7.205205	-7.225020	-7.218948	-7.167980	-7.215339	-15.006535	-7.326070
1569.356000	-7.177579	-7.171138	-7.186663	-7.166683	-7.136497	-7.183218	-7.241816	-7.225460	-7.162884	-7.205209	-7.225007	-7.218939	-7.167973	-7.215336	-15.006446	-7.326075
1581.556000	-7.177576	-7.171150	-7.186691	-7.166689	-7.136518	-7.183236	-7.241812	-7.225467	-7.162893	-7.205196	-7.225018	-7.218956	-7.167977	-7.215351	-15.006560	-7.326075
1593.746000	-7.177587	-7.171142	-7.186674	-7.166712	-7.136524	-7.183235	-7.241810	-7.225489	-7.162900	-7.205207	-7.225025	-7.218969	-7.167986	-7.215362	-15.006698	-7.326077
1605.935000	-7.177591	-7.171158	-7.186689	-7.166718	-7.136524	-7.183243	-7.241829	-7.225506	-7.162916	-7.205207	-7.225035	-7.218960	-7.167996	-7.215364	-15.006518	-7.326077
1618.099000	-7.177607	-7.171164	-7.186690	-7.166706	-7.136552	-7.183245	-7.241848	-7.225545	-7.162919	-7.205214	-7.225048	-7.218964	-7.167994	-7.215380	-15.006574	-7.326095
1630.290000	-7.177605	-7.171159	-7.186697	-7.166727	-7.136545	-7.183259	-7.241855	-7.225543	-7.162925	-7.205223	-7.225042	-7.218979	-7.168001	-7.215372	-15.006618	-7.326074
1642.471000	-7.177605	-7.171160	-7.186690	-7.166720	-7.136548	-7.183277	-7.241854	-7.225553	-7.162935	-7.205221	-7.225055	-7.218983	-7.167996	-7.215368	-15.006442	-7.326100
1654.662000	-7.177625	-7.171189	-7.186701	-7.166735	-7.136548	-7.183281	-7.241854	-7.225569	-7.162953	-7.205224	-7.225060	-7.218990	-7.168003	-7.215371	-15.006485	-7.326105
1666.853000	-7.177622	-7.171172	-7.186713	-7.166755	-7.136551	-7.183292	-7.241856	-7.225588	-7.162948	-7.205222	-7.225066	-7.218986	-7.168012	-7.215384	-15.006528	-7.326097
1679.068000	-7.177632	-7.171189	-7.186710	-7.166750	-7.136563	-7.183299	-7.241852	-7.225594	-7.162967	-7.205213	-7.225072	-7.218986	-7.168006	-7.215373	-15.006740	-7.326098
1691.280000	-7.177629	-7.171165	-7.186732	-7.166760	-7.136564	-7.183303	-7.241861	-7.225609	-7.162959	-7.205235	-7.225098	-7.218987	-7.168022	-7.215393	-15.006784	-7.326092
1703.471000	-7.177655	-7.171183	-7.186740	-7.166766	-7.136563	-7.183304	-7.241855	-7.225616	-7.162964	-7.205237	-7.225076	-7.219005	-7.168023	-7.215387	-15.006219	-7.326086
1715.666000	-7.177635	-7.171192	-7.186752	-7.166758	-7.136564	-7.183308	-7.241865	-7.225621	-7.162976	-7.205229	-7.225088	-7.219017	-7.168016	-7.215388	-15.006223	-7.326114
1727.847000	-7.177645	-7.171202	-7.186757	-7.166789	-7.136580	-7.183326	-7.241865	-7.225648	-7.162961	-7.205237	-7.225100	-7.219017	-7.168019	-7.215392	-15.006265	-7.326114
1740.018000	-7.177659	-7.171178	-7.186761	-7.166798	-7.136554	-7.183324	-7.241872	-7.225656	-7.163001	-7.205223	-7.225107	-7.219017	-7.168012	-7.215399	-15.006340	-7.326108
1752.210000	-7.177653	-7.171202	-7.186765	-7.166782	-7.136580	-7.183328	-7.241871	-7.225660	-7.162998	-7.205236	-7.225100	-7.219028	-7.168020	-7.215405	-15.006335	-7.326111
1764.423000	-7.177659	-7.171197	-7.186764	-7.166792	-7.136584	-7.183328	-7.241876	-7.225672	-7.163016	-7.205246	-7.225101	-7.219022	-7.168020	-7.215433	-15.006173	-7.326117
1776.613000	-7.177668	-7.171197	-7.186775	-7.166802	-7.136580	-7.183342	-7.241884	-7.225682	-7.163006	-7.205243	-7.225096	-7.219032	-7.168019	-7.215420	-15.006390	-7.326108
1788.798000	-7.177660	-7.171207	-7.186764	-7.166820	-7.136589	-7.183340	-7.241892	-7.225686	-7.163020	-7.205240	-7.225103	-7.219033	-7.168034	-7.215428	-15.006570	-7.326119
1801.000000	-7.177694	-7.171195	-7.186751	-7.166815	-7.136614	-7.183355	-7.241887	-7.225696	-7.163025	-7.205263	-7.225109	-7.219043	-7.168043	-7.215452	-15.006435	-7.326118
1813.194000	-7.177691	-7.171191	-7.186766	-7.166835	-7.136594	-7.183355	-7.241885	-7.225692	-7.163029	-7.205253	-7.225124	-7.219037	-7.168049	-7.215451	-15.006546	-7.326127
1825.395000	-7.177693	-7.171214	-7.186787	-7.166817	-7.136612	-7.183355	-7.241892	-7.225694	-7.163035	-7.205260	-7.225123	-7.219038	-7.168040	-7.215432	-15.006597	-7.326129
1837.590000	-7.177680	-7.171206	-7.186800	-7.166848	-7.136610	-7.183359	-7.241898	-7.225712	-7.163029	-7.205254	-7.225111	-7.219044	-7.168050	-7.215451	-15.006561	-7.326117
1849.803000	-7.177695	-7.171217	-7.186808	-7.166853	-7.136608	-7.183361	-7.241896	-7.225739	-7.163042	-7.205258	-7.225131	-7.219042	-7.168055	-7.215440	-15.006611	-7.326125
1862.029000	-7.177706	-7.171216	-7.186820	-7.166875	-7.136622	-7.183360	-7.241904	-7.225745	-7.163048	-7.205272	-7.225142	-7.219052	-7.168054	-7.215454	-15.006470	-7.326132
1874.199000	-7.177686	-7.171221	-7.186800	-7.166867	-7.136617	-7.183367	-7.241895	-7.225743	-7.163033	-7.205258	-7.225141	-7.219052	-7.168064	-7.215443	-15.006632	-7.326121
1886.397000	-7.177699	-7.171222	-7.186801	-7.166861	-7.136629	-7.183366	-7.241906	-7.225761	-7.163048	-7.205279	-7.225124	-7.219046	-7.168059	-7.215456	-15.006471	-7.326122
1898.593000	-7.177717	-7.171211	-7.186818	-7.166863	-7.136616	-7.183361	-7.241913	-7.225757	-7.163046	-7.205270	-7.225136	-7.219047	-7.168060	-7.215435	-15.006617	-7.326125
1910.819000	-7.177718	-7.171214	-7.186821	-7.166876	-7.136621	-7.183384	-7.241909	-7.225763	-7.163051	-7.205270	-7.225141	-7.219043	-7.168074	-7.215443	-15.006548	-7.326125
1923.025000	-7.177715	-7.171218	-7.186820	-7.166869	-7.136626	-7.183382	-7.241918	-7.225759	-7.163062	-7.205276	-7.225155	-7.219059	-7.168073	-7.215468	-15.006627	-7.326136
1935.232000	-7.177727	-7.171224	-7.186829	-7.166873	-7.136617	-7.183388	-7.241927	-7.225782	-7.163069	-7.205272	-7.225169	-7.219059	-7.168073	-7.215438	-15.006337	-7.326122
1947.429000	-7.177711	-7.171231	-7.186839	-7.166868	-7.136637	-7.183403	-7.241927	-7.225783	-7.163076	-7.205281	-7.225157	-7.219063	-7.168067	-7.215437	-15.006471	-7.326154
1959.610000	-7.177726	-7.171234	-7.186854	-7.166888	-7.136638	-7.183399	-7.241931	-7.225784	-7.163078	-7.205279	-7.225152	-7.219059	-7.168081	-7.215477	-15.006507	-7.326135
1971.807000	-7.177720	-7.171237	-7.186863	-7.166894	-7.136637	-7.183403	-7.241924	-7.225783	-7.163086	-7.205280	-7.225160	-7.219049	-7.168087	-7.215461	-15.006436	-7.326154
1984.009000	-7.177730	-7.171226	-7.186855	-7.166899	-7.136643	-7.183409	-7.241932	-7.225791	-7.163065	-7.205291	-7.225160	-7.219056	-7.168097	-7.215465	-15.006324	-7.326151
1996.191000	-7.177739	-7.171219	-7.186853	-7.166921	-7.136633	-7.183415	-7.241936	-7.225798	-7.163085	-7.205291	-7.225166	-7.219061	-7.168095	-7.215474	-15.006544	-7.326154
2008.380000	-7.177733	-7.171235	-7.186873	-7.166915	-7.136634	-7.183411	-7.241931	-7.225780	-7.163084	-7.205301	-7.225161	-7.219066	-7.168090	-7.215474	-15.006331	-7.326140
2020.570000	-7.177747	-7.171243	-7.186871	-7.166920	-7.136634	-7.183408	-7.241922	-7.225805	-7.163084	-7.205300	-7.225180	-7.219063	-7.168097	-7.215471	-15.006335	-7.326135
2032.745000	-7.177738	-7.171240	-7.186879	-7.166914	-7.136651	-7.183408	-7.241920	-7.225812	-7.163082	-7.205298	-7.225184	-7.219074	-7.168098	-7.215473	-15.006247	-7.326147
2044.946000	-7.177743	-7.171246	-7.186878	-7.166916	-7.136650	-7.183370	-7.241921	-7.225814	-7.163066	-7.205300	-7.225195	-7.219068	-7.168113	-7.215453	-15.006334	-7.326183
2057.156000	-7.177678	-7.171187	-7.186692	-7.166904	-7.136633	-7.183275	-7.241789	-7.225747	-7.162846	-7.205155	-7.225150	-7.218907	-7.168070	-7.215314	-15.006393	-7.326045
2069.345000	-7.177526	-7.171060	-7.186407	-7.166735	-7.136335	-7.182897	-7.241533	-7.225350	-7.162419	-7.204906	-7.224942	-7.218628	-7.167929	-7.215063	-15.006558	-7.325854
2081.552000	-7.177331	-7.170870	-7.186112	-7.166480	-7.135937	-7.182661	-7.241248	-7.224830	-7.162040	-7.204661	-7.224704	-7.218362	-7.167762	-7.214802	-15.006408	-7.325693
2093.763000	-7.177203	-7.170663	-7.185877	-7.166246	-7.135558	-7.182502	-7.240996	-7.224572	-7.161747	-7.204483	-7.224495	-7.218132	-7.167628	-7.214571	-15.006526	-7.325586
2105.936000	-7.177069	-7.170469	-7.185710	-7.166047	-7.135235	-7.182419	-7.240810	-7.224408	-7.161538	-7.204323	-7.224333	-7.217976	-7.167494	-7.214403	-15.006453	-7.325497
2118.145000	-7.176978	-7.170334	-7.185572	-7.165893	-7.134992	-7.182337	-7.240662	-7.224288	-7.161370	-7.204195	-7.224201	-7.217859	-7.167399	-7.214265	-15.006491	-7.325422
2130.344000	-7.176910	-7.170238	-7.185476	-7.165783	-7.134786	-7.182299	-7.240557	-7.224176	-7.161292	-7.204105	-7.224093	-7.217778	-7.167290	-7.214151	-15.006478	-7.325398
2142.544000	-7.176864	-7.170131	-7.185399	-7.165681	-7.134678	-7.182265	-7.240453	-7.224108	-7.161209	-7.204042	-7.224022	-7.217720	-7.167243	-7.214066	-15.006498	-7.325325
2154.737000	-7.176808	-7.170053	-7.185353	-7.165605	-7.134561	-7.182243	-7.240384	-7.224080	-7.161137	-7.203988	-7.223961	-7.217659	-7.167211	-7.214024	-15.006549	-7.325327
2166.921000	-7.176783	-7.169991	-7.185305	-7.165550	-7.134487	-7.182221	-7.240342	-7.224028	-7.161097	-7.203956	-7.223925	-7.217625	-7.167151	-7.213978	-15.006426	-7.325299
2179.092000	-7.176770	-7.169939	-7.185273	-7.165523	-7.134434	-7.182201	-7.240284	-7.224013	-7.161066	-7.203917	-7.223908	-7.217599	-7.167140	-7.213937	-15.006361	-7.325280
2191.284000	-7.176743	-7.169928	-7.185233	-7.165489	-7.134378	-7.182202	-7.240270	-7.223979	-7.161041	-7.203917	-7.223873	-7.217555	-7.167099	-7.213893	-15.006671	-7.325274
2203.484000	-7.176726	-7.169911	-7.185210	-7.165466	-7.134357	-7.182178	-7.240258	-7.223965	-7.161020	-7.203874	-7.223845	-7.217551	-7.167087	-7.213871	-15.006592	-7.325254
2215.682000	-7.176716	-7.169891	-7.185203	-7.165446	-7.134330	-7.182183	-7.240231	-7.223949	-7.160992	-7.203865	-7.223801	-7.217533	-7.167069	-7.213846	-15.006364	-7.325246
2227.866000	-7.176687	-7.169875	-7.185208	-7.165411	-7.134306	-7.182181	-7.240209	-7.223938	-7.160980	-7.203853	-7.223798	-7.217511	-7.167037	-7.213830	-15.006431	-7.325227
2240.047000	-7.176687	-7.169859	-7.185183	-7.165384	-7.134284	-7.182164	-7.240201	-7.223936	-7.160970	-7.203848	-7.223788	-7.217507	-7.167029	-7.213823	-15.006724	-7.325218
2252.226000	-7.176679	-7.169839	-7.185187	-7.165399	-7.134271	-7.182179	-7.240198	-7.223949	-7.160954	-7.203838	-7.223795	-7.217502	-7.167026	-7.213801	-15.006527	-7.325209
2264.403000	-7.176657	-7.169825	-7.185179	-7.165400	-7.134276	-7.182164	-7.240197	-7.223921	-7.160940	-7.203819	-7.223786	-7.217495	-7.167019	-7.213788	-15.006564	-7.325208
2276.598000	-7.176672	-7.169816	-7.185167	-7.165380	-7.134255	-7.182170	-7.240186	-7.223927	-7.160932	-7.203820	-7.223764	-7.217484	-7.167004	-7.213788	-15.006562	-7.325211
2288.797000	-7.176660	-7.169820	-7.185159	-7.165382	-7.134247	-7.182174	-7.240166	-7.223901	-7.160918	-7.203811	-7.223774	-7.217464	-7.167004	-7.213780	-15.006638	-7.325200
2301.007000	-7.176660	-7.169804	-7.185143	-7.165369	-7.134235	-7.182163	-7.240164	-7.223900	-7.160914	-7.203816	-7.223754	-7.217460	-7.166999	-7.213767	-15.006613	-7.325202
2313.188000	-7.176645	-7.169792	-7.185144	-7.165377	-7.134215	-7.182158	-7.240166	-7.223906	-7.160911	-7.203814	-7.223734	-7.217456	-7.166979	-7.213768	-15.006547	-7.325206
2325.379000	-7.176639	-7.169790	-7.185151	-7.165350	-7.134209	-7.182150	-7.240160	-7.223906	-7.160909	-7.203814	-7.223734	-7.217444	-7.166996	-7.213754	-15.006684	-7.325202
2337.590000	-7.176637	-7.169778	-7.185140	-7.165360	-7.134208	-7.182152	-7.240155	-7.223887	-7.160912	-7.203813	-7.223737	-7.217457	-7.166984	-7.213758	-15.006759	-7.325202
2349.773000	-7.176644	-7.169792	-7.185121	-7.165355	-7.134212	-7.182151	-7.240143	-7.223882	-7.160892	-7.203811	-7.223723	-7.217443	-7.166982	-7.213736	-15.006560	-7.325193
2361.976000	-7.176631	-7.169766	-7.185132	-7.165349	-7.134195	-7.182160	-7.240155	-7.223878	-7.160897	-7.203807	-7.223738	-7.217435	-7.166974	-7.213746	-15.006451	-7.325192
2374.163000	-7.176610	-7.169770	-7.185116	-7.165354	-7.134194	-7.182145	-7.240156	-7.223867	-7.160881	-7.203801	-7.223727	-7.217425	-7.166958	-7.213738	-15.006548	-7.325196
2386.356000	-7.176622	-7.169768	-7.185125	-7.165347	-7.134195	-7.182142	-7.240127	-7.223879	-7.160889	-7.203793	-7.223719	-7.217445	-7.166972	-7.213728	-15.006630	-7.325208
2398.553000	-7.176635	-7.169756	-7.185126	-7.165339	-7.134175	-7.182144	-7.240143	-7.223876	-7.160890	-7.203786	-7.223717	-7.217415	-7.166965	-7.213720	-15.006466	-7.325174
2410.760000	-7.176626	-7.169764	-7.185119	-7.165339	-7.134186	-7.182143	-7.240137	-7.223882	-7.160886	-7.203793	-7.223710	-7.217435	-7.166961	-7.213740	-15.006491	-7.325176
2422.959000	-7.176631	-7.169760	-7.185120	-7.165317	-7.134189	-7.182157	-7.240124	-7.223869	-7.160885	-7.203800	-7.223717	-7.217422	-7.166972	-7.213722	-15.006600	-7.325196
2435.142000	-7.176626	-7.169769	-7.185118	-7.165324	-7.134162	-7.182146	-7.240142	-7.223882	-7.160878	-7.203791	-7.223724	-7.217421	-7.166955	-7.213709	-15.006432	-7.325185
2447.332000	-7.176609	-7.169738	-7.185112	-7.165304	-7.134164	-7.182146	-7.240113	-7.223871	-7.160861	-7.203777	-7.223719	-7.217438	-7.166962	-7.213727	-15.006470	-7.325195
2459.549000	-7.176607	-7.169744	-7.185133	-7.165317	-7.134171	-7.182149	-7.240110	-7.223860	-7.160859	-7.203783	-7.223695	-7.217425	-7.166944	-7.213736	-15.006339	-7.325174
2471.786000	-7.176601	-7.169747	-7.185125	-7.165300	-7.134174	-7.182157	-7.240109	-7.223855	-7.160857	-7.203789	-7.223707	-7.217424	-7.166946	-7.213731	-15.006243	-7.325163
2483.966000	-7.176596	-7.169741	-7.185112	-7.165293	-7.134162	-7.182149	-7.240114	-7.223882	-7.160862	-7.203778	-7.223700	-7.217407	-7.166964	-7.213732	-15.006375	-7.325168
2496.159000	-7.176599	-7.169740	-7.185107	-7.165290	-7.134150	-7.182141	-7.240113	-7.223880	-7.160850	-7.203773	-7.223690	-7.217412	-7.166954	-7.213718	-15.006278	-7.325167
2508.351000	-7.176601	-7.169758	-7.185105	-7.165308	-7.134138	-7.182131	-7.240116	-7.223869	-7.160857	-7.203779	-7.223717	-7.217406	-7.166957	-7.213708	-15.006425	-7.325172
2520.541000	-7.176594	-7.169746	-7.185111	-7.165302	-7.134146	-7.182144	-7.240117	-7.223874	-7.160858	-7.203775	-7.223707	-7.217416	-7.166962	-7.213716	-15.006377	-7.325166
2532.742000	-7.176602	-7.169730	-7.185103	-7.165299	-7.134147	-7.182117	-7.240121	-7.223872	-7.160867	-7.203771	-7.223706	-7.217407	-7.166944	-7.213700	-15.006491	-7.325154
2544.942000	-7.176589	-7.169723	-7.185113	-7.165301	-7.134147	-7.182118	-7.240117	-7.223867	-7.160866	-7.203777	-7.223705	-7.217395	-7.166940	-7.213708	-15.006429	-7.325161
2557.124000	-7.176591	-7.169735	-7.185106	-7.165302	-7.134144	-7.182126	-7.240109	-7.223872	-7.160857	-7.203767	-7.223699	-7.217399	-7.166955	-7.213709	-15.006446	-7.325160
2569.307000	-7.176608	-7.169744	-7.185095	-7.165299	-7.134145	-7.182126	-7.240107	-7.223854	-7.160859	-7.203773	-7.223687	-7.217407	-7.166947	-7.213698	-15.006533	-7.325162
2581.488000	-7.176598	-7.169733	-7.185111	-7.165295	-7.134155	-7.182116	-7.240109	-7.223867	-7.160866	-7.203779	-7.223675	-7.217400	-7.166954	-7.213690	-15.006527	-7.325169
2593.675000	-7.176590	-7.169731	-7.185098	-7.165308	-7.134146	-7.182117	-7.240115	-7.223861	-7.160837	-7.203770	-7.223696	-7.217416	-7.166945	-7.213701	-15.006277	-7.325162
2605.864000	-7.176601	-7.169730	-7.185107	-7.165298	-7.134139	-7.182126	-7.240115	-7.223871	-7.160858	-7.203762	-7.223692	-7.217393	-7.166949	-7.213689	-15.006403	-7.325157
2618.095000	-7.176583	-7.169727	-7.185096	-7.165311	-7.134148	-7.182123	-7.240102	-7.223861	-7.160843	-7.203778	-7.223708	-7.217399	-7.166944	-7.213702	-15.006304	-7.325159
2630.289000	-7.176588	-7.169729	-7.185101	-7.165299	-7.134136	-7.182129	-7.240105	-7.223883	-7.160843	-7.203750	-7.223698	-7.217402	-7.166943	-7.213692	-15.006500	-7.325166
2642.475000	-7.176565	-7.169729	-7.185092	-7.165306	-7.134129	-7.182131	-7.240100	-7.223858	-7.160837	-7.203771	-7.223686	-7.217393	-7.166942	-7.213703	-15.006405	-7.325163
2654.675000	-7.176587	-7.169718	-7.185105	-7.165287	-7.134122	-7.182115	-7.240113	-7.223848	-7.160836	-7.203760	-7.223671	-7.217376	-7.166947	-7.213692	-15.006466	-7.325148
2666.854000	-7.176582	-7.169710	-7.185096	-7.165300	-7.134125	-7.182124	-7.240120	-7.223847	-7.160815	-7.203767	-7.223680	-7.217392	-7.166936	-7.213694	-15.006584	-7.325152
2679.049000	-7.176615	-7.169728	-7.185084	-7.165292	-7.134117	-7.182114	-7.240109	-7.223858	-7.160828	-7.203766	-7.223668	-7.217384	-7.166941	-7.213694	-15.006639	-7.325150
2691.238000	-7.176597	-7.169715	-7.185103	-7.165290	-7.134138	-7.182120	-7.240094	-7.223850	-7.160824	-7.203750	-7.223664	-7.217383	-7.166945	-7.213709	-15.006462	-7.325159
2703.436000	-7.176583	-7.169708	-7.185089	-7.165299	-7.134135	-7.182124	-7.240104	-7.223865	-7.160826	-7.203762	-7.223660	-7.217374	-7.166938	-7.213690	-15.006433	-7.325141
2715.622000	-7.176584	-7.169704	-7.185101	-7.165300	-7.134147	-7.182132	-7.240080	-7.223848	-7.160824	-7.203740	-7.223665	-7.217378	-7.166936	-7.213708	-15.006363	-7.325148
2727.823000	-7.176576	-7.169696	-7.185089	-7.165305	-7.134136	-7.182122	-7.240102	-7.223863	-7.160822	-7.203742	-7.223688	-7.217374	-7.166945	-7.213703	-15.006554	-7.325152
2740.010000	-7.176576	-7.169722	-7.185112	-7.165306	-7.134137	-7.182125	-7.240087	-7.223862	-7.160816	-7.203738	-7.223692	-7.217375	-7.166946	-7.213707	-15.006785	-7.325154
2752.207000	-7.176576	-7.169704	-7.185092	-7.165298	-7.134129	-7.182125	-7.240084	-7.223852	-7.160820	-7.203748	-7.223682	-7.217378	-7.166947	-7.213693	-15.006531	-7.325134
2764.414000	-7.176567	-7.169711	-7.185085	-7.165288	-7.134120	-7.182105	-7.240095	-7.223866	-7.160818	-7.203742	-7.223680	-7.217381	-7.166933	-7.213689	-15.006689	-7.325148
2776.604000	-7.176579	-7.169713	-7.185086	-7.165292	-7.134119	-7.182106	-7.240105	-7.223862	-7.160814	-7.203764	-7.223679	-7.217377	-7.166938	-7.213699	-15.006549	-7.325147
2788.794000	-7.176574	-7.169704	-7.185073	-7.165292	-7.134108	-7.182095	-7.240095	-7.223873	-7.160828	-7.203748	-7.223679	-7.217367	-7.166948	-7.213696	-15.006453	-7.325148
2800.990000	-7.176562	-7.169698	-7.185089	-7.165299	-7.134118	-7.182114	-7.240093	-7.223848	-7.160811	-7.203755	-7.223691	-7.217387	-7.166950	-7.213695	-15.006508	-7.325148
2813.169000	-7.176591	-7.169705	-7.185092	-7.165300	-7.134118	-7.182112	-7.240090	-7.223854	-7.160829	-7.203739	-7.223681	-7.217386	-7.166939	-7.213709	-15.006527	-7.325147
2825.360000	-7.176577	-7.169699	-7.185098	-7.165292	-7.134125	-7.182099	-7.240095	-7.223848	-7.160810	-7.203754	-7.223683	-7.217390	-7.166932	-7.213702	-15.006477	-7.325156
2837.548000	-7.176583	-7.169697	-7.185075	-7.165285	-7.134116	-7.182106	-7.240108	-7.223854	-7.160804	-7.203757	-7.223685	-7.217391	-7.166934	-7.213690	-15.006193	-7.325140
2849.731000	-7.176577	-7.169706	-7.185078	-7.165279	-7.134121	-7.182105	-7.240082	-7.223855	-7.160800	-7.203745	-7.223675	-7.217370	-7.166929	-7.213691	-15.006469	-7.325155
2861.939000	-7.176578	-7.169696	-7.185076	-7.165274	-7.134128	-7.182114	-7.240096	-7.223852	-7.160800	-7.203737	-7.223678	-7.217376	-7.166935	-7.213699	-15.006472	-7.325141
2874.139000	-7.176591	-7.169722	-7.185085	-7.165275	-7.134127	-7.182122	-7.240079	-7.223842	-7.160819	-7.203756	-7.223683	-7.217390	-7.166920	-7.213681	-15.006491	-7.325138
2886.363000	-7.176571	-7.169713	-7.185080	-7.165259	-7.134133	-7.182114	-7.240093	-7.223855	-7.160813	-7.203747	-7.223686	-7.217366	-7.166931	-7.213690	-15.006458	-7.325155
2898.560000	-7.176581	-7.169693	-7.185079	-7.165277	-7.134139	-7.182126	-7.240082	-7.223861	-7.160810	-7.203752	-7.223684	-7.217387	-7.166935	-7.213689	-15.006604	-7.325147
2910.761000	-7.176585	-7.169698	-7.185084	-7.165275	-7.134112	-7.182123	-7.240078	-7.223853	-7.160813	-7.203744	-7.223679	-7.217383	-7.166928	-7.213687	-15.006156	-7.325128
2922.961000	-7.176577	-7.169718	-7.185077	-7.165282	-7.134111	-7.182118	-7.240080	-7.223872	-7.160806	-7.203757	-7.223685	-7.217391	-7.166940	-7.213689	-15.006526	-7.325137
2935.134000	-7.176571	-7.169698	-7.185085	-7.165274	-7.134103	-7.182120	-7.240072	-7.223870	-7.160802	-7.203742	-7.223698	-7.217368	-7.166919	-7.213692	-15.006340	-7.325131
2947.328000	-7.176568	-7.169702	-7.185082	-7.165281	-7.134125	-7.182108	-7.240090	-7.223877	-7.160805	-7.203753	-7.223693	-7.217370	-7.166932	-7.213684	-15.006450	-7.325147
	-7.176588	-7.169706	-7.185076	-7.165260	-7.134116	-7.182109	-7.240099	-7.223852	-7.160809							
