8.185000	-7.019687	-6.996088	-7.014337	-7.007501	-7.010568	-7.008535	-7.004580	-6.981449	-7.008898	-6.984985	-6.988962	-6.987545	-7.010427	-6.986786	-15.000242	-6.998633
20.356000	-7.019724	-6.996154	-7.014366	-7.007538	-7.010619	-7.008565	-7.004600	-6.981465	-7.008922	-6.985018	-6.988981	-6.987578	-7.010436	-6.986821	-15.000745	-6.998664
32.560000	-7.019789	-6.996191	-7.014382	-7.007571	-7.010632	-7.008572	-7.004596	-6.981486	-7.008938	-6.985041	-6.989015	-6.987587	-7.010442	-6.986853	-15.001029	-6.998672
44.754000	-7.019781	-6.996200	-7.014377	-7.007589	-7.010664	-7.008601	-7.004612	-6.981494	-7.008973	-6.985061	-6.989032	-6.987594	-7.010460	-6.986856	-15.001395	-6.998683
56.949000	-7.019806	-6.996223	-7.014389	-7.007600	-7.010660	-7.008593	-7.004624	-6.981518	-7.008977	-6.985062	-6.989052	-6.987604	-7.010467	-6.986862	-15.001681	-6.998708
69.172000	-7.019801	-6.996251	-7.014392	-7.007607	-7.010681	-7.008617	-7.004630	-6.981523	-7.008977	-6.985082	-6.989048	-6.987593	-7.010473	-6.986873	-15.001715	-6.998693
81.363000	-7.019828	-6.996254	-7.014385	-7.007614	-7.010694	-7.008638	-7.004625	-6.981520	-7.008983	-6.985090	-6.989052	-6.987609	-7.010475	-6.986884	-15.001866	-6.998708
93.571000	-7.019827	-6.996253	-7.014401	-7.007613	-7.010687	-7.008620	-7.004631	-6.981526	-7.008985	-6.985093	-6.989060	-6.987594	-7.010475	-6.986891	-15.002272	-6.998723
105.791000	-7.019837	-6.996264	-7.014400	-7.007627	-7.010700	-7.008621	-7.004628	-6.981527	-7.009001	-6.985084	-6.989071	-6.987618	-7.010474	-6.986904	-15.002463	-6.998711
117.982000	-7.019848	-6.996262	-7.014412	-7.007624	-7.010708	-7.008626	-7.004633	-6.981540	-7.008991	-6.985096	-6.989076	-6.987619	-7.010473	-6.986895	-15.002430	-6.998713
130.199000	-7.019864	-6.996260	-7.014403	-7.007643	-7.010718	-7.008623	-7.004632	-6.981540	-7.008992	-6.985093	-6.989085	-6.987618	-7.010477	-6.986911	-15.002645	-6.998717
142.401000	-7.019849	-6.996261	-7.014402	-7.007651	-7.010699	-7.008610	-7.004637	-6.981539	-7.008998	-6.985087	-6.989072	-6.987624	-7.010478	-6.986909	-15.002656	-6.998699
154.562000	-7.019860	-6.996264	-7.014422	-7.007638	-7.010709	-7.008641	-7.004648	-6.981566	-7.008986	-6.985122	-6.989070	-6.987632	-7.010475	-6.986915	-15.002976	-6.998722
166.756000	-7.019858	-6.996273	-7.014406	-7.007656	-7.010714	-7.008637	-7.004661	-6.981560	-7.009004	-6.985117	-6.989085	-6.987624	-7.010464	-6.986914	-15.003026	-6.998718
178.958000	-7.019856	-6.996286	-7.014412	-7.007647	-7.010718	-7.008648	-7.004651	-6.981563	-7.008998	-6.985114	-6.989082	-6.987624	-7.010474	-6.986915	-15.002930	-6.998709
191.169000	-7.019853	-6.996280	-7.014415	-7.007657	-7.010722	-7.008622	-7.004673	-6.981553	-7.008986	-6.985103	-6.989075	-6.987619	-7.010481	-6.986914	-15.003072	-6.998726
203.360000	-7.019853	-6.996279	-7.014428	-7.007649	-7.010716	-7.008620	-7.004643	-6.981548	-7.008999	-6.985099	-6.989073	-6.987620	-7.010464	-6.986924	-15.003135	-6.998721
215.537000	-7.019856	-6.996286	-7.014420	-7.007646	-7.010704	-7.008639	-7.004642	-6.981560	-7.008993	-6.985095	-6.989074	-6.987622	-7.010478	-6.986916	-15.003117	-6.998718
227.762000	-7.019859	-6.996272	-7.014414	-7.007634	-7.010711	-7.008639	-7.004652	-6.981532	-7.008997	-6.985103	-6.989079	-6.987630	-7.010471	-6.986925	-15.003214	-6.998726
239.964000	-7.019860	-6.996281	-7.014422	-7.007641	-7.010717	-7.008631	-7.004655	-6.981549	-7.009002	-6.985101	-6.989074	-6.987624	-7.010486	-6.986914	-15.003202	-6.998726
252.140000	-7.019875	-6.996265	-7.014425	-7.007633	-7.010704	-7.008642	-7.004668	-6.981553	-7.008992	-6.985105	-6.989085	-6.987619	-7.010478	-6.986927	-15.003161	-6.998721
264.330000	-7.019870	-6.996269	-7.014429	-7.007648	-7.010703	-7.008645	-7.004661	-6.981535	-7.008992	-6.985093	-6.989077	-6.987631	-7.010471	-6.986924	-15.003171	-6.998717
276.549000	-7.019868	-6.996263	-7.014402	-7.007644	-7.010715	-7.008645	-7.004657	-6.981538	-7.008997	-6.985094	-6.989089	-6.987622	-7.010481	-6.986932	-15.003328	-6.998702
288.741000	-7.019862	-6.996279	-7.014419	-7.007659	-7.010703	-7.008647	-7.004653	-6.981549	-7.008987	-6.985092	-6.989093	-6.987627	-7.010473	-6.986933	-15.003358	-6.998716
300.933000	-7.019861	-6.996279	-7.014420	-7.007646	-7.010724	-7.008646	-7.004663	-6.981538	-7.008984	-6.985088	-6.989098	-6.987621	-7.010477	-6.986921	-15.003285	-6.998705
313.122000	-7.019856	-6.996296	-7.014418	-7.007638	-7.010708	-7.008633	-7.004661	-6.981534	-7.008991	-6.985102	-6.989081	-6.987626	-7.010476	-6.986954	-15.003424	-6.998744
325.298000	-7.019847	-6.996250	-7.014334	-7.007655	-7.010723	-7.008575	-7.004666	-6.981564	-7.008986	-6.985040	-6.989045	-6.987621	-7.010459	-6.986974	-15.003473	-6.998699
337.487000	-7.019849	-6.996157	-7.014241	-7.007625	-7.010668	-7.008384	-7.004650	-6.981479	-7.008835	-6.984931	-6.988961	-6.987516	-7.010399	-6.986869	-15.003567	-6.998578
349.695000	-7.019816	-6.996024	-7.014118	-7.007585	-7.010559	-7.008148	-7.004582	-6.981338	-7.008650	-6.984776	-6.988819	-6.987392	-7.010303	-6.986715	-15.003625	-6.998399
361.898000	-7.019756	-6.995859	-7.013973	-7.007492	-7.010388	-7.007899	-7.004491	-6.981174	-7.008485	-6.984628	-6.988661	-6.987242	-7.010236	-6.986529	-15.003617	-6.998243
374.121000	-7.019700	-6.995663	-7.013835	-7.007411	-7.010238	-7.007675	-7.004388	-6.980988	-7.008305	-6.984478	-6.988485	-6.987090	-7.010111	-6.986355	-15.003576	-6.998063
386.306000	-7.019633	-6.995491	-7.013707	-7.007302	-7.010049	-7.007472	-7.004275	-6.980836	-7.008123	-6.984342	-6.988383	-6.986967	-7.010028	-6.986162	-15.003627	-6.997919
398.516000	-7.019553	-6.995325	-7.013603	-7.007201	-7.009868	-7.007276	-7.004172	-6.980673	-7.008001	-6.984204	-6.988243	-6.986840	-7.009921	-6.986011	-15.003657	-6.997777
410.698000	-7.019486	-6.995163	-7.013512	-7.007116	-7.009741	-7.007153	-7.004060	-6.980524	-7.007873	-6.984098	-6.988153	-6.986757	-7.009863	-6.985863	-15.003797	-6.997647
422.900000	-7.019410	-6.995041	-7.013437	-7.006997	-7.009594	-7.007029	-7.003977	-6.980400	-7.007779	-6.983995	-6.988065	-6.986679	-7.009793	-6.985756	-15.003811	-6.997578
435.079000	-7.019329	-6.994934	-7.013375	-7.006918	-7.009518	-7.006945	-7.003899	-6.980316	-7.007695	-6.983902	-6.987984	-6.986610	-7.009761	-6.985666	-15.003747	-6.997512
447.264000	-7.019267	-6.994830	-7.013335	-7.006841	-7.009424	-7.006890	-7.003828	-6.980243	-7.007651	-6.983830	-6.987938	-6.986576	-7.009719	-6.985618	-15.003825	-6.997476
459.450000	-7.019206	-6.994759	-7.013304	-7.006775	-7.009372	-7.006834	-7.003761	-6.980189	-7.007612	-6.983788	-6.987883	-6.986549	-7.009679	-6.985554	-15.003890	-6.997443
471.658000	-7.019155	-6.994712	-7.013275	-7.006725	-7.009295	-7.006797	-7.003749	-6.980132	-7.007584	-6.983750	-6.987833	-6.986502	-7.009657	-6.985516	-15.003954	-6.997405
483.853000	-7.019139	-6.994669	-7.013273	-7.006696	-7.009264	-7.006774	-7.003693	-6.980104	-7.007550	-6.983710	-6.987803	-6.986485	-7.009644	-6.985465	-15.004142	-6.997384
496.036000	-7.019112	-6.994640	-7.013246	-7.006677	-7.009255	-7.006762	-7.003686	-6.980093	-7.007539	-6.983706	-6.987802	-6.986478	-7.009643	-6.985456	-15.003786	-6.997374
508.219000	-7.019078	-6.994618	-7.013240	-7.006667	-7.009248	-7.006764	-7.003671	-6.980094	-7.007525	-6.983675	-6.987805	-6.986471	-7.009637	-6.985438	-15.003954	-6.997358
520.405000	-7.019068	-6.994586	-7.013236	-7.006624	-7.009214	-7.006727	-7.003669	-6.980083	-7.007527	-6.983668	-6.987784	-6.986453	-7.009629	-6.985429	-15.003996	-6.997360
532.583000	-7.019035	-6.994565	-7.013214	-7.006611	-7.009199	-7.006737	-7.003636	-6.980065	-7.007510	-6.983658	-6.987765	-6.986439	-7.009624	-6.985417	-15.004077	-6.997340
544.762000	-7.019033	-6.994564	-7.013223	-7.006611	-7.009195	-7.006699	-7.003651	-6.980042	-7.007510	-6.983649	-6.987792	-6.986432	-7.009623	-6.985428	-15.003955	-6.997346
556.958000	-7.019021	-6.994553	-7.013198	-7.006589	-7.009170	-7.006700	-7.003628	-6.980033	-7.007500	-6.983654	-6.987775	-6.986443	-7.009609	-6.985406	-15.004028	-6.997329
569.131000	-7.019015	-6.994524	-7.013214	-7.006585	-7.009149	-7.006694	-7.003625	-6.980023	-7.007493	-6.983651	-6.987778	-6.986438	-7.009611	-6.985415	-15.004008	-6.997341
581.332000	-7.019022	-6.994544	-7.013217	-7.006584	-7.009158	-7.006700	-7.003618	-6.980035	-7.007506	-6.983631	-6.987770	-6.986431	-7.009609	-6.985400	-15.003953	-6.997326
593.515000	-7.018999	-6.994528	-7.013211	-7.006580	-7.009167	-7.006688	-7.003622	-6.980020	-7.007487	-6.983638	-6.987750	-6.986423	-7.009609	-6.985402	-15.004091	-6.997313
605.719000	-7.019002	-6.994502	-7.013204	-7.006563	-7.009160	-7.006690	-7.003594	-6.980024	-7.007495	-6.983633	-6.987769	-6.986422	-7.009611	-6.985390	-15.003941	-6.997303
617.895000	-7.019004	-6.994510	-7.013205	-7.006566	-7.009155	-7.006694	-7.003593	-6.980019	-7.007480	-6.983635	-6.987773	-6.986416	-7.009598	-6.985382	-15.003920	-6.997308
630.113000	-7.018998	-6.994493	-7.013197	-7.006565	-7.009145	-7.006670	-7.003614	-6.980010	-7.007481	-6.983625	-6.987772	-6.986407	-7.009596	-6.985397	-15.003950	-6.997300
642.310000	-7.018986	-6.994493	-7.013197	-7.006576	-7.009136	-7.006673	-7.003608	-6.980006	-7.007471	-6.983610	-6.987771	-6.986410	-7.009600	-6.985371	-15.004068	-6.997288
654.520000	-7.018985	-6.994490	-7.013189	-7.006576	-7.009147	-7.006676	-7.003601	-6.980025	-7.007451	-6.983605	-6.987758	-6.986407	-7.009591	-6.985385	-15.003834	-6.997295
666.726000	-7.018985	-6.994488	-7.013201	-7.006559	-7.009154	-7.006661	-7.003608	-6.980028	-7.007452	-6.983610	-6.987773	-6.986410	-7.009584	-6.985386	-15.003898	-6.997275
678.909000	-7.018972	-6.994467	-7.013200	-7.006548	-7.009148	-7.006671	-7.003592	-6.980007	-7.007474	-6.983607	-6.987753	-6.986411	-7.009598	-6.985375	-15.004103	-6.997293
691.085000	-7.018964	-6.994471	-7.013176	-7.006546	-7.009144	-7.006656	-7.003593	-6.980023	-7.007467	-6.983616	-6.987744	-6.986402	-7.009606	-6.985380	-15.004203	-6.997281
703.274000	-7.018972	-6.994469	-7.013174	-7.006540	-7.009141	-7.006641	-7.003594	-6.980018	-7.007470	-6.983599	-6.987745	-6.986406	-7.009598	-6.985384	-15.004164	-6.997267
715.452000	-7.018978	-6.994468	-7.013198	-7.006556	-7.009138	-7.006656	-7.003586	-6.979998	-7.007473	-6.983610	-6.987747	-6.986407	-7.009600	-6.985372	-15.004177	-6.997271
727.630000	-7.018998	-6.994467	-7.013178	-7.006552	-7.009137	-7.006655	-7.003597	-6.980008	-7.007454	-6.983597	-6.987748	-6.986396	-7.009611	-6.985371	-15.004347	-6.997240
739.812000	-7.018959	-6.994464	-7.013176	-7.006554	-7.009141	-7.006637	-7.003593	-6.980000	-7.007447	-6.983595	-6.987735	-6.986400	-7.009589	-6.985363	-15.004170	-6.997266
752.021000	-7.018966	-6.994468	-7.013181	-7.006543	-7.009125	-7.006652	-7.003578	-6.979996	-7.007457	-6.983604	-6.987738	-6.986387	-7.009592	-6.985360	-15.004099	-6.997249
764.202000	-7.018965	-6.994463	-7.013175	-7.006525	-7.009129	-7.006645	-7.003571	-6.980007	-7.007470	-6.983587	-6.987731	-6.986404	-7.009598	-6.985373	-15.004108	-6.997250
776.382000	-7.018951	-6.994471	-7.013180	-7.006515	-7.009143	-7.006647	-7.003595	-6.979992	-7.007448	-6.983602	-6.987727	-6.986399	-7.009600	-6.985360	-15.004094	-6.997253
788.577000	-7.018953	-6.994462	-7.013168	-7.006534	-7.009124	-7.006634	-7.003603	-6.979979	-7.007452	-6.983600	-6.987723	-6.986407	-7.009602	-6.985364	-15.004315	-6.997244
800.759000	-7.018953	-6.994461	-7.013167	-7.006548	-7.009126	-7.006626	-7.003588	-6.979977	-7.007449	-6.983600	-6.987733	-6.986394	-7.009597	-6.985350	-15.003991	-6.997252
812.943000	-7.018950	-6.994455	-7.013166	-7.006542	-7.009110	-7.006630	-7.003583	-6.979995	-7.007439	-6.983579	-6.987712	-6.986394	-7.009582	-6.985355	-15.004240	-6.997247
825.137000	-7.018959	-6.994442	-7.013153	-7.006544	-7.009127	-7.006633	-7.003587	-6.979983	-7.007445	-6.983601	-6.987721	-6.986394	-7.009598	-6.985350	-15.004086	-6.997260
837.324000	-7.018950	-6.994438	-7.013153	-7.006545	-7.009104	-7.006617	-7.003572	-6.979986	-7.007440	-6.983583	-6.987726	-6.986372	-7.009596	-6.985332	-15.003886	-6.997258
849.513000	-7.018951	-6.994444	-7.013173	-7.006538	-7.009120	-7.006623	-7.003576	-6.979988	-7.007444	-6.983577	-6.987727	-6.986389	-7.009596	-6.985331	-15.004220	-6.997245
861.705000	-7.018959	-6.994445	-7.013155	-7.006543	-7.009112	-7.006628	-7.003582	-6.979980	-7.007462	-6.983585	-6.987708	-6.986397	-7.009582	-6.985337	-15.004356	-6.997250
873.893000	-7.018965	-6.994441	-7.013166	-7.006545	-7.009111	-7.006622	-7.003597	-6.979976	-7.007469	-6.983594	-6.987702	-6.986379	-7.009585	-6.985348	-15.004406	-6.997238
886.077000	-7.018938	-6.994435	-7.013152	-7.006539	-7.009122	-7.006636	-7.003569	-6.979988	-7.007457	-6.983602	-6.987702	-6.986376	-7.009599	-6.985351	-15.004438	-6.997248
898.279000	-7.018950	-6.994442	-7.013160	-7.006547	-7.009107	-7.006619	-7.003577	-6.979988	-7.007457	-6.983564	-6.987715	-6.986380	-7.009574	-6.985349	-15.004434	-6.997235
910.455000	-7.018944	-6.994439	-7.013164	-7.006535	-7.009111	-7.006628	-7.003587	-6.979962	-7.007449	-6.983564	-6.987698	-6.986377	-7.009583	-6.985358	-15.004395	-6.997229
922.623000	-7.018940	-6.994441	-7.013159	-7.006532	-7.009111	-7.006630	-7.003575	-6.979968	-7.007445	-6.983578	-6.987721	-6.986386	-7.009584	-6.985349	-15.004569	-6.997239
934.813000	-7.018946	-6.994438	-7.013174	-7.006545	-7.009116	-7.006627	-7.003566	-6.979963	-7.007443	-6.983578	-6.987700	-6.986381	-7.009582	-6.985346	-15.004514	-6.997239
947.003000	-7.018934	-6.994434	-7.013164	-7.006538	-7.009096	-7.006630	-7.003575	-6.979968	-7.007442	-6.983571	-6.987708	-6.986372	-7.009577	-6.985335	-15.004497	-6.997232
959.182000	-7.018944	-6.994436	-7.013167	-7.006544	-7.009102	-7.006631	-7.003584	-6.979956	-7.007442	-6.983568	-6.987705	-6.986385	-7.009582	-6.985335	-15.004479	-6.997227
971.381000	-7.018948	-6.994439	-7.013153	-7.006530	-7.009098	-7.006626	-7.003566	-6.979960	-7.007437	-6.983573	-6.987709	-6.986373	-7.009581	-6.985344	-15.004512	-6.997232
983.593000	-7.018949	-6.994432	-7.013171	-7.006539	-7.009114	-7.006631	-7.003567	-6.979971	-7.007430	-6.983586	-6.987688	-6.986396	-7.009586	-6.985328	-15.004397	-6.997220
995.766000	-7.018945	-6.994440	-7.013149	-7.006540	-7.009102	-7.006612	-7.003564	-6.979977	-7.007432	-6.983575	-6.987703	-6.986371	-7.009585	-6.985335	-15.004366	-6.997223
1007.962000	-7.018943	-6.994448	-7.013180	-7.006529	-7.009114	-7.006616	-7.003558	-6.979967	-7.007437	-6.983573	-6.987696	-6.986384	-7.009587	-6.985319	-15.004507	-6.997212
1020.131000	-7.018949	-6.994444	-7.013158	-7.006548	-7.009100	-7.006615	-7.003578	-6.979963	-7.007428	-6.983573	-6.987709	-6.986387	-7.009573	-6.985326	-15.004628	-6.997221
1032.326000	-7.018948	-6.994437	-7.013151	-7.006558	-7.009117	-7.006622	-7.003568	-6.979959	-7.007424	-6.983568	-6.987717	-6.986377	-7.009576	-6.985319	-15.004538	-6.997225
1044.514000	-7.018938	-6.994428	-7.013136	-7.006547	-7.009108	-7.006614	-7.003567	-6.979962	-7.007431	-6.983564	-6.987700	-6.986371	-7.009589	-6.985339	-15.004538	-6.997215
1056.690000	-7.018935	-6.994432	-7.013142	-7.006540	-7.009112	-7.006615	-7.003582	-6.979965	-7.007423	-6.983552	-6.987711	-6.986377	-7.009557	-6.985335	-15.004534	-6.997219
1068.877000	-7.018938	-6.994438	-7.013142	-7.006554	-7.009111	-7.006618	-7.003579	-6.979969	-7.007419	-6.983553	-6.987710	-6.986379	-7.009563	-6.985322	-15.004502	-6.997226
1081.074000	-7.018933	-6.994447	-7.013143	-7.006530	-7.009105	-7.006606	-7.003576	-6.979973	-7.007423	-6.983553	-6.987708	-6.986371	-7.009576	-6.985323	-15.004614	-6.997215
1093.254000	-7.018939	-6.994435	-7.013144	-7.006527	-7.009100	-7.006610	-7.003583	-6.979980	-7.007409	-6.983565	-6.987715	-6.986379	-7.009564	-6.985316	-15.004777	-6.997203
1105.428000	-7.018934	-6.994437	-7.013142	-7.006529	-7.009113	-7.006606	-7.003563	-6.979958	-7.007433	-6.983540	-6.987714	-6.986368	-7.009563	-6.985331	-15.004568	-6.997206
1117.616000	-7.018931	-6.994442	-7.013146	-7.006530	-7.009096	-7.006611	-7.003557	-6.979978	-7.007416	-6.983558	-6.987717	-6.986369	-7.009564	-6.985338	-15.004418	-6.997197
1129.792000	-7.018922	-6.994436	-7.013143	-7.006537	-7.009098	-7.006605	-7.003575	-6.979967	-7.007429	-6.983546	-6.987705	-6.986375	-7.009560	-6.985330	-15.004391	-6.997205
1141.984000	-7.018935	-6.994430	-7.013139	-7.006539	-7.009112	-7.006619	-7.003571	-6.979968	-7.007428	-6.983548	-6.987725	-6.986383	-7.009558	-6.985330	-15.004317	-6.997205
1154.173000	-7.018932	-6.994427	-7.013147	-7.006541	-7.009095	-7.006605	-7.003574	-6.979955	-7.007429	-6.983562	-6.987710	-6.986382	-7.009576	-6.985316	-15.004663	-6.997213
1166.351000	-7.018935	-6.994425	-7.013146	-7.006544	-7.009086	-7.006603	-7.003566	-6.979947	-7.007431	-6.983561	-6.987715	-6.986377	-7.009565	-6.985323	-15.004747	-6.997215
1178.532000	-7.018943	-6.994442	-7.013163	-7.006525	-7.009086	-7.006601	-7.003561	-6.979955	-7.007426	-6.983554	-6.987706	-6.986386	-7.009556	-6.985338	-15.004715	-6.997204
1190.727000	-7.018934	-6.994422	-7.013152	-7.006520	-7.009095	-7.006598	-7.003556	-6.979950	-7.007427	-6.983542	-6.987702	-6.986394	-7.009562	-6.985335	-15.004594	-6.997196
1202.905000	-7.018927	-6.994432	-7.013147	-7.006533	-7.009098	-7.006610	-7.003556	-6.979945	-7.007429	-6.983559	-6.987717	-6.986373	-7.009577	-6.985319	-15.004742	-6.997204
1215.114000	-7.018926	-6.994423	-7.013153	-7.006515	-7.009091	-7.006601	-7.003560	-6.979962	-7.007403	-6.983552	-6.987706	-6.986376	-7.009571	-6.985327	-15.004309	-6.997207
1227.298000	-7.018928	-6.994435	-7.013154	-7.006531	-7.009089	-7.006582	-7.003553	-6.979958	-7.007422	-6.983570	-6.987708	-6.986362	-7.009581	-6.985315	-15.004437	-6.997197
1239.486000	-7.018927	-6.994422	-7.013157	-7.006538	-7.009100	-7.006606	-7.003547	-6.979957	-7.007413	-6.983552	-6.987702	-6.986366	-7.009563	-6.985316	-15.004579	-6.997199
1251.671000	-7.018934	-6.994412	-7.013141	-7.006526	-7.009080	-7.006591	-7.003552	-6.979950	-7.007419	-6.983558	-6.987688	-6.986361	-7.009550	-6.985320	-15.004495	-6.997201
1263.854000	-7.018927	-6.994414	-7.013155	-7.006515	-7.009109	-7.006616	-7.003557	-6.979949	-7.007411	-6.983549	-6.987697	-6.986375	-7.009555	-6.985308	-15.004502	-6.997203
1276.040000	-7.018942	-6.994415	-7.013146	-7.006530	-7.009102	-7.006604	-7.003549	-6.979945	-7.007420	-6.983538	-6.987685	-6.986371	-7.009580	-6.985305	-15.004514	-6.997202
1288.229000	-7.018931	-6.994405	-7.013154	-7.006525	-7.009091	-7.006600	-7.003561	-6.979949	-7.007413	-6.983548	-6.987693	-6.986366	-7.009569	-6.985318	-15.004543	-6.997208
1300.411000	-7.018932	-6.994418	-7.013146	-7.006519	-7.009089	-7.006599	-7.003549	-6.979954	-7.007413	-6.983536	-6.987689	-6.986365	-7.009576	-6.985301	-15.004546	-6.997206
1312.601000	-7.018930	-6.994403	-7.013143	-7.006521	-7.009097	-7.006596	-7.003547	-6.979965	-7.007408	-6.983555	-6.987697	-6.986357	-7.009571	-6.985325	-15.004302	-6.997199
1324.792000	-7.018932	-6.994407	-7.013138	-7.006529	-7.009089	-7.006611	-7.003573	-6.979949	-7.007406	-6.983545	-6.987697	-6.986363	-7.009566	-6.985311	-15.004566	-6.997209
1336.996000	-7.018924	-6.994412	-7.013143	-7.006534	-7.009084	-7.006601	-7.003557	-6.979949	-7.007402	-6.983538	-6.987698	-6.986357	-7.009560	-6.985316	-15.004614	-6.997187
1349.197000	-7.018926	-6.994408	-7.013141	-7.006529	-7.009101	-7.006608	-7.003561	-6.979939	-7.007408	-6.983543	-6.987703	-6.986352	-7.009572	-6.985315	-15.004548	-6.997186
1361.382000	-7.018930	-6.994408	-7.013142	-7.006532	-7.009081	-7.006607	-7.003576	-6.979947	-7.007416	-6.983545	-6.987691	-6.986348	-7.009578	-6.985320	-15.004556	-6.997193
1373.567000	-7.018933	-6.994401	-7.013137	-7.006531	-7.009096	-7.006594	-7.003564	-6.979961	-7.007421	-6.983533	-6.987686	-6.986361	-7.009584	-6.985311	-15.004662	-6.997188
1385.743000	-7.018932	-6.994404	-7.013164	-7.006530	-7.009096	-7.006583	-7.003542	-6.979937	-7.007402	-6.983553	-6.987685	-6.986351	-7.009585	-6.985303	-15.004546	-6.997199
1397.939000	-7.018941	-6.994404	-7.013138	-7.006517	-7.009082	-7.006573	-7.003566	-6.979955	-7.007405	-6.983532	-6.987677	-6.986339	-7.009595	-6.985304	-15.004444	-6.997189
1410.130000	-7.018922	-6.994391	-7.013139	-7.006531	-7.009089	-7.006593	-7.003583	-6.979946	-7.007394	-6.983537	-6.987680	-6.986354	-7.009567	-6.985320	-15.004493	-6.997183
1422.323000	-7.018932	-6.994398	-7.013146	-7.006522	-7.009077	-7.006581	-7.003560	-6.979951	-7.007416	-6.983535	-6.987698	-6.986352	-7.009569	-6.985303	-15.004635	-6.997202
1434.497000	-7.018918	-6.994415	-7.013144	-7.006529	-7.009101	-7.006585	-7.003553	-6.979941	-7.007404	-6.983550	-6.987690	-6.986353	-7.009560	-6.985311	-15.004601	-6.997194
1446.678000	-7.018925	-6.994404	-7.013143	-7.006526	-7.009072	-7.006570	-7.003555	-6.979940	-7.007384	-6.983546	-6.987685	-6.986346	-7.009549	-6.985317	-15.004560	-6.997191
1458.871000	-7.018928	-6.994403	-7.013126	-7.006539	-7.009084	-7.006599	-7.003560	-6.979937	-7.007393	-6.983562	-6.987694	-6.986346	-7.009564	-6.985287	-15.004521	-6.997202
1471.067000	-7.018932	-6.994398	-7.013137	-7.006532	-7.009096	-7.006562	-7.003568	-6.979934	-7.007401	-6.983548	-6.987691	-6.986350	-7.009567	-6.985296	-15.004762	-6.997179
1483.247000	-7.018937	-6.994408	-7.013139	-7.006529	-7.009098	-7.006563	-7.003550	-6.979952	-7.007408	-6.983550	-6.987681	-6.986344	-7.009572	-6.985304	-15.004850	-6.997202
1495.445000	-7.018929	-6.994401	-7.013150	-7.006538	-7.009088	-7.006576	-7.003562	-6.979944	-7.007400	-6.983529	-6.987675	-6.986338	-7.009575	-6.985291	-15.004639	-6.997196
1507.631000	-7.018926	-6.994404	-7.013148	-7.006530	-7.009085	-7.006578	-7.003566	-6.979941	-7.007399	-6.983541	-6.987687	-6.986351	-7.009573	-6.985293	-15.004610	-6.997200
1519.784000	-7.018914	-6.994393	-7.013152	-7.006535	-7.009097	-7.006589	-7.003549	-6.979927	-7.007400	-6.983535	-6.987688	-6.986340	-7.009562	-6.985286	-15.004530	-6.997191
1531.967000	-7.018913	-6.994405	-7.013124	-7.006524	-7.009087	-7.006584	-7.003555	-6.979936	-7.007406	-6.983511	-6.987683	-6.986341	-7.009578	-6.985306	-15.004638	-6.997198
1544.154000	-7.018921	-6.994403	-7.013155	-7.006532	-7.009069	-7.006578	-7.003549	-6.979944	-7.007400	-6.983539	-6.987679	-6.986336	-7.009561	-6.985289	-15.004692	-6.997192
1556.351000	-7.018924	-6.994401	-7.013142	-7.006522	-7.009084	-7.006580	-7.003565	-6.979938	-7.007415	-6.983543	-6.987669	-6.986352	-7.009557	-6.985297	-15.004711	-6.997193
1568.528000	-7.018931	-6.994396	-7.013126	-7.006525	-7.009072	-7.006573	-7.003566	-6.979928	-7.007406	-6.983551	-6.987671	-6.986356	-7.009544	-6.985282	-15.004802	-6.997204
1580.725000	-7.018927	-6.994392	-7.013139	-7.006529	-7.009063	-7.006573	-7.003551	-6.979951	-7.007407	-6.983551	-6.987666	-6.986339	-7.009566	-6.985296	-15.004659	-6.997187
1592.910000	-7.018931	-6.994398	-7.013130	-7.006529	-7.009055	-7.006573	-7.003547	-6.979942	-7.007394	-6.983543	-6.987672	-6.986350	-7.009573	-6.985282	-15.004556	-6.997187
1605.087000	-7.018928	-6.994391	-7.013134	-7.006515	-7.009071	-7.006589	-7.003570	-6.979924	-7.007404	-6.983542	-6.987664	-6.986347	-7.009566	-6.985290	-15.004492	-6.997179
1617.263000	-7.018928	-6.994403	-7.013147	-7.006521	-7.009073	-7.006563	-7.003559	-6.979942	-7.007406	-6.983564	-6.987678	-6.986343	-7.009565	-6.985282	-15.004393	-6.997187
1629.458000	-7.018920	-6.994402	-7.013137	-7.006513	-7.009082	-7.006583	-7.003560	-6.979926	-7.007391	-6.983539	-6.987658	-6.986337	-7.009569	-6.985291	-15.004634	-6.997188
1641.657000	-7.018931	-6.994393	-7.013138	-7.006520	-7.009082	-7.006572	-7.003555	-6.979925	-7.007405	-6.983533	-6.987676	-6.986344	-7.009556	-6.985293	-15.004515	-6.997192
1653.861000	-7.018928	-6.994400	-7.013129	-7.006512	-7.009075	-7.006591	-7.003569	-6.979933	-7.007404	-6.983545	-6.987670	-6.986343	-7.009548	-6.985293	-15.004584	-6.997184
1666.030000	-7.018930	-6.994408	-7.013141	-7.006515	-7.009086	-7.006577	-7.003562	-6.979933	-7.007396	-6.983548	-6.987678	-6.986345	-7.009550	-6.985292	-15.004720	-6.997182
1678.227000	-7.018925	-6.994405	-7.013137	-7.006525	-7.009098	-7.006571	-7.003563	-6.979925	-7.007395	-6.983559	-6.987694	-6.986338	-7.009550	-6.985289	-15.004606	-6.997185
1690.421000	-7.018926	-6.994400	-7.013146	-7.006512	-7.009077	-7.006585	-7.003555	-6.979931	-7.007399	-6.983554	-6.987674	-6.986345	-7.009563	-6.985295	-15.004615	-6.997183
1702.592000	-7.018934	-6.994390	-7.013149	-7.006513	-7.009076	-7.006586	-7.003563	-6.979943	-7.007408	-6.983551	-6.987665	-6.986336	-7.009545	-6.985295	-15.004565	-6.997192
1714.779000	-7.018928	-6.994408	-7.013136	-7.006520	-7.009056	-7.006569	-7.003568	-6.979935	-7.007415	-6.983538	-6.987678	-6.986343	-7.009548	-6.985297	-15.004701	-6.997188
1726.951000	-7.018926	-6.994418	-7.013133	-7.006520	-7.009075	-7.006574	-7.003564	-6.979926	-7.007399	-6.983539	-6.987654	-6.986346	-7.009564	-6.985299	-15.004632	-6.997182
1739.148000	-7.018929	-6.994393	-7.013137	-7.006521	-7.009076	-7.006566	-7.003559	-6.979940	-7.007399	-6.983537	-6.987677	-6.986334	-7.009560	-6.985299	-15.004690	-6.997182
1751.343000	-7.018935	-6.994395	-7.013131	-7.006506	-7.009067	-7.006557	-7.003570	-6.979935	-7.007410	-6.983515	-6.987672	-6.986338	-7.009565	-6.985292	-15.004580	-6.997178
1763.543000	-7.018926	-6.994405	-7.013128	-7.006502	-7.009074	-7.006582	-7.003564	-6.979948	-7.007385	-6.983531	-6.987668	-6.986332	-7.009555	-6.985299	-15.004439	-6.997189
1775.712000	-7.018936	-6.994397	-7.013151	-7.006504	-7.009085	-7.006585	-7.003581	-6.979922	-7.007394	-6.983518	-6.987673	-6.986344	-7.009560	-6.985294	-15.004661	-6.997192
1787.888000	-7.018932	-6.994397	-7.013127	-7.006515	-7.009078	-7.006581	-7.003568	-6.979927	-7.007397	-6.983542	-6.987672	-6.986332	-7.009555	-6.985301	-15.004628	-6.997196
1800.063000	-7.018916	-6.994398	-7.013109	-7.006514	-7.009075	-7.006590	-7.003561	-6.979928	-7.007399	-6.983533	-6.987673	-6.986344	-7.009559	-6.985316	-15.004700	-6.997202
1812.246000	-7.018921	-6.994382	-7.013123	-7.006511	-7.009077	-7.006574	-7.003573	-6.979934	-7.007409	-6.983523	-6.987684	-6.986339	-7.009553	-6.985310	-15.004709	-6.997194
1824.444000	-7.018927	-6.994380	-7.013141	-7.006514	-7.009074	-7.006569	-7.003569	-6.979926	-7.007399	-6.983528	-6.987681	-6.986346	-7.009553	-6.985302	-15.004926	-6.997182
1836.633000	-7.018935	-6.994381	-7.013142	-7.006512	-7.009065	-7.006562	-7.003566	-6.979923	-7.007386	-6.983525	-6.987700	-6.986346	-7.009563	-6.985302	-15.004616	-6.997183
1848.827000	-7.018922	-6.994410	-7.013263	-7.006510	-7.009125	-7.006759	-7.003563	-6.979937	-7.007406	-6.983614	-6.987712	-6.986257	-7.009565	-6.985149	-15.004432	-6.997099
1861.020000	-7.019025	-6.994744	-7.013544	-7.006549	-7.009253	-7.007117	-7.003625	-6.980108	-7.007720	-6.983942	-6.987996	-6.986588	-7.009737	-6.985449	-15.004663	-6.997527
1873.217000	-7.019111	-6.995086	-7.013802	-7.006702	-7.009555	-7.007691	-7.003821	-6.980471	-7.008155	-6.984287	-6.988284	-6.986943	-7.009936	-6.985884	-15.004520	-6.997948
1885.430000	-7.019247	-6.995433	-7.014091	-7.006909	-7.009914	-7.008151	-7.004040	-6.980826	-7.008553	-6.984575	-6.988556	-6.987251	-7.010138	-6.986263	-15.004533	-6.998285
1897.614000	-7.019367	-6.995769	-7.014313	-7.007134	-7.010258	-7.008563	-7.004260	-6.981155	-7.008836	-6.984843	-6.988817	-6.987481	-7.010306	-6.986593	-15.004413	-6.998561
1909.804000	-7.019490	-6.996042	-7.014512	-7.007303	-7.010520	-7.008842	-7.004416	-6.981407	-7.009096	-6.985071	-6.989029	-6.987656	-7.010434	-6.986871	-15.004408	-6.998795
1921.995000	-7.019601	-6.996294	-7.014636	-7.007468	-7.010760	-7.009074	-7.004577	-6.981638	-7.009284	-6.985247	-6.989190	-6.987783	-7.010531	-6.987085	-15.004438	-6.998949
1934.193000	-7.019723	-6.996492	-7.014749	-7.007582	-7.010931	-7.009236	-7.004686	-6.981814	-7.009413	-6.985381	-6.989328	-6.987902	-7.010614	-6.987247	-15.004402	-6.999056
1946.384000	-7.019824	-6.996645	-7.014825	-7.007714	-7.011069	-7.009341	-7.004794	-6.981933	-7.009524	-6.985472	-6.989460	-6.987967	-7.010674	-6.987354	-15.004508	-6.999157
1958.582000	-7.019896	-6.996758	-7.014870	-7.007809	-7.011180	-7.009443	-7.004874	-6.982032	-7.009610	-6.985581	-6.989535	-6.988050	-7.010721	-6.987453	-15.004284	-6.999225
1970.781000	-7.019997	-6.996857	-7.014907	-7.007886	-7.011261	-7.009518	-7.004957	-6.982125	-7.009681	-6.985652	-6.989618	-6.988108	-7.010768	-6.987549	-15.004436	-6.999294
1982.987000	-7.020050	-6.996959	-7.014948	-7.007952	-7.011331	-7.009559	-7.005029	-6.982231	-7.009729	-6.985732	-6.989686	-6.988167	-7.010815	-6.987622	-15.004368	-6.999338
1995.168000	-7.020118	-6.997020	-7.014994	-7.008038	-7.011429	-7.009643	-7.005093	-6.982289	-7.009774	-6.985788	-6.989736	-6.988214	-7.010852	-6.987680	-15.004555	-6.999398
2007.358000	-7.020169	-6.997082	-7.015018	-7.008074	-7.011491	-7.009672	-7.005147	-6.982345	-7.009834	-6.985822	-6.989782	-6.988242	-7.010874	-6.987727	-15.004413	-6.999429
2019.525000	-7.020191	-6.997140	-7.015059	-7.008111	-7.011511	-7.009710	-7.005197	-6.982381	-7.009854	-6.985871	-6.989804	-6.988293	-7.010899	-6.987769	-15.004347	-6.999469
2031.714000	-7.020227	-6.997177	-7.015061	-7.008149	-7.011552	-7.009725	-7.005230	-6.982413	-7.009897	-6.985914	-6.989835	-6.988312	-7.010918	-6.987787	-15.004319	-6.999490
2043.900000	-7.020268	-6.997200	-7.015084	-7.008188	-7.011576	-7.009776	-7.005265	-6.982428	-7.009928	-6.985935	-6.989846	-6.988334	-7.010941	-6.987828	-15.004243	-6.999507
2056.083000	-7.020281	-6.997230	-7.015101	-7.008218	-7.011591	-7.009777	-7.005301	-6.982447	-7.009931	-6.985953	-6.989869	-6.988346	-7.010933	-6.987839	-15.004196	-6.999522
2068.254000	-7.020305	-6.997256	-7.015121	-7.008228	-7.011633	-7.009802	-7.005326	-6.982476	-7.009956	-6.985997	-6.989881	-6.988350	-7.010958	-6.987861	-15.004375	-6.999540
2080.441000	-7.020308	-6.997264	-7.015129	-7.008247	-7.011635	-7.009813	-7.005356	-6.982471	-7.009968	-6.985993	-6.989911	-6.988373	-7.010965	-6.987874	-15.004327	-6.999553
2092.640000	-7.020334	-6.997278	-7.015132	-7.008258	-7.011647	-7.009819	-7.005361	-6.982487	-7.009978	-6.986025	-6.989899	-6.988377	-7.010960	-6.987884	-15.004350	-6.999569
2104.819000	-7.020333	-6.997305	-7.015139	-7.008275	-7.011670	-7.009861	-7.005365	-6.982522	-7.009982	-6.986042	-6.989906	-6.988392	-7.010992	-6.987911	-15.004462	-6.999581
2117.032000	-7.020337	-6.997307	-7.015142	-7.008286	-7.011673	-7.009845	-7.005400	-6.982529	-7.010011	-6.986023	-6.989936	-6.988400	-7.011005	-6.987926	-15.004199	-6.999574
2129.222000	-7.020354	-6.997332	-7.015161	-7.008279	-7.011690	-7.009876	-7.005403	-6.982537	-7.009996	-6.986052	-6.989946	-6.988419	-7.010986	-6.987928	-15.004282	-6.999599
2141.390000	-7.020363	-6.997340	-7.015162	-7.008295	-7.011688	-7.009870	-7.005418	-6.982553	-7.010004	-6.986070	-6.989929	-6.988429	-7.011006	-6.987929	-15.004333	-6.999603
2153.577000	-7.020368	-6.997341	-7.015173	-7.008314	-7.011689	-7.009868	-7.005431	-6.982548	-7.010021	-6.986061	-6.989947	-6.988424	-7.011003	-6.987941	-15.004375	-6.999611
2165.756000	-7.020370	-6.997372	-7.015175	-7.008322	-7.011714	-7.009876	-7.005457	-6.982555	-7.010015	-6.986073	-6.989947	-6.988431	-7.011019	-6.987935	-15.004530	-6.999613
2177.949000	-7.020385	-6.997371	-7.015188	-7.008326	-7.011706	-7.009877	-7.005475	-6.982562	-7.010034	-6.986082	-6.989948	-6.988446	-7.011025	-6.987946	-15.004398	-6.999618
2190.146000	-7.020388	-6.997376	-7.015181	-7.008325	-7.011723	-7.009886	-7.005470	-6.982573	-7.010033	-6.986068	-6.989960	-6.988445	-7.011026	-6.987954	-15.004578	-6.999618
2202.353000	-7.020393	-6.997392	-7.015187	-7.008329	-7.011716	-7.009872	-7.005507	-6.982571	-7.010018	-6.986066	-6.989977	-6.988442	-7.011027	-6.987953	-15.004599	-6.999653
2214.533000	-7.020384	-6.997382	-7.015195	-7.008344	-7.011731	-7.009888	-7.005508	-6.982574	-7.010048	-6.986088	-6.989988	-6.988459	-7.011022	-6.987962	-15.004458	-6.999650
2226.728000	-7.020386	-6.997392	-7.015213	-7.008337	-7.011726	-7.009891	-7.005533	-6.982600	-7.010043	-6.986088	-6.989985	-6.988460	-7.011017	-6.987965	-15.004263	-6.999666
2238.907000	-7.020392	-6.997400	-7.015197	-7.008332	-7.011730	-7.009896	-7.005552	-6.982605	-7.010039	-6.986095	-6.989973	-6.988454	-7.011022	-6.987976	-15.004192	-6.999659
2251.094000	-7.020394	-6.997407	-7.015204	-7.008342	-7.011728	-7.009908	-7.005580	-6.982607	-7.010035	-6.986106	-6.989977	-6.988457	-7.011017	-6.987977	-15.004208	-6.999666
2263.296000	-7.020392	-6.997406	-7.015219	-7.008343	-7.011723	-7.009910	-7.005583	-6.982614	-7.010043	-6.986102	-6.989977	-6.988479	-7.011030	-6.987988	-15.004259	-6.999676
2275.490000	-7.020415	-6.997425	-7.015220	-7.008340	-7.011738	-7.009901	-7.005606	-6.982615	-7.010050	-6.986120	-6.989981	-6.988476	-7.011038	-6.987974	-15.004364	-6.999676
2287.677000	-7.020409	-6.997422	-7.015218	-7.008348	-7.011735	-7.009909	-7.005614	-6.982619	-7.010062	-6.986116	-6.989965	-6.988483	-7.011053	-6.987985	-15.004249	-6.999685
2299.869000	-7.020418	-6.997416	-7.015225	-7.008353	-7.011757	-7.009918	-7.005619	-6.982619	-7.010076	-6.986125	-6.989979	-6.988481	-7.011024	-6.987993	-15.004167	-6.999689
2312.054000	-7.020421	-6.997430	-7.015213	-7.008352	-7.011755	-7.009928	-7.005639	-6.982610	-7.010077	-6.986134	-6.989993	-6.988484	-7.011039	-6.988000	-15.004113	-6.999678
2324.237000	-7.020429	-6.997449	-7.015214	-7.008363	-7.011749	-7.009949	-7.005655	-6.982624	-7.010080	-6.986131	-6.989974	-6.988484	-7.011053	-6.988006	-15.004248	-6.999682
2336.416000	-7.020428	-6.997438	-7.015215	-7.008361	-7.011746	-7.009940	-7.005665	-6.982633	-7.010069	-6.986151	-6.989974	-6.988492	-7.011050	-6.988015	-15.004334	-6.999692
2348.614000	-7.020418	-6.997442	-7.015221	-7.008377	-7.011754	-7.009954	-7.005668	-6.982633	-7.010087	-6.986139	-6.989992	-6.988494	-7.011064	-6.988002	-15.004309	-6.999687
2360.793000	-7.020411	-6.997448	-7.015221	-7.008376	-7.011754	-7.009949	-7.005689	-6.982631	-7.010087	-6.986137	-6.990012	-6.988505	-7.011041	-6.988018	-15.004425	-6.999691
2372.988000	-7.020435	-6.997445	-7.015221	-7.008382	-7.011756	-7.009956	-7.005677	-6.982628	-7.010092	-6.986142	-6.989993	-6.988496	-7.011037	-6.987998	-15.004304	-6.999691
2385.183000	-7.020434	-6.997443	-7.015233	-7.008377	-7.011755	-7.009957	-7.005689	-6.982637	-7.010094	-6.986152	-6.989984	-6.988503	-7.011050	-6.988012	-15.004445	-6.999705
2397.361000	-7.020439	-6.997449	-7.015228	-7.008368	-7.011756	-7.009953	-7.005719	-6.982646	-7.010104	-6.986156	-6.989997	-6.988507	-7.011046	-6.988013	-15.004363	-6.999706
2409.547000	-7.020425	-6.997468	-7.015237	-7.008374	-7.011768	-7.009957	-7.005724	-6.982651	-7.010101	-6.986163	-6.989998	-6.988517	-7.011058	-6.988011	-15.004182	-6.999715
2421.721000	-7.020436	-6.997473	-7.015236	-7.008360	-7.011765	-7.009973	-7.005734	-6.982651	-7.010111	-6.986164	-6.990009	-6.988507	-7.011044	-6.988017	-15.004457	-6.999711
2433.892000	-7.020436	-6.997482	-7.015236	-7.008375	-7.011739	-7.009961	-7.005738	-6.982656	-7.010105	-6.986167	-6.990011	-6.988486	-7.011058	-6.988002	-15.004270	-6.999700
2446.104000	-7.020441	-6.997468	-7.015233	-7.008377	-7.011755	-7.009970	-7.005737	-6.982665	-7.010106	-6.986165	-6.990015	-6.988511	-7.011047	-6.988006	-15.004257	-6.999714
2458.293000	-7.020439	-6.997477	-7.015242	-7.008380	-7.011763	-7.009978	-7.005744	-6.982670	-7.010108	-6.986169	-6.990031	-6.988491	-7.011061	-6.988016	-15.004350	-6.999728
2470.483000	-7.020452	-6.997478	-7.015238	-7.008358	-7.011777	-7.009975	-7.005763	-6.982673	-7.010110	-6.986169	-6.990008	-6.988502	-7.011052	-6.988010	-15.004457	-6.999722
2482.661000	-7.020443	-6.997485	-7.015245	-7.008375	-7.011771	-7.009981	-7.005772	-6.982682	-7.010111	-6.986186	-6.990022	-6.988516	-7.011064	-6.988010	-15.004184	-6.999724
2494.837000	-7.020438	-6.997474	-7.015252	-7.008380	-7.011775	-7.009981	-7.005779	-6.982673	-7.010113	-6.986177	-6.990025	-6.988519	-7.011045	-6.988005	-15.004175	-6.999728
2507.016000	-7.020444	-6.997487	-7.015265	-7.008372	-7.011778	-7.009973	-7.005785	-6.982693	-7.010118	-6.986186	-6.990018	-6.988522	-7.011054	-6.988011	-15.004294	-6.999742
2519.176000	-7.020452	-6.997487	-7.015246	-7.008374	-7.011780	-7.009978	-7.005768	-6.982674	-7.010124	-6.986174	-6.990019	-6.988519	-7.011063	-6.988005	-15.004268	-6.999740
2531.345000	-7.020455	-6.997493	-7.015251	-7.008378	-7.011762	-7.009977	-7.005777	-6.982685	-7.010114	-6.986170	-6.990028	-6.988525	-7.011066	-6.988014	-15.004539	-6.999740
2543.524000	-7.020459	-6.997508	-7.015263	-7.008374	-7.011787	-7.009974	-7.005786	-6.982669	-7.010125	-6.986180	-6.990015	-6.988528	-7.011057	-6.988015	-15.004336	-6.999745
2555.712000	-7.020440	-6.997507	-7.015262	-7.008398	-7.011795	-7.009995	-7.005804	-6.982684	-7.010119	-6.986182	-6.990023	-6.988519	-7.011068	-6.988027	-15.004253	-6.999751
2567.891000	-7.020448	-6.997502	-7.015273	-7.008377	-7.011779	-7.009995	-7.005790	-6.982685	-7.010122	-6.986187	-6.990023	-6.988523	-7.011071	-6.988021	-15.004448	-6.999753
2580.090000	-7.020450	-6.997486	-7.015269	-7.008392	-7.011775	-7.009987	-7.005797	-6.982685	-7.010123	-6.986187	-6.990027	-6.988544	-7.011054	-6.988024	-15.004404	-6.999748
2592.289000	-7.020449	-6.997497	-7.015278	-7.008411	-7.011788	-7.010000	-7.005816	-6.982697	-7.010118	-6.986186	-6.990015	-6.988526	-7.011061	-6.988024	-15.004370	-6.999748
2604.477000	-7.020458	-6.997504	-7.015268	-7.008376	-7.011789	-7.009996	-7.005820	-6.982690	-7.010124	-6.986201	-6.990030	-6.988546	-7.011063	-6.988025	-15.004490	-6.999756
2616.661000	-7.020461	-6.997517	-7.015274	-7.008392	-7.011791	-7.009989	-7.005809	-6.982699	-7.010121	-6.986203	-6.990039	-6.988553	-7.011067	-6.988033	-15.004337	-6.999753
2628.840000	-7.020458	-6.997519	-7.015278	-7.008382	-7.011790	-7.009983	-7.005824	-6.982690	-7.010148	-6.986200	-6.990027	-6.988533	-7.011064	-6.988024	-15.004300	-6.999750
2641.033000	-7.020451	-6.997509	-7.015288	-7.008405	-7.011787	-7.010005	-7.005823	-6.982701	-7.010132	-6.986205	-6.990045	-6.988540	-7.011064	-6.988047	-15.004194	-6.999755
2653.197000	-7.020443	-6.997516	-7.015283	-7.008397	-7.011793	-7.010001	-7.005857	-6.982706	-7.010134	-6.986212	-6.990050	-6.988552	-7.011070	-6.988031	-15.004195	-6.999749
2665.370000	-7.020442	-6.997516	-7.015292	-7.008402	-7.011809	-7.009991	-7.005824	-6.982703	-7.010135	-6.986216	-6.990042	-6.988541	-7.011065	-6.988042	-15.004191	-6.999744
2677.565000	-7.020468	-6.997514	-7.015301	-7.008395	-7.011797	-7.010010	-7.005852	-6.982693	-7.010135	-6.986220	-6.990039	-6.988565	-7.011072	-6.988008	-15.004271	-6.999768
2689.760000	-7.020467	-6.997522	-7.015303	-7.008409	-7.011784	-7.010024	-7.005847	-6.982709	-7.010142	-6.986225	-6.990046	-6.988561	-7.011080	-6.988030	-15.004257	-6.999774
2701.941000	-7.020453	-6.997519	-7.015301	-7.008418	-7.011793	-7.010019	-7.005848	-6.982703	-7.010140	-6.986210	-6.990044	-6.988543	-7.011077	-6.988024	-15.004341	-6.999753
2714.132000	-7.020461	-6.997523	-7.015303	-7.008420	-7.011791	-7.010024	-7.005844	-6.982718	-7.010140	-6.986214	-6.990024	-6.988549	-7.011071	-6.988037	-15.004351	-6.999761
2726.353000	-7.020473	-6.997505	-7.015306	-7.008417	-7.011791	-7.010026	-7.005853	-6.982722	-7.010144	-6.986224	-6.990043	-6.988556	-7.011093	-6.988049	-15.004256	-6.999770
2738.548000	-7.020466	-6.997531	-7.015296	-7.008402	-7.011777	-7.010017	-7.005862	-6.982719	-7.010157	-6.986223	-6.990028	-6.988554	-7.011077	-6.988027	-15.003966	-6.999758
2750.736000	-7.020458	-6.997520	-7.015289	-7.008412	-7.011790	-7.010026	-7.005849	-6.982736	-7.010136	-6.986219	-6.990034	-6.988558	-7.011072	-6.988029	-15.004132	-6.999734
2762.915000	-7.020465	-6.997521	-7.015268	-7.008405	-7.011777	-7.009993	-7.005865	-6.982712	-7.010158	-6.986211	-6.990027	-6.988573	-7.011070	-6.988081	-15.004246	-6.999774
2775.113000	-7.020450	-6.997469	-7.015145	-7.008392	-7.011753	-7.009852	-7.005819	-6.982676	-7.010038	-6.986085	-6.989946	-6.988458	-7.011019	-6.988019	-15.004374	-6.999642
2787.286000	-7.020424	-6.997340	-7.015007	-7.008346	-7.011660	-7.009620	-7.005630	-6.982502	-7.009856	-6.985920	-6.989818	-6.988314	-7.010936	-6.987859	-15.004141	-6.999471
2799.472000	-7.020377	-6.997170	-7.014898	-7.008253	-7.011530	-7.009380	-7.005352	-6.982320	-7.009654	-6.985749	-6.989687	-6.988146	-7.010835	-6.987699	-15.004464	-6.999310
2811.679000	-7.020293	-6.997002	-7.014774	-7.008154	-7.011361	-7.009177	-7.005165	-6.982149	-7.009467	-6.985614	-6.989556	-6.988023	-7.010753	-6.987521	-15.004399	-6.999154
2823.868000	-7.020238	-6.996854	-7.014678	-7.008084	-7.011225	-7.009035	-7.005053	-6.982020	-7.009371	-6.985513	-6.989470	-6.987941	-7.010692	-6.987404	-15.003959	-6.999066
2836.060000	-7.020194	-6.996753	-7.014620	-7.008009	-7.011127	-7.008947	-7.004977	-6.981901	-7.009280	-6.985433	-6.989383	-6.987848	-7.010643	-6.987296	-15.004123	-6.998995
2848.266000	-7.020137	-6.996675	-7.014588	-7.007952	-7.011064	-7.008888	-7.004920	-6.981838	-7.009216	-6.985385	-6.989323	-6.987816	-7.010616	-6.987238	-15.004335	-6.998938
2860.461000	-7.020095	-6.996577	-7.014567	-7.007893	-7.011019	-7.008839	-7.004870	-6.981779	-7.009174	-6.985333	-6.989268	-6.987792	-7.010583	-6.987184	-15.004272	-6.998892
2872.648000	-7.020073	-6.996533	-7.014533	-7.007844	-7.010943	-7.008810	-7.004833	-6.981729	-7.009142	-6.985294	-6.989223	-6.987764	-7.010564	-6.987137	-15.004237	-6.998883
2884.835000	-7.020049	-6.996484	-7.014521	-7.007808	-7.010907	-7.008792	-7.004800	-6.981696	-7.009110	-6.985277	-6.989212	-6.987756	-7.010548	-6.987100	-15.003984	-6.998845
2897.036000	-7.020020	-6.996445	-7.014498	-7.007780	-7.010880	-7.008765	-7.004770	-6.981672	-7.009104	-6.985249	-6.989181	-6.987742	-7.010543	-6.987067	-15.004160	-6.998835
2909.219000	-7.020004	-6.996442	-7.014489	-7.007757	-7.010859	-7.008749	-7.004738	-6.981653	-7.009080	-6.985226	-6.989161	-6.987691	-7.010523	-6.987062	-15.004159	-6.998826
2921.421000	-7.019995	-6.996407	-7.014488	-7.007738	-7.010829	-7.008747	-7.004733	-6.981631	-7.009064	-6.985218	-6.989167	-6.987693	-7.010535	-6.987051	-15.004147	-6.998805
2933.622000	-7.019961	-6.996380	-7.014470	-7.007729	-7.010819	-7.008744	-7.004726	-6.981622	-7.009066	-6.985191	-6.989152	-6.987691	-7.010522	-6.987040	-15.003885	-6.998807
2945.814000	-7.019947	-6.996380	-7.014480	-7.007696	-7.010804	-7.008735	-7.004723	-6.981608	-7.009049	-6.985189	-6.989149	-6.987683	-7.010511	-6.987007	-15.004091	-6.998789
2957.990000	-7.019955	-6.996373	-7.014468	-7.007701	-7.010789	-7.008722	-7.004698	-6.981597	-7.009051	-6.985182	-6.989129	-6.987680	-7.010496	-6.987029	-15.003945	-6.998786
2970.185000	-7.019947	-6.996361	-7.014464	-7.007672	-7.010790	-7.008715	-7.004699	-6.981601	-7.009048	-6.985165	-6.989123	-6.987674	-7.010504	-6.987009	-15.004179	-6.998791
2982.369000	-7.019924	-6.996347	-7.014452	-7.007680	-7.010781	-7.008702	-7.004693	-6.981588	-7.009053	-6.985161	-6.989115	-6.987672	-7.010484	-6.987007	-15.004159	-6.998789
2994.543000	-7.019941	-6.996336	-7.014461	-7.007687	-7.010790	-7.008700	-7.004686	-6.981583	-7.009030	-6.985169	-6.989120	-6.987668	-7.010485	-6.986992	-15.004222	-6.998780
3006.711000	-7.019918	-6.996356	-7.014466	-7.007675	-7.010783	-7.008697	-7.004685	-6.981571	-7.009031	-6.985170	-6.989105	-6.987676	-7.010505	-6.986988	-15.004091	-6.998768
3018.877000	-7.019925	-6.996326	-7.014452	-7.007672	-7.010775	-7.008683	-7.004681	-6.981575	-7.009028	-6.985166	-6.989104	-6.987668	-7.010495	-6.986979	-15.004099	-6.998772
3031.060000	-7.019907	-6.996353	-7.014444	-7.007667	-7.010781	-7.008687	-7.004673	-6.981576	-7.009045	-6.985163	-6.989119	-6.987681	-7.010499	-6.986971	-15.003950	-6.998764
3043.240000	-7.019896	-6.996334	-7.014455	-7.007662	-7.010781	-7.008679	-7.004665	-6.981581	-7.009026	-6.985151	-6.989109	-6.987660	-7.010494	-6.986969	-15.004002	-6.998762
3055.419000	-7.019899	-6.996331	-7.014462	-7.007649	-7.010772	-7.008686	-7.004666	-6.981567	-7.009023	-6.985158	-6.989115	-6.987681	-7.010500	-6.986976	-15.003866	-6.998775
3067.615000	-7.019910	-6.996314	-7.014448	-7.007660	-7.010774	-7.008691	-7.004678	-6.981567	-7.009016	-6.985163	-6.989109	-6.987667	-7.010500	-6.986986	-15.003993	-6.998770
3079.796000	-7.019906	-6.996335	-7.014443	-7.007673	-7.010765	-7.008688	-7.004687	-6.981571	-7.009027	-6.985159	-6.989106	-6.987657	-7.010495	-6.986968	-15.004161	-6.998763
3091.975000	-7.019904	-6.996313	-7.014437	-7.007652	-7.010753	-7.008681	-7.004663	-6.981571	-7.009026	-6.985149	-6.989102	-6.987653	-7.010476	-6.986973	-15.004118	-6.998766
3104.150000	-7.019896	-6.996316	-7.014451	-7.007661	-7.010763	-7.008679	-7.004664	-6.981586	-7.009013	-6.985161	-6.989113	-6.987665	-7.010484	-6.986972	-15.004055	-6.998769
3116.343000	-7.019905	-6.996309	-7.014450	-7.007654	-7.010748	-7.008683	-7.004660	-6.981557	-7.009026	-6.985156	-6.989101	-6.987665	-7.010480	-6.986980	-15.004263	-6.998755
3128.548000	-7.019912	-6.996302	-7.014445	-7.007656	-7.010754	-7.008671	-7.004665	-6.981576	-7.009016	-6.985154	-6.989104	-6.987657	-7.010480	-6.986967	-15.004186	-6.998758
3140.726000	-7.019890	-6.996320	-7.014439	-7.007656	-7.010762	-7.008684	-7.004657	-6.981550	-7.009013	-6.985126	-6.989107	-6.987657	-7.010464	-6.986972	-15.004420	-6.998762
3152.924000	-7.019916	-6.996296	-7.014439	-7.007658	-7.010748	-7.008661	-7.004663	-6.981555	-7.009019	-6.985140	-6.989098	-6.987643	-7.010494	-6.986954	-15.004365	-6.998768
3165.113000	-7.019908	-6.996326	-7.014445	-7.007650	-7.010759	-7.008668	-7.004663	-6.981565	-7.009019	-6.985132	-6.989101	-6.987640	-7.010490	-6.986975	-15.004369	-6.998759
3177.305000	-7.019906	-6.996296	-7.014438	-7.007655	-7.010754	-7.008669	-7.004659	-6.981571	-7.008999	-6.985130	-6.989097	-6.987649	-7.010479	-6.986965	-15.004302	-6.998754
3189.505000	-7.019907	-6.996298	-7.014431	-7.007644	-7.010744	-7.008659	-7.004656	-6.981587	-7.009007	-6.985142	-6.989104	-6.987642	-7.010475	-6.986971	-15.004158	-6.998764
3201.707000	-7.019912	-6.996302	-7.014426	-7.007649	-7.010743	-7.008679	-7.004654	-6.981568	-7.009006	-6.985136	-6.989095	-6.987638	-7.010481	-6.986968	-15.004323	-6.998760
3213.895000	-7.019908	-6.996308	-7.014437	-7.007639	-7.010742	-7.008663	-7.004657	-6.981558	-7.009004	-6.985117	-6.989099	-6.987654	-7.010483	-6.986951	-15.004293	-6.998754
3226.096000	-7.019903	-6.996294	-7.014428	-7.007633	-7.010745	-7.008674	-7.004654	-6.981556	-7.009007	-6.985129	-6.989096	-6.987647	-7.010475	-6.986945	-15.004377	-6.998745
3238.273000	-7.019905	-6.996301	-7.014427	-7.007633	-7.010748	-7.008673	-7.004656	-6.981549	-7.009002	-6.985111	-6.989094	-6.987651	-7.010466	-6.986952	-15.003980	-6.998769
3250.448000	-7.019893	-6.996305	-7.014424	-7.007647	-7.010763	-7.008673	-7.004655	-6.981556	-7.009008	-6.985121	-6.989085	-6.987646	-7.010477	-6.986964	-15.004116	-6.998748
3262.627000	-7.019909	-6.996322	-7.014421	-7.007650	-7.010751	-7.008674	-7.004663	-6.981565	-7.009000	-6.985129	-6.989082	-6.987630	-7.010471	-6.986959	-15.004059	-6.998756
3274.798000	-7.019890	-6.996302	-7.014426	-7.007655	-7.010746	-7.008662	-7.004656	-6.981567	-7.008995	-6.985136	-6.989081	-6.987642	-7.010489	-6.986941	-15.004182	-6.998757
3286.996000	-7.019877	-6.996306	-7.014427	-7.007652	-7.010753	-7.008665	-7.004661	-6.981564	-7.008990	-6.985145	-6.989100	-6.987643	-7.010477	-6.986951	-15.004206	-6.998748
3299.179000	-7.019882	-6.996293	-7.014421	-7.007657	-7.010749	-7.008657	-7.004659	-6.981570	-7.008994	-6.985120	-6.989104	-6.987641	-7.010468	-6.986952	-15.004087	-6.998764
3311.364000	-7.019893	-6.996297	-7.014418	-7.007657	-7.010741	-7.008667	-7.004657	-6.981569	-7.008982	-6.985140	-6.989098	-6.987637	-7.010470	-6.986943	-15.004325	-6.998750
3323.546000	-7.019894	-6.996278	-7.014416	-7.007647	-7.010742	-7.008666	-7.004649	-6.981558	-7.008995	-6.985120	-6.989108	-6.987636	-7.010474	-6.986929	-15.004274	-6.998745
3335.724000	-7.019905	-6.996304	-7.014433	-7.007654	-7.010746	-7.008661	-7.004653	-6.981564	-7.009004	-6.985118	-6.989088	-6.987643	-7.010477	-6.986950	-15.004239	-6.998740
3347.928000	-7.019906	-6.996290	-7.014419	-7.007640	-7.010742	-7.008670	-7.004652	-6.981548	-7.009019	-6.985121	-6.989098	-6.987624	-7.010477	-6.986953	-15.004181	-6.998749
3360.112000	-7.019903	-6.996283	-7.014419	-7.007641	-7.010747	-7.008677	-7.004650	-6.981557	-7.009007	-6.985112	-6.989104	-6.987637	-7.010467	-6.986952	-15.003963	-6.998748
3372.307000	-7.019896	-6.996302	-7.014427	-7.007628	-7.010747	-7.008656	-7.004677	-6.981569	-7.009012	-6.985115	-6.989094	-6.987641	-7.010484	-6.986943	-15.004110	-6.998747
3384.480000	-7.019898	-6.996298	-7.014427	-7.007631	-7.010744	-7.008649	-7.004655	-6.981567	-7.009001	-6.985115	-6.989102	-6.987628	-7.010472	-6.986947	-15.004170	-6.998750
3396.658000	-7.019888	-6.996295	-7.014423	-7.007617	-7.010751	-7.008647	-7.004645	-6.981563	-7.009005	-6.985130	-6.989088	-6.987630	-7.010484	-6.986964	-15.004221	-6.998731
3408.883000	-7.019883	-6.996300	-7.014443	-7.007638	-7.010740	-7.008666	-7.004653	-6.981580	-7.008998	-6.985121	-6.989097	-6.987637	-7.010488	-6.986966	-15.004187	-6.998729
3421.087000	-7.019872	-6.996290	-7.014423	-7.007636	-7.010738	-7.008662	-7.004642	-6.981565	-7.009001	-6.985108	-6.989097	-6.987628	-7.010480	-6.986962	-15.004172	-6.998759
3433.278000	-7.019872	-6.996288	-7.014438	-7.007660	-7.010734	-7.008664	-7.004640	-6.981552	-7.008999	-6.985096	-6.989090	-6.987626	-7.010475	-6.986947	-15.004077	-6.998749
3445.460000	-7.019878	-6.996272	-7.014432	-7.007633	-7.010746	-7.008643	-7.004650	-6.981566	-7.008979	-6.985103	-6.989089	-6.987614	-7.010480	-6.986928	-15.004301	-6.998753
3457.654000	-7.019873	-6.996278	-7.014418	-7.007648	-7.010740	-7.008653	-7.004636	-6.981551	-7.009004	-6.985103	-6.989086	-6.987634	-7.010465	-6.986938	-15.004278	-6.998744
	-7.019879	-6.996293	-7.014421	-7.007641	-7.010737	-7.008653	-7.004646									
