8.181000	-7.191117	-7.146182	-7.189342	-7.158595	-7.189459	-7.185678	-7.186996	-7.193066	-7.175421	-7.154733	-7.147269	-7.178358	-7.142039	-7.198005	-15.157066	-7.176726
20.359000	-7.191137	-7.146191	-7.189328	-7.158575	-7.189434	-7.185652	-7.186994	-7.193074	-7.175397	-7.154711	-7.147224	-7.178323	-7.142031	-7.197997	-15.157202	-7.176709
32.540000	-7.191109	-7.146178	-7.189310	-7.158583	-7.189425	-7.185658	-7.186984	-7.193077	-7.175372	-7.154701	-7.147233	-7.178322	-7.142032	-7.197978	-15.157304	-7.176680
44.744000	-7.191092	-7.146178	-7.189321	-7.158585	-7.189393	-7.185642	-7.186968	-7.193048	-7.175393	-7.154690	-7.147227	-7.178310	-7.142028	-7.197982	-15.157345	-7.176680
56.959000	-7.191104	-7.146182	-7.189308	-7.158565	-7.189415	-7.185645	-7.186956	-7.193062	-7.175373	-7.154700	-7.147232	-7.178299	-7.142026	-7.197971	-15.157552	-7.176668
69.121000	-7.191094	-7.146177	-7.189313	-7.158565	-7.189388	-7.185628	-7.186973	-7.193040	-7.175389	-7.154673	-7.147201	-7.178328	-7.142045	-7.197994	-15.157502	-7.176709
81.321000	-7.191058	-7.146127	-7.189246	-7.158569	-7.189338	-7.185511	-7.186951	-7.193014	-7.175305	-7.154605	-7.147147	-7.178248	-7.142023	-7.198011	-15.157559	-7.176659
93.501000	-7.191011	-7.146071	-7.189154	-7.158519	-7.189212	-7.185298	-7.186873	-7.192935	-7.175169	-7.154474	-7.147028	-7.178049	-7.141955	-7.197935	-15.157471	-7.176543
105.676000	-7.190927	-7.145998	-7.189038	-7.158446	-7.189010	-7.185053	-7.186767	-7.192766	-7.175027	-7.154347	-7.146919	-7.177844	-7.141837	-7.197849	-15.157674	-7.176411
117.878000	-7.190813	-7.145885	-7.188905	-7.158328	-7.188780	-7.184743	-7.186630	-7.192624	-7.174860	-7.154180	-7.146790	-7.177622	-7.141705	-7.197767	-15.157740	-7.176249
130.065000	-7.190677	-7.145810	-7.188788	-7.158206	-7.188561	-7.184526	-7.186488	-7.192434	-7.174720	-7.154015	-7.146650	-7.177417	-7.141575	-7.197656	-15.157844	-7.176119
142.274000	-7.190545	-7.145712	-7.188679	-7.158061	-7.188332	-7.184327	-7.186318	-7.192280	-7.174559	-7.153862	-7.146509	-7.177239	-7.141447	-7.197573	-15.157906	-7.175959
154.486000	-7.190414	-7.145635	-7.188559	-7.157936	-7.188126	-7.184080	-7.186202	-7.192123	-7.174415	-7.153726	-7.146373	-7.177049	-7.141321	-7.197465	-15.158034	-7.175839
166.691000	-7.190284	-7.145526	-7.188466	-7.157791	-7.187942	-7.183927	-7.186046	-7.191982	-7.174298	-7.153570	-7.146276	-7.176900	-7.141180	-7.197391	-15.158021	-7.175714
178.888000	-7.190136	-7.145455	-7.188375	-7.157671	-7.187759	-7.183766	-7.185903	-7.191845	-7.174210	-7.153442	-7.146173	-7.176777	-7.141061	-7.197310	-15.157849	-7.175605
191.081000	-7.190026	-7.145400	-7.188314	-7.157550	-7.187588	-7.183629	-7.185766	-7.191728	-7.174141	-7.153330	-7.146090	-7.176685	-7.140945	-7.197238	-15.158065	-7.175500
203.289000	-7.189905	-7.145358	-7.188256	-7.157447	-7.187455	-7.183534	-7.185657	-7.191649	-7.174059	-7.153238	-7.146015	-7.176605	-7.140838	-7.197192	-15.158069	-7.175436
215.476000	-7.189820	-7.145307	-7.188236	-7.157368	-7.187364	-7.183434	-7.185557	-7.191570	-7.174009	-7.153163	-7.145984	-7.176546	-7.140779	-7.197139	-15.158109	-7.175360
227.685000	-7.189751	-7.145277	-7.188165	-7.157306	-7.187285	-7.183379	-7.185510	-7.191514	-7.173976	-7.153094	-7.145944	-7.176500	-7.140692	-7.197095	-15.158205	-7.175332
239.875000	-7.189682	-7.145235	-7.188143	-7.157249	-7.187224	-7.183333	-7.185459	-7.191476	-7.173933	-7.153062	-7.145909	-7.176462	-7.140639	-7.197072	-15.158264	-7.175297
252.057000	-7.189648	-7.145218	-7.188138	-7.157202	-7.187163	-7.183290	-7.185395	-7.191476	-7.173913	-7.153029	-7.145894	-7.176445	-7.140603	-7.197051	-15.158611	-7.175285
264.274000	-7.189591	-7.145199	-7.188115	-7.157177	-7.187129	-7.183262	-7.185364	-7.191437	-7.173894	-7.152987	-7.145886	-7.176412	-7.140567	-7.197034	-15.158258	-7.175260
276.480000	-7.189582	-7.145183	-7.188102	-7.157152	-7.187090	-7.183261	-7.185339	-7.191424	-7.173896	-7.152967	-7.145859	-7.176420	-7.140538	-7.197035	-15.158293	-7.175248
288.680000	-7.189549	-7.145185	-7.188072	-7.157126	-7.187084	-7.183231	-7.185326	-7.191414	-7.173890	-7.152955	-7.145864	-7.176390	-7.140507	-7.197014	-15.158438	-7.175229
300.878000	-7.189529	-7.145176	-7.188084	-7.157120	-7.187077	-7.183217	-7.185305	-7.191399	-7.173883	-7.152931	-7.145836	-7.176382	-7.140480	-7.197010	-15.158393	-7.175211
313.081000	-7.189507	-7.145177	-7.188066	-7.157100	-7.187046	-7.183197	-7.185291	-7.191395	-7.173891	-7.152922	-7.145837	-7.176388	-7.140501	-7.196995	-15.158327	-7.175205
325.282000	-7.189500	-7.145174	-7.188056	-7.157104	-7.187052	-7.183198	-7.185269	-7.191382	-7.173876	-7.152899	-7.145821	-7.176377	-7.140490	-7.197010	-15.158388	-7.175204
337.494000	-7.189487	-7.145164	-7.188045	-7.157071	-7.187025	-7.183186	-7.185273	-7.191371	-7.173854	-7.152880	-7.145827	-7.176367	-7.140477	-7.197001	-15.158370	-7.175181
349.678000	-7.189477	-7.145144	-7.188060	-7.157074	-7.187010	-7.183188	-7.185257	-7.191383	-7.173872	-7.152863	-7.145833	-7.176359	-7.140456	-7.196990	-15.158233	-7.175195
361.885000	-7.189487	-7.145146	-7.188062	-7.157050	-7.187005	-7.183172	-7.185253	-7.191370	-7.173867	-7.152882	-7.145824	-7.176345	-7.140448	-7.196980	-15.158325	-7.175179
374.085000	-7.189462	-7.145148	-7.188055	-7.157064	-7.187005	-7.183160	-7.185255	-7.191369	-7.173860	-7.152885	-7.145824	-7.176360	-7.140441	-7.196983	-15.158242	-7.175194
386.312000	-7.189451	-7.145138	-7.188050	-7.157071	-7.187016	-7.183163	-7.185235	-7.191371	-7.173850	-7.152874	-7.145827	-7.176354	-7.140441	-7.196985	-15.158630	-7.175178
398.542000	-7.189460	-7.145130	-7.188052	-7.157053	-7.187006	-7.183171	-7.185240	-7.191378	-7.173850	-7.152862	-7.145827	-7.176366	-7.140427	-7.196986	-15.158457	-7.175172
410.745000	-7.189452	-7.145139	-7.188047	-7.157029	-7.186993	-7.183167	-7.185250	-7.191372	-7.173846	-7.152874	-7.145813	-7.176366	-7.140428	-7.196988	-15.158550	-7.175185
422.964000	-7.189469	-7.145133	-7.188037	-7.157052	-7.186972	-7.183167	-7.185243	-7.191371	-7.173847	-7.152883	-7.145817	-7.176361	-7.140427	-7.197003	-15.158507	-7.175180
435.181000	-7.189461	-7.145124	-7.188060	-7.157049	-7.186992	-7.183172	-7.185252	-7.191366	-7.173846	-7.152868	-7.145812	-7.176343	-7.140424	-7.196986	-15.158520	-7.175171
447.364000	-7.189444	-7.145112	-7.188053	-7.157042	-7.186991	-7.183150	-7.185234	-7.191373	-7.173835	-7.152877	-7.145826	-7.176353	-7.140403	-7.196979	-15.158368	-7.175172
459.561000	-7.189442	-7.145124	-7.188041	-7.157050	-7.186983	-7.183152	-7.185235	-7.191370	-7.173826	-7.152879	-7.145803	-7.176368	-7.140419	-7.196981	-15.158613	-7.175184
471.755000	-7.189433	-7.145104	-7.188054	-7.157040	-7.186975	-7.183145	-7.185245	-7.191357	-7.173834	-7.152862	-7.145824	-7.176349	-7.140415	-7.196982	-15.158455	-7.175181
483.945000	-7.189423	-7.145110	-7.188046	-7.157032	-7.186975	-7.183141	-7.185229	-7.191353	-7.173826	-7.152860	-7.145812	-7.176334	-7.140409	-7.196989	-15.158520	-7.175172
496.139000	-7.189420	-7.145101	-7.188053	-7.157038	-7.186953	-7.183142	-7.185235	-7.191353	-7.173813	-7.152868	-7.145815	-7.176345	-7.140416	-7.196970	-15.158258	-7.175177
508.363000	-7.189412	-7.145109	-7.188039	-7.157020	-7.186972	-7.183146	-7.185223	-7.191354	-7.173830	-7.152866	-7.145814	-7.176344	-7.140420	-7.196971	-15.158457	-7.175168
520.586000	-7.189414	-7.145111	-7.188031	-7.157016	-7.186965	-7.183147	-7.185215	-7.191352	-7.173839	-7.152845	-7.145817	-7.176349	-7.140412	-7.196969	-15.158648	-7.175155
532.763000	-7.189416	-7.145100	-7.188040	-7.157004	-7.186967	-7.183158	-7.185216	-7.191349	-7.173829	-7.152861	-7.145818	-7.176336	-7.140392	-7.196977	-15.158438	-7.175190
544.943000	-7.189412	-7.145118	-7.188040	-7.157012	-7.186958	-7.183146	-7.185218	-7.191361	-7.173845	-7.152855	-7.145806	-7.176342	-7.140401	-7.196974	-15.158594	-7.175180
557.131000	-7.189412	-7.145110	-7.188051	-7.157029	-7.186948	-7.183146	-7.185217	-7.191368	-7.173836	-7.152857	-7.145810	-7.176355	-7.140405	-7.196973	-15.158524	-7.175169
569.322000	-7.189406	-7.145104	-7.188045	-7.157007	-7.186952	-7.183127	-7.185230	-7.191348	-7.173821	-7.152864	-7.145800	-7.176347	-7.140400	-7.196972	-15.158749	-7.175161
581.526000	-7.189401	-7.145106	-7.188027	-7.157008	-7.186943	-7.183146	-7.185214	-7.191350	-7.173818	-7.152858	-7.145804	-7.176344	-7.140400	-7.196981	-15.158635	-7.175165
593.733000	-7.189421	-7.145109	-7.188038	-7.156992	-7.186952	-7.183128	-7.185221	-7.191346	-7.173838	-7.152853	-7.145787	-7.176347	-7.140389	-7.196973	-15.158536	-7.175174
605.921000	-7.189407	-7.145101	-7.188041	-7.156999	-7.186950	-7.183128	-7.185225	-7.191359	-7.173818	-7.152848	-7.145799	-7.176342	-7.140385	-7.196982	-15.158597	-7.175166
618.123000	-7.189402	-7.145097	-7.188037	-7.157016	-7.186953	-7.183116	-7.185216	-7.191343	-7.173822	-7.152848	-7.145797	-7.176341	-7.140363	-7.196983	-15.158810	-7.175175
630.299000	-7.189406	-7.145106	-7.188038	-7.157002	-7.186942	-7.183110	-7.185220	-7.191350	-7.173834	-7.152855	-7.145797	-7.176332	-7.140381	-7.196975	-15.158668	-7.175164
642.535000	-7.189390	-7.145100	-7.188024	-7.157007	-7.186953	-7.183125	-7.185217	-7.191357	-7.173832	-7.152859	-7.145806	-7.176350	-7.140389	-7.196982	-15.158862	-7.175170
654.724000	-7.189400	-7.145103	-7.188031	-7.157006	-7.186962	-7.183131	-7.185227	-7.191340	-7.173820	-7.152842	-7.145803	-7.176332	-7.140392	-7.196993	-15.158784	-7.175149
666.915000	-7.189405	-7.145114	-7.188037	-7.156992	-7.186962	-7.183126	-7.185230	-7.191335	-7.173824	-7.152842	-7.145807	-7.176347	-7.140396	-7.196986	-15.158651	-7.175139
679.140000	-7.189380	-7.145108	-7.188031	-7.156995	-7.186947	-7.183119	-7.185227	-7.191351	-7.173811	-7.152850	-7.145802	-7.176346	-7.140399	-7.196982	-15.158691	-7.175154
691.324000	-7.189398	-7.145104	-7.188026	-7.156999	-7.186961	-7.183123	-7.185222	-7.191355	-7.173830	-7.152840	-7.145789	-7.176352	-7.140388	-7.196984	-15.158595	-7.175137
703.509000	-7.189374	-7.145094	-7.188033	-7.157005	-7.186956	-7.183121	-7.185215	-7.191359	-7.173820	-7.152833	-7.145801	-7.176340	-7.140394	-7.196991	-15.158604	-7.175162
715.703000	-7.189391	-7.145120	-7.188033	-7.157004	-7.186938	-7.183105	-7.185226	-7.191358	-7.173814	-7.152849	-7.145801	-7.176350	-7.140379	-7.196981	-15.158820	-7.175159
727.893000	-7.189397	-7.145102	-7.188024	-7.157012	-7.186947	-7.183110	-7.185205	-7.191352	-7.173840	-7.152846	-7.145788	-7.176344	-7.140377	-7.196994	-15.158638	-7.175152
740.093000	-7.189397	-7.145098	-7.188032	-7.157008	-7.186924	-7.183108	-7.185214	-7.191359	-7.173838	-7.152845	-7.145789	-7.176332	-7.140385	-7.196989	-15.158773	-7.175156
752.270000	-7.189392	-7.145091	-7.188017	-7.157008	-7.186937	-7.183129	-7.185206	-7.191348	-7.173823	-7.152837	-7.145801	-7.176346	-7.140378	-7.196980	-15.158689	-7.175147
764.469000	-7.189375	-7.145096	-7.188024	-7.157000	-7.186929	-7.183105	-7.185202	-7.191336	-7.173816	-7.152833	-7.145793	-7.176338	-7.140388	-7.196986	-15.158643	-7.175136
776.690000	-7.189384	-7.145088	-7.188024	-7.156996	-7.186925	-7.183095	-7.185221	-7.191333	-7.173812	-7.152830	-7.145793	-7.176355	-7.140386	-7.196986	-15.158645	-7.175154
788.889000	-7.189389	-7.145090	-7.188011	-7.157012	-7.186942	-7.183102	-7.185212	-7.191345	-7.173825	-7.152831	-7.145801	-7.176336	-7.140396	-7.196981	-15.158619	-7.175144
801.088000	-7.189385	-7.145090	-7.188016	-7.156985	-7.186933	-7.183098	-7.185197	-7.191353	-7.173821	-7.152842	-7.145784	-7.176350	-7.140382	-7.196967	-15.158869	-7.175147
813.269000	-7.189379	-7.145092	-7.188014	-7.156993	-7.186942	-7.183113	-7.185207	-7.191333	-7.173823	-7.152828	-7.145799	-7.176349	-7.140370	-7.196967	-15.158508	-7.175155
825.471000	-7.189378	-7.145087	-7.188009	-7.156992	-7.186942	-7.183106	-7.185211	-7.191330	-7.173812	-7.152838	-7.145782	-7.176350	-7.140386	-7.196971	-15.158787	-7.175161
837.679000	-7.189375	-7.145077	-7.187995	-7.157003	-7.186923	-7.183103	-7.185202	-7.191337	-7.173820	-7.152820	-7.145780	-7.176351	-7.140384	-7.196981	-15.158830	-7.175152
849.880000	-7.189390	-7.145097	-7.188003	-7.156989	-7.186922	-7.183099	-7.185217	-7.191348	-7.173823	-7.152819	-7.145799	-7.176348	-7.140387	-7.196975	-15.158547	-7.175148
862.067000	-7.189370	-7.145110	-7.188005	-7.156989	-7.186941	-7.183089	-7.185209	-7.191349	-7.173814	-7.152831	-7.145798	-7.176345	-7.140397	-7.196970	-15.158553	-7.175155
874.284000	-7.189374	-7.145109	-7.188013	-7.156986	-7.186926	-7.183109	-7.185220	-7.191347	-7.173814	-7.152837	-7.145791	-7.176329	-7.140371	-7.196964	-15.158724	-7.175150
886.476000	-7.189378	-7.145100	-7.188007	-7.156987	-7.186941	-7.183087	-7.185210	-7.191348	-7.173813	-7.152822	-7.145799	-7.176340	-7.140376	-7.196969	-15.158888	-7.175167
898.680000	-7.189367	-7.145102	-7.188023	-7.156984	-7.186940	-7.183097	-7.185199	-7.191347	-7.173801	-7.152836	-7.145790	-7.176332	-7.140377	-7.196968	-15.158678	-7.175157
910.882000	-7.189367	-7.145090	-7.188010	-7.156988	-7.186946	-7.183085	-7.185219	-7.191346	-7.173809	-7.152819	-7.145788	-7.176347	-7.140386	-7.196980	-15.158740	-7.175147
923.067000	-7.189368	-7.145086	-7.188008	-7.156988	-7.186932	-7.183079	-7.185211	-7.191331	-7.173793	-7.152830	-7.145782	-7.176335	-7.140385	-7.196985	-15.158676	-7.175146
935.284000	-7.189373	-7.145099	-7.188019	-7.157003	-7.186932	-7.183091	-7.185203	-7.191343	-7.173811	-7.152832	-7.145807	-7.176337	-7.140363	-7.196993	-15.158738	-7.175160
947.498000	-7.189385	-7.145091	-7.188005	-7.156984	-7.186930	-7.183078	-7.185193	-7.191334	-7.173812	-7.152825	-7.145808	-7.176345	-7.140375	-7.196974	-15.158647	-7.175155
959.693000	-7.189382	-7.145090	-7.188006	-7.156996	-7.186920	-7.183103	-7.185204	-7.191328	-7.173819	-7.152836	-7.145795	-7.176341	-7.140372	-7.196971	-15.158978	-7.175136
971.879000	-7.189383	-7.145092	-7.188009	-7.156999	-7.186934	-7.183092	-7.185201	-7.191341	-7.173801	-7.152834	-7.145789	-7.176340	-7.140375	-7.196972	-15.158933	-7.175143
984.076000	-7.189375	-7.145096	-7.188024	-7.156992	-7.186929	-7.183109	-7.185212	-7.191340	-7.173809	-7.152812	-7.145770	-7.176331	-7.140379	-7.196972	-15.158853	-7.175140
996.293000	-7.189367	-7.145087	-7.187992	-7.156977	-7.186919	-7.183108	-7.185206	-7.191335	-7.173814	-7.152822	-7.145787	-7.176344	-7.140368	-7.196966	-15.158812	-7.175139
1008.514000	-7.189377	-7.145088	-7.188010	-7.157000	-7.186920	-7.183092	-7.185210	-7.191342	-7.173805	-7.152820	-7.145792	-7.176337	-7.140386	-7.196980	-15.158846	-7.175135
1020.722000	-7.189382	-7.145090	-7.188000	-7.156990	-7.186942	-7.183080	-7.185193	-7.191352	-7.173810	-7.152827	-7.145792	-7.176326	-7.140368	-7.196974	-15.158811	-7.175143
1032.902000	-7.189376	-7.145082	-7.187987	-7.156977	-7.186924	-7.183105	-7.185206	-7.191333	-7.173817	-7.152817	-7.145786	-7.176331	-7.140360	-7.196977	-15.158779	-7.175143
1045.099000	-7.189361	-7.145088	-7.188018	-7.156988	-7.186929	-7.183089	-7.185191	-7.191333	-7.173812	-7.152821	-7.145802	-7.176323	-7.140358	-7.196969	-15.158936	-7.175155
1057.305000	-7.189374	-7.145099	-7.188013	-7.156982	-7.186932	-7.183084	-7.185212	-7.191342	-7.173807	-7.152837	-7.145799	-7.176338	-7.140355	-7.196965	-15.158933	-7.175138
1069.485000	-7.189370	-7.145085	-7.188014	-7.156988	-7.186923	-7.183092	-7.185195	-7.191326	-7.173806	-7.152837	-7.145791	-7.176337	-7.140367	-7.196973	-15.158638	-7.175157
1081.678000	-7.189366	-7.145074	-7.188021	-7.156998	-7.186916	-7.183082	-7.185200	-7.191336	-7.173820	-7.152822	-7.145794	-7.176340	-7.140369	-7.196975	-15.158919	-7.175141
1093.858000	-7.189348	-7.145081	-7.188023	-7.156996	-7.186935	-7.183082	-7.185205	-7.191345	-7.173819	-7.152823	-7.145795	-7.176339	-7.140379	-7.196963	-15.158828	-7.175124
1106.048000	-7.189372	-7.145085	-7.188035	-7.156983	-7.186916	-7.183091	-7.185193	-7.191333	-7.173798	-7.152815	-7.145791	-7.176340	-7.140359	-7.196972	-15.158986	-7.175108
1118.233000	-7.189517	-7.145404	-7.188436	-7.157006	-7.187128	-7.183440	-7.185274	-7.191456	-7.174028	-7.153019	-7.145967	-7.176515	-7.140368	-7.196882	-15.158959	-7.175215
1130.438000	-7.189687	-7.145528	-7.188631	-7.157182	-7.187628	-7.184102	-7.185524	-7.191807	-7.174461	-7.153487	-7.146300	-7.177197	-7.140694	-7.197204	-15.158775	-7.175690
1142.628000	-7.190005	-7.145695	-7.188899	-7.157517	-7.188232	-7.184787	-7.185895	-7.192233	-7.174875	-7.153958	-7.146640	-7.177769	-7.141067	-7.197492	-15.158717	-7.176086
1154.823000	-7.190298	-7.145886	-7.189135	-7.157835	-7.188727	-7.185369	-7.186249	-7.192588	-7.175234	-7.154355	-7.146913	-7.178171	-7.141373	-7.197727	-15.158636	-7.176373
1166.996000	-7.190577	-7.146030	-7.189346	-7.158098	-7.189161	-7.185781	-7.186530	-7.192888	-7.175472	-7.154639	-7.147131	-7.178448	-7.141643	-7.197890	-15.158614	-7.176606
1179.181000	-7.190802	-7.146170	-7.189489	-7.158333	-7.189494	-7.186081	-7.186792	-7.193130	-7.175650	-7.154860	-7.147314	-7.178638	-7.141866	-7.198004	-15.158686	-7.176780
1191.384000	-7.190986	-7.146253	-7.189575	-7.158524	-7.189765	-7.186303	-7.187009	-7.193338	-7.175778	-7.155008	-7.147448	-7.178793	-7.142023	-7.198088	-15.158633	-7.176912
1203.567000	-7.191170	-7.146334	-7.189665	-7.158693	-7.189984	-7.186476	-7.187176	-7.193478	-7.175877	-7.155157	-7.147568	-7.178896	-7.142184	-7.198154	-15.158751	-7.177006
1215.754000	-7.191326	-7.146420	-7.189745	-7.158813	-7.190149	-7.186635	-7.187341	-7.193608	-7.175966	-7.155300	-7.147679	-7.179010	-7.142335	-7.198244	-15.158624	-7.177090
1227.925000	-7.191457	-7.146502	-7.189820	-7.158967	-7.190317	-7.186757	-7.187487	-7.193719	-7.176052	-7.155400	-7.147744	-7.179094	-7.142452	-7.198308	-15.158776	-7.177162
1240.111000	-7.191583	-7.146571	-7.189895	-7.159089	-7.190461	-7.186863	-7.187607	-7.193803	-7.176130	-7.155491	-7.147829	-7.179196	-7.142555	-7.198372	-15.158732	-7.177196
1252.283000	-7.191679	-7.146628	-7.189927	-7.159173	-7.190546	-7.186944	-7.187703	-7.193890	-7.176181	-7.155566	-7.147884	-7.179238	-7.142648	-7.198403	-15.158701	-7.177273
1264.464000	-7.191742	-7.146653	-7.189976	-7.159260	-7.190641	-7.187013	-7.187768	-7.193938	-7.176238	-7.155620	-7.147921	-7.179282	-7.142732	-7.198443	-15.158848	-7.177315
1276.639000	-7.191847	-7.146693	-7.190004	-7.159300	-7.190703	-7.187076	-7.187828	-7.193996	-7.176246	-7.155677	-7.147967	-7.179340	-7.142770	-7.198468	-15.158768	-7.177352
1288.864000	-7.191870	-7.146741	-7.190023	-7.159357	-7.190755	-7.187115	-7.187878	-7.194023	-7.176286	-7.155708	-7.148007	-7.179359	-7.142821	-7.198494	-15.158486	-7.177367
1301.046000	-7.191925	-7.146742	-7.190034	-7.159383	-7.190801	-7.187127	-7.187909	-7.194049	-7.176302	-7.155750	-7.148025	-7.179380	-7.142854	-7.198493	-15.158445	-7.177392
1313.261000	-7.191966	-7.146784	-7.190050	-7.159436	-7.190844	-7.187142	-7.187954	-7.194092	-7.176315	-7.155751	-7.148043	-7.179412	-7.142903	-7.198510	-15.158632	-7.177401
1325.460000	-7.191991	-7.146792	-7.190058	-7.159440	-7.190881	-7.187176	-7.187974	-7.194105	-7.176339	-7.155777	-7.148051	-7.179441	-7.142919	-7.198509	-15.158531	-7.177427
1337.649000	-7.192025	-7.146792	-7.190073	-7.159455	-7.190910	-7.187186	-7.187979	-7.194121	-7.176356	-7.155803	-7.148062	-7.179444	-7.142935	-7.198533	-15.158725	-7.177417
1349.842000	-7.192049	-7.146804	-7.190094	-7.159478	-7.190920	-7.187218	-7.188016	-7.194151	-7.176364	-7.155813	-7.148093	-7.179441	-7.142959	-7.198552	-15.158797	-7.177432
1362.040000	-7.192069	-7.146802	-7.190082	-7.159504	-7.190925	-7.187230	-7.188035	-7.194159	-7.176375	-7.155837	-7.148112	-7.179469	-7.142978	-7.198565	-15.158983	-7.177477
1374.223000	-7.192091	-7.146817	-7.190099	-7.159503	-7.190944	-7.187242	-7.188056	-7.194169	-7.176389	-7.155850	-7.148122	-7.179472	-7.143004	-7.198587	-15.158757	-7.177474
1386.419000	-7.192122	-7.146831	-7.190126	-7.159519	-7.190968	-7.187277	-7.188084	-7.194198	-7.176413	-7.155862	-7.148117	-7.179477	-7.143018	-7.198577	-15.158625	-7.177476
1398.603000	-7.192127	-7.146845	-7.190128	-7.159523	-7.190978	-7.187276	-7.188099	-7.194193	-7.176401	-7.155876	-7.148126	-7.179508	-7.143026	-7.198603	-15.158788	-7.177487
1410.813000	-7.192150	-7.146837	-7.190120	-7.159526	-7.191002	-7.187280	-7.188094	-7.194217	-7.176425	-7.155881	-7.148145	-7.179511	-7.143032	-7.198596	-15.158611	-7.177507
1423.000000	-7.192163	-7.146870	-7.190139	-7.159528	-7.191021	-7.187306	-7.188111	-7.194239	-7.176435	-7.155908	-7.148138	-7.179541	-7.143046	-7.198608	-15.158567	-7.177520
1435.196000	-7.192162	-7.146861	-7.190130	-7.159534	-7.191031	-7.187311	-7.188124	-7.194246	-7.176464	-7.155908	-7.148150	-7.179545	-7.143054	-7.198606	-15.158598	-7.177524
1447.381000	-7.192178	-7.146872	-7.190142	-7.159564	-7.191054	-7.187318	-7.188133	-7.194254	-7.176469	-7.155931	-7.148157	-7.179542	-7.143075	-7.198619	-15.158698	-7.177543
1459.575000	-7.192187	-7.146870	-7.190138	-7.159559	-7.191066	-7.187339	-7.188156	-7.194260	-7.176475	-7.155933	-7.148183	-7.179562	-7.143084	-7.198633	-15.158585	-7.177551
1471.761000	-7.192191	-7.146887	-7.190144	-7.159562	-7.191095	-7.187334	-7.188157	-7.194278	-7.176482	-7.155949	-7.148173	-7.179556	-7.143085	-7.198661	-15.158631	-7.177527
1483.959000	-7.192199	-7.146876	-7.190151	-7.159574	-7.191099	-7.187341	-7.188174	-7.194283	-7.176490	-7.155962	-7.148173	-7.179569	-7.143101	-7.198663	-15.158756	-7.177547
1496.145000	-7.192199	-7.146886	-7.190158	-7.159559	-7.191121	-7.187352	-7.188175	-7.194300	-7.176511	-7.155959	-7.148201	-7.179575	-7.143102	-7.198672	-15.158601	-7.177555
1508.333000	-7.192216	-7.146891	-7.190148	-7.159574	-7.191130	-7.187355	-7.188195	-7.194311	-7.176533	-7.155967	-7.148187	-7.179578	-7.143106	-7.198680	-15.158568	-7.177554
1520.518000	-7.192221	-7.146892	-7.190174	-7.159587	-7.191135	-7.187371	-7.188209	-7.194323	-7.176522	-7.155998	-7.148194	-7.179584	-7.143122	-7.198683	-15.158529	-7.177547
1532.705000	-7.192223	-7.146888	-7.190175	-7.159597	-7.191162	-7.187359	-7.188223	-7.194334	-7.176560	-7.155994	-7.148211	-7.179596	-7.143133	-7.198690	-15.158760	-7.177576
1544.894000	-7.192227	-7.146907	-7.190186	-7.159582	-7.191175	-7.187377	-7.188239	-7.194337	-7.176561	-7.156012	-7.148229	-7.179594	-7.143147	-7.198703	-15.158862	-7.177566
1557.071000	-7.192242	-7.146890	-7.190173	-7.159604	-7.191176	-7.187374	-7.188235	-7.194343	-7.176568	-7.156018	-7.148231	-7.179598	-7.143146	-7.198713	-15.158668	-7.177558
1569.305000	-7.192241	-7.146889	-7.190179	-7.159586	-7.191184	-7.187384	-7.188246	-7.194350	-7.176581	-7.156023	-7.148235	-7.179576	-7.143161	-7.198726	-15.158618	-7.177563
1581.505000	-7.192238	-7.146884	-7.190192	-7.159602	-7.191192	-7.187380	-7.188249	-7.194372	-7.176589	-7.156042	-7.148250	-7.179610	-7.143165	-7.198727	-15.158674	-7.177562
1593.723000	-7.192240	-7.146889	-7.190194	-7.159585	-7.191209	-7.187397	-7.188257	-7.194379	-7.176599	-7.156025	-7.148246	-7.179603	-7.143171	-7.198743	-15.158703	-7.177574
1605.903000	-7.192249	-7.146885	-7.190187	-7.159594	-7.191214	-7.187396	-7.188262	-7.194399	-7.176609	-7.156049	-7.148259	-7.179605	-7.143173	-7.198752	-15.158613	-7.177583
1618.103000	-7.192271	-7.146902	-7.190194	-7.159578	-7.191220	-7.187399	-7.188263	-7.194391	-7.176609	-7.156049	-7.148268	-7.179614	-7.143197	-7.198765	-15.158458	-7.177577
1630.311000	-7.192242	-7.146917	-7.190202	-7.159590	-7.191231	-7.187417	-7.188259	-7.194390	-7.176610	-7.156069	-7.148282	-7.179621	-7.143213	-7.198781	-15.158601	-7.177582
1642.507000	-7.192260	-7.146891	-7.190212	-7.159621	-7.191231	-7.187419	-7.188284	-7.194409	-7.176621	-7.156045	-7.148268	-7.179619	-7.143226	-7.198800	-15.158698	-7.177584
1654.705000	-7.192263	-7.146899	-7.190192	-7.159610	-7.191241	-7.187426	-7.188307	-7.194426	-7.176617	-7.156067	-7.148289	-7.179632	-7.143231	-7.198797	-15.158743	-7.177583
1666.904000	-7.192264	-7.146892	-7.190192	-7.159604	-7.191259	-7.187440	-7.188306	-7.194445	-7.176631	-7.156073	-7.148289	-7.179638	-7.143233	-7.198821	-15.158453	-7.177596
1679.101000	-7.192262	-7.146911	-7.190195	-7.159603	-7.191243	-7.187440	-7.188310	-7.194425	-7.176643	-7.156082	-7.148300	-7.179643	-7.143232	-7.198813	-15.158530	-7.177585
1691.298000	-7.192268	-7.146890	-7.190191	-7.159629	-7.191255	-7.187445	-7.188323	-7.194424	-7.176655	-7.156080	-7.148296	-7.179644	-7.143221	-7.198814	-15.158635	-7.177601
1703.482000	-7.192288	-7.146904	-7.190202	-7.159607	-7.191275	-7.187458	-7.188326	-7.194453	-7.176674	-7.156079	-7.148309	-7.179659	-7.143233	-7.198817	-15.158669	-7.177596
1715.672000	-7.192278	-7.146918	-7.190202	-7.159612	-7.191279	-7.187462	-7.188321	-7.194461	-7.176677	-7.156078	-7.148291	-7.179651	-7.143264	-7.198821	-15.158853	-7.177592
1727.863000	-7.192273	-7.146903	-7.190212	-7.159615	-7.191289	-7.187462	-7.188348	-7.194479	-7.176685	-7.156100	-7.148304	-7.179654	-7.143271	-7.198845	-15.158983	-7.177595
1740.055000	-7.192311	-7.146895	-7.190202	-7.159599	-7.191290	-7.187457	-7.188342	-7.194477	-7.176672	-7.156097	-7.148302	-7.179665	-7.143267	-7.198839	-15.158734	-7.177592
1752.250000	-7.192278	-7.146895	-7.190210	-7.159609	-7.191307	-7.187454	-7.188354	-7.194467	-7.176683	-7.156100	-7.148310	-7.179671	-7.143277	-7.198835	-15.158800	-7.177602
1764.445000	-7.192282	-7.146897	-7.190214	-7.159610	-7.191293	-7.187482	-7.188357	-7.194471	-7.176682	-7.156091	-7.148318	-7.179671	-7.143284	-7.198853	-15.158836	-7.177601
1776.642000	-7.192302	-7.146908	-7.190219	-7.159608	-7.191310	-7.187484	-7.188366	-7.194488	-7.176699	-7.156093	-7.148322	-7.179684	-7.143294	-7.198859	-15.158773	-7.177616
1788.839000	-7.192294	-7.146904	-7.190224	-7.159626	-7.191323	-7.187487	-7.188371	-7.194487	-7.176713	-7.156095	-7.148314	-7.179686	-7.143295	-7.198853	-15.158879	-7.177596
1801.025000	-7.192305	-7.146903	-7.190211	-7.159612	-7.191330	-7.187495	-7.188372	-7.194480	-7.176707	-7.156101	-7.148341	-7.179688	-7.143295	-7.198852	-15.158609	-7.177606
1813.195000	-7.192307	-7.146906	-7.190221	-7.159623	-7.191339	-7.187491	-7.188379	-7.194499	-7.176698	-7.156104	-7.148325	-7.179686	-7.143311	-7.198863	-15.158617	-7.177621
1825.391000	-7.192304	-7.146909	-7.190216	-7.159615	-7.191336	-7.187496	-7.188372	-7.194498	-7.176701	-7.156123	-7.148325	-7.179695	-7.143315	-7.198871	-15.158583	-7.177607
1837.572000	-7.192306	-7.146898	-7.190227	-7.159618	-7.191328	-7.187502	-7.188379	-7.194510	-7.176708	-7.156128	-7.148332	-7.179688	-7.143321	-7.198883	-15.158583	-7.177604
1849.781000	-7.192329	-7.146919	-7.190237	-7.159634	-7.191347	-7.187490	-7.188388	-7.194502	-7.176725	-7.156128	-7.148339	-7.179697	-7.143331	-7.198867	-15.158505	-7.177608
1861.960000	-7.192309	-7.146910	-7.190226	-7.159624	-7.191353	-7.187515	-7.188387	-7.194524	-7.176712	-7.156116	-7.148339	-7.179690	-7.143338	-7.198882	-15.158623	-7.177610
1874.144000	-7.192305	-7.146905	-7.190224	-7.159616	-7.191366	-7.187510	-7.188390	-7.194532	-7.176728	-7.156114	-7.148353	-7.179705	-7.143349	-7.198886	-15.158711	-7.177624
1886.319000	-7.192300	-7.146920	-7.190229	-7.159619	-7.191374	-7.187510	-7.188383	-7.194531	-7.176723	-7.156116	-7.148349	-7.179710	-7.143340	-7.198896	-15.158436	-7.177620
1898.522000	-7.192299	-7.146895	-7.190218	-7.159618	-7.191362	-7.187515	-7.188399	-7.194536	-7.176717	-7.156123	-7.148349	-7.179689	-7.143341	-7.198883	-15.158549	-7.177630
1910.726000	-7.192314	-7.146928	-7.190230	-7.159622	-7.191362	-7.187523	-7.188413	-7.194525	-7.176737	-7.156118	-7.148348	-7.179695	-7.143345	-7.198911	-15.158501	-7.177605
1922.947000	-7.192330	-7.146920	-7.190219	-7.159635	-7.191369	-7.187530	-7.188393	-7.194537	-7.176731	-7.156117	-7.148351	-7.179702	-7.143349	-7.198909	-15.158597	-7.177624
1935.138000	-7.192325	-7.146930	-7.190235	-7.159623	-7.191391	-7.187530	-7.188397	-7.194554	-7.176732	-7.156147	-7.148377	-7.179713	-7.143358	-7.198898	-15.158686	-7.177627
1947.348000	-7.192327	-7.146935	-7.190237	-7.159639	-7.191387	-7.187534	-7.188394	-7.194546	-7.176755	-7.156144	-7.148364	-7.179709	-7.143361	-7.198913	-15.158662	-7.177617
1959.567000	-7.192328	-7.146924	-7.190229	-7.159632	-7.191377	-7.187535	-7.188411	-7.194536	-7.176727	-7.156142	-7.148369	-7.179712	-7.143358	-7.198916	-15.158589	-7.177616
1971.752000	-7.192319	-7.146924	-7.190253	-7.159629	-7.191388	-7.187540	-7.188422	-7.194552	-7.176738	-7.156142	-7.148361	-7.179719	-7.143349	-7.198916	-15.158656	-7.177635
1983.962000	-7.192329	-7.146908	-7.190237	-7.159629	-7.191376	-7.187523	-7.188403	-7.194558	-7.176750	-7.156140	-7.148364	-7.179716	-7.143359	-7.198908	-15.158581	-7.177639
1996.172000	-7.192322	-7.146921	-7.190246	-7.159623	-7.191384	-7.187548	-7.188410	-7.194572	-7.176748	-7.156144	-7.148366	-7.179719	-7.143378	-7.198910	-15.158713	-7.177633
2008.370000	-7.192322	-7.146924	-7.190243	-7.159630	-7.191398	-7.187543	-7.188420	-7.194575	-7.176748	-7.156153	-7.148367	-7.179718	-7.143365	-7.198918	-15.158638	-7.177627
2020.588000	-7.192327	-7.146918	-7.190242	-7.159624	-7.191415	-7.187550	-7.188414	-7.194582	-7.176754	-7.156149	-7.148355	-7.179721	-7.143393	-7.198927	-15.158662	-7.177630
2032.801000	-7.192337	-7.146930	-7.190235	-7.159634	-7.191410	-7.187563	-7.188409	-7.194586	-7.176774	-7.156155	-7.148368	-7.179745	-7.143379	-7.198928	-15.158619	-7.177631
2044.985000	-7.192326	-7.146929	-7.190244	-7.159643	-7.191395	-7.187554	-7.188438	-7.194590	-7.176761	-7.156166	-7.148372	-7.179730	-7.143391	-7.198932	-15.158566	-7.177629
2057.174000	-7.192332	-7.146915	-7.190247	-7.159645	-7.191400	-7.187574	-7.188428	-7.194594	-7.176775	-7.156159	-7.148388	-7.179724	-7.143410	-7.198933	-15.158462	-7.177634
2069.349000	-7.192316	-7.146915	-7.190244	-7.159641	-7.191404	-7.187582	-7.188438	-7.194588	-7.176782	-7.156147	-7.148379	-7.179729	-7.143391	-7.198936	-15.158595	-7.177634
2081.543000	-7.192303	-7.146913	-7.190241	-7.159637	-7.191422	-7.187574	-7.188430	-7.194589	-7.176779	-7.156151	-7.148390	-7.179746	-7.143388	-7.198950	-15.158474	-7.177651
2093.730000	-7.192337	-7.146921	-7.190244	-7.159644	-7.191435	-7.187572	-7.188443	-7.194585	-7.176767	-7.156158	-7.148386	-7.179745	-7.143397	-7.198936	-15.158577	-7.177637
2105.929000	-7.192335	-7.146927	-7.190242	-7.159642	-7.191423	-7.187571	-7.188431	-7.194581	-7.176791	-7.156159	-7.148389	-7.179755	-7.143396	-7.198954	-15.158599	-7.177641
2118.123000	-7.192329	-7.146926	-7.190256	-7.159639	-7.191427	-7.187578	-7.188442	-7.194602	-7.176780	-7.156163	-7.148411	-7.179757	-7.143398	-7.198954	-15.158722	-7.177651
2130.315000	-7.192333	-7.146916	-7.190248	-7.159652	-7.191420	-7.187587	-7.188443	-7.194590	-7.176772	-7.156168	-7.148408	-7.179772	-7.143406	-7.198969	-15.158503	-7.177638
2142.517000	-7.192330	-7.146913	-7.190255	-7.159649	-7.191433	-7.187571	-7.188424	-7.194599	-7.176792	-7.156186	-7.148407	-7.179762	-7.143401	-7.198969	-15.158587	-7.177649
2154.705000	-7.192341	-7.146924	-7.190268	-7.159656	-7.191430	-7.187585	-7.188439	-7.194595	-7.176787	-7.156189	-7.148410	-7.179762	-7.143409	-7.198960	-15.158625	-7.177635
2166.910000	-7.192348	-7.146929	-7.190273	-7.159658	-7.191443	-7.187589	-7.188437	-7.194615	-7.176796	-7.156191	-7.148403	-7.179773	-7.143427	-7.198950	-15.158640	-7.177641
2179.098000	-7.192350	-7.146916	-7.190252	-7.159644	-7.191438	-7.187586	-7.188440	-7.194609	-7.176790	-7.156187	-7.148417	-7.179771	-7.143419	-7.198944	-15.158586	-7.177662
2191.283000	-7.192343	-7.146926	-7.190263	-7.159645	-7.191438	-7.187608	-7.188439	-7.194604	-7.176798	-7.156181	-7.148425	-7.179779	-7.143407	-7.198957	-15.158880	-7.177662
2203.484000	-7.192338	-7.146926	-7.190277	-7.159653	-7.191437	-7.187610	-7.188428	-7.194613	-7.176788	-7.156193	-7.148418	-7.179772	-7.143413	-7.198960	-15.158903	-7.177658
2215.685000	-7.192340	-7.146918	-7.190264	-7.159635	-7.191437	-7.187609	-7.188452	-7.194606	-7.176792	-7.156212	-7.148425	-7.179771	-7.143410	-7.198971	-15.158748	-7.177647
2227.919000	-7.192367	-7.146940	-7.190268	-7.159637	-7.191441	-7.187603	-7.188456	-7.194610	-7.176800	-7.156187	-7.148410	-7.179766	-7.143419	-7.198971	-15.158564	-7.177650
2240.143000	-7.192362	-7.146926	-7.190267	-7.159638	-7.191444	-7.187596	-7.188451	-7.194608	-7.176813	-7.156189	-7.148402	-7.179772	-7.143431	-7.198960	-15.158765	-7.177651
2252.317000	-7.192364	-7.146933	-7.190250	-7.159629	-7.191458	-7.187603	-7.188445	-7.194606	-7.176823	-7.156201	-7.148415	-7.179780	-7.143431	-7.198981	-15.158564	-7.177640
2264.498000	-7.192355	-7.146913	-7.190262	-7.159631	-7.191439	-7.187602	-7.188458	-7.194625	-7.176813	-7.156205	-7.148422	-7.179781	-7.143435	-7.198980	-15.158496	-7.177654
2276.729000	-7.192362	-7.146934	-7.190272	-7.159632	-7.191447	-7.187617	-7.188462	-7.194616	-7.176816	-7.156197	-7.148433	-7.179771	-7.143443	-7.198977	-15.158620	-7.177660
2288.965000	-7.192360	-7.146924	-7.190272	-7.159641	-7.191444	-7.187610	-7.188455	-7.194616	-7.176811	-7.156202	-7.148440	-7.179783	-7.143431	-7.198974	-15.158499	-7.177653
2301.143000	-7.192352	-7.146939	-7.190261	-7.159636	-7.191450	-7.187596	-7.188456	-7.194622	-7.176821	-7.156181	-7.148438	-7.179780	-7.143444	-7.198979	-15.158460	-7.177633
2313.363000	-7.192359	-7.146940	-7.190282	-7.159653	-7.191467	-7.187626	-7.188446	-7.194622	-7.176825	-7.156202	-7.148421	-7.179787	-7.143453	-7.198974	-15.158574	-7.177653
2325.573000	-7.192370	-7.146941	-7.190282	-7.159641	-7.191463	-7.187622	-7.188461	-7.194637	-7.176821	-7.156181	-7.148435	-7.179782	-7.143460	-7.198997	-15.158509	-7.177647
2337.775000	-7.192362	-7.146935	-7.190264	-7.159632	-7.191478	-7.187625	-7.188451	-7.194642	-7.176825	-7.156180	-7.148432	-7.179779	-7.143452	-7.198982	-15.158548	-7.177652
2349.968000	-7.192363	-7.146921	-7.190277	-7.159653	-7.191456	-7.187620	-7.188459	-7.194633	-7.176834	-7.156189	-7.148439	-7.179787	-7.143449	-7.198983	-15.158588	-7.177655
2362.179000	-7.192365	-7.146947	-7.190271	-7.159664	-7.191458	-7.187639	-7.188467	-7.194639	-7.176833	-7.156203	-7.148433	-7.179786	-7.143465	-7.198981	-15.158553	-7.177662
2374.361000	-7.192361	-7.146933	-7.190260	-7.159643	-7.191456	-7.187646	-7.188477	-7.194641	-7.176828	-7.156182	-7.148415	-7.179787	-7.143462	-7.198986	-15.158540	-7.177650
2386.560000	-7.192362	-7.146916	-7.190274	-7.159646	-7.191467	-7.187633	-7.188490	-7.194650	-7.176835	-7.156194	-7.148429	-7.179788	-7.143459	-7.198975	-15.158736	-7.177650
2398.783000	-7.192365	-7.146919	-7.190280	-7.159654	-7.191469	-7.187628	-7.188475	-7.194653	-7.176847	-7.156186	-7.148417	-7.179788	-7.143459	-7.198991	-15.158651	-7.177655
2410.991000	-7.192363	-7.146925	-7.190273	-7.159652	-7.191472	-7.187624	-7.188462	-7.194663	-7.176841	-7.156193	-7.148423	-7.179794	-7.143459	-7.198991	-15.158721	-7.177674
2423.165000	-7.192361	-7.146934	-7.190276	-7.159661	-7.191465	-7.187649	-7.188472	-7.194665	-7.176844	-7.156192	-7.148424	-7.179808	-7.143457	-7.198992	-15.158408	-7.177651
2435.356000	-7.192356	-7.146931	-7.190264	-7.159654	-7.191478	-7.187609	-7.188482	-7.194656	-7.176833	-7.156191	-7.148422	-7.179812	-7.143475	-7.198994	-15.158713	-7.177667
2447.539000	-7.192373	-7.146933	-7.190269	-7.159643	-7.191473	-7.187629	-7.188477	-7.194654	-7.176853	-7.156214	-7.148442	-7.179796	-7.143461	-7.198993	-15.158532	-7.177651
2459.743000	-7.192382	-7.146937	-7.190269	-7.159670	-7.191474	-7.187640	-7.188476	-7.194659	-7.176848	-7.156212	-7.148442	-7.179791	-7.143476	-7.199004	-15.158390	-7.177659
2471.931000	-7.192387	-7.146938	-7.190284	-7.159664	-7.191473	-7.187631	-7.188469	-7.194664	-7.176846	-7.156223	-7.148431	-7.179810	-7.143474	-7.199006	-15.158465	-7.177684
2484.123000	-7.192369	-7.146884	-7.190182	-7.159664	-7.191439	-7.187516	-7.188471	-7.194621	-7.176775	-7.156150	-7.148382	-7.179777	-7.143470	-7.199016	-15.158459	-7.177641
2496.305000	-7.192285	-7.146836	-7.190081	-7.159636	-7.191229	-7.187227	-7.188367	-7.194380	-7.176389	-7.155937	-7.148213	-7.179454	-7.143321	-7.198804	-15.158592	-7.177494
2508.487000	-7.192155	-7.146762	-7.189959	-7.159549	-7.190844	-7.186888	-7.188125	-7.194046	-7.176122	-7.155686	-7.148006	-7.179190	-7.143090	-7.198572	-15.158649	-7.177347
2520.679000	-7.192037	-7.146668	-7.189826	-7.159427	-7.190543	-7.186607	-7.187926	-7.193818	-7.175939	-7.155463	-7.147841	-7.178978	-7.142899	-7.198428	-15.158592	-7.177200
2532.891000	-7.191877	-7.146573	-7.189706	-7.159270	-7.190282	-7.186362	-7.187740	-7.193657	-7.175788	-7.155276	-7.147700	-7.178824	-7.142734	-7.198320	-15.158572	-7.177068
2545.091000	-7.191749	-7.146470	-7.189597	-7.159152	-7.190082	-7.186183	-7.187586	-7.193515	-7.175674	-7.155145	-7.147587	-7.178692	-7.142591	-7.198224	-15.158862	-7.176979
2557.312000	-7.191626	-7.146431	-7.189529	-7.159039	-7.189933	-7.186051	-7.187459	-7.193404	-7.175618	-7.155044	-7.147497	-7.178615	-7.142494	-7.198183	-15.158777	-7.176899
2569.547000	-7.191555	-7.146367	-7.189488	-7.158938	-7.189809	-7.185981	-7.187368	-7.193336	-7.175562	-7.154980	-7.147443	-7.178562	-7.142410	-7.198123	-15.158591	-7.176869
2581.737000	-7.191483	-7.146326	-7.189463	-7.158859	-7.189730	-7.185919	-7.187293	-7.193271	-7.175528	-7.154931	-7.147420	-7.178530	-7.142359	-7.198117	-15.158614	-7.176837
2593.916000	-7.191436	-7.146300	-7.189437	-7.158822	-7.189676	-7.185878	-7.187248	-7.193259	-7.175504	-7.154902	-7.147372	-7.178496	-7.142323	-7.198091	-15.158621	-7.176811
2606.122000	-7.191381	-7.146293	-7.189439	-7.158769	-7.189625	-7.185846	-7.187197	-7.193212	-7.175495	-7.154850	-7.147359	-7.178453	-7.142288	-7.198073	-15.158803	-7.176807
2618.311000	-7.191340	-7.146280	-7.189425	-7.158753	-7.189591	-7.185844	-7.187137	-7.193195	-7.175483	-7.154832	-7.147346	-7.178456	-7.142245	-7.198065	-15.158360	-7.176789
2630.525000	-7.191307	-7.146260	-7.189403	-7.158722	-7.189552	-7.185818	-7.187132	-7.193180	-7.175471	-7.154806	-7.147328	-7.178447	-7.142225	-7.198061	-15.158496	-7.176776
2642.706000	-7.191283	-7.146264	-7.189420	-7.158703	-7.189559	-7.185788	-7.187104	-7.193174	-7.175460	-7.154780	-7.147320	-7.178434	-7.142216	-7.198040	-15.158565	-7.176750
2654.898000	-7.191273	-7.146240	-7.189384	-7.158679	-7.189530	-7.185792	-7.187085	-7.193153	-7.175469	-7.154783	-7.147324	-7.178412	-7.142179	-7.198035	-15.158635	-7.176760
2667.100000	-7.191255	-7.146225	-7.189393	-7.158680	-7.189512	-7.185784	-7.187086	-7.193149	-7.175463	-7.154765	-7.147312	-7.178413	-7.142185	-7.198044	-15.158616	-7.176734
2679.311000	-7.191257	-7.146226	-7.189376	-7.158651	-7.189502	-7.185761	-7.187065	-7.193142	-7.175442	-7.154774	-7.147320	-7.178391	-7.142161	-7.198031	-15.158523	-7.176743
2691.499000	-7.191221	-7.146213	-7.189367	-7.158624	-7.189489	-7.185767	-7.187062	-7.193139	-7.175430	-7.154760	-7.147297	-7.178406	-7.142174	-7.198018	-15.158431	-7.176720
2703.695000	-7.191213	-7.146210	-7.189370	-7.158621	-7.189479	-7.185762	-7.187037	-7.193148	-7.175432	-7.154757	-7.147303	-7.178402	-7.142152	-7.198030	-15.158371	-7.176724
2715.888000	-7.191212	-7.146226	-7.189370	-7.158636	-7.189476	-7.185751	-7.187016	-7.193128	-7.175438	-7.154749	-7.147281	-7.178383	-7.142151	-7.198025	-15.158229	-7.176712
2728.089000	-7.191200	-7.146221	-7.189391	-7.158619	-7.189472	-7.185741	-7.187046	-7.193129	-7.175434	-7.154744	-7.147299	-7.178377	-7.142129	-7.198023	-15.158464	-7.176702
2740.284000	-7.191184	-7.146213	-7.189401	-7.158621	-7.189453	-7.185732	-7.187038	-7.193118	-7.175440	-7.154752	-7.147308	-7.178391	-7.142133	-7.198010	-15.158810	-7.176700
2752.466000	-7.191196	-7.146230	-7.189373	-7.158625	-7.189466	-7.185725	-7.187024	-7.193112	-7.175438	-7.154738	-7.147296	-7.178379	-7.142120	-7.198002	-15.158544	-7.176708
2764.654000	-7.191181	-7.146219	-7.189367	-7.158617	-7.189465	-7.185716	-7.187027	-7.193107	-7.175417	-7.154739	-7.147292	-7.178385	-7.142114	-7.198011	-15.158426	-7.176709
2776.845000	-7.191181	-7.146239	-7.189359	-7.158613	-7.189458	-7.185729	-7.187025	-7.193121	-7.175426	-7.154737	-7.147290	-7.178369	-7.142105	-7.198013	-15.158543	-7.176704
2789.025000	-7.191186	-7.146208	-7.189366	-7.158605	-7.189473	-7.185726	-7.187021	-7.193117	-7.175424	-7.154748	-7.147281	-7.178375	-7.142104	-7.198011	-15.158446	-7.176703
2801.220000	-7.191193	-7.146208	-7.189379	-7.158605	-7.189460	-7.185731	-7.187014	-7.193118	-7.175423	-7.154739	-7.147280	-7.178373	-7.142094	-7.198001	-15.158605	-7.176697
2813.422000	-7.191186	-7.146200	-7.189375	-7.158596	-7.189451	-7.185724	-7.187011	-7.193126	-7.175410	-7.154730	-7.147289	-7.178382	-7.142111	-7.197999	-15.158624	-7.176701
2825.607000	-7.191162	-7.146204	-7.189372	-7.158599	-7.189457	-7.185725	-7.187017	-7.193128	-7.175424	-7.154724	-7.147267	-7.178368	-7.142093	-7.198009	-15.158662	-7.176695
2837.807000	-7.191162	-7.146202	-7.189385	-7.158590	-7.189446	-7.185718	-7.187002	-7.193126	-7.175428	-7.154726	-7.147265	-7.178369	-7.142088	-7.197995	-15.158700	-7.176689
2850.004000	-7.191164	-7.146185	-7.189361	-7.158601	-7.189466	-7.185715	-7.186999	-7.193111	-7.175412	-7.154724	-7.147256	-7.178348	-7.142098	-7.197999	-15.158795	-7.176689
2862.201000	-7.191176	-7.146203	-7.189368	-7.158588	-7.189468	-7.185704	-7.187001	-7.193116	-7.175421	-7.154726	-7.147261	-7.178355	-7.142092	-7.197989	-15.158662	-7.176689
2874.391000	-7.191144	-7.146209	-7.189380	-7.158594	-7.189446	-7.185704	-7.187002	-7.193090	-7.175420	-7.154718	-7.147267	-7.178358	-7.142093	-7.197999	-15.158457	-7.176691
2886.577000	-7.191152	-7.146216	-7.189381	-7.158595	-7.189455	-7.185703	-7.187007	-7.193129	-7.175411	-7.154728	-7.147268	-7.178349	-7.142087	-7.197988	-15.158393	-7.176688
2898.767000	-7.191167	-7.146200	-7.189368	-7.158590	-7.189454	-7.185703	-7.187005	-7.193123	-7.175402	-7.154721	-7.147264	-7.178366	-7.142090	-7.197989	-15.158673	-7.176686
2910.952000	-7.191161	-7.146201	-7.189370	-7.158597	-7.189446	-7.185713	-7.187015	-7.193132	-7.175408	-7.154715	-7.147275	-7.178358	-7.142080	-7.197987	-15.158743	-7.176666
2923.164000	-7.191143	-7.146196	-7.189372	-7.158586	-7.189465	-7.185724	-7.186991	-7.193120	-7.175404	-7.154713	-7.147258	-7.178361	-7.142092	-7.197996	-15.158593	-7.176659
2935.357000	-7.191166	-7.146198	-7.189371	-7.158589	-7.189445	-7.185714	-7.186988	-7.193115	-7.175397	-7.154721	-7.147272	-7.178358	-7.142087	-7.197993	-15.158472	-7.176663
2947.571000	-7.191143	-7.146212	-7.189379	-7.158587	-7.189454	-7.185697	-7.187003	-7.193118	-7.175405	-7.154710	-7.147268	-7.178359	-7.142085	-7.197992	-15.158583	-7.176660
2959.771000	-7.191163	-7.146211	-7.189363	-7.158589	-7.189444	-7.185712	-7.186979	-7.193122	-7.175403	-7.154713	-7.147257	-7.178365	-7.142077	-7.197985	-15.158531	-7.176668
2971.973000	-7.191151	-7.146190	-7.189369	-7.158589	-7.189435	-7.185720	-7.186997	-7.193110	-7.175420	-7.154723	-7.147255	-7.178356	-7.142084	-7.197991	-15.158493	-7.176649
2984.164000	-7.191150	-7.146214	-7.189365	-7.158581	-7.189450	-7.185704	-7.186980	-7.193122	-7.175411	-7.154710	-7.147278	-7.178351	-7.142077	-7.197983	-15.158638	-7.176675
2996.369000	-7.191143	-7.146217	-7.189358	-7.158594	-7.189447	-7.185714	-7.186995	-7.193123	-7.175428	-7.154719	-7.147283	-7.178339	-7.142071	-7.197980	-15.158551	-7.176649
3008.568000	-7.191143	-7.146221	-7.189345	-7.158600	-7.189442	-7.185707	-7.187006	-7.193111	-7.175409	-7.154709	-7.147258	-7.178343	-7.142076	-7.197988	-15.158481	-7.176667
3020.762000	-7.191139	-7.146210	-7.189342	-7.158571	-7.189443	-7.185695	-7.186990	-7.193110	-7.175417	-7.154705	-7.147257	-7.178348	-7.142077	-7.197984	-15.158476	-7.176654
3032.958000	-7.191144	-7.146205	-7.189339	-7.158596	-7.189425	-7.185691	-7.186991	-7.193115	-7.175408	-7.154719	-7.147265	-7.178336	-7.142077	-7.197971	-15.158511	-7.176652
3045.188000	-7.191134	-7.146192	-7.189347	-7.158595	-7.189427	-7.185682	-7.186993	-7.193104	-7.175416	-7.154704	-7.147254	-7.178335	-7.142086	-7.197981	-15.158861	-7.176666
3057.398000	-7.191135	-7.146183	-7.189334	-7.158586	-7.189422	-7.185693	-7.186991	-7.193113	-7.175412	-7.154706	-7.147246	-7.178337	-7.142072	-7.197982	-15.158545	-7.176664
3069.607000	-7.191153	-7.146187	-7.189351	-7.158587	-7.189423	-7.185696	-7.187000	-7.193115	-7.175425	-7.154717	-7.147247	-7.178326	-7.142061	-7.197982	-15.158664	-7.176655
3081.823000	-7.191164	-7.146189	-7.189357	-7.158572	-7.189410	-7.185705	-7.187000	-7.193114	-7.175403	-7.154711	-7.147260	-7.178343	-7.142072	-7.197971	-15.158890	-7.176658
3094.016000	-7.191150	-7.146175	-7.189352	-7.158590	-7.189404	-7.185680	-7.187005	-7.193107	-7.175431	-7.154710	-7.147255	-7.178345	-7.142068	-7.197974	-15.158962	-7.176648
3106.215000	-7.191141	-7.146193	-7.189363	-7.158572	-7.189417	-7.185691	-7.187012	-7.193101	-7.175406	-7.154705	-7.147252	-7.178334	-7.142076	-7.197982	-15.158719	-7.176644
3118.416000	-7.191154	-7.146185	-7.189354	-7.158599	-7.189414	-7.185686	-7.186995	-7.193108	-7.175402	-7.154708	-7.147248	-7.178334	-7.142082	-7.197962	-15.158644	-7.176657
3130.599000	-7.191147	-7.146182	-7.189348	-7.158572	-7.189432	-7.185668	-7.187006	-7.193113	-7.175407	-7.154698	-7.147242	-7.178324	-7.142076	-7.197978	-15.158555	-7.176660
3142.789000	-7.191146	-7.146192	-7.189351	-7.158575	-7.189422	-7.185675	-7.186985	-7.193097	-7.175403	-7.154715	-7.147239	-7.178324	-7.142067	-7.197974	-15.158394	-7.176665
3154.959000	-7.191146	-7.146189	-7.189351	-7.158562	-7.189418	-7.185699	-7.186998	-7.193095	-7.175399	-7.154712	-7.147250	-7.178329	-7.142063	-7.197971	-15.158753	-7.176670
3167.130000	-7.191141	-7.146200	-7.189340	-7.158574	-7.189415	-7.185683	-7.186976	-7.193096	-7.175389	-7.154695	-7.147254	-7.178329	-7.142067	-7.197986	-15.158799	-7.176655
3179.346000	-7.191139	-7.146195	-7.189345	-7.158580	-7.189416	-7.185672	-7.186993	-7.193097	-7.175387	-7.154695	-7.147243	-7.178309	-7.142049	-7.197988	-15.158800	-7.176680
3191.557000	-7.191138	-7.146192	-7.189344	-7.158566	-7.189417	-7.185680	-7.187004	-7.193104	-7.175397	-7.154701	-7.147235	-7.178331	-7.142062	-7.197978	-15.158762	-7.176648
3203.742000	-7.191154	-7.146213	-7.189347	-7.158575	-7.189421	-7.185682	-7.186991	-7.193118	-7.175397	-7.154702	-7.147258	-7.178340	-7.142046	-7.197987	-15.158795	-7.176654
3215.930000	-7.191145	-7.146200	-7.189347	-7.158576	-7.189411	-7.185697	-7.186997	-7.193099	-7.175395	-7.154698	-7.147249	-7.178331	-7.142045	-7.197985	-15.158695	-7.176650
3228.109000	-7.191137	-7.146174	-7.189347	-7.158568	-7.189415	-7.185690	-7.186986	-7.193096	-7.175387	-7.154705	-7.147245	-7.178334	-7.142062	-7.197978	-15.158639	-7.176658
3240.321000	-7.191141	-7.146203	-7.189334	-7.158578	-7.189435	-7.185681	-7.186999	-7.193095	-7.175391	-7.154694	-7.147238	-7.178349	-7.142072	-7.197976	-15.158797	-7.176656
3252.506000	-7.191156	-7.146189	-7.189326	-7.158572	-7.189433	-7.185668	-7.186988	-7.193097	-7.175400	-7.154696	-7.147253	-7.178333	-7.142056	-7.197988	-15.158724	-7.176649
3264.709000	-7.191156	-7.146204	-7.189348	-7.158561	-7.189436	-7.185663	-7.186979	-7.193078	-7.175392	-7.154687	-7.147248	-7.178340	-7.142066	-7.197963	-15.158542	-7.176656
3276.921000	-7.191150	-7.146176	-7.189341	-7.158580	-7.189422	-7.185663	-7.186985	-7.193102	-7.175389	-7.154694	-7.147249	-7.178337	-7.142055	-7.197982	-15.158493	-7.176663
3289.107000	-7.191143	-7.146191	-7.189334	-7.158573	-7.189424	-7.185651	-7.186992	-7.193095	-7.175406	-7.154703	-7.147243	-7.178325	-7.142073	-7.197988	-15.158733	-7.176655
3301.297000	-7.191156	-7.146202	-7.189336	-7.158578	-7.189432	-7.185650	-7.186995	-7.193094	-7.175403	-7.154705	-7.147251	-7.178330	-7.142078	-7.197980	-15.158910	-7.176645
3313.511000	-7.191145	-7.146189	-7.189333	-7.158552	-7.189423	-7.185649	-7.186979	-7.193087	-7.175404	-7.154707	-7.147240	-7.178322	-7.142069	-7.197975	-15.158595	-7.176662
3325.694000	-7.191146	-7.146189	-7.189341	-7.158563	-7.189423	-7.185659	-7.186975	-7.193095	-7.175407	-7.154700	-7.147246	-7.178305	-7.142056	-7.197981	-15.158626	-7.176644
3337.868000	-7.191145	-7.146185	-7.189335	-7.158576	-7.189415	-7.185667	-7.186974	-7.193086	-7.175385	-7.154702	-7.147247	-7.178306	-7.142079	-7.197978	-15.158696	-7.176655
3350.059000	-7.191136	-7.146185	-7.189332	-7.158571	-7.189424	-7.185654	-7.186981	-7.193100	-7.175394	-7.154695	-7.147264	-7.178320	-7.142072	-7.197988	-15.158729	-7.176652
3362.235000	-7.191141	-7.146192	-7.189336	-7.158568	-7.189400	-7.185667	-7.186986	-7.193103	-7.175405	-7.154705	-7.147247	-7.178319	-7.142084	-7.197967	-15.158562	-7.176641
3374.437000	-7.191139	-7.146181	-7.189329	-7.158572	-7.189414	-7.185666	-7.186983	-7.193096	-7.175382	-7.154698	-7.147235	-7.178312	-7.142077	-7.197982	-15.158626	-7.176657
3386.644000	-7.191143	-7.146176	-7.189337	-7.158563	-7.189407	-7.185682	-7.186973	-7.193084	-7.175390	-7.154693	-7.147232	-7.178304	-7.142073	-7.197982	-15.158544	-7.176656
3398.827000	-7.191151	-7.146199	-7.189342	-7.158569	-7.189425	-7.185671	-7.186980	-7.193093	-7.175412	-7.154692	-7.147243	-7.178313	-7.142078	-7.197976	-15.158429	-7.176664
3411.014000	-7.191148	-7.146205	-7.189334	-7.158569	-7.189411	-7.185679	-7.186996	-7.193074	-7.175395	-7.154672	-7.147238	-7.178307	-7.142067	-7.197986	-15.158445	-7.176662
3423.197000	-7.191147	-7.146206	-7.189348	-7.158568	-7.189409	-7.185685	-7.186984	-7.193081	-7.175396	-7.154679	-7.147246	-7.178304	-7.142069	-7.197987	-15.158462	-7.176653
3435.399000	-7.191131	-7.146185	-7.189337	-7.158568	-7.189410	-7.185663	-7.186979	-7.193083	-7.175384	-7.154680	-7.147256	-7.178298	-7.142063	-7.197983	-15.158526	-7.176650
3447.594000	-7.191129	-7.146196	-7.189327	-7.158587	-7.189425	-7.185662	-7.186982	-7.193093	-7.175385	-7.154686	-7.147237	-7.178298	-7.142058	-7.198006	-15.158592	-7.176651
3459.778000	-7.191142	-7.146191	-7.189333	-7.158569	-7.189407	-7.185673	-7.186993	-7.193094	-7.175387	-7.154678	-7.147238	-7.178295	-7.142060	-7.197984	-15.158486	-7.176662
3471.992000	-7.191142	-7.146189	-7.189336	-7.158575	-7.189407	-7.185678	-7.186992	-7.193092	-7.175382	-7.154671	-7.147224	-7.178297	-7.142059	-7.197993	-15.158708	-7.176665
3484.167000	-7.191145	-7.146203	-7.189334	-7.158565	-7.189406	-7.185672	-7.186995	-7.193100	-7.175379	-7.154679	-7.147237	-7.178306	-7.142053	-7.197989	-15.158788	-7.176664
3496.349000	-7.191142	-7.146199	-7.189334	-7.158568	-7.189430	-7.185678	-7.186983	-7.193098	-7.175369	-7.154686	-7.147229	-7.178315	-7.142048	-7.197979	-15.158593	-7.176660
3508.526000	-7.191141	-7.146194	-7.189327	-7.158563	-7.189424	-7.185658	-7.186981	-7.193089	-7.175384	-7.154695	-7.147230	-7.178302	-7.142049	-7.197989	-15.158636	-7.176655
3520.717000	-7.191143	-7.146183	-7.189324	-7.158570	-7.189429	-7.185658	-7.186982	-7.193088	-7.175369	-7.154685	-7.147222	-7.178309	-7.142043	-7.197980	-15.158687	-7.176657
3532.898000	-7.191145	-7.146195	-7.189344	-7.158561	-7.189414	-7.185668	-7.186994	-7.193087	-7.175389	-7.154680	-7.147239	-7.178320	-7.142059	-7.197985	-15.158582	-7.176659
3545.093000	-7.191124	-7.146178	-7.189327	-7.158573	-7.189410	-7.185683	-7.186992	-7.193075	-7.175402	-7.154693	-7.147231	-7.178306	-7.142060	-7.197994	-15.158711	-7.176663
3557.301000	-7.191119	-7.146195	-7.189325	-7.158573	-7.189413	-7.185662	-7.186987	-7.193074	-7.175382	-7.154690	-7.147226	-7.178315	-7.142065	-7.197993	-15.158855	-7.176659
3569.491000	-7.191119	-7.146184	-7.189315	-7.158576	-7.189412	-7.185672	-7.186983	-7.193072	-7.175375	-7.154677	-7.147235	-7.178312	-7.142061	-7.197994	-15.158749	-7.176648
3581.687000	-7.191129	-7.146165	-7.189326	-7.158582	-7.189405	-7.185664	-7.186990	-7.193104	-7.175396	-7.154704	-7.147223	-7.178294	-7.142058	-7.197995	-15.158646	-7.176653
3593.882000	-7.191119	-7.146169	-7.189333	-7.158582	-7.189407	-7.185655	-7.186989	-7.193074	-7.175383	-7.154692	-7.147239	-7.178308	-7.142049	-7.197986	-15.158781	-7.176658
3606.096000	-7.191133	-7.146183	-7.189333	-7.158580	-7.189409	-7.185664	-7.186986	-7.193076	-7.175382	-7.154697	-7.147249	-7.178311	-7.142052	-7.197983	-15.158893	-7.176652
3618.292000	-7.191134	-7.146168	-7.189337	-7.158565	-7.189408	-7.185663	-7.186978	-7.193073	-7.175381	-7.154693	-7.147234	-7.178316	-7.142070	-7.197992	-15.158848	-7.176644
3630.483000	-7.191117	-7.146189	-7.189344	-7.158562	-7.189416	-7.185667	-7.186990	-7.193076	-7.175384	-7.154691	-7.147252	-7.178304	-7.142052	-7.197977	-15.158697	-7.176656
3642.665000	-7.191122	-7.146178	-7.189344	-7.158584	-7.189415	-7.185674	-7.186989	-7.193095	-7.175369	-7.154681	-7.147237	-7.178303	-7.142033	-7.197993	-15.158655	-7.176655
3654.874000	-7.191120	-7.146180	-7.189325	-7.158562	-7.189408	-7.185673	-7.186978	-7.193086	-7.175370	-7.154690	-7.147239	-7.178304	-7.142054	-7.197970	-15.158641	-7.176668
3667.078000	-7.191127	-7.146176	-7.189327	-7.158565	-7.189391	-7.185676	-7.186989	-7.193098	-7.175381	-7.154688	-7.147248	-7.178293	-7.142049	-7.197983	-15.158573	-7.176671
3679.276000	-7.191124	-7.146166	-7.189329	-7.158568	-7.189409	-7.185662	-7.186989	-7.193093	-7.175380	-7.154687	-7.147245	-7.178299	-7.142053	-7.197987	-15.158586	-7.176646
3691.445000	-7.191131	-7.146185	-7.189324	-7.158578	-7.189419	-7.185673	-7.186983	-7.193087	-7.175389	-7.154679	-7.147242	-7.178304	-7.142048	-7.197984	-15.158621	-7.176653
3703.682000	-7.191118	-7.146170	-7.189316	-7.158570	-7.189398	-7.185665	-7.186982	-7.193079	-7.175390	-7.154684	-7.147223	-7.178313	-7.142039	-7.197991	-15.158742	-7.176650
3715.872000	-7.191111	-7.146174	-7.189333	-7.158556	-7.189400	-7.185661	-7.186986	-7.193093	-7.175375	-7.154686	-7.147244	-7.178313	-7.142043	-7.197977	-15.158854	-7.176661
3728.064000	-7.191117	-7.146192	-7.189336	-7.158557	-7.189389	-7.185655	-7.186996	-7.193091	-7.175360	-7.154682	-7.147244	-7.178304	-7.142059	-7.197973	-15.158541	-7.176650
	-7.191115	-7.146189	-7.189341	-7.158565	-7.189400	-7.185659	-7.186990	-7.193090								
