20.696000	7.202970	7.257947	7.227282	7.227812	7.188798	7.239090	7.231091	7.227034	7.241468	7.255830	7.211807	7.187835	7.176613	7.183705	14.995006	7.250397
81.649000	7.202934	7.257925	7.227261	7.227772	7.188814	7.239062	7.231044	7.226981	7.241472	7.255836	7.211791	7.187842	7.176626	7.183648	14.994948	7.250417
142.598000	7.202967	7.257905	7.227242	7.227762	7.188831	7.239050	7.231054	7.226997	7.241483	7.255827	7.211775	7.187836	7.176607	7.183688	14.994968	7.250393
203.561000	7.202965	7.257916	7.227223	7.227762	7.188809	7.239034	7.231042	7.226987	7.241456	7.255830	7.211761	7.187831	7.176618	7.183686	14.994967	7.250421
264.521000	7.202948	7.257911	7.227222	7.227748	7.188773	7.239088	7.231028	7.226946	7.241468	7.255805	7.211778	7.187811	7.176591	7.183727	14.994947	7.250416
325.467000	7.202906	7.257909	7.227219	7.227771	7.188787	7.239048	7.231062	7.226980	7.241485	7.255813	7.211766	7.187821	7.176577	7.183697	14.994987	7.250409
386.414000	7.202941	7.257883	7.227211	7.227780	7.188770	7.239050	7.231054	7.226966	7.241497	7.255834	7.211790	7.187815	7.176607	7.183710	14.994969	7.250418
447.362000	7.202916	7.257931	7.227219	7.227731	7.188760	7.239073	7.231061	7.226947	7.241486	7.255807	7.211746	7.187810	7.176602	7.183699	14.994891	7.250459
508.315000	7.202929	7.257910	7.227240	7.227796	7.188761	7.239054	7.231054	7.226948	7.241489	7.255813	7.211764	7.187799	7.176603	7.183700	14.994960	7.250429
569.312000	7.202876	7.257917	7.227200	7.227782	7.188791	7.239064	7.231066	7.226973	7.241497	7.255806	7.211771	7.187771	7.176673	7.183703	14.994984	7.250438
630.257000	7.202921	7.257925	7.227236	7.227759	7.188749	7.239022	7.231072	7.226935	7.241481	7.255799	7.211763	7.187805	7.176658	7.183690	14.994988	7.250415
691.212000	7.202910	7.257933	7.227230	7.227760	7.188777	7.239062	7.231077	7.226946	7.241493	7.255811	7.211757	7.187786	7.176674	7.183717	14.994958	7.250418
752.151000	7.202943	7.257946	7.227255	7.227780	7.188810	7.239060	7.231063	7.226929	7.241475	7.255815	7.211771	7.187784	7.176649	7.183703	14.994943	7.250429
813.134000	7.202922	7.257935	7.227209	7.227766	7.188774	7.239063	7.231052	7.226947	7.241471	7.255840	7.211785	7.187770	7.176647	7.183680	14.994925	7.250394
874.109000	7.202938	7.257933	7.227225	7.227759	7.188770	7.239063	7.231057	7.226960	7.241443	7.255852	7.211751	7.187817	7.176650	7.183725	14.994949	7.250421
935.070000	7.202914	7.257945	7.227201	7.227721	7.188778	7.239078	7.231056	7.226954	7.241473	7.255820	7.211763	7.187817	7.176615	7.183714	14.994946	7.250443
996.014000	7.202907	7.257936	7.227218	7.227763	7.188763	7.239072	7.231077	7.226958	7.241476	7.255851	7.211778	7.187789	7.176653	7.183706	14.994914	7.250448
1057.009000	7.202933	7.257921	7.227213	7.227750	7.188741	7.239037	7.231083	7.226931	7.241498	7.255823	7.211789	7.187841	7.176652	7.183748	14.994969	7.250437
1117.971000	7.202938	7.257921	7.227210	7.227727	7.188795	7.239053	7.231059	7.226944	7.241495	7.255840	7.211756	7.187837	7.176629	7.183732	14.995000	7.250456
1178.960000	7.202940	7.257914	7.227216	7.227745	7.188771	7.239028	7.231062	7.226957	7.241469	7.255833	7.211753	7.187821	7.176639	7.183748	14.994937	7.250456
1239.943000	7.202904	7.257918	7.227185	7.227722	7.188777	7.239020	7.231049	7.226964	7.241448	7.255846	7.211754	7.187796	7.176645	7.183717	14.994947	7.250421
1300.925000	7.202914	7.257921	7.227205	7.227749	7.188766	7.239079	7.231081	7.226969	7.241476	7.255829	7.211748	7.187811	7.176660	7.183708	14.994984	7.250396
1361.925000	7.202912	7.257934	7.227195	7.227737	7.188790	7.239043	7.231086	7.226953	7.241505	7.255823	7.211774	7.187821	7.176646	7.183733	14.994975	7.250425
1422.905000	7.202899	7.257957	7.227214	7.227761	7.188795	7.239031	7.231097	7.226968	7.241468	7.255866	7.211763	7.187840	7.176614	7.183729	14.994918	7.250435
1483.865000	7.202929	7.257930	7.227228	7.227765	7.188785	7.239053	7.231091	7.226960	7.241487	7.255878	7.211790	7.187834	7.176617	7.183731	14.994950	7.250452
1544.839000	7.202923	7.257935	7.227203	7.227745	7.188802	7.239071	7.231103	7.226967	7.241488	7.255825	7.211759	7.187803	7.176607	7.183757	14.994937	7.250413
1605.803000	7.202896	7.257944	7.227226	7.227761	7.188791	7.239071	7.231097	7.226956	7.241515	7.255843	7.211775	7.187819	7.176604	7.183726	14.994985	7.250425
1666.766000	7.202893	7.257949	7.227222	7.227758	7.188790	7.239057	7.231085	7.226968	7.241475	7.255847	7.211764	7.187793	7.176628	7.183728	14.994966	7.250416
1727.749000	7.202892	7.257973	7.227210	7.227747	7.188779	7.239039	7.231096	7.226930	7.241494	7.255814	7.211774	7.187805	7.176631	7.183726	14.994901	7.250422
1788.700000	7.202892	7.257970	7.227211	7.227755	7.188772	7.239076	7.231072	7.226945	7.241503	7.255834	7.211748	7.187786	7.176634	7.183725	14.994971	7.250423
1849.655000	7.202920	7.257957	7.227241	7.227744	7.188810	7.239057	7.231075	7.226955	7.241481	7.255850	7.211747	7.187807	7.176635	7.183704	14.994971	7.250466
1910.652000	7.202910	7.257916	7.227187	7.227724	7.188780	7.239028	7.231087	7.226945	7.241481	7.255840	7.211747	7.187822	7.176600	7.183709	14.994918	7.250430
1971.616000	7.202901	7.257942	7.227202	7.227733	7.188782	7.239032	7.231099	7.226995	7.241463	7.255853	7.211756	7.187808	7.176661	7.183709	14.994945	7.250394
2032.624000	7.202898	7.257960	7.227192	7.227774	7.188798	7.239052	7.231119	7.226933	7.241473	7.255850	7.211761	7.187825	7.176613	7.183716	14.994924	7.250434
2093.583000	7.202892	7.257939	7.227209	7.227766	7.188787	7.239051	7.231093	7.226951	7.241489	7.255844	7.211748	7.187795	7.176608	7.183718	14.994928	7.250420
2154.560000	7.203068	7.258196	7.227620	7.227928	7.188959	7.239415	7.231135	7.227263	7.241254	7.255940	7.212000	7.188202	7.176826	7.183961	14.994598	7.250371
2215.548000	7.204318	7.258974	7.229369	7.228707	7.189469	7.240138	7.231712	7.228541	7.241920	7.256129	7.213062	7.188969	7.177383	7.184062	14.994610	7.251947
2276.507000	7.204785	7.260750	7.229934	7.229069	7.189715	7.240421	7.231952	7.228987	7.242201	7.256243	7.213505	7.189207	7.177561	7.184103	14.994599	7.253914
2337.497000	7.204981	7.261922	7.230168	7.229207	7.189806	7.240572	7.232037	7.229201	7.242377	7.256384	7.213673	7.189297	7.177658	7.184086	14.994639	7.254830
2398.463000	7.205076	7.262499	7.230249	7.229313	7.189859	7.240666	7.232119	7.229293	7.242488	7.256645	7.213745	7.189321	7.177674	7.184104	14.994624	7.255294
2459.443000	7.205141	7.262796	7.230343	7.229424	7.189856	7.240765	7.232204	7.229305	7.242646	7.256847	7.213829	7.189328	7.177727	7.184057	14.994707	7.255535
2520.437000	7.205155	7.262953	7.230417	7.229520	7.189889	7.240864	7.232279	7.229317	7.242764	7.257040	7.213885	7.189384	7.177702	7.184085	14.994691	7.255696
2581.406000	7.205207	7.263054	7.230482	7.229627	7.189942	7.241004	7.232343	7.229364	7.242858	7.257116	7.213922	7.189356	7.177747	7.184076	14.994757	7.255817
2642.415000	7.205251	7.263127	7.230542	7.229718	7.189941	7.241017	7.232407	7.229424	7.242905	7.257190	7.213967	7.189339	7.177773	7.184095	14.994796	7.255905
2703.381000	7.205287	7.263211	7.230571	7.229777	7.189977	7.241073	7.232463	7.229462	7.242985	7.257274	7.214027	7.189374	7.177804	7.184135	14.994733	7.255923
2764.349000	7.205362	7.263254	7.230602	7.229799	7.189980	7.241152	7.232514	7.229434	7.243029	7.257308	7.214043	7.189376	7.177782	7.184132	14.994776	7.256013
2825.326000	7.205347	7.263335	7.230649	7.229841	7.189977	7.241163	7.232538	7.229492	7.243061	7.257367	7.214055	7.189373	7.177810	7.184101	14.994760	7.256055
2886.283000	7.205351	7.263365	7.230643	7.229879	7.190029	7.241204	7.232573	7.229501	7.243085	7.257400	7.214065	7.189393	7.177849	7.184129	14.994769	7.256096
2947.247000	7.205357	7.263384	7.230666	7.229865	7.190003	7.241227	7.232574	7.229571	7.243107	7.257438	7.214088	7.189410	7.177856	7.184140	14.994755	7.256143
3008.188000	7.205400	7.263400	7.230695	7.229908	7.190035	7.241239	7.232636	7.229571	7.243130	7.257489	7.214085	7.189417	7.177830	7.184155	14.994698	7.256173
3069.144000	7.205399	7.263431	7.230706	7.229909	7.190043	7.241279	7.232613	7.229574	7.243162	7.257459	7.214076	7.189397	7.177869	7.184128	14.994733	7.256168
3130.108000	7.205422	7.263460	7.230729	7.229955	7.190063	7.241247	7.232628	7.229578	7.243186	7.257535	7.214133	7.189427	7.177830	7.184120	14.994707	7.256221
3191.077000	7.205404	7.263486	7.230754	7.229985	7.190060	7.241299	7.232677	7.229596	7.243196	7.257515	7.214158	7.189398	7.177843	7.184114	14.994821	7.256245
3252.057000	7.205448	7.263512	7.230787	7.229943	7.190091	7.241337	7.232685	7.229600	7.243202	7.257584	7.214098	7.189389	7.177849	7.184102	14.994763	7.256230
3313.028000	7.205469	7.263511	7.230800	7.229982	7.190121	7.241347	7.232681	7.229617	7.243222	7.257604	7.214134	7.189426	7.177867	7.184138	14.994809	7.256258
3374.030000	7.205461	7.263527	7.230807	7.229992	7.190124	7.241336	7.232714	7.229638	7.243249	7.257612	7.214162	7.189453	7.177842	7.184147	14.994786	7.256266
3435.017000	7.205512	7.263532	7.230813	7.229981	7.190127	7.241373	7.232714	7.229655	7.243280	7.257621	7.214177	7.189428	7.177881	7.184146	14.994791	7.256301
3495.984000	7.205501	7.263542	7.230815	7.229995	7.190105	7.241368	7.232735	7.229620	7.243316	7.257580	7.214170	7.189391	7.177864	7.184138	14.994757	7.256327
3556.972000	7.205506	7.263591	7.230814	7.230035	7.190091	7.241376	7.232721	7.229640	7.243285	7.257670	7.214201	7.189392	7.177869	7.184139	14.994782	7.256320
3617.945000	7.205527	7.263606	7.230845	7.230047	7.190074	7.241387	7.232753	7.229637	7.243297	7.257655	7.214195	7.189390	7.177890	7.184138	14.994757	7.256338
3678.923000	7.205538	7.263596	7.230863	7.230060	7.190117	7.241400	7.232751	7.229629	7.243314	7.257665	7.214187	7.189414	7.177893	7.184141	14.994765	7.256337
3739.893000	7.205495	7.263608	7.230854	7.230080	7.190108	7.241417	7.232771	7.229662	7.243327	7.257672	7.214176	7.189412	7.177909	7.184131	14.994784	7.256351
3800.873000	7.205534	7.263616	7.230863	7.230082	7.190082	7.241419	7.232788	7.229664	7.243340	7.257706	7.214193	7.189417	7.177901	7.184124	14.994776	7.256379
3861.849000	7.205545	7.263631	7.230867	7.230081	7.190111	7.241416	7.232786	7.229651	7.243347	7.257684	7.214202	7.189451	7.177913	7.184143	14.994790	7.256389
3922.828000	7.205546	7.263648	7.230854	7.230121	7.190106	7.241437	7.232805	7.229660	7.243317	7.257698	7.214230	7.189447	7.177932	7.184170	14.994791	7.256333
3983.795000	7.206097	7.264693	7.231849	7.230783	7.190514	7.242981	7.233631	7.230491	7.245023	7.258948	7.215029	7.189720	7.178261	7.184290	14.994697	7.258251
4044.765000	7.206826	7.266113	7.233031	7.232011	7.191162	7.244588	7.234822	7.231565	7.246520	7.260447	7.215887	7.189913	7.178644	7.184433	14.994758	7.259534
4105.735000	7.207218	7.266703	7.233486	7.232712	7.191480	7.245250	7.235438	7.232064	7.247139	7.261162	7.216290	7.190061	7.178827	7.184488	14.994729	7.260085
4166.696000	7.207293	7.266970	7.233721	7.233031	7.191577	7.245518	7.235691	7.232266	7.247373	7.261488	7.216494	7.190095	7.178862	7.184495	14.994731	7.260286
4227.661000	7.207401	7.267119	7.233803	7.233161	7.191630	7.245616	7.235813	7.232356	7.247505	7.261619	7.216574	7.190127	7.178904	7.184523	14.994728	7.260412
4288.613000	7.207458	7.267167	7.233881	7.233233	7.191676	7.245718	7.235871	7.232390	7.247587	7.261713	7.216600	7.190161	7.178954	7.184551	14.994770	7.260535
4349.562000	7.207537	7.267204	7.233910	7.233312	7.191685	7.245740	7.235934	7.232449	7.247629	7.261779	7.216622	7.190133	7.178972	7.184577	14.994698	7.260562
4410.539000	7.207580	7.267269	7.233886	7.233351	7.191697	7.245757	7.235954	7.232478	7.247671	7.261848	7.216650	7.190131	7.178967	7.184596	14.994772	7.260593
4471.516000	7.207599	7.267298	7.233941	7.233370	7.191703	7.245799	7.235982	7.232535	7.247688	7.261885	7.216680	7.190129	7.178945	7.184560	14.994731	7.260617
4532.479000	7.207592	7.267283	7.233968	7.233367	7.191736	7.245792	7.235982	7.232501	7.247694	7.261915	7.216666	7.190197	7.178970	7.184542	14.994752	7.260673
4593.476000	7.207598	7.267315	7.233979	7.233407	7.191732	7.245842	7.236020	7.232529	7.247736	7.261951	7.216693	7.190153	7.178980	7.184507	14.994710	7.260698
4654.428000	7.207608	7.267370	7.233984	7.233438	7.191765	7.245833	7.236025	7.232566	7.247755	7.261986	7.216691	7.190174	7.179014	7.184538	14.994763	7.260673
4715.379000	7.207621	7.267366	7.234037	7.233463	7.191763	7.245853	7.236035	7.232543	7.247772	7.261978	7.216714	7.190160	7.178996	7.184584	14.994752	7.260717
4776.353000	7.207654	7.267359	7.234025	7.233464	7.191750	7.245856	7.236045	7.232517	7.247807	7.261963	7.216722	7.190168	7.178961	7.184556	14.994787	7.260716
4837.330000	7.207682	7.267374	7.234065	7.233427	7.191771	7.245853	7.236065	7.232526	7.247821	7.262050	7.216729	7.190197	7.178969	7.184584	14.994743	7.260703
4898.273000	7.207651	7.267365	7.234071	7.233448	7.191767	7.245908	7.236063	7.232561	7.247793	7.262045	7.216727	7.190140	7.179006	7.184585	14.994757	7.260725
4959.232000	7.207639	7.267400	7.234068	7.233450	7.191773	7.245857	7.236056	7.232550	7.247835	7.262012	7.216735	7.190198	7.178988	7.184600	14.994711	7.260736
5020.190000	7.207709	7.267417	7.234069	7.233471	7.191745	7.245873	7.236070	7.232556	7.247822	7.262091	7.216740	7.190194	7.179022	7.184621	14.994734	7.260782
5081.164000	7.207678	7.267400	7.234063	7.233516	7.191801	7.245893	7.236052	7.232595	7.247834	7.262066	7.216727	7.190199	7.178995	7.184613	14.994699	7.260796
5142.126000	7.207669	7.267437	7.234088	7.233482	7.191782	7.245926	7.236085	7.232608	7.247837	7.262072	7.216752	7.190207	7.179009	7.184580	14.994756	7.260844
5203.088000	7.207704	7.267341	7.234062	7.233467	7.191791	7.245888	7.236077	7.232588	7.247855	7.262074	7.216739	7.190201	7.179034	7.184623	14.994744	7.260816
5264.057000	7.207693	7.267371	7.234117	7.233463	7.191776	7.245915	7.236078	7.232611	7.247851	7.262080	7.216758	7.190229	7.179019	7.184631	14.994732	7.260829
5325.013000	7.207697	7.267410	7.234117	7.233499	7.191805	7.245908	7.236124	7.232604	7.247859	7.262062	7.216745	7.190199	7.178995	7.184601	14.994692	7.260833
5385.973000	7.207718	7.267401	7.234120	7.233466	7.191795	7.245915	7.236108	7.232607	7.247868	7.262040	7.216745	7.190186	7.179008	7.184598	14.994658	7.260835
5446.952000	7.207678	7.267424	7.234118	7.233486	7.191810	7.245932	7.236135	7.232590	7.247879	7.262048	7.216745	7.190186	7.179010	7.184577	14.994739	7.260860
5507.920000	7.207650	7.267362	7.234123	7.233496	7.191783	7.245959	7.236147	7.232572	7.247896	7.262030	7.216744	7.190180	7.179021	7.184597	14.994724	7.260819
5568.870000	7.207648	7.267380	7.234133	7.233507	7.191798	7.245955	7.236163	7.232578	7.247878	7.262081	7.216755	7.190198	7.179045	7.184616	14.994784	7.260833
5629.822000	7.207639	7.267391	7.234132	7.233481	7.191828	7.245927	7.236094	7.232605	7.247892	7.262069	7.216748	7.190172	7.178979	7.184615	14.994754	7.260821
5690.807000	7.207661	7.267396	7.234129	7.233464	7.191842	7.245951	7.236110	7.232594	7.247869	7.262088	7.216772	7.190180	7.179019	7.184667	14.994726	7.260850
	7.207657	7.267447	7.234120	7.233522	7.191807	7.245963	7.236129	7.232613								
