4.844000	-7.236272	-7.195226	-7.231185	-7.190398	-7.221215	-7.186552	-7.229923	-7.268316	-7.257816	-7.235486	-7.213284	-7.178838	-7.277824	-7.250071	-14.995878	-7.214472
24.890000	-7.236805	-7.195379	-7.231213	-7.190697	-7.221456	-7.186950	-7.230282	-7.268675	-7.258064	-7.236069	-7.213475	-7.179007	-7.278163	-7.250365	-14.995783	-7.214628
44.934000	-7.236869	-7.195436	-7.231220	-7.190782	-7.221546	-7.187036	-7.230335	-7.268762	-7.258109	-7.236165	-7.213468	-7.179034	-7.278192	-7.250460	-14.995835	-7.214676
64.974000	-7.236967	-7.195478	-7.231240	-7.190807	-7.221579	-7.187092	-7.230350	-7.268817	-7.258136	-7.236169	-7.213526	-7.179078	-7.278221	-7.250482	-14.995777	-7.214726
85.024000	-7.236941	-7.195491	-7.231242	-7.190782	-7.221558	-7.187117	-7.230365	-7.268824	-7.258137	-7.236229	-7.213519	-7.179061	-7.278236	-7.250522	-14.995784	-7.214678
105.094000	-7.236980	-7.195507	-7.231208	-7.190840	-7.221571	-7.187161	-7.230394	-7.268858	-7.258197	-7.236196	-7.213502	-7.179069	-7.278199	-7.250552	-14.995785	-7.214726
125.144000	-7.236931	-7.195484	-7.231230	-7.190836	-7.221569	-7.187115	-7.230386	-7.268824	-7.258156	-7.236230	-7.213496	-7.179058	-7.278240	-7.250571	-14.995754	-7.214698
145.184000	-7.236894	-7.195472	-7.231216	-7.190858	-7.221559	-7.187078	-7.230425	-7.268839	-7.258145	-7.236250	-7.213504	-7.179049	-7.278234	-7.250539	-14.995712	-7.214698
165.234000	-7.236912	-7.195470	-7.231232	-7.190838	-7.221564	-7.187067	-7.230440	-7.268816	-7.258164	-7.236255	-7.213504	-7.179059	-7.278240	-7.250529	-14.995717	-7.214669
185.279000	-7.236905	-7.195451	-7.231228	-7.190826	-7.221544	-7.187114	-7.230428	-7.268824	-7.258160	-7.236262	-7.213521	-7.179067	-7.278304	-7.250517	-14.995702	-7.214686
205.304000	-7.236921	-7.195486	-7.231203	-7.190877	-7.221561	-7.187101	-7.230437	-7.268828	-7.258163	-7.236255	-7.213530	-7.179055	-7.278200	-7.250523	-14.995705	-7.214674
225.339000	-7.236929	-7.195474	-7.231214	-7.190862	-7.221593	-7.187095	-7.230445	-7.268827	-7.258158	-7.236262	-7.213502	-7.179046	-7.278216	-7.250530	-14.995719	-7.214687
245.394000	-7.236936	-7.195492	-7.231214	-7.190852	-7.221579	-7.187114	-7.230456	-7.268870	-7.258193	-7.236265	-7.213515	-7.179090	-7.278225	-7.250547	-14.995749	-7.214718
265.424000	-7.236944	-7.195442	-7.231211	-7.190848	-7.221547	-7.187105	-7.230454	-7.268855	-7.258171	-7.236284	-7.213530	-7.179087	-7.278276	-7.250534	-14.995726	-7.214704
285.494000	-7.236959	-7.195481	-7.231215	-7.190857	-7.221579	-7.187101	-7.230430	-7.268865	-7.258198	-7.236242	-7.213544	-7.179079	-7.278228	-7.250571	-14.995710	-7.214734
305.534000	-7.236939	-7.195458	-7.231204	-7.190845	-7.221555	-7.187120	-7.230454	-7.268894	-7.258191	-7.236285	-7.213529	-7.179073	-7.278249	-7.250547	-14.995714	-7.214719
325.584000	-7.236932	-7.195476	-7.231212	-7.190849	-7.221567	-7.187143	-7.230465	-7.268892	-7.258183	-7.236306	-7.213535	-7.179056	-7.278284	-7.250520	-14.995726	-7.214745
345.604000	-7.236921	-7.195450	-7.231213	-7.190866	-7.221582	-7.187161	-7.230458	-7.268901	-7.258171	-7.236292	-7.213525	-7.179070	-7.278295	-7.250561	-14.995614	-7.214722
365.634000	-7.236935	-7.195442	-7.231188	-7.190874	-7.221582	-7.187139	-7.230484	-7.268911	-7.258161	-7.236305	-7.213509	-7.179069	-7.278246	-7.250565	-14.995697	-7.214720
385.645000	-7.236942	-7.195454	-7.231230	-7.190899	-7.221583	-7.187130	-7.230466	-7.268878	-7.258165	-7.236289	-7.213549	-7.179076	-7.278270	-7.250581	-14.995707	-7.214720
405.684000	-7.236930	-7.195484	-7.231189	-7.190872	-7.221569	-7.187146	-7.230455	-7.268911	-7.258167	-7.236245	-7.213559	-7.179094	-7.278249	-7.250573	-14.995705	-7.214737
425.694000	-7.236972	-7.195488	-7.231224	-7.190863	-7.221593	-7.187177	-7.230431	-7.268896	-7.258187	-7.236240	-7.213569	-7.179119	-7.278244	-7.250573	-14.995710	-7.214755
445.764000	-7.236953	-7.195471	-7.231218	-7.190853	-7.221570	-7.187177	-7.230427	-7.268873	-7.258188	-7.236244	-7.213541	-7.179094	-7.278245	-7.250567	-14.995747	-7.214731
465.804000	-7.236945	-7.195464	-7.231242	-7.190857	-7.221565	-7.187156	-7.230495	-7.268867	-7.258111	-7.236310	-7.213543	-7.179068	-7.278271	-7.250569	-14.995644	-7.214718
485.815000	-7.236944	-7.195467	-7.231233	-7.190885	-7.221564	-7.187180	-7.230453	-7.268890	-7.258182	-7.236277	-7.213538	-7.179070	-7.278252	-7.250572	-14.995705	-7.214767
505.805000	-7.236947	-7.195456	-7.231212	-7.190863	-7.221580	-7.187184	-7.230463	-7.268907	-7.258212	-7.236318	-7.213564	-7.179090	-7.278279	-7.250584	-14.995725	-7.214725
525.824000	-7.236958	-7.195443	-7.231208	-7.190878	-7.221568	-7.187190	-7.230456	-7.268914	-7.258218	-7.236299	-7.213528	-7.179072	-7.278255	-7.250552	-14.995633	-7.214755
545.854000	-7.236988	-7.195489	-7.231224	-7.190884	-7.221577	-7.187159	-7.230477	-7.268946	-7.258183	-7.236333	-7.213573	-7.179085	-7.278276	-7.250592	-14.995692	-7.214746
565.864000	-7.236972	-7.195451	-7.231222	-7.190865	-7.221588	-7.187164	-7.230451	-7.268926	-7.258193	-7.236279	-7.213527	-7.179104	-7.278283	-7.250620	-14.995684	-7.214734
585.904000	-7.236978	-7.195449	-7.231217	-7.190860	-7.221581	-7.187183	-7.230421	-7.268911	-7.258198	-7.236250	-7.213523	-7.179114	-7.278234	-7.250550	-14.995711	-7.214744
605.944000	-7.236932	-7.195419	-7.231215	-7.190860	-7.221575	-7.187143	-7.230464	-7.268900	-7.258165	-7.236271	-7.213514	-7.179060	-7.278222	-7.250555	-14.995684	-7.214721
625.995000	-7.236932	-7.195472	-7.231188	-7.190874	-7.221576	-7.187136	-7.230480	-7.268906	-7.258184	-7.236300	-7.213538	-7.179076	-7.278258	-7.250566	-14.995710	-7.214719
646.056000	-7.236955	-7.195432	-7.231221	-7.190881	-7.221583	-7.187172	-7.230478	-7.268961	-7.258190	-7.236288	-7.213536	-7.179076	-7.278273	-7.250556	-14.995659	-7.214733
666.105000	-7.236941	-7.195465	-7.231201	-7.190902	-7.221575	-7.187181	-7.230455	-7.268921	-7.258200	-7.236285	-7.213512	-7.179080	-7.278289	-7.250572	-14.995683	-7.214754
686.124000	-7.236973	-7.195433	-7.231194	-7.190893	-7.221595	-7.187201	-7.230477	-7.268957	-7.258209	-7.236284	-7.213551	-7.179080	-7.278270	-7.250586	-14.995626	-7.214742
706.134000	-7.236988	-7.195429	-7.231196	-7.190902	-7.221596	-7.187186	-7.230488	-7.268950	-7.258222	-7.236314	-7.213548	-7.179084	-7.278312	-7.250569	-14.995674	-7.214737
726.165000	-7.236986	-7.195450	-7.231208	-7.190873	-7.221607	-7.187228	-7.230473	-7.268975	-7.258235	-7.236307	-7.213561	-7.179093	-7.278337	-7.250593	-14.995681	-7.214757
746.204000	-7.236942	-7.195428	-7.231194	-7.190896	-7.221577	-7.187173	-7.230502	-7.268942	-7.258192	-7.236343	-7.213537	-7.179090	-7.278326	-7.250578	-14.995690	-7.214762
766.224000	-7.236983	-7.195410	-7.231223	-7.190884	-7.221635	-7.187215	-7.230508	-7.268960	-7.258161	-7.236318	-7.213540	-7.179099	-7.278318	-7.250571	-14.995660	-7.214743
786.300000	-7.236963	-7.195462	-7.231211	-7.190888	-7.221633	-7.187222	-7.230493	-7.268948	-7.258229	-7.236286	-7.213528	-7.179119	-7.278293	-7.250576	-14.995622	-7.214764
806.315000	-7.237042	-7.195429	-7.231192	-7.190904	-7.221628	-7.187234	-7.230528	-7.268976	-7.258236	-7.236373	-7.213561	-7.179114	-7.278303	-7.250573	-14.995618	-7.214763
826.335000	-7.236992	-7.195437	-7.231188	-7.190924	-7.221605	-7.187237	-7.230521	-7.268957	-7.258209	-7.236341	-7.213572	-7.179129	-7.278253	-7.250588	-14.995678	-7.214776
846.374000	-7.236951	-7.195466	-7.231168	-7.190885	-7.221603	-7.187188	-7.230486	-7.268935	-7.258192	-7.236284	-7.213530	-7.179098	-7.278278	-7.250594	-14.995659	-7.214750
866.404000	-7.236965	-7.195433	-7.231212	-7.190889	-7.221622	-7.187201	-7.230522	-7.268954	-7.258201	-7.236348	-7.213558	-7.179094	-7.278339	-7.250586	-14.995669	-7.214724
886.434000	-7.236984	-7.195424	-7.231190	-7.190891	-7.221595	-7.187216	-7.230500	-7.268947	-7.258207	-7.236304	-7.213537	-7.179092	-7.278294	-7.250581	-14.995706	-7.214734
906.484000	-7.236986	-7.195447	-7.231190	-7.190897	-7.221611	-7.187237	-7.230489	-7.268949	-7.258269	-7.236314	-7.213558	-7.179093	-7.278285	-7.250590	-14.995681	-7.214765
926.524000	-7.236941	-7.195437	-7.231194	-7.190877	-7.221588	-7.187202	-7.230452	-7.268920	-7.258217	-7.236260	-7.213541	-7.179110	-7.278243	-7.250564	-14.995709	-7.214774
946.504000	-7.236976	-7.195433	-7.231215	-7.190869	-7.221605	-7.187227	-7.230450	-7.268947	-7.258216	-7.236208	-7.213516	-7.179101	-7.278255	-7.250525	-14.995640	-7.214768
966.484000	-7.236963	-7.195444	-7.231180	-7.190872	-7.221575	-7.187191	-7.230502	-7.268955	-7.258219	-7.236312	-7.213558	-7.179087	-7.278294	-7.250553	-14.995686	-7.214715
986.544000	-7.236961	-7.195465	-7.231207	-7.190935	-7.221604	-7.187189	-7.230555	-7.268958	-7.258173	-7.236381	-7.213559	-7.179076	-7.278308	-7.250577	-14.995710	-7.214733
1006.594000	-7.236969	-7.195482	-7.231203	-7.190893	-7.221613	-7.187179	-7.230525	-7.268937	-7.258212	-7.236352	-7.213550	-7.179099	-7.278273	-7.250575	-14.995653	-7.214733
1026.627000	-7.236987	-7.195475	-7.231207	-7.190892	-7.221633	-7.187236	-7.230540	-7.268951	-7.258206	-7.236356	-7.213580	-7.179098	-7.278330	-7.250599	-14.995657	-7.214762
1046.654000	-7.236970	-7.195447	-7.231230	-7.190880	-7.221610	-7.187219	-7.230509	-7.268962	-7.258198	-7.236298	-7.213552	-7.179091	-7.278263	-7.250538	-14.995687	-7.214744
1066.694000	-7.236926	-7.195443	-7.231210	-7.190857	-7.221595	-7.187188	-7.230470	-7.268944	-7.258183	-7.236312	-7.213545	-7.179091	-7.278294	-7.250558	-14.995694	-7.214751
1086.724000	-7.236938	-7.195432	-7.231179	-7.190906	-7.221601	-7.187214	-7.230505	-7.268993	-7.258207	-7.236327	-7.213577	-7.179096	-7.278295	-7.250599	-14.995688	-7.214751
1106.774000	-7.236951	-7.195452	-7.231200	-7.190889	-7.221624	-7.187206	-7.230485	-7.268963	-7.258231	-7.236322	-7.213540	-7.179112	-7.278272	-7.250594	-14.995656	-7.214745
1126.814000	-7.236933	-7.195468	-7.231197	-7.190857	-7.221621	-7.187196	-7.230476	-7.268959	-7.258229	-7.236290	-7.213510	-7.179088	-7.278255	-7.250583	-14.995666	-7.214735
1146.864000	-7.236922	-7.195472	-7.231187	-7.190902	-7.221641	-7.187196	-7.230504	-7.268956	-7.258224	-7.236310	-7.213535	-7.179083	-7.278267	-7.250560	-14.995621	-7.214764
1166.864000	-7.236923	-7.195460	-7.231198	-7.190878	-7.221622	-7.187170	-7.230533	-7.268939	-7.258204	-7.236387	-7.213535	-7.179081	-7.278289	-7.250594	-14.995707	-7.214761
1186.924000	-7.236931	-7.195466	-7.231176	-7.190879	-7.221628	-7.187202	-7.230522	-7.268969	-7.258227	-7.236315	-7.213564	-7.179101	-7.278275	-7.250563	-14.995657	-7.214746
1206.915000	-7.236958	-7.195468	-7.231193	-7.190892	-7.221608	-7.187225	-7.230481	-7.268963	-7.258231	-7.236307	-7.213545	-7.179107	-7.278233	-7.250586	-14.995669	-7.214737
1226.985000	-7.236940	-7.195435	-7.231200	-7.190929	-7.221630	-7.187171	-7.230557	-7.268941	-7.258191	-7.236363	-7.213523	-7.179091	-7.278253	-7.250577	-14.995634	-7.214753
1247.024000	-7.236934	-7.195432	-7.231181	-7.190856	-7.221588	-7.187190	-7.230506	-7.268916	-7.258191	-7.236291	-7.213518	-7.179084	-7.278264	-7.250531	-14.995628	-7.214725
1267.104000	-7.236946	-7.195456	-7.231198	-7.190889	-7.221630	-7.187182	-7.230496	-7.268908	-7.258227	-7.236283	-7.213524	-7.179087	-7.278231	-7.250552	-14.995671	-7.214730
1287.114000	-7.236964	-7.195467	-7.231192	-7.190898	-7.221648	-7.187224	-7.230509	-7.268948	-7.258206	-7.236329	-7.213559	-7.179081	-7.278250	-7.250574	-14.995608	-7.214734
1307.154000	-7.236935	-7.195431	-7.231188	-7.190865	-7.221617	-7.187175	-7.230506	-7.268937	-7.258180	-7.236284	-7.213532	-7.179111	-7.278262	-7.250538	-14.995626	-7.214741
1327.184000	-7.236998	-7.195461	-7.231226	-7.190914	-7.221656	-7.187206	-7.230541	-7.268959	-7.258207	-7.236333	-7.213577	-7.179099	-7.278286	-7.250627	-14.995676	-7.214754
	-7.236992															
