0.182000	-7.000806	-6.991364	-6.989833	-6.983675	-6.287158	-6.281824	-6.287216	-6.294879	-6.974495	-6.285543	-6.992438	-6.290256	-6.314564	-6.993342	NaN	-6.989924
20.362000	-7.002377	-6.991582	-6.990102	-6.985635	-6.285583	-6.282782	-6.287245	-6.293849	-6.975076	-6.285503	-6.993012	-6.288827	-6.313337	-6.992812	NaN	-6.988930
40.542000	-7.001539	-6.992279	-6.989133	-6.985112	-6.287310	-6.282408	-6.289110	-6.293217	-6.974437	-6.286265	-6.992406	-6.289552	-6.313929	-6.994888	NaN	-6.990171
60.722000	-7.001256	-6.991854	-6.988930	-6.984971	-6.286555	-6.282825	-6.288025	-6.294182	-6.974833	-6.286290	-6.992264	-6.289846	-6.313867	-6.994173	NaN	-6.989514
80.902000	-7.001238	-6.990726	-6.989038	-6.985138	-6.286033	-6.283203	-6.288235	-6.293613	-6.975355	-6.286084	-6.993462	-6.290920	-6.313083	-6.994797	NaN	-6.990853
101.082000	-7.001735	-6.991709	-6.989372	-6.984768	-6.286584	-6.282854	-6.288018	-6.293540	-6.975457	-6.286795	-6.992598	-6.289186	-6.313936	-6.993988	NaN	-6.989721
121.262000	-7.000523	-6.991277	-6.988088	-6.984720	-6.285790	-6.282139	-6.288402	-6.295035	-6.974706	-6.287002	-6.992326	-6.288914	-6.314179	-6.993433	NaN	-6.990134
141.442000	-7.002402	-6.990871	-6.988207	-6.985642	-6.287005	-6.281831	-6.288718	-6.293268	-6.974793	-6.285405	-6.991651	-6.290467	-6.314887	-6.993378	NaN	-6.988872
161.622000	-7.001731	-6.991092	-6.989347	-6.985377	-6.286555	-6.282415	-6.287517	-6.294730	-6.975743	-6.285971	-6.992605	-6.290090	-6.313889	-6.993472	NaN	-6.990236
181.802000	-7.001782	-6.991651	-6.989409	-6.985131	-6.286280	-6.282796	-6.288097	-6.294055	-6.975573	-6.286298	-6.992954	-6.289759	-6.313889	-6.994213	NaN	-6.989804
201.982000	-7.000552	-6.991212	-6.989238	-6.984971	-6.286036	-6.282647	-6.287557	-6.294400	-6.975348	-6.287350	-6.991513	-6.290278	-6.313174	-6.993458	NaN	-6.988748
222.162000	-7.002192	-6.992518	-6.989681	-6.984550	-6.286283	-6.282364	-6.288769	-6.293987	-6.975424	-6.285837	-6.993618	-6.288664	-6.314920	-6.993549	NaN	-6.990903
242.342000	-7.000788	-6.991636	-6.990054	-6.984855	-6.287539	-6.282742	-6.288134	-6.294135	-6.976734	-6.286258	-6.993284	-6.289777	-6.314800	-6.994042	NaN	-6.989844
262.522000	-7.002297	-6.991669	-6.988712	-6.985736	-6.286704	-6.281933	-6.288420	-6.295021	-6.975678	-6.286367	-6.993222	-6.290645	-6.314350	-6.993356	NaN	-6.989456
282.702000	-7.001963	-6.991992	-6.989510	-6.984448	-6.286316	-6.282219	-6.288174	-6.294342	-6.976320	-6.286722	-6.993001	-6.289389	-6.313635	-6.993806	NaN	-6.990105
302.882000	-7.001506	-6.992413	-6.988995	-6.984572	-6.286831	-6.283213	-6.287742	-6.294712	-6.976313	-6.286824	-6.992616	-6.289055	-6.313798	-6.994213	NaN	-6.990105
323.062000	-7.000686	-6.991847	-6.988951	-6.985515	-6.286116	-6.282793	-6.287521	-6.294074	-6.976756	-6.286229	-6.991734	-6.289792	-6.314912	-6.994347	NaN	-6.989898
343.242000	-7.000472	-6.992765	-6.989811	-6.985160	-6.286519	-6.282092	-6.288870	-6.292960	-6.975671	-6.285449	-6.991586	-6.290445	-6.313316	-6.995025	NaN	-6.990533
363.422000	-7.000748	-6.992852	-6.990327	-6.986052	-6.287593	-6.281700	-6.287985	-6.293453	-6.975417	-6.287002	-6.993280	-6.290340	-6.315007	-6.995341	NaN	-6.990443
383.602000	-7.001386	-6.991959	-6.989111	-6.985087	-6.286544	-6.282709	-6.287938	-6.293834	-6.976389	-6.286305	-6.992427	-6.289814	-6.313925	-6.994615	NaN	-6.989819
403.782000	-7.001510	-6.991284	-6.989184	-6.984637	-6.286526	-6.282067	-6.288029	-6.294810	-6.976378	-6.286490	-6.992493	-6.289690	-6.313925	-6.994848	NaN	-6.990675
423.962000	-7.000849	-6.991836	-6.989202	-6.984564	-6.286519	-6.282894	-6.288500	-6.294001	-6.976687	-6.285666	-6.992515	-6.289694	-6.314734	-6.995599	NaN	-6.989042
444.142000	-7.002464	-6.992769	-6.988516	-6.985744	-6.287078	-6.283359	-6.287201	-6.294796	-6.975591	-6.285242	-6.993306	-6.289883	-6.313835	-6.995142	NaN	-6.989666
464.322000	-7.001952	-6.992166	-6.989753	-6.984013	-6.286871	-6.282887	-6.288976	-6.294306	-6.977333	-6.287241	-6.992017	-6.290093	-6.312724	-6.994768	NaN	-6.989223
484.502000	-7.001571	-6.992130	-6.989249	-6.984561	-6.286534	-6.282952	-6.288043	-6.293359	-6.976680	-6.285819	-6.992569	-6.290021	-6.313929	-6.994097	NaN	-6.989176
504.682000	-7.001423	-6.992435	-6.989205	-6.985599	-6.286664	-6.282350	-6.287883	-6.294172	-6.976691	-6.286769	-6.992086	-6.290173	-6.313871	-6.994822	NaN	-6.989898
524.862000	-7.001412	-6.991259	-6.989187	-6.984956	-6.286519	-6.282575	-6.287989	-6.294828	-6.976687	-6.286639	-6.992464	-6.288968	-6.313918	-6.995123	NaN	-6.989162
545.042000	-7.001546	-6.992591	-6.989267	-6.984173	-6.286512	-6.283496	-6.288036	-6.294730	-6.976654	-6.286349	-6.992525	-6.288910	-6.313864	-6.994677	NaN	-6.989118
565.222000	-7.000795	-6.991941	-6.988647	-6.984989	-6.285888	-6.282778	-6.287524	-6.294095	-6.977082	-6.286247	-6.993142	-6.289799	-6.314161	-6.994434	NaN	-6.989800
585.402000	-7.000878	-6.993052	-6.990250	-6.985493	-6.286541	-6.282197	-6.287931	-6.294665	-6.977935	-6.286846	-6.991419	-6.290260	-6.313573	-6.995523	NaN	-6.990987
605.582000	-7.001876	-6.991437	-6.989786	-6.985047	-6.286396	-6.282727	-6.287865	-6.293965	-6.977485	-6.285928	-6.992384	-6.289756	-6.313856	-6.994253	NaN	-6.989782
625.762000	-7.002130	-6.991978	-6.988897	-6.984713	-6.287731	-6.281951	-6.288823	-6.293903	-6.978004	-6.285303	-6.991865	-6.290587	-6.313022	-6.994441	NaN	-6.989608
645.942000	-7.001640	-6.991974	-6.989140	-6.985127	-6.287292	-6.282785	-6.287292	-6.294063	-6.976476	-6.286243	-6.992954	-6.289799	-6.313969	-6.994528	NaN	-6.989844
666.122000	-7.001782	-6.992039	-6.988933	-6.984681	-6.286352	-6.282582	-6.288337	-6.293816	-6.976368	-6.286251	-6.992587	-6.290126	-6.313980	-6.994615	NaN	-6.989840
686.302000	-7.001756	-6.991887	-6.989626	-6.985174	-6.286973	-6.282854	-6.287637	-6.294135	-6.976596	-6.286276	-6.992925	-6.289723	-6.314183	-6.994634	NaN	-6.989833
706.482000	-7.002228	-6.992061	-6.988411	-6.985127	-6.286915	-6.282695	-6.288642	-6.294055	-6.977024	-6.286200	-6.991876	-6.289788	-6.313145	-6.994612	NaN	-6.989713
726.662000	-7.002290	-6.992043	-6.989695	-6.985076	-6.285815	-6.282727	-6.287136	-6.294081	-6.976291	-6.286236	-6.991589	-6.289814	-6.313065	-6.994612	NaN	-6.989659
746.842000	-7.001724	-6.991829	-6.989187	-6.984949	-6.286563	-6.281733	-6.289034	-6.294052	-6.976393	-6.286189	-6.991441	-6.289777	-6.313178	-6.994456	NaN	-6.989136
767.022000	-7.000577	-6.990874	-6.989274	-6.984408	-6.287582	-6.283496	-6.287223	-6.295097	-6.977315	-6.285216	-6.993625	-6.290884	-6.314981	-6.993429	NaN	-6.989086
787.202000	-7.001604	-6.991089	-6.989459	-6.984107	-6.286526	-6.283351	-6.288029	-6.293116	-6.977133	-6.285126	-6.992496	-6.290097	-6.313900	-6.994946	NaN	-6.990751
807.382000	-7.001764	-6.992090	-6.988969	-6.985080	-6.286316	-6.282713	-6.288221	-6.294524	-6.977434	-6.286875	-6.991847	-6.289872	-6.313279	-6.994634	NaN	-6.989231
827.562000	-7.002562	-6.992409	-6.988908	-6.984757	-6.285510	-6.283653	-6.288094	-6.293188	-6.976328	-6.286976	-6.993690	-6.288776	-6.314553	-6.994086	NaN	-6.989126
847.742000	-7.002823	-6.992957	-6.990098	-6.985824	-6.285714	-6.281976	-6.289190	-6.294843	-6.976952	-6.285968	-6.993091	-6.290935	-6.314179	-6.994898	NaN	-6.989115
867.922000	-7.001365	-6.992141	-6.988839	-6.985033	-6.286875	-6.282742	-6.288431	-6.294106	-6.977413	-6.286211	-6.991753	-6.289796	-6.314455	-6.994670	NaN	-6.989833
888.102000	-7.000494	-6.991205	-6.988327	-6.983806	-6.285899	-6.282861	-6.288917	-6.293831	-6.976571	-6.285888	-6.992729	-6.289625	-6.314615	-6.994198	NaN	-6.990149
908.282000	-7.002083	-6.992242	-6.989202	-6.984978	-6.286947	-6.283050	-6.288453	-6.293987	-6.977043	-6.286537	-6.992859	-6.289516	-6.313722	-6.994645	NaN	-6.989924
928.462000	-7.001811	-6.992529	-6.989452	-6.985308	-6.286552	-6.283500	-6.288039	-6.293130	-6.977405	-6.286269	-6.992729	-6.288892	-6.313893	-6.995087	NaN	-6.990018
948.642000	-7.001687	-6.991386	-6.989416	-6.986038	-6.286559	-6.283108	-6.288010	-6.294277	-6.977347	-6.286856	-6.992602	-6.290090	-6.313918	-6.995414	NaN	-6.988988
968.822000	-7.001822	-6.991800	-6.989659	-6.985087	-6.286381	-6.282811	-6.287920	-6.293910	-6.977732	-6.286341	-6.992714	-6.289904	-6.314016	-6.994507	NaN	-6.989862
989.002000	-7.002569	-6.990903	-6.988625	-6.984310	-6.285681	-6.283598	-6.288899	-6.293406	-6.977953	-6.286036	-6.993168	-6.289248	-6.314390	-6.994808	NaN	-6.989920
1009.182000	-7.001811	-6.991477	-6.989485	-6.984840	-6.286131	-6.282727	-6.287756	-6.293958	-6.977170	-6.285837	-6.992594	-6.290010	-6.313875	-6.994420	NaN	-6.989985
1029.372000	-7.001727	-6.992304	-6.989800	-6.984760	-6.286552	-6.283337	-6.288054	-6.294320	-6.977529	-6.285470	-6.992674	-6.289480	-6.313882	-6.995131	NaN	-6.990214
1049.552000	-7.001506	-6.992105	-6.989144	-6.985170	-6.286512	-6.282742	-6.288039	-6.294074	-6.977177	-6.286214	-6.992355	-6.289788	-6.313889	-6.994804	NaN	-6.989909
1069.732000	-7.000708	-6.993012	-6.988382	-6.984198	-6.287560	-6.282695	-6.287662	-6.293286	-6.977271	-6.285147	-6.991640	-6.290895	-6.313559	-6.994391	NaN	-6.989300
1089.912000	-7.002301	-6.991107	-6.990697	-6.984379	-6.287303	-6.283184	-6.287658	-6.292996	-6.977043	-6.287259	-6.991390	-6.289814	-6.313864	-6.994641	NaN	-6.991081
1110.092000	-7.000857	-6.991444	-6.990065	-6.985932	-6.285855	-6.281845	-6.288166	-6.293598	-6.978381	-6.287241	-6.992054	-6.290822	-6.314092	-6.994561	NaN	-6.990131
1130.272000	-7.001579	-6.991597	-6.988494	-6.984093	-6.285547	-6.282916	-6.287027	-6.295010	-6.976839	-6.286243	-6.991499	-6.289404	-6.312906	-6.994764	NaN	-6.989590
1150.472000	-7.000755	-6.991520	-6.990011	-6.984307	-6.287582	-6.282800	-6.288068	-6.292956	-6.977580	-6.286247	-6.991836	-6.289806	-6.313036	-6.993610	NaN	-6.990091
1170.652000	-7.001822	-6.992475	-6.989187	-6.984655	-6.286486	-6.282263	-6.288061	-6.294012	-6.977329	-6.286098	-6.992388	-6.289803	-6.314212	-6.994793	NaN	-6.989786
1190.832000	-7.001346	-6.991212	-6.988795	-6.986277	-6.286156	-6.283344	-6.289015	-6.294796	-6.978479	-6.285358	-6.991237	-6.289781	-6.314002	-6.995138	NaN	-6.988919
1211.012000	-7.001528	-6.990864	-6.989165	-6.984996	-6.287060	-6.282749	-6.287092	-6.293609	-6.977322	-6.285877	-6.993545	-6.289603	-6.314691	-6.994579	NaN	-6.989340
1231.192000	-7.002667	-6.991959	-6.990490	-6.984506	-6.286189	-6.281885	-6.289023	-6.293602	-6.978342	-6.285198	-6.993498	-6.290177	-6.314593	-6.994343	NaN	-6.990693
1251.372000	-7.001252	-6.991303	-6.990120	-6.986059	-6.285597	-6.282136	-6.288685	-6.295003	-6.976669	-6.285115	-6.992119	-6.290797	-6.314306	-6.994398	NaN	-6.989383
1271.552000	-7.001673	-6.991687	-6.989539	-6.984971	-6.286298	-6.282575	-6.288072	-6.293656	-6.978102	-6.286454	-6.992311	-6.289846	-6.314038	-6.994873	NaN	-6.989946
1291.732000	-7.002765	-6.992627	-6.990439	-6.985533	-6.285394	-6.282531	-6.288061	-6.293362	-6.977601	-6.285830	-6.993498	-6.290815	-6.314920	-6.993777	NaN	-6.989982
1311.912000	-7.002014	-6.990907	-6.989793	-6.983980	-6.285917	-6.282383	-6.288391	-6.294850	-6.977587	-6.285877	-6.993168	-6.289469	-6.314920	-6.995428	NaN	-6.990069
1332.092000	-7.000802	-6.992039	-6.989797	-6.985091	-6.287169	-6.282702	-6.287858	-6.294092	-6.978153	-6.286254	-6.992580	-6.289839	-6.313229	-6.994739	NaN	-6.989917
1352.272000	-7.001499	-6.992003	-6.989586	-6.985069	-6.285641	-6.282709	-6.287967	-6.294012	-6.976781	-6.286182	-6.993044	-6.289803	-6.312971	-6.994550	NaN	-6.989938
1372.452000	-7.001459	-6.992340	-6.990029	-6.984514	-6.287085	-6.282705	-6.287843	-6.294339	-6.978494	-6.286606	-6.992678	-6.289781	-6.314016	-6.994452	NaN	-6.989815
1392.632000	-7.001666	-6.992932	-6.989409	-6.985903	-6.286505	-6.282303	-6.287412	-6.293994	-6.977297	-6.286334	-6.992489	-6.290732	-6.313882	-6.995218	NaN	-6.989209
1412.812000	-7.001557	-6.991796	-6.989234	-6.984916	-6.286552	-6.282426	-6.288253	-6.293845	-6.977355	-6.285993	-6.992384	-6.289777	-6.313889	-6.994405	NaN	-6.990189
1432.992000	-7.001481	-6.992072	-6.988665	-6.985098	-6.285811	-6.282789	-6.288130	-6.294063	-6.977696	-6.286189	-6.992983	-6.289799	-6.313733	-6.994768	NaN	-6.989920
1453.172000	-7.001731	-6.991974	-6.989844	-6.984546	-6.285587	-6.282041	-6.288558	-6.294237	-6.977061	-6.286998	-6.991702	-6.289941	-6.313232	-6.995443	NaN	-6.991299
1473.352000	-7.002449	-6.991089	-6.988861	-6.984151	-6.287038	-6.282103	-6.288471	-6.293899	-6.978585	-6.285554	-6.992638	-6.289621	-6.313668	-6.994975	NaN	-6.989187
1493.532000	-7.001767	-6.992812	-6.989445	-6.983966	-6.286526	-6.281773	-6.288047	-6.294959	-6.977775	-6.286258	-6.992464	-6.290547	-6.313933	-6.994873	NaN	-6.989985
1513.712000	-7.002417	-6.992725	-6.990254	-6.984129	-6.287568	-6.283758	-6.287626	-6.294531	-6.978149	-6.286515	-6.991611	-6.289861	-6.312830	-6.995370	NaN	-6.990773
1533.892000	-7.002544	-6.991919	-6.988726	-6.985294	-6.286214	-6.282673	-6.288446	-6.294005	-6.977797	-6.286218	-6.991836	-6.289814	-6.313207	-6.995276	NaN	-6.990102
1554.072000	-7.001365	-6.992257	-6.988705	-6.983908	-6.287419	-6.283032	-6.286983	-6.294886	-6.977053	-6.286218	-6.992707	-6.290786	-6.312786	-6.994772	NaN	-6.989702
1574.252000	-7.002551	-6.991655	-6.990446	-6.984739	-6.286998	-6.281769	-6.288399	-6.293065	-6.977318	-6.286973	-6.991724	-6.290670	-6.314049	-6.994137	NaN	-6.989572
1594.432000	-7.002319	-6.991745	-6.989746	-6.985007	-6.286294	-6.282622	-6.288573	-6.294045	-6.978527	-6.287216	-6.992500	-6.289814	-6.314716	-6.995356	NaN	-6.990058
1614.612000	-7.000465	-6.990965	-6.988556	-6.984956	-6.286889	-6.282669	-6.288620	-6.294045	-6.978367	-6.286116	-6.993019	-6.289843	-6.313679	-6.994605	NaN	-6.990156
1634.792000	-7.002116	-6.992874	-6.990468	-6.983897	-6.287314	-6.283086	-6.287274	-6.293087	-6.978229	-6.287096	-6.992362	-6.289527	-6.313882	-6.994053	NaN	-6.991034
1654.972000	-7.001466	-6.991216	-6.988911	-6.985943	-6.287074	-6.282698	-6.287325	-6.293105	-6.978868	-6.285060	-6.992170	-6.289005	-6.313109	-6.993585	NaN	-6.991154
1675.152000	-7.001539	-6.992086	-6.989238	-6.985214	-6.286515	-6.282673	-6.287586	-6.294045	-6.977551	-6.286156	-6.992322	-6.289799	-6.313947	-6.994746	NaN	-6.989971
1695.332000	-7.000599	-6.991571	-6.989525	-6.985947	-6.285888	-6.282422	-6.288373	-6.294103	-6.977064	-6.284926	-6.993574	-6.289752	-6.314949	-6.993552	NaN	-6.990265
1715.512000	-7.001854	-6.991836	-6.989597	-6.984779	-6.286541	-6.282647	-6.288043	-6.294019	-6.978106	-6.286138	-6.992750	-6.289774	-6.313904	-6.994474	NaN	-6.989942
1735.692000	-7.000918	-6.991597	-6.988618	-6.984971	-6.286280	-6.282038	-6.288917	-6.293087	-6.978124	-6.285427	-6.992798	-6.288994	-6.314753	-6.993687	NaN	-6.989412
1755.872000	-7.002232	-6.992449	-6.990385	-6.986197	-6.287002	-6.281806	-6.287506	-6.293943	-6.978588	-6.285064	-6.992816	-6.289320	-6.312862	-6.995504	NaN	-6.991223
1776.062000	-7.001869	-6.991426	-6.989470	-6.984982	-6.286490	-6.282760	-6.288065	-6.294411	-6.977986	-6.286283	-6.992678	-6.289901	-6.313653	-6.994804	NaN	-6.989949
1796.242000	-7.000668	-6.992892	-6.989634	-6.985312	-6.287484	-6.283663	-6.288112	-6.292927	-6.976879	-6.287252	-6.991397	-6.290140	-6.313178	-6.995726	NaN	-6.990602
1816.422000	-7.000537	-6.991052	-6.989688	-6.985943	-6.287517	-6.282687	-6.288849	-6.294193	-6.976981	-6.285891	-6.991887	-6.290369	-6.312793	-6.994808	NaN	-6.989742
1836.602000	-7.002399	-6.991408	-6.988189	-6.983984	-6.286838	-6.281639	-6.287608	-6.293682	-6.977997	-6.286047	-6.992435	-6.288743	-6.314705	-6.995309	NaN	-6.990860
1856.782000	-7.001629	-6.992221	-6.989503	-6.985961	-6.286475	-6.283707	-6.288025	-6.294890	-6.977859	-6.285423	-6.992427	-6.290645	-6.313896	-6.993824	NaN	-6.990991
1876.962000	-7.001357	-6.991001	-6.990218	-6.985573	-6.286058	-6.283707	-6.288177	-6.293054	-6.977159	-6.285775	-6.992754	-6.290376	-6.313385	-6.994811	NaN	-6.988901
1897.142000	-7.001404	-6.992152	-6.989002	-6.985664	-6.287205	-6.281882	-6.287335	-6.293232	-6.977932	-6.286301	-6.992253	-6.289741	-6.314727	-6.993980	NaN	-6.991074
1917.322000	-7.001071	-6.991379	-6.989412	-6.984387	-6.286523	-6.283794	-6.288003	-6.294302	-6.977873	-6.286526	-6.992486	-6.289676	-6.313835	-6.995287	NaN	-6.989075
1937.502000	-7.001604	-6.992816	-6.989278	-6.985261	-6.286534	-6.281849	-6.288036	-6.293584	-6.977881	-6.285848	-6.992406	-6.290010	-6.313838	-6.994267	NaN	-6.989332
1957.682000	-7.001633	-6.993001	-6.989398	-6.985736	-6.286515	-6.283304	-6.288054	-6.293101	-6.977899	-6.286163	-6.992402	-6.290485	-6.313889	-6.995497	NaN	-6.990348
1977.862000	-7.001582	-6.991353	-6.989361	-6.984169	-6.286541	-6.282433	-6.288072	-6.293606	-6.977892	-6.285256	-6.992406	-6.289161	-6.313845	-6.994423	NaN	-6.990446
1998.042000	-7.001488	-6.991825	-6.989557	-6.985004	-6.286319	-6.282734	-6.288243	-6.294077	-6.977717	-6.285971	-6.992609	-6.289683	-6.314136	-6.994815	NaN	-6.990007
2018.222000	-7.000686	-6.991219	-6.988679	-6.984216	-6.285405	-6.283181	-6.289139	-6.294952	-6.976712	-6.285111	-6.993229	-6.289552	-6.314988	-6.995715	NaN	-6.990853
2038.402000	-7.001568	-6.992137	-6.989782	-6.984336	-6.287346	-6.282840	-6.288598	-6.293399	-6.977895	-6.287103	-6.993407	-6.289836	-6.313486	-6.993814	NaN	-6.990885
2058.582000	-7.001539	-6.991208	-6.989387	-6.984459	-6.286443	-6.281766	-6.288050	-6.294436	-6.977953	-6.286867	-6.992359	-6.289015	-6.313871	-6.995080	NaN	-6.989561
2078.762000	-7.000450	-6.992525	-6.990290	-6.984067	-6.285721	-6.282147	-6.288736	-6.293308	-6.977732	-6.285968	-6.992250	-6.290496	-6.313541	-6.994140	NaN	-6.990163
2098.942000	-7.001789	-6.992583	-6.989528	-6.984307	-6.286530	-6.282034	-6.288043	-6.294705	-6.978015	-6.285325	-6.992544	-6.289026	-6.313871	-6.994463	NaN	-6.991136
2119.122000	-7.001466	-6.992417	-6.989321	-6.984586	-6.286515	-6.283184	-6.288043	-6.294868	-6.977786	-6.286062	-6.992457	-6.290572	-6.313922	-6.995229	NaN	-6.989354
2139.302000	-7.001644	-6.991753	-6.989550	-6.985519	-6.286508	-6.282564	-6.288025	-6.293188	-6.978008	-6.286657	-6.992580	-6.289999	-6.313889	-6.993534	NaN	-6.991205
2159.482000	-7.001894	-6.991854	-6.989521	-6.984902	-6.286523	-6.282673	-6.288072	-6.294030	-6.978196	-6.286240	-6.992685	-6.289781	-6.313922	-6.994470	NaN	-6.989833
2179.662000	-7.000998	-6.992685	-6.988443	-6.985352	-6.285688	-6.283736	-6.287234	-6.294603	-6.978639	-6.286479	-6.991644	-6.288950	-6.313051	-6.994692	NaN	-6.989946
2199.842000	-7.002388	-6.991880	-6.988574	-6.985004	-6.286733	-6.283003	-6.288939	-6.294005	-6.978160	-6.286185	-6.991923	-6.289770	-6.313018	-6.994659	NaN	-6.990109
2220.022000	-7.001034	-6.990951	-6.988966	-6.985464	-6.286341	-6.281486	-6.287974	-6.293217	-6.977652	-6.287042	-6.993621	-6.290485	-6.314147	-6.994565	NaN	-6.991005
2240.212000	-7.002319	-6.991883	-6.988541	-6.985087	-6.285532	-6.282684	-6.288910	-6.294026	-6.977478	-6.286095	-6.992493	-6.288914	-6.313933	-6.994184	NaN	-6.990432
2260.392000	-7.001655	-6.991205	-6.989318	-6.986310	-6.286508	-6.283083	-6.288043	-6.292974	-6.978077	-6.286584	-6.992438	-6.291004	-6.313867	-6.995410	NaN	-6.990787
2280.572000	-7.001198	-6.993135	-6.990007	-6.985453	-6.284418	-6.283224	-6.288054	-6.294317	-6.978026	-6.285724	-6.992547	-6.289015	-6.314143	-6.994213	NaN	-6.990377
2300.752000	-7.002616	-6.992950	-6.988276	-6.985762	-6.286762	-6.283598	-6.288997	-6.294963	-6.978371	-6.285318	-6.993244	-6.288885	-6.314676	-6.994891	NaN	-6.991041
2320.932000	-7.002899	-6.992290	-6.988944	-6.983817	-6.286113	-6.283827	-6.288293	-6.293765	-6.977427	-6.286922	-6.992014	-6.289734	-6.313120	-6.994761	NaN	-6.990250
2341.112000	-7.000867	-6.990965	-6.990403	-6.984060	-6.286124	-6.283155	-6.289026	-6.293845	-6.977086	-6.286356	-6.993233	-6.290695	-6.313555	-6.994024	NaN	-6.990207
2361.292000	-7.001626	-6.992946	-6.989318	-6.984448	-6.286486	-6.282031	-6.288025	-6.294055	-6.977942	-6.285318	-6.992395	-6.289132	-6.313914	-6.995494	NaN	-6.989485
2381.472000	-7.001506	-6.992743	-6.990203	-6.984590	-6.286635	-6.282745	-6.287383	-6.293319	-6.977971	-6.285623	-6.992747	-6.289694	-6.313708	-6.994514	NaN	-6.989579
2401.652000	-7.000642	-6.992906	-6.990214	-6.986005	-6.286632	-6.281631	-6.288210	-6.293319	-6.978947	-6.285307	-6.993469	-6.289186	-6.314020	-6.995406	NaN	-6.989115
2421.832000	-7.000646	-6.993121	-6.989271	-6.984437	-6.286396	-6.283663	-6.287335	-6.295104	-6.978338	-6.286211	-6.992340	-6.290434	-6.313359	-6.993527	NaN	-6.989267
2442.012000	-7.001397	-6.991789	-6.989387	-6.985083	-6.286385	-6.282673	-6.287847	-6.294041	-6.978853	-6.286156	-6.992761	-6.289781	-6.313475	-6.994503	NaN	-6.990022
2462.192000	-7.001433	-6.992326	-6.990214	-6.984238	-6.286084	-6.283094	-6.287346	-6.293127	-6.978392	-6.285975	-6.992623	-6.288874	-6.313646	-6.994739	NaN	-6.989107
2482.372000	-7.001524	-6.992065	-6.989227	-6.985268	-6.286515	-6.282695	-6.288029	-6.294052	-6.977892	-6.286105	-6.992304	-6.289832	-6.313849	-6.994833	NaN	-6.989978
2502.552000	-7.000900	-6.991125	-6.990127	-6.984180	-6.286813	-6.283021	-6.289269	-6.293217	-6.977061	-6.285075	-6.991462	-6.290583	-6.314684	-6.993483	NaN	-6.991092
2522.732000	-7.001698	-6.991959	-6.990548	-6.985036	-6.285536	-6.282673	-6.289161	-6.294030	-6.977884	-6.286134	-6.992975	-6.289752	-6.314448	-6.994655	NaN	-6.990156
2542.912000	-7.001934	-6.992076	-6.989536	-6.985069	-6.286748	-6.282477	-6.288152	-6.293874	-6.978487	-6.286185	-6.992536	-6.289806	-6.313922	-6.994354	NaN	-6.990087
2563.092000	-7.002007	-6.992126	-6.989528	-6.984684	-6.286940	-6.283047	-6.288159	-6.294016	-6.978617	-6.286483	-6.992631	-6.290129	-6.313425	-6.994605	NaN	-6.990044
2583.272000	-7.001274	-6.992747	-6.988708	-6.984662	-6.286258	-6.281711	-6.288740	-6.294607	-6.977202	-6.286120	-6.992631	-6.290013	-6.314684	-6.995446	NaN	-6.990718
2603.452000	-7.001074	-6.992740	-6.988396	-6.985443	-6.286102	-6.283594	-6.288185	-6.293616	-6.977384	-6.286512	-6.992337	-6.289992	-6.314753	-6.994742	NaN	-6.991172
2623.632000	-7.002576	-6.991978	-6.989020	-6.984906	-6.286940	-6.282651	-6.288431	-6.294023	-6.978755	-6.286131	-6.993400	-6.289792	-6.314386	-6.994655	NaN	-6.990091
2643.812000	-7.001506	-6.992609	-6.989321	-6.984713	-6.286475	-6.283246	-6.288065	-6.293471	-6.977852	-6.285655	-6.992344	-6.289621	-6.313914	-6.994325	NaN	-6.990029
2663.992000	-7.000871	-6.991459	-6.989844	-6.985497	-6.287560	-6.282705	-6.287339	-6.294992	-6.978563	-6.285855	-6.991843	-6.290347	-6.314749	-6.995501	NaN	-6.990181
2684.172000	-7.001807	-6.991829	-6.989652	-6.984691	-6.286214	-6.282934	-6.287800	-6.293939	-6.978501	-6.286272	-6.992997	-6.290064	-6.314179	-6.994721	NaN	-6.989837
2704.352000	-7.001219	-6.992700	-6.988549	-6.983897	-6.287343	-6.282158	-6.289048	-6.293315	-6.979006	-6.287230	-6.993200	-6.288838	-6.314680	-6.993839	NaN	-6.989496
2724.532000	-7.001651	-6.991705	-6.989586	-6.984517	-6.286552	-6.283043	-6.288018	-6.294879	-6.978153	-6.286345	-6.992558	-6.289883	-6.313907	-6.994721	NaN	-6.990671
2744.712000	-7.001013	-6.992772	-6.989782	-6.985976	-6.285543	-6.283025	-6.288899	-6.293627	-6.978686	-6.286555	-6.992758	-6.290695	-6.314183	-6.993904	NaN	-6.990918
2764.892000	-7.001092	-6.991898	-6.989757	-6.983675	-6.285561	-6.283772	-6.288297	-6.294386	-6.977503	-6.286998	-6.991713	-6.290362	-6.314480	-6.993284	NaN	-6.988792
2785.072000	-7.002584	-6.991959	-6.989507	-6.986117	-6.285645	-6.283435	-6.287713	-6.293319	-6.978269	-6.285303	-6.992649	-6.288976	-6.314851	-6.994053	NaN	-6.989223
2805.252000	-7.001550	-6.991502	-6.989594	-6.984481	-6.286515	-6.283584	-6.288021	-6.294589	-6.978200	-6.285420	-6.992261	-6.290543	-6.313802	-6.995087	NaN	-6.989873
2825.432000	-7.002239	-6.992783	-6.988563	-6.985029	-6.287179	-6.281726	-6.287049	-6.295017	-6.978868	-6.285703	-6.992137	-6.290837	-6.312844	-6.993578	NaN	-6.991005
2845.612000	-7.001136	-6.991916	-6.990051	-6.984974	-6.285978	-6.282658	-6.288979	-6.293987	-6.977968	-6.286124	-6.992769	-6.289774	-6.314299	-6.994692	NaN	-6.990080
2865.802000	-7.001263	-6.992021	-6.989390	-6.984967	-6.286323	-6.282488	-6.287938	-6.294179	-6.978175	-6.286272	-6.992101	-6.289839	-6.313715	-6.994133	NaN	-6.990036
2885.982000	-7.002703	-6.992010	-6.988737	-6.984953	-6.287230	-6.282604	-6.287604	-6.294016	-6.978556	-6.286109	-6.993349	-6.289781	-6.313178	-6.994525	NaN	-6.990004
2906.163000	-7.001644	-6.992242	-6.989855	-6.984909	-6.286417	-6.282241	-6.288003	-6.293820	-6.978472	-6.286105	-6.992580	-6.289981	-6.313998	-6.994322	NaN	-6.990395
2926.342000	-7.001633	-6.991981	-6.989394	-6.984329	-6.286501	-6.283743	-6.288003	-6.293148	-6.978135	-6.286773	-6.992431	-6.288928	-6.313845	-6.995120	NaN	-6.989692
2946.532000	-7.002624	-6.991669	-6.988367	-6.985820	-6.286058	-6.281856	-6.287274	-6.293000	-6.977590	-6.286011	-6.993287	-6.290786	-6.313007	-6.993658	NaN	-6.990679
2966.712000	-7.001539	-6.992155	-6.989285	-6.984525	-6.286512	-6.283442	-6.288021	-6.293167	-6.978204	-6.285739	-6.992348	-6.289774	-6.313835	-6.994764	NaN	-6.991089
2986.892000	-7.001510	-6.991676	-6.989797	-6.985882	-6.286512	-6.283163	-6.288025	-6.294190	-6.977456	-6.286211	-6.992326	-6.289825	-6.314350	-6.995211	NaN	-6.990472
3007.072000	-7.001579	-6.992148	-6.989292	-6.985178	-6.286501	-6.282633	-6.288014	-6.293987	-6.977953	-6.286156	-6.992337	-6.289759	-6.313875	-6.994953	NaN	-6.989971
3027.252000	-7.001172	-6.992083	-6.989238	-6.985131	-6.286566	-6.282687	-6.288105	-6.293896	-6.977950	-6.286167	-6.992337	-6.289792	-6.313860	-6.994935	NaN	-6.989942
3047.432000	-7.000559	-6.990914	-6.989372	-6.983697	-6.285670	-6.283010	-6.287208	-6.294995	-6.977148	-6.286523	-6.991901	-6.289491	-6.313621	-6.993639	NaN	-6.990610
3067.612000	-7.001404	-6.992170	-6.989652	-6.984851	-6.286185	-6.282651	-6.287992	-6.294074	-6.978781	-6.286113	-6.993084	-6.289792	-6.314154	-6.994608	NaN	-6.990007
3087.792000	-7.001590	-6.991981	-6.990051	-6.984931	-6.286519	-6.282586	-6.288145	-6.293928	-6.978287	-6.286036	-6.992199	-6.289440	-6.313766	-6.994576	NaN	-6.989565
3107.972000	-7.002939	-6.992340	-6.988418	-6.984978	-6.286512	-6.282938	-6.287390	-6.293450	-6.977431	-6.286142	-6.991535	-6.290119	-6.313889	-6.994695	NaN	-6.989750
3128.152000	-7.001978	-6.992914	-6.988911	-6.984187	-6.287227	-6.283304	-6.288163	-6.293642	-6.977365	-6.286846	-6.992957	-6.290402	-6.314430	-6.995468	NaN	-6.990537
3148.332000	-7.002664	-6.992587	-6.989590	-6.984278	-6.285438	-6.283667	-6.288587	-6.293083	-6.979201	-6.286465	-6.992112	-6.290939	-6.312811	-6.995432	NaN	-6.990232
3168.512000	-7.002703	-6.991335	-6.990552	-6.985961	-6.285637	-6.282807	-6.287089	-6.294331	-6.978719	-6.286686	-6.991506	-6.288693	-6.314390	-6.994851	NaN	-6.991172
3188.692000	-7.002689	-6.991143	-6.989343	-6.985617	-6.286044	-6.281726	-6.288304	-6.293315	-6.978556	-6.285714	-6.992123	-6.289556	-6.313196	-6.995820	NaN	-6.989332
3208.872000	-7.000690	-6.992007	-6.990410	-6.985105	-6.287110	-6.282618	-6.287785	-6.293968	-6.977402	-6.286102	-6.993222	-6.289806	-6.313610	-6.994695	NaN	-6.990109
3229.052000	-7.000574	-6.991586	-6.988447	-6.984296	-6.287339	-6.282292	-6.287658	-6.293098	-6.978900	-6.285862	-6.992134	-6.290202	-6.314720	-6.994764	NaN	-6.989695
3249.232000	-7.001597	-6.992725	-6.989528	-6.984405	-6.286501	-6.281751	-6.288047	-6.294959	-6.978229	-6.285340	-6.992417	-6.289095	-6.313893	-6.994928	NaN	-6.991190
3269.412000	-7.001354	-6.991629	-6.988541	-6.984960	-6.287368	-6.282597	-6.287738	-6.294273	-6.979278	-6.285006	-6.991615	-6.290485	-6.314858	-6.995152	NaN	-6.991179
3289.592000	-7.001419	-6.991861	-6.988980	-6.985225	-6.287731	-6.282383	-6.289309	-6.294857	-6.977482	-6.286055	-6.992366	-6.289582	-6.314604	-6.993639	NaN	-6.991125
3309.772000	-7.001517	-6.992130	-6.989376	-6.985189	-6.286505	-6.282655	-6.288014	-6.294023	-6.978204	-6.286109	-6.992359	-6.289832	-6.313867	-6.994913	NaN	-6.989800
3329.952000	-7.001626	-6.991208	-6.989492	-6.985170	-6.286490	-6.281885	-6.287989	-6.294741	-6.977217	-6.286817	-6.992420	-6.289019	-6.313853	-6.993890	NaN	-6.989380
3350.132000	-7.001183	-6.991800	-6.990229	-6.984960	-6.285721	-6.282600	-6.288928	-6.294037	-6.978868	-6.286062	-6.992623	-6.289799	-6.313969	-6.994521	NaN	-6.990145
3370.312000	-7.002058	-6.991912	-6.990483	-6.985392	-6.285536	-6.282909	-6.286940	-6.294919	-6.977641	-6.286341	-6.993389	-6.290492	-6.314114	-6.995769	NaN	-6.989017
3390.492000	-7.002286	-6.991568	-6.988882	-6.985087	-6.287477	-6.282256	-6.288018	-6.294941	-6.976926	-6.286646	-6.991288	-6.290115	-6.313359	-6.994285	NaN	-6.989822
3410.672000	-7.002344	-6.991905	-6.989369	-6.985047	-6.286330	-6.282640	-6.287677	-6.294001	-6.977652	-6.286109	-6.991978	-6.289828	-6.312982	-6.994681	NaN	-6.990098
3430.852000	-7.002068	-6.992642	-6.990526	-6.985181	-6.286200	-6.281715	-6.288936	-6.293421	-6.979274	-6.286838	-6.992253	-6.288957	-6.313308	-6.995149	NaN	-6.989155
3451.032000	-7.001814	-6.993008	-6.990319	-6.985820	-6.286980	-6.282158	-6.287796	-6.294034	-6.979260	-6.285460	-6.991506	-6.289226	-6.314825	-6.995138	NaN	-6.990802
3471.212000	-7.001597	-6.992362	-6.989314	-6.984873	-6.286831	-6.282375	-6.288039	-6.293754	-6.978131	-6.286606	-6.992377	-6.289342	-6.313882	-6.995294	NaN	-6.990029
3491.392000	-7.000719	-6.992583	-6.989862	-6.985004	-6.285746	-6.282114	-6.287713	-6.293163	-6.978864	-6.285645	-6.993052	-6.289571	-6.312986	-6.995374	NaN	-6.989412
3511.572000	-7.002812	-6.991840	-6.990229	-6.985051	-6.286715	-6.282615	-6.288272	-6.293958	-6.977514	-6.286069	-6.993491	-6.289723	-6.314074	-6.994692	NaN	-6.990091
3531.752000	-7.001767	-6.991089	-6.990461	-6.986103	-6.285441	-6.283319	-6.288435	-6.293275	-6.979416	-6.286759	-6.992729	-6.289295	-6.314720	-6.995359	NaN	-6.989202
3551.932000	-7.002729	-6.990766	-6.989938	-6.985874	-6.286958	-6.281878	-6.287745	-6.293272	-6.978596	-6.285880	-6.993603	-6.290006	-6.313225	-6.995624	NaN	-6.991081
3572.112000	-7.001804	-6.991927	-6.989659	-6.985069	-6.286849	-6.282949	-6.288337	-6.293704	-6.978585	-6.285902	-6.992812	-6.289603	-6.314216	-6.994478	NaN	-6.989826
3592.292000	-7.001390	-6.992184	-6.989710	-6.984506	-6.286867	-6.282883	-6.288090	-6.294233	-6.978469	-6.285801	-6.992721	-6.289799	-6.313860	-6.994354	NaN	-6.990040
3612.472000	-7.001778	-6.991825	-6.989572	-6.984898	-6.286501	-6.282662	-6.288116	-6.293979	-6.978403	-6.286095	-6.992645	-6.289806	-6.313871	-6.994572	NaN	-6.989985
3632.652000	-7.000896	-6.991927	-6.988984	-6.985185	-6.285590	-6.282640	-6.287720	-6.293976	-6.977598	-6.286065	-6.991622	-6.289785	-6.313370	-6.994670	NaN	-6.990058
3652.832000	-7.002566	-6.991509	-6.988269	-6.984702	-6.286962	-6.282727	-6.288253	-6.293087	-6.977195	-6.286973	-6.993019	-6.289970	-6.314934	-6.995769	NaN	-6.990606
3673.012000	-7.001677	-6.991147	-6.988378	-6.984985	-6.286563	-6.282012	-6.288068	-6.293167	-6.978298	-6.286671	-6.992446	-6.288830	-6.313838	-6.994035	NaN	-6.991020
3693.192000	-7.002689	-6.991927	-6.990479	-6.984985	-6.287335	-6.282626	-6.287252	-6.293979	-6.978523	-6.286098	-6.991792	-6.289774	-6.314448	-6.994637	NaN	-6.990123
3713.372000	-7.001590	-6.992021	-6.989249	-6.986103	-6.286523	-6.283518	-6.288021	-6.294146	-6.978189	-6.286486	-6.992362	-6.289153	-6.313820	-6.993886	NaN	-6.989996
3733.552000	-7.001524	-6.991840	-6.989692	-6.984964	-6.286592	-6.282629	-6.288054	-6.293947	-6.978766	-6.286069	-6.992453	-6.289803	-6.313294	-6.994645	NaN	-6.989612
3753.732000	-7.001746	-6.991636	-6.988813	-6.985795	-6.286098	-6.282451	-6.287499	-6.294346	-6.977848	-6.285714	-6.992747	-6.289846	-6.314310	-6.994953	NaN	-6.990265
3773.912000	-7.002584	-6.991999	-6.988451	-6.984245	-6.285579	-6.281512	-6.289084	-6.294208	-6.977961	-6.285891	-6.993545	-6.289266	-6.314793	-6.994064	NaN	-6.990178
3794.093000	-7.001052	-6.991890	-6.990167	-6.984978	-6.286145	-6.282589	-6.288801	-6.294012	-6.978639	-6.286124	-6.992210	-6.289738	-6.313051	-6.994641	NaN	-6.990062
3814.272000	-7.000828	-6.991952	-6.988483	-6.985025	-6.287100	-6.282644	-6.288108	-6.294012	-6.977507	-6.286610	-6.991934	-6.289836	-6.313860	-6.994753	NaN	-6.990073
3834.452000	-7.001818	-6.990867	-6.990508	-6.984401	-6.285830	-6.282604	-6.287100	-6.293391	-6.979270	-6.285521	-6.993385	-6.289407	-6.314836	-6.995664	NaN	-6.990461
3854.632000	-7.001680	-6.992964	-6.989917	-6.985261	-6.287179	-6.281718	-6.287357	-6.292996	-6.978628	-6.286679	-6.991557	-6.290710	-6.312880	-6.994993	NaN	-6.990860
3874.812000	-7.001909	-6.991883	-6.989525	-6.984931	-6.286211	-6.282575	-6.288108	-6.293972	-6.979187	-6.286091	-6.992591	-6.289799	-6.314045	-6.994692	NaN	-6.990109
3894.992000	-7.001920	-6.991771	-6.989713	-6.984931	-6.286519	-6.282637	-6.288043	-6.293994	-6.978487	-6.286065	-6.992642	-6.289821	-6.313856	-6.994652	NaN	-6.990051
3915.172000	-7.002515	-6.991822	-6.989307	-6.984978	-6.287259	-6.283428	-6.288043	-6.294767	-6.978744	-6.285202	-6.992435	-6.289204	-6.313893	-6.995664	NaN	-6.990867
3935.352000	-7.001626	-6.991800	-6.989216	-6.985337	-6.286486	-6.282988	-6.288072	-6.293635	-6.978273	-6.286323	-6.991909	-6.290024	-6.313918	-6.994793	NaN	-6.990098
3955.532000	-7.001586	-6.992148	-6.989278	-6.985221	-6.286497	-6.282629	-6.288032	-6.294012	-6.978385	-6.286116	-6.992217	-6.289796	-6.313777	-6.994986	NaN	-6.989927
3975.712000	-7.001902	-6.991999	-6.988414	-6.985181	-6.286316	-6.282600	-6.287673	-6.293994	-6.978777	-6.286105	-6.992290	-6.289828	-6.312866	-6.994851	NaN	-6.990047
3995.892000	-7.001742	-6.992261	-6.989496	-6.985838	-6.286501	-6.282615	-6.288043	-6.293206	-6.978465	-6.285935	-6.992522	-6.290623	-6.313853	-6.995566	NaN	-6.991132
4016.072000	-7.002522	-6.992028	-6.990348	-6.985123	-6.287208	-6.282622	-6.288573	-6.294019	-6.978708	-6.286091	-6.992867	-6.289814	-6.314375	-6.994928	NaN	-6.989920
4036.252000	-7.001905	-6.992500	-6.989608	-6.984637	-6.286552	-6.283380	-6.288087	-6.293333	-6.978454	-6.286944	-6.992583	-6.289883	-6.313914	-6.995065	NaN	-6.990000
4056.432000	-7.001230	-6.992130	-6.989757	-6.985185	-6.287230	-6.282604	-6.287219	-6.294008	-6.978011	-6.286149	-6.993077	-6.289763	-6.314560	-6.994851	NaN	-6.990083
4076.612000	-7.000936	-6.992257	-6.988585	-6.984873	-6.286886	-6.282539	-6.287161	-6.294905	-6.979049	-6.286236	-6.993291	-6.289999	-6.313494	-6.993690	NaN	-6.989637
4096.792000	-7.002881	-6.992529	-6.989096	-6.984829	-6.286711	-6.282778	-6.287038	-6.294901	-6.979546	-6.285732	-6.991978	-6.290137	-6.312909	-6.993788	NaN	-6.990639
4116.982000	-7.002482	-6.992134	-6.989644	-6.985207	-6.285590	-6.282655	-6.288119	-6.294828	-6.978559	-6.286973	-6.992540	-6.289026	-6.313864	-6.993977	NaN	-6.989985
4137.162000	-7.002032	-6.992961	-6.990123	-6.986085	-6.285343	-6.283322	-6.288250	-6.294781	-6.979495	-6.286875	-6.992391	-6.288838	-6.313588	-6.994100	NaN	-6.990889
4157.342000	-7.001582	-6.992355	-6.989242	-6.984869	-6.286552	-6.283126	-6.288094	-6.294894	-6.978349	-6.287034	-6.992333	-6.290474	-6.313849	-6.994198	NaN	-6.990025
4177.522000	-7.001735	-6.991197	-6.989746	-6.984488	-6.286011	-6.282557	-6.288384	-6.293308	-6.977674	-6.284770	-6.993218	-6.290598	-6.313479	-6.994122	NaN	-6.990254
4197.702000	-7.001742	-6.992039	-6.989372	-6.986230	-6.286196	-6.283159	-6.287775	-6.293337	-6.978439	-6.286363	-6.992478	-6.289709	-6.313827	-6.993995	NaN	-6.989013
4217.882000	-7.002424	-6.991506	-6.988977	-6.985072	-6.285496	-6.282796	-6.288489	-6.294299	-6.978461	-6.285997	-6.991604	-6.290768	-6.313185	-6.993850	NaN	-6.990486
4238.062000	-7.000653	-6.992863	-6.988334	-6.985795	-6.287481	-6.283003	-6.286889	-6.293029	-6.979466	-6.285503	-6.992239	-6.288863	-6.314727	-6.995624	NaN	-6.991089
4258.252000	-7.000588	-6.992888	-6.990105	-6.985827	-6.286860	-6.283609	-6.287118	-6.294545	-6.977819	-6.285460	-6.993679	-6.289462	-6.313845	-6.994126	NaN	-6.990403
4278.432000	-7.001963	-6.991012	-6.989369	-6.984162	-6.285681	-6.283823	-6.287227	-6.293994	-6.977326	-6.286599	-6.991872	-6.290634	-6.313668	-6.995588	NaN	-6.991252
4298.612000	-7.001477	-6.991382	-6.988501	-6.984075	-6.285605	-6.282404	-6.287296	-6.294658	-6.979347	-6.286769	-6.992395	-6.289001	-6.312902	-6.995330	NaN	-6.990769
4318.792000	-7.001833	-6.992489	-6.989242	-6.985475	-6.286599	-6.282705	-6.288058	-6.293642	-6.978178	-6.285253	-6.991430	-6.289933	-6.313835	-6.993973	NaN	-6.989761
4338.972000	-7.000878	-6.992028	-6.990149	-6.985261	-6.287423	-6.282658	-6.287397	-6.293932	-6.979339	-6.286080	-6.993353	-6.289821	-6.312844	-6.994891	NaN	-6.990265
4359.152000	-7.001833	-6.991854	-6.989539	-6.985000	-6.286526	-6.282640	-6.288032	-6.293925	-6.978625	-6.286055	-6.992558	-6.289792	-6.313875	-6.994645	NaN	-6.989975
4379.332000	-7.001793	-6.992562	-6.989496	-6.984448	-6.286490	-6.281657	-6.288047	-6.294905	-6.978530	-6.286399	-6.992558	-6.288936	-6.313864	-6.995497	NaN	-6.991034
4399.512000	-7.002025	-6.991067	-6.988697	-6.985203	-6.286798	-6.283192	-6.287208	-6.293286	-6.978846	-6.285761	-6.992649	-6.289915	-6.314129	-6.994010	NaN	-6.991009
4419.692000	-7.001216	-6.992010	-6.989590	-6.985174	-6.286073	-6.282647	-6.288798	-6.293464	-6.977910	-6.286407	-6.992841	-6.289792	-6.314147	-6.994801	NaN	-6.990218
4439.872000	-7.001404	-6.991992	-6.989728	-6.985312	-6.286846	-6.282626	-6.288711	-6.294208	-6.977525	-6.285416	-6.993309	-6.289269	-6.313697	-6.994928	NaN	-6.990196
4460.052000	-7.002355	-6.991836	-6.989710	-6.984895	-6.286305	-6.282259	-6.287985	-6.294001	-6.978327	-6.286062	-6.992678	-6.290071	-6.313835	-6.994880	NaN	-6.989989
4480.232000	-7.002087	-6.993044	-6.988414	-6.985287	-6.285837	-6.283351	-6.288174	-6.294643	-6.978693	-6.286432	-6.992870	-6.290768	-6.314437	-6.995541	NaN	-6.989695
4500.412000	-7.001027	-6.991056	-6.990602	-6.985784	-6.285601	-6.282295	-6.288370	-6.293199	-6.977590	-6.286472	-6.992413	-6.288983	-6.313464	-6.993523	NaN	-6.990417
4520.592000	-7.000846	-6.992874	-6.989888	-6.985033	-6.286947	-6.282074	-6.287459	-6.293602	-6.978548	-6.286715	-6.992148	-6.289164	-6.313755	-6.994253	NaN	-6.989779
4540.782000	-7.001829	-6.991716	-6.989637	-6.984869	-6.286570	-6.282553	-6.288079	-6.293928	-6.978574	-6.286153	-6.992286	-6.289836	-6.313795	-6.994884	NaN	-6.990029
4560.962000	-7.002333	-6.992867	-6.989459	-6.983839	-6.286664	-6.281668	-6.288018	-6.294411	-6.977732	-6.287208	-6.992634	-6.289992	-6.314894	-6.993690	NaN	-6.990120
4581.142000	-7.001934	-6.992642	-6.989630	-6.985700	-6.286537	-6.281686	-6.288101	-6.293283	-6.978643	-6.286737	-6.992620	-6.290314	-6.313867	-6.993748	NaN	-6.990806
4601.322000	-7.002827	-6.991484	-6.989634	-6.984898	-6.286497	-6.281758	-6.288087	-6.294807	-6.977638	-6.286341	-6.993102	-6.288881	-6.313015	-6.995715	NaN	-6.990871
4621.502000	-7.000559	-6.990980	-6.989597	-6.984561	-6.287150	-6.283562	-6.287176	-6.294146	-6.979231	-6.285013	-6.991854	-6.289139	-6.313621	-6.995465	NaN	-6.988734
4641.682000	-7.001539	-6.992003	-6.990330	-6.985145	-6.285695	-6.282637	-6.287343	-6.294008	-6.978207	-6.286080	-6.993389	-6.289806	-6.313722	-6.994779	NaN	-6.990152
4661.862000	-7.001814	-6.991807	-6.989187	-6.985145	-6.286519	-6.283115	-6.288116	-6.293533	-6.978683	-6.286247	-6.992671	-6.289578	-6.314172	-6.995058	NaN	-6.990004
4682.042000	-7.001789	-6.992246	-6.989561	-6.984764	-6.286541	-6.282549	-6.288101	-6.293500	-6.978650	-6.285525	-6.992613	-6.289705	-6.313878	-6.994133	NaN	-6.989721
4702.222000	-7.001760	-6.992551	-6.989554	-6.986219	-6.286530	-6.281628	-6.288090	-6.293235	-6.978519	-6.285184	-6.992435	-6.288849	-6.313860	-6.994115	NaN	-6.989416
4722.402000	-7.001742	-6.991096	-6.989488	-6.985450	-6.286541	-6.282437	-6.288076	-6.293718	-6.978396	-6.285082	-6.992551	-6.290645	-6.313838	-6.995138	NaN	-6.989474
4742.582000	-7.001731	-6.992747	-6.989423	-6.984336	-6.286519	-6.282477	-6.288047	-6.294386	-6.978505	-6.285968	-6.992420	-6.288899	-6.313867	-6.993766	NaN	-6.990374
4762.762000	-7.001049	-6.992384	-6.989775	-6.985127	-6.286029	-6.282586	-6.288431	-6.293950	-6.977932	-6.286120	-6.992482	-6.289756	-6.312891	-6.994888	NaN	-6.990247
4782.942000	-7.002290	-6.991905	-6.990015	-6.984271	-6.287201	-6.282009	-6.288743	-6.293352	-6.977619	-6.285140	-6.992217	-6.288631	-6.314052	-6.995229	NaN	-6.991001
4803.122000	-7.001067	-6.992558	-6.990120	-6.984321	-6.287328	-6.283449	-6.288667	-6.293181	-6.978015	-6.285663	-6.993030	-6.289440	-6.314517	-6.994964	NaN	-6.989398
4823.302000	-7.001034	-6.991005	-6.988458	-6.984666	-6.286055	-6.282597	-6.287462	-6.293638	-6.979466	-6.285728	-6.993081	-6.290046	-6.314462	-6.995682	NaN	-6.990007
4843.482000	-7.001209	-6.991448	-6.990403	-6.984198	-6.287034	-6.282586	-6.287985	-6.294589	-6.979201	-6.285547	-6.991477	-6.289977	-6.313991	-6.995123	NaN	-6.990922
4863.662000	-7.002580	-6.990911	-6.990149	-6.986121	-6.287521	-6.283540	-6.288885	-6.294168	-6.979285	-6.285891	-6.991669	-6.288754	-6.314727	-6.995577	NaN	-6.989332
4883.842000	-7.001789	-6.992115	-6.989463	-6.984445	-6.286494	-6.281679	-6.288072	-6.293838	-6.978501	-6.287016	-6.992431	-6.288761	-6.313860	-6.994728	NaN	-6.990512
4904.022000	-7.002377	-6.991673	-6.990268	-6.985384	-6.285989	-6.283674	-6.287187	-6.294048	-6.978069	-6.285133	-6.991589	-6.290471	-6.314473	-6.996038	NaN	-6.989546
4924.202000	-7.002736	-6.991854	-6.989332	-6.986125	-6.285855	-6.282720	-6.287851	-6.294418	-6.977322	-6.286109	-6.992725	-6.290939	-6.312953	-6.994086	NaN	-6.988850
4944.382000	-7.002925	-6.992039	-6.989572	-6.985628	-6.286443	-6.282869	-6.289447	-6.294596	-6.979212	-6.286095	-6.992518	-6.289552	-6.314470	-6.994938	NaN	-6.990700
4964.562000	-7.001735	-6.992279	-6.989456	-6.984797	-6.286552	-6.283402	-6.288087	-6.293286	-6.978588	-6.286726	-6.992482	-6.290068	-6.313853	-6.994002	NaN	-6.989710
4984.742000	-7.002410	-6.993106	-6.989347	-6.985022	-6.285866	-6.283061	-6.288253	-6.294375	-6.979270	-6.286407	-6.992417	-6.290485	-6.313552	-6.994510	NaN	-6.989496
5004.922000	-7.002584	-6.992754	-6.989982	-6.986205	-6.287306	-6.282448	-6.286944	-6.293958	-6.977590	-6.285452	-6.992130	-6.290870	-6.313040	-6.994006	NaN	-6.990980
5025.102000	-7.001165	-6.993095	-6.990112	-6.985733	-6.287521	-6.281657	-6.289128	-6.293881	-6.978585	-6.285507	-6.993356	-6.290481	-6.314281	-6.994078	NaN	-6.990929
5045.282000	-7.000896	-6.993095	-6.989343	-6.985312	-6.285674	-6.282415	-6.289295	-6.293551	-6.979035	-6.284872	-6.991557	-6.290177	-6.315094	-6.993785	NaN	-6.989826
5065.463000	-7.002892	-6.990954	-6.988345	-6.984289	-6.287415	-6.282865	-6.288972	-6.294948	-6.977754	-6.285648	-6.992308	-6.289661	-6.312811	-6.995544	NaN	-6.990617
5085.642000	-7.001267	-6.991611	-6.989619	-6.985678	-6.286265	-6.282150	-6.288653	-6.294012	-6.977812	-6.286472	-6.992355	-6.289153	-6.313969	-6.995443	NaN	-6.990635
5105.822000	-7.001673	-6.992729	-6.989398	-6.984695	-6.286490	-6.281508	-6.288072	-6.292793	-6.978523	-6.286272	-6.992540	-6.290046	-6.313867	-6.993672	NaN	-6.989020
5126.002000	-7.002939	-6.991379	-6.989220	-6.986183	-6.285456	-6.283478	-6.288780	-6.294799	-6.977877	-6.286973	-6.993618	-6.289121	-6.313744	-6.995356	NaN	-6.990374
5146.182000	-7.001524	-6.992007	-6.989165	-6.985276	-6.286265	-6.282412	-6.287981	-6.294066	-6.978410	-6.286145	-6.992271	-6.289748	-6.313860	-6.994728	NaN	-6.989924
5166.362000	-7.000907	-6.992961	-6.988806	-6.984249	-6.286501	-6.282372	-6.288718	-6.293413	-6.979532	-6.285180	-6.991245	-6.289933	-6.313381	-6.994866	NaN	-6.990751
5186.552000	-7.001020	-6.991303	-6.990559	-6.985123	-6.286124	-6.283671	-6.287553	-6.294654	-6.977866	-6.285151	-6.991441	-6.288700	-6.313113	-6.995312	NaN	-6.990911
5206.732000	-7.001219	-6.992046	-6.989329	-6.985490	-6.286407	-6.282324	-6.288297	-6.294041	-6.978476	-6.286102	-6.992221	-6.289654	-6.313827	-6.994764	NaN	-6.990243
5226.912000	-7.000915	-6.991988	-6.990359	-6.984274	-6.285340	-6.282738	-6.288351	-6.294146	-6.977739	-6.285891	-6.993157	-6.290703	-6.312681	-6.993570	NaN	-6.990914
5247.092000	-7.001873	-6.992319	-6.989579	-6.985577	-6.286501	-6.282353	-6.288087	-6.293566	-6.978752	-6.285329	-6.992580	-6.289636	-6.313849	-6.995232	NaN	-6.989808
5267.272000	-7.001078	-6.991524	-6.989615	-6.985076	-6.286624	-6.281784	-6.287100	-6.292931	-6.977583	-6.285496	-6.992290	-6.288787	-6.313007	-6.993959	NaN	-6.990432
5287.452000	-7.001640	-6.992460	-6.989365	-6.984895	-6.286443	-6.282226	-6.287833	-6.293961	-6.978229	-6.286385	-6.992286	-6.289810	-6.313827	-6.995287	NaN	-6.989608
5307.632000	-7.002079	-6.991343	-6.988715	-6.984855	-6.287462	-6.282324	-6.287644	-6.294008	-6.977743	-6.286000	-6.993418	-6.289850	-6.314716	-6.994851	NaN	-6.990239
5327.812000	-7.001390	-6.992304	-6.989274	-6.984619	-6.286207	-6.282930	-6.287887	-6.293606	-6.979183	-6.286058	-6.993004	-6.289549	-6.313864	-6.994909	NaN	-6.990069
5347.992000	-7.001840	-6.992576	-6.989300	-6.985805	-6.286980	-6.282441	-6.288018	-6.294008	-6.978987	-6.285499	-6.991811	-6.290209	-6.313548	-6.995348	NaN	-6.989927
5368.172000	-7.001071	-6.991840	-6.989053	-6.984361	-6.287448	-6.282147	-6.288994	-6.293965	-6.979310	-6.286417	-6.993585	-6.289095	-6.314386	-6.995566	NaN	-6.990668
5388.352000	-7.000762	-6.991919	-6.988255	-6.985004	-6.285670	-6.281787	-6.287063	-6.294992	-6.979401	-6.286483	-6.993251	-6.290859	-6.313494	-6.995015	NaN	-6.991128
5408.532000	-7.001586	-6.992181	-6.989253	-6.985250	-6.286472	-6.282618	-6.288021	-6.294008	-6.978320	-6.286065	-6.992253	-6.289781	-6.313878	-6.994957	NaN	-6.989978
5428.712000	-7.001909	-6.991676	-6.988973	-6.985308	-6.286189	-6.282695	-6.288188	-6.293979	-6.978233	-6.285811	-6.992170	-6.289527	-6.313838	-6.995345	NaN	-6.989673
5448.892000	-7.001535	-6.992159	-6.989307	-6.985167	-6.286461	-6.282647	-6.288076	-6.294026	-6.978443	-6.286095	-6.992235	-6.289817	-6.313816	-6.994917	NaN	-6.989942
5469.072000	-7.001263	-6.992148	-6.989318	-6.984880	-6.286537	-6.282568	-6.288047	-6.293896	-6.978378	-6.286015	-6.992253	-6.289944	-6.314034	-6.994648	NaN	-6.989909
5489.252000	-7.001702	-6.992257	-6.989401	-6.985025	-6.286367	-6.282811	-6.287880	-6.293765	-6.978342	-6.286352	-6.992504	-6.289625	-6.313998	-6.994830	NaN	-6.990229
5509.432000	-7.001230	-6.992203	-6.988596	-6.985196	-6.287426	-6.282600	-6.288522	-6.294041	-6.979459	-6.286084	-6.991473	-6.289781	-6.314807	-6.994819	NaN	-6.990134
5529.612000	-7.001593	-6.992997	-6.988436	-6.984811	-6.286755	-6.281965	-6.287332	-6.295013	-6.979278	-6.286156	-6.992848	-6.289066	-6.313911	-6.995007	NaN	-6.991139
5549.792000	-7.002965	-6.992689	-6.989790	-6.985653	-6.287103	-6.281762	-6.288758	-6.294741	-6.979118	-6.285191	-6.993360	-6.290024	-6.314785	-6.995290	NaN	-6.990189
5569.972000	-7.000965	-6.991448	-6.988654	-6.984347	-6.287470	-6.283032	-6.287506	-6.293174	-6.979198	-6.285140	-6.991894	-6.288950	-6.313247	-6.994474	NaN	-6.990802
5590.152000	-7.001343	-6.991310	-6.989187	-6.985533	-6.286566	-6.282949	-6.288090	-6.294415	-6.978363	-6.285833	-6.992638	-6.289879	-6.313283	-6.994394	NaN	-6.989731
5610.332000	-7.001463	-6.992765	-6.989666	-6.984158	-6.287677	-6.281864	-6.287535	-6.294709	-6.979412	-6.285372	-6.992090	-6.289019	-6.314702	-6.995802	NaN	-6.990885
5630.512000	-7.002090	-6.992072	-6.988472	-6.985091	-6.287354	-6.282575	-6.287292	-6.293968	-6.979096	-6.286098	-6.992511	-6.289774	-6.314829	-6.994837	NaN	-6.990156
5650.692000	-7.001346	-6.992856	-6.988636	-6.984989	-6.287408	-6.282263	-6.286915	-6.293286	-6.979289	-6.285499	-6.993654	-6.290249	-6.313802	-6.995664	NaN	-6.989064
5670.872000	-7.001858	-6.991437	-6.988850	-6.985744	-6.287470	-6.282709	-6.287100	-6.293391	-6.978149	-6.285235	-6.991626	-6.289092	-6.314883	-6.993970	NaN	-6.990943
5691.052000	-7.001905	-6.991905	-6.989579	-6.984666	-6.286505	-6.282611	-6.288083	-6.293979	-6.978781	-6.286087	-6.992638	-6.289734	-6.313940	-6.994623	NaN	-6.990087
5711.232000	-7.001510	-6.992054	-6.989565	-6.985022	-6.286515	-6.282963	-6.287836	-6.293671	-6.978839	-6.286417	-6.992442	-6.289317	-6.313533	-6.994078	NaN	-6.990058
5731.412000	-7.001020	-6.990914	-6.988389	-6.986121	-6.285982	-6.283235	-6.287843	-6.294814	-6.977623	-6.286882	-6.991811	-6.288754	-6.312750	-6.995639	NaN	-6.990827
5751.592000	-7.000965	-6.991978	-6.990432	-6.985098	-6.285775	-6.282597	-6.288696	-6.293958	-6.977467	-6.286065	-6.992620	-6.289796	-6.313258	-6.994797	NaN	-6.990214
5771.772000	-7.001633	-6.992206	-6.989158	-6.984866	-6.286120	-6.282647	-6.288199	-6.293950	-6.978342	-6.285964	-6.992424	-6.289857	-6.313653	-6.995294	NaN	-6.989967
5791.952000	-7.001125	-6.991880	-6.989695	-6.984372	-6.285891	-6.283562	-6.287263	-6.294291	-6.977775	-6.285126	-6.992163	-6.289146	-6.313631	-6.995639	NaN	-6.990809
5812.132000	-7.001753	-6.992493	-6.989492	-6.985856	-6.286544	-6.283177	-6.288094	-6.295046	-6.978675	-6.286454	-6.992580	-6.289291	-6.313878	-6.993861	NaN	-6.990998
5832.312000	-7.002007	-6.992170	-6.989205	-6.984666	-6.286831	-6.282237	-6.287680	-6.294222	-6.979223	-6.286055	-6.992758	-6.289803	-6.314266	-6.994576	NaN	-6.989971
5852.492000	-7.002413	-6.991756	-6.989641	-6.984492	-6.285296	-6.282658	-6.289026	-6.293874	-6.979651	-6.285333	-6.991321	-6.288812	-6.314085	-6.994554	NaN	-6.990635
5872.672000	-7.000447	-6.992101	-6.990472	-6.985123	-6.286192	-6.282604	-6.286947	-6.294008	-6.979176	-6.286033	-6.992613	-6.289781	-6.313671	-6.994877	NaN	-6.990203
5892.852000	-7.001673	-6.992493	-6.988549	-6.984307	-6.286632	-6.283540	-6.288439	-6.294418	-6.978777	-6.286715	-6.991593	-6.288645	-6.314702	-6.995748	NaN	-6.989165
5913.032000	-7.001640	-6.991089	-6.989550	-6.985649	-6.285946	-6.283529	-6.287789	-6.293780	-6.979064	-6.285097	-6.992155	-6.290184	-6.314045	-6.993984	NaN	-6.991451
5933.212000	-7.002856	-6.991404	-6.990679	-6.985798	-6.286544	-6.282393	-6.289331	-6.293130	-6.979521	-6.287005	-6.993012	-6.290790	-6.313490	-6.993774	NaN	-6.991009
5953.392000	-7.001354	-6.991557	-6.989855	-6.985000	-6.286033	-6.282357	-6.288576	-6.293791	-6.979024	-6.286243	-6.992217	-6.290220	-6.313541	-6.995352	NaN	-6.989561
5973.572000	-7.001165	-6.992830	-6.989652	-6.984056	-6.285699	-6.282818	-6.288566	-6.295140	-6.978585	-6.286918	-6.991361	-6.288878	-6.313925	-6.994456	NaN	-6.990501
5993.752000	-7.001753	-6.991557	-6.989525	-6.985602	-6.286584	-6.282172	-6.288145	-6.294611	-6.978719	-6.286729	-6.992515	-6.289912	-6.313911	-6.994162	NaN	-6.990044
6013.932000	-7.002544	-6.992718	-6.988654	-6.984554	-6.285423	-6.283333	-6.287049	-6.293769	-6.977558	-6.286936	-6.992402	-6.288968	-6.314640	-6.994528	NaN	-6.991263
6034.112000	-7.002758	-6.992649	-6.989009	-6.986375	-6.285844	-6.283003	-6.288395	-6.293163	-6.979506	-6.286650	-6.993454	-6.290402	-6.314916	-6.993658	NaN	-6.990976
6054.292000	-7.002457	-6.990962	-6.988665	-6.986096	-6.287524	-6.281599	-6.288156	-6.295035	-6.977812	-6.286417	-6.992003	-6.289019	-6.313076	-6.995762	NaN	-6.989057
6074.472000	-7.000465	-6.992014	-6.990414	-6.985189	-6.287426	-6.282662	-6.289005	-6.293333	-6.978879	-6.286080	-6.991753	-6.289821	-6.312583	-6.994811	NaN	-6.990105
6094.652000	-7.001579	-6.992101	-6.989909	-6.985120	-6.286486	-6.282611	-6.288301	-6.293990	-6.979644	-6.286134	-6.992268	-6.289817	-6.312938	-6.994851	NaN	-6.990185
6114.832000	-7.002674	-6.992007	-6.989104	-6.985174	-6.286817	-6.282604	-6.287143	-6.293994	-6.978189	-6.286055	-6.993404	-6.289810	-6.314749	-6.994811	NaN	-6.990098
6135.012000	-7.000806	-6.992841	-6.988465	-6.984960	-6.286788	-6.283446	-6.289150	-6.293395	-6.978247	-6.285942	-6.991778	-6.289415	-6.314274	-6.995091	NaN	-6.989492
6155.192000	-7.002381	-6.990987	-6.990675	-6.985740	-6.286381	-6.282720	-6.288003	-6.293355	-6.979786	-6.286316	-6.993418	-6.289959	-6.314691	-6.995686	NaN	-6.991103
6175.372000	-7.001789	-6.991107	-6.989561	-6.983919	-6.287103	-6.282542	-6.288018	-6.295071	-6.978741	-6.287045	-6.991353	-6.289509	-6.312742	-6.995755	NaN	-6.990653
6195.552000	-7.001807	-6.991927	-6.989550	-6.985072	-6.286508	-6.282705	-6.288097	-6.293961	-6.978686	-6.286214	-6.992620	-6.289821	-6.313918	-6.994626	NaN	-6.990087
6215.732000	-7.001412	-6.991150	-6.989891	-6.986186	-6.286991	-6.282067	-6.288965	-6.295057	-6.977703	-6.285020	-6.993284	-6.288994	-6.312906	-6.995189	NaN	-6.990501
6235.912000	-7.001045	-6.992685	-6.990370	-6.984956	-6.285303	-6.282078	-6.287234	-6.294378	-6.978498	-6.284933	-6.992863	-6.288888	-6.312913	-6.993730	NaN	-6.989873
6256.092000	-7.001709	-6.991636	-6.989499	-6.985490	-6.286534	-6.282103	-6.288072	-6.293500	-6.978737	-6.286185	-6.992598	-6.290311	-6.313646	-6.994590	NaN	-6.990058
6276.272000	-7.002689	-6.992623	-6.988255	-6.984111	-6.287611	-6.282216	-6.289110	-6.293569	-6.979651	-6.285372	-6.992246	-6.288772	-6.313639	-6.994757	NaN	-6.990479
6296.452000	-7.000450	-6.991208	-6.988788	-6.984771	-6.287368	-6.282089	-6.288344	-6.294984	-6.979593	-6.286040	-6.991876	-6.289730	-6.313272	-6.994488	NaN	-6.990595
6316.632000	-7.001883	-6.991187	-6.989858	-6.984572	-6.286334	-6.283282	-6.288776	-6.294705	-6.979455	-6.286657	-6.992232	-6.290129	-6.313269	-6.994913	NaN	-6.990345
6336.812000	-7.000708	-6.992932	-6.990610	-6.986197	-6.286163	-6.282107	-6.287611	-6.293384	-6.977939	-6.284908	-6.992083	-6.288990	-6.313098	-6.995094	NaN	-6.989122
6356.992000	-7.002555	-6.992050	-6.990323	-6.985094	-6.285724	-6.282597	-6.288722	-6.293990	-6.979485	-6.286029	-6.991531	-6.289759	-6.313787	-6.994779	NaN	-6.990022
6377.172000	-7.001789	-6.991963	-6.989412	-6.985250	-6.286740	-6.282549	-6.288090	-6.293918	-6.978712	-6.285888	-6.992627	-6.289777	-6.313708	-6.994645	NaN	-6.990047
6397.352000	-7.001778	-6.991009	-6.989463	-6.984144	-6.286530	-6.282992	-6.288068	-6.294462	-6.978752	-6.287045	-6.992507	-6.288823	-6.313904	-6.993752	NaN	-6.989321
6417.532000	-7.000679	-6.992986	-6.990708	-6.984325	-6.287644	-6.283428	-6.287346	-6.292996	-6.977754	-6.285655	-6.991343	-6.290267	-6.313777	-6.995533	NaN	-6.988853
6437.712000	-7.002170	-6.992870	-6.989590	-6.985863	-6.285579	-6.281806	-6.289092	-6.292913	-6.979169	-6.287158	-6.993875	-6.288888	-6.313675	-6.993774	NaN	-6.990406
6457.892000	-7.001691	-6.991030	-6.989514	-6.984216	-6.286526	-6.283536	-6.288032	-6.293841	-6.978708	-6.286475	-6.992431	-6.288852	-6.313925	-6.995708	NaN	-6.991074
6478.072000	-7.001775	-6.991702	-6.989550	-6.985468	-6.286497	-6.282589	-6.288072	-6.293812	-6.978719	-6.286047	-6.992576	-6.289792	-6.313896	-6.994659	NaN	-6.990116
6498.252000	-7.001651	-6.991172	-6.989496	-6.984554	-6.286541	-6.283043	-6.288039	-6.293805	-6.978686	-6.285855	-6.992478	-6.290354	-6.313860	-6.995577	NaN	-6.991060
6518.442000	-7.002032	-6.991901	-6.989481	-6.985493	-6.286737	-6.282793	-6.288058	-6.294382	-6.978527	-6.286410	-6.992631	-6.289701	-6.313885	-6.994768	NaN	-6.989935
6538.622000	-7.001898	-6.991941	-6.989724	-6.985363	-6.286878	-6.282655	-6.288050	-6.293678	-6.978302	-6.286051	-6.992366	-6.290209	-6.313443	-6.994888	NaN	-6.989877
6558.802000	-7.001470	-6.991636	-6.989111	-6.985236	-6.286036	-6.282230	-6.288156	-6.294277	-6.978138	-6.286439	-6.992845	-6.289462	-6.314339	-6.994634	NaN	-6.989477
6578.982000	-7.001829	-6.992747	-6.989100	-6.984978	-6.286374	-6.282226	-6.287891	-6.294415	-6.979024	-6.285841	-6.992108	-6.290235	-6.314125	-6.994463	NaN	-6.990290
6599.162000	-7.001887	-6.991270	-6.990348	-6.985370	-6.285949	-6.282658	-6.287383	-6.295155	-6.977710	-6.286708	-6.992830	-6.288961	-6.315079	-6.995007	NaN	-6.988813
6619.342000	-7.001731	-6.992547	-6.989459	-6.985530	-6.286534	-6.282938	-6.287706	-6.293772	-6.978853	-6.285768	-6.992471	-6.289088	-6.313864	-6.994753	NaN	-6.990138
6639.522000	-7.001198	-6.992950	-6.988422	-6.984031	-6.286421	-6.281697	-6.289193	-6.292956	-6.977975	-6.285209	-6.993494	-6.290783	-6.312938	-6.995250	NaN	-6.990479
6659.702000	-7.000809	-6.992079	-6.989380	-6.986488	-6.286983	-6.282669	-6.288054	-6.294063	-6.978650	-6.285924	-6.992787	-6.289919	-6.314822	-6.996325	NaN	-6.990486
6679.882000	-7.001426	-6.992065	-6.989670	-6.985011	-6.286936	-6.282578	-6.288634	-6.293968	-6.978204	-6.286033	-6.992841	-6.289839	-6.313991	-6.994833	NaN	-6.989935
6700.062000	-7.001524	-6.992159	-6.989757	-6.985167	-6.286428	-6.282629	-6.287735	-6.293863	-6.979140	-6.286124	-6.992413	-6.289846	-6.313860	-6.994848	NaN	-6.989782
6720.242000	-7.001894	-6.991484	-6.989343	-6.984702	-6.286893	-6.281392	-6.288888	-6.293537	-6.979786	-6.285899	-6.993465	-6.289171	-6.313127	-6.994808	NaN	-6.990196
6740.422000	-7.002152	-6.991818	-6.989612	-6.985326	-6.286218	-6.282749	-6.287778	-6.293947	-6.979169	-6.285989	-6.992798	-6.289770	-6.313813	-6.994409	NaN	-6.990051
6760.602000	-7.001746	-6.992732	-6.989557	-6.985918	-6.286584	-6.282840	-6.287999	-6.294854	-6.978744	-6.285684	-6.992573	-6.290173	-6.313940	-6.993828	NaN	-6.990171
6780.782000	-7.000867	-6.992134	-6.990399	-6.985149	-6.285684	-6.282647	-6.289037	-6.293950	-6.979318	-6.286022	-6.992007	-6.289843	-6.312779	-6.994797	NaN	-6.991462
6800.962000	-7.002341	-6.991219	-6.989448	-6.984271	-6.286515	-6.281904	-6.288101	-6.294026	-6.977768	-6.285253	-6.991695	-6.288947	-6.314615	-6.995864	NaN	-6.990004
6821.142000	-7.000762	-6.992021	-6.990548	-6.985152	-6.285844	-6.282622	-6.288700	-6.293972	-6.978044	-6.286098	-6.992435	-6.289810	-6.312859	-6.994837	NaN	-6.990185
6841.322000	-7.001764	-6.991854	-6.989829	-6.985301	-6.286512	-6.282691	-6.287811	-6.294128	-6.978817	-6.286403	-6.992925	-6.289585	-6.313885	-6.995094	NaN	-6.990160
6861.502000	-7.001989	-6.992877	-6.990258	-6.986186	-6.286428	-6.281475	-6.288907	-6.294603	-6.979328	-6.285086	-6.992210	-6.290645	-6.313526	-6.995058	NaN	-6.990504
6881.683000	-7.001466	-6.992007	-6.989115	-6.985105	-6.286316	-6.282589	-6.287267	-6.293961	-6.978519	-6.286087	-6.991339	-6.289774	-6.314840	-6.994775	NaN	-6.990134
6901.862000	-7.002058	-6.991876	-6.989532	-6.984949	-6.286537	-6.282557	-6.288112	-6.293918	-6.978759	-6.286087	-6.992594	-6.289429	-6.313860	-6.994699	NaN	-6.990196
6922.042000	-7.001626	-6.991157	-6.988737	-6.986197	-6.285630	-6.283627	-6.287252	-6.294168	-6.978588	-6.285238	-6.991655	-6.288823	-6.313548	-6.995214	NaN	-6.989151
6942.222000	-7.001582	-6.991909	-6.989057	-6.985152	-6.286991	-6.282586	-6.288540	-6.293809	-6.978679	-6.286069	-6.992845	-6.289549	-6.314092	-6.994913	NaN	-6.989996
6962.402000	-7.001891	-6.992134	-6.989692	-6.985265	-6.285826	-6.282586	-6.288794	-6.293137	-6.979114	-6.285293	-6.991611	-6.290278	-6.313871	-6.993893	NaN	-6.990033
6982.584000	-7.001760	-6.991934	-6.989521	-6.984935	-6.286537	-6.282539	-6.288094	-6.293918	-6.978802	-6.286091	-6.992511	-6.289774	-6.313875	-6.994699	NaN	-6.990152
7002.762000	-7.000675	-6.991894	-6.990446	-6.985018	-6.285409	-6.283061	-6.287662	-6.294556	-6.979234	-6.285880	-6.991234	-6.290964	-6.313958	-6.994772	NaN	-6.989213
7022.942000	-7.001404	-6.992061	-6.989358	-6.985156	-6.286515	-6.282597	-6.288199	-6.293987	-6.979035	-6.286069	-6.992391	-6.289854	-6.313573	-6.994942	NaN	-6.989989
7043.122000	-7.000621	-6.991114	-6.990762	-6.984318	-6.285706	-6.283547	-6.288003	-6.294934	-6.978490	-6.284959	-6.992391	-6.290220	-6.313370	-6.995885	NaN	-6.989800
7063.302000	-7.001775	-6.991727	-6.989550	-6.984042	-6.286581	-6.283526	-6.288497	-6.294019	-6.978701	-6.285169	-6.992395	-6.290808	-6.313856	-6.995686	NaN	-6.990911
7083.482000	-7.000679	-6.992536	-6.990813	-6.984078	-6.285710	-6.282121	-6.287052	-6.294796	-6.979764	-6.285079	-6.991205	-6.290010	-6.314089	-6.995022	NaN	-6.989532
7103.662000	-7.001854	-6.991339	-6.988904	-6.984590	-6.286759	-6.282480	-6.287702	-6.294266	-6.979042	-6.285394	-6.993121	-6.289335	-6.313472	-6.994518	NaN	-6.989216
7123.842000	-7.001981	-6.993084	-6.989543	-6.985065	-6.285547	-6.283467	-6.288638	-6.295035	-6.978218	-6.287042	-6.993146	-6.288805	-6.314796	-6.995116	NaN	-6.990838
7144.022000	-7.001746	-6.991774	-6.990022	-6.986136	-6.286686	-6.282372	-6.287052	-6.293094	-6.978367	-6.285144	-6.992366	-6.289643	-6.314197	-6.994623	NaN	-6.989670
7164.202000	-7.000664	-6.992115	-6.989158	-6.986056	-6.287205	-6.283522	-6.287905	-6.294386	-6.977852	-6.285953	-6.993139	-6.290656	-6.313552	-6.995069	NaN	-6.989053
7184.382000	-7.000915	-6.992072	-6.990156	-6.985156	-6.287216	-6.282611	-6.287136	-6.293979	-6.979499	-6.286058	-6.992330	-6.289868	-6.313312	-6.994793	NaN	-6.989960
7204.562000	-7.002624	-6.992130	-6.988403	-6.985018	-6.285797	-6.282589	-6.289026	-6.293979	-6.979383	-6.286065	-6.993124	-6.289785	-6.313475	-6.994888	NaN	-6.990156
7224.742000	-7.001905	-6.992057	-6.989670	-6.985098	-6.286679	-6.282600	-6.287992	-6.293918	-6.978686	-6.286062	-6.992228	-6.289828	-6.313769	-6.994572	NaN	-6.989702
7244.922000	-7.001571	-6.992152	-6.989565	-6.985181	-6.286497	-6.282589	-6.288010	-6.294005	-6.978730	-6.286036	-6.992322	-6.289836	-6.313864	-6.994931	NaN	-6.989891
7265.102000	-7.001909	-6.992046	-6.990312	-6.985083	-6.287354	-6.282564	-6.288007	-6.293965	-6.977902	-6.286102	-6.991789	-6.289832	-6.313475	-6.994804	NaN	-6.989565
7285.282000	-7.002021	-6.991872	-6.989521	-6.984906	-6.286559	-6.282568	-6.288108	-6.293997	-6.978860	-6.286007	-6.992525	-6.289748	-6.313943	-6.994804	NaN	-6.990134
7305.462000	-7.000515	-6.992271	-6.988893	-6.985809	-6.285401	-6.283079	-6.287256	-6.294019	-6.979466	-6.287158	-6.991382	-6.290539	-6.314880	-6.994358	NaN	-6.990631
7325.642000	-7.000936	-6.991248	-6.988741	-6.985011	-6.286759	-6.282564	-6.289063	-6.293943	-6.979481	-6.286040	-6.993433	-6.289523	-6.314666	-6.994528	NaN	-6.990102
7345.822000	-7.001764	-6.991836	-6.989452	-6.984452	-6.286483	-6.282528	-6.288108	-6.293961	-6.978828	-6.286668	-6.992464	-6.289132	-6.313907	-6.995457	NaN	-6.990163
7366.002000	-7.001691	-6.991255	-6.989528	-6.984358	-6.286544	-6.281570	-6.288105	-6.293801	-6.978777	-6.285978	-6.992427	-6.288965	-6.313925	-6.995519	NaN	-6.989278
7386.182000	-7.001749	-6.992540	-6.989528	-6.985776	-6.286530	-6.283489	-6.288065	-6.293816	-6.978752	-6.286392	-6.992427	-6.288892	-6.313871	-6.994430	NaN	-6.991034
7406.362000	-7.001775	-6.991941	-6.989539	-6.985051	-6.286468	-6.282854	-6.288326	-6.293845	-6.978839	-6.285764	-6.992362	-6.289814	-6.313871	-6.994822	NaN	-6.990366
7426.552000	-7.000621	-6.992141	-6.990512	-6.984151	-6.287397	-6.282397	-6.288065	-6.294836	-6.978236	-6.287002	-6.992199	-6.290979	-6.314549	-6.993886	NaN	-6.989187
7446.732000	-7.000534	-6.992888	-6.990305	-6.986168	-6.285902	-6.282491	-6.287644	-6.295104	-6.979800	-6.286356	-6.993494	-6.290663	-6.313109	-6.993817	NaN	-6.988817
7466.912000	-7.001140	-6.991927	-6.988893	-6.984666	-6.286733	-6.282466	-6.287644	-6.293939	-6.978668	-6.286069	-6.992025	-6.289810	-6.314248	-6.994971	NaN	-6.989949
7487.092000	-7.001677	-6.991658	-6.989438	-6.985845	-6.286483	-6.283094	-6.288061	-6.294810	-6.978683	-6.286065	-6.992380	-6.289211	-6.313867	-6.995813	NaN	-6.990210
7507.272000	-7.000973	-6.990958	-6.988788	-6.986288	-6.286632	-6.283272	-6.288939	-6.294832	-6.979459	-6.286947	-6.991208	-6.288870	-6.313156	-6.993792	NaN	-6.990218
7527.452000	-7.002293	-6.991012	-6.990443	-6.985221	-6.286167	-6.283166	-6.286737	-6.294625	-6.979336	-6.285242	-6.992417	-6.290365	-6.314263	-6.995276	NaN	-6.989300
7547.632000	-7.002137	-6.990911	-6.988164	-6.984115	-6.285492	-6.282397	-6.288137	-6.293435	-6.978860	-6.286944	-6.993338	-6.289999	-6.314764	-6.994405	NaN	-6.991324
7567.812000	-7.001883	-6.991705	-6.989514	-6.985091	-6.286359	-6.282666	-6.287985	-6.293950	-6.978918	-6.285978	-6.992504	-6.289933	-6.313936	-6.994594	NaN	-6.990047
7587.992000	-7.002047	-6.991241	-6.988276	-6.985101	-6.287419	-6.283573	-6.288856	-6.292858	-6.979699	-6.286929	-6.991201	-6.290137	-6.314216	-6.995940	NaN	-6.988875
7608.172000	-7.001662	-6.991397	-6.989365	-6.984427	-6.286490	-6.282256	-6.288101	-6.294734	-6.978773	-6.286105	-6.992315	-6.289048	-6.313893	-6.995178	NaN	-6.989289
7628.352000	-7.001590	-6.992899	-6.989452	-6.985951	-6.286512	-6.281650	-6.288061	-6.293127	-6.978810	-6.284981	-6.992449	-6.289092	-6.313900	-6.994184	NaN	-6.990268
7648.532000	-7.002635	-6.992689	-6.989100	-6.983958	-6.287165	-6.281726	-6.288805	-6.293769	-6.978374	-6.286305	-6.993472	-6.290246	-6.313087	-6.994695	NaN	-6.990740
7668.712000	-7.001724	-6.992707	-6.989394	-6.985874	-6.286512	-6.281820	-6.288054	-6.294266	-6.978795	-6.287023	-6.992395	-6.288957	-6.313885	-6.995417	NaN	-6.989877
7688.892000	-7.001640	-6.992979	-6.989448	-6.986266	-6.286526	-6.282818	-6.288148	-6.293863	-6.978719	-6.285285	-6.992300	-6.288834	-6.313856	-6.995704	NaN	-6.989325
7709.072000	-7.001666	-6.991157	-6.989430	-6.985765	-6.286537	-6.282956	-6.288068	-6.292913	-6.978679	-6.286904	-6.992406	-6.289037	-6.313896	-6.994833	NaN	-6.989485
7729.252000	-7.001219	-6.992867	-6.989985	-6.985664	-6.286740	-6.282557	-6.287129	-6.293330	-6.979724	-6.285039	-6.991724	-6.290852	-6.314390	-6.995091	NaN	-6.990737
7749.432000	-7.002780	-6.992493	-6.990229	-6.986103	-6.286113	-6.283195	-6.288976	-6.294788	-6.979118	-6.286196	-6.991724	-6.290870	-6.314865	-6.995969	NaN	-6.989710
7769.612000	-7.000951	-6.991872	-6.990483	-6.985849	-6.287491	-6.282480	-6.287452	-6.293493	-6.979818	-6.285180	-6.991618	-6.290329	-6.314197	-6.996078	NaN	-6.990820
7789.792000	-7.001568	-6.992235	-6.989024	-6.984771	-6.286468	-6.282299	-6.288010	-6.293656	-6.978661	-6.286403	-6.992068	-6.289560	-6.313962	-6.994931	NaN	-6.990094
7809.972000	-7.000755	-6.991970	-6.990508	-6.985058	-6.287506	-6.282640	-6.287103	-6.293987	-6.978966	-6.286040	-6.992126	-6.289785	-6.313171	-6.994819	NaN	-6.990112
7830.152000	-7.001760	-6.991985	-6.989510	-6.984924	-6.286519	-6.282564	-6.288065	-6.293863	-6.978715	-6.285960	-6.992536	-6.289723	-6.313864	-6.994801	NaN	-6.990098
7850.332000	-7.001963	-6.991912	-6.989510	-6.984920	-6.286544	-6.282658	-6.288145	-6.293950	-6.978708	-6.286102	-6.992475	-6.289774	-6.313907	-6.994768	NaN	-6.990116
7870.512000	-7.002388	-6.990929	-6.990403	-6.986081	-6.285405	-6.283594	-6.286929	-6.293206	-6.979648	-6.287067	-6.991346	-6.290790	-6.314669	-6.995642	NaN	-6.991118
7890.692000	-7.001531	-6.992097	-6.989321	-6.985087	-6.286319	-6.282597	-6.288058	-6.293994	-6.978781	-6.286065	-6.992489	-6.289839	-6.313889	-6.995000	NaN	-6.990000
7910.872000	-7.001633	-6.993113	-6.989445	-6.986056	-6.286534	-6.282528	-6.288097	-6.293079	-6.978773	-6.285456	-6.992344	-6.289476	-6.313867	-6.993868	NaN	-6.990991
7931.052000	-7.001807	-6.991981	-6.989017	-6.984982	-6.286686	-6.282546	-6.288700	-6.293976	-6.979619	-6.286055	-6.991869	-6.289748	-6.313446	-6.994797	NaN	-6.990755
7951.232000	-7.002515	-6.992827	-6.990189	-6.985214	-6.287227	-6.281838	-6.287902	-6.294571	-6.977932	-6.285993	-6.992554	-6.289070	-6.313396	-6.995334	NaN	-6.990225
7971.412000	-7.002562	-6.990882	-6.989648	-6.985871	-6.287713	-6.282118	-6.287107	-6.292981	-6.978077	-6.285082	-6.993418	-6.289582	-6.313290	-6.995120	NaN	-6.989089
7991.592000	-7.001187	-6.992043	-6.990214	-6.984906	-6.286356	-6.282542	-6.288181	-6.293939	-6.979553	-6.286004	-6.991720	-6.289781	-6.314430	-6.994804	NaN	-6.990123
8011.772000	-7.001401	-6.991357	-6.989086	-6.985181	-6.286719	-6.281544	-6.288264	-6.294930	-6.978251	-6.286973	-6.992961	-6.288751	-6.313936	-6.995878	NaN	-6.988995
8031.952000	-7.001619	-6.992663	-6.989347	-6.984670	-6.286222	-6.283108	-6.288061	-6.293446	-6.978766	-6.286624	-6.992366	-6.289255	-6.313878	-6.994590	NaN	-6.989971
8052.132000	-7.002791	-6.991488	-6.988465	-6.984684	-6.285739	-6.281523	-6.287415	-6.295137	-6.977917	-6.285445	-6.992297	-6.289727	-6.314002	-6.995483	NaN	-6.990718
8072.312000	-7.003026	-6.991226	-6.989583	-6.984332	-6.287060	-6.283584	-6.288932	-6.293047	-6.978868	-6.285884	-6.991288	-6.290532	-6.313875	-6.994449	NaN	-6.989296
8092.492000	-7.001658	-6.991861	-6.989405	-6.984833	-6.286534	-6.282404	-6.288003	-6.293181	-6.978773	-6.286076	-6.992344	-6.290162	-6.313889	-6.994949	NaN	-6.989902
8112.672000	-7.000740	-6.992754	-6.990486	-6.986194	-6.285206	-6.281530	-6.289171	-6.293453	-6.979535	-6.285554	-6.993404	-6.288732	-6.315039	-6.995958	NaN	-6.990903
8132.852000	-7.000606	-6.992623	-6.990475	-6.985388	-6.286671	-6.283638	-6.288972	-6.294393	-6.979982	-6.287176	-6.993077	-6.290695	-6.313377	-6.995512	NaN	-6.989227
8153.042000	-7.000759	-6.993033	-6.989851	-6.985871	-6.285964	-6.283522	-6.288816	-6.294571	-6.979191	-6.285053	-6.993433	-6.289186	-6.313533	-6.994039	NaN	-6.990334
8173.222000	-7.002660	-6.991364	-6.990464	-6.986288	-6.285550	-6.281555	-6.287154	-6.292971	-6.977957	-6.286559	-6.992101	-6.290536	-6.314974	-6.993824	NaN	-6.991030
8193.402000	-7.001724	-6.991067	-6.989474	-6.984020	-6.286508	-6.282488	-6.288087	-6.293159	-6.978846	-6.286954	-6.992438	-6.290688	-6.313907	-6.995363	NaN	-6.991089
8213.582000	-7.000588	-6.991332	-6.990435	-6.985998	-6.287237	-6.283478	-6.287201	-6.294952	-6.979771	-6.285253	-6.993026	-6.290652	-6.313254	-6.994811	NaN	-6.991067
8233.762000	-7.001662	-6.991509	-6.989354	-6.985152	-6.286479	-6.283275	-6.288087	-6.293714	-6.978810	-6.285427	-6.992384	-6.289393	-6.313925	-6.995762	NaN	-6.989993
8253.942000	-7.000570	-6.990791	-6.989126	-6.985294	-6.285416	-6.283653	-6.288689	-6.293330	-6.978146	-6.287107	-6.992761	-6.289418	-6.313247	-6.993690	NaN	-6.990105
8274.122000	-7.001488	-6.992808	-6.989173	-6.985490	-6.285957	-6.282495	-6.288410	-6.294135	-6.978693	-6.286207	-6.992867	-6.290318	-6.313697	-6.994579	NaN	-6.990827
8294.302000	-7.000650	-6.991970	-6.989539	-6.985537	-6.287608	-6.281904	-6.289175	-6.293167	-6.979067	-6.285314	-6.993309	-6.289044	-6.314441	-6.995777	NaN	-6.991281
8314.482000	-7.001274	-6.991165	-6.988117	-6.986292	-6.287154	-6.282419	-6.288348	-6.294469	-6.978860	-6.285213	-6.991397	-6.289081	-6.313113	-6.994946	NaN	-6.989673
8334.662000	-7.000613	-6.991081	-6.990428	-6.983846	-6.285612	-6.281718	-6.288976	-6.292992	-6.979858	-6.286606	-6.993189	-6.289117	-6.314916	-6.993879	NaN	-6.989416
8354.842000	-7.001586	-6.992845	-6.989376	-6.986034	-6.286541	-6.281907	-6.288076	-6.293087	-6.978726	-6.285274	-6.992373	-6.290166	-6.313864	-6.995414	NaN	-6.990323
8375.022000	-7.002141	-6.993001	-6.988483	-6.986201	-6.287198	-6.281983	-6.286929	-6.294984	-6.979818	-6.286428	-6.993480	-6.289629	-6.312964	-6.995682	NaN	-6.990504
8395.202000	-7.002377	-6.991796	-6.988530	-6.984956	-6.285554	-6.282869	-6.289008	-6.292706	-6.978418	-6.287132	-6.991949	-6.289005	-6.313062	-6.994089	NaN	-6.990544
8415.382000	-7.001575	-6.992130	-6.989296	-6.985083	-6.286512	-6.282589	-6.288010	-6.293954	-6.978802	-6.286004	-6.992322	-6.289810	-6.313885	-6.994993	NaN	-6.989898
8435.562000	-7.002547	-6.991996	-6.989866	-6.986059	-6.287535	-6.283384	-6.287216	-6.292960	-6.977514	-6.286479	-6.992380	-6.290184	-6.314593	-6.994949	NaN	-6.989256
8455.742000	-7.002185	-6.991234	-6.989575	-6.984245	-6.286378	-6.283112	-6.287865	-6.293279	-6.979013	-6.286367	-6.992870	-6.289121	-6.313552	-6.994202	NaN	-6.989673
8475.922000	-7.002700	-6.993237	-6.989771	-6.984866	-6.286523	-6.283874	-6.288090	-6.293210	-6.977761	-6.286940	-6.992707	-6.290721	-6.314894	-6.994303	NaN	-6.989967
8496.102000	-7.001640	-6.991161	-6.989550	-6.985628	-6.286526	-6.281682	-6.288058	-6.294371	-6.978701	-6.286015	-6.992355	-6.290728	-6.313878	-6.995439	NaN	-6.990791
8516.282000	-7.002391	-6.992453	-6.989877	-6.984376	-6.285761	-6.281722	-6.288076	-6.294752	-6.978040	-6.285423	-6.993443	-6.289806	-6.312717	-6.995664	NaN	-6.990098
8536.462000	-7.002413	-6.993160	-6.989717	-6.983770	-6.286682	-6.283707	-6.286918	-6.293758	-6.978178	-6.286980	-6.992344	-6.288983	-6.313308	-6.995918	NaN	-6.989111
8556.642000	-7.001593	-6.992148	-6.989445	-6.985083	-6.286526	-6.282600	-6.288108	-6.294005	-6.978719	-6.286044	-6.992398	-6.289861	-6.313893	-6.994917	NaN	-6.989982
8576.822000	-7.002014	-6.992119	-6.989441	-6.985116	-6.286515	-6.282553	-6.288072	-6.293987	-6.978911	-6.286004	-6.992017	-6.289810	-6.313577	-6.994953	NaN	-6.989891
8597.002000	-7.000733	-6.992046	-6.989895	-6.985123	-6.286174	-6.282615	-6.288370	-6.294001	-6.979379	-6.286022	-6.993146	-6.289832	-6.312989	-6.994913	NaN	-6.989946
8617.182000	-7.002823	-6.993012	-6.990740	-6.985562	-6.287281	-6.282285	-6.286907	-6.294629	-6.979234	-6.287081	-6.992805	-6.290619	-6.312761	-6.994274	NaN	-6.990544
8637.362000	-7.001742	-6.991571	-6.989459	-6.985849	-6.286563	-6.282800	-6.288076	-6.294738	-6.978835	-6.286316	-6.992558	-6.288972	-6.313943	-6.995084	NaN	-6.989815
8657.542000	-7.001517	-6.992148	-6.989412	-6.985120	-6.286541	-6.282571	-6.288065	-6.293972	-6.978715	-6.285997	-6.992380	-6.289817	-6.313893	-6.994924	NaN	-6.989935
8677.722000	-7.001539	-6.992017	-6.988512	-6.985366	-6.285942	-6.282324	-6.288188	-6.292938	-6.978469	-6.286773	-6.992054	-6.288794	-6.313704	-6.994224	NaN	-6.989307
8697.902000	-7.001749	-6.992119	-6.989623	-6.985080	-6.286555	-6.282248	-6.288058	-6.293947	-6.978737	-6.285989	-6.992420	-6.289759	-6.313914	-6.994790	NaN	-6.990123
8718.082000	-7.001339	-6.992304	-6.989372	-6.984760	-6.286508	-6.282597	-6.288039	-6.293754	-6.978719	-6.286388	-6.992264	-6.290075	-6.313933	-6.994873	NaN	-6.989917
8738.262000	-7.002776	-6.991734	-6.990649	-6.985704	-6.287205	-6.281664	-6.288616	-6.293464	-6.979463	-6.285372	-6.992700	-6.289066	-6.314676	-6.994049	NaN	-6.990722
8758.442000	-7.002203	-6.991016	-6.988411	-6.984996	-6.286777	-6.283417	-6.288685	-6.292840	-6.979931	-6.286200	-6.993375	-6.290456	-6.313134	-6.993734	NaN	-6.989336
8778.622000	-7.002696	-6.991110	-6.990486	-6.984256	-6.286563	-6.282734	-6.289048	-6.294640	-6.977859	-6.284879	-6.991876	-6.289280	-6.312565	-6.995737	NaN	-6.989499
8798.802000	-7.000403	-6.992457	-6.990620	-6.985758	-6.286962	-6.282666	-6.287267	-6.293257	-6.979677	-6.284770	-6.993422	-6.291076	-6.313116	-6.995613	NaN	-6.990374
8818.982000	-7.001800	-6.992184	-6.989514	-6.984826	-6.286519	-6.282480	-6.288087	-6.294135	-6.978955	-6.286004	-6.992554	-6.289763	-6.314223	-6.994659	NaN	-6.990250
8839.162000	-7.000668	-6.992141	-6.988545	-6.986019	-6.287299	-6.283181	-6.289113	-6.294883	-6.978621	-6.285231	-6.993150	-6.289603	-6.314662	-6.994369	NaN	-6.989742
8859.342000	-7.001608	-6.992115	-6.989343	-6.985051	-6.286483	-6.282629	-6.288061	-6.294005	-6.978737	-6.286062	-6.992268	-6.289857	-6.313893	-6.995076	NaN	-6.989967
8879.522000	-7.000733	-6.991956	-6.988861	-6.984877	-6.287314	-6.282560	-6.287666	-6.291886	-6.979833	-6.286011	-6.993375	-6.289803	-6.314259	-6.994920	NaN	-6.990109
8899.702000	-7.002359	-6.991473	-6.988523	-6.985334	-6.285688	-6.283663	-6.289139	-6.294233	-6.978044	-6.285151	-6.991528	-6.288885	-6.314952	-6.994115	NaN	-6.990864
8919.882000	-7.000730	-6.993142	-6.988295	-6.985947	-6.287161	-6.282506	-6.287981	-6.294817	-6.978527	-6.286893	-6.993262	-6.290699	-6.314462	-6.995613	NaN	-6.990356
8940.072000	-7.001604	-6.991303	-6.989427	-6.985983	-6.286519	-6.283065	-6.288043	-6.294182	-6.979684	-6.286073	-6.993433	-6.289770	-6.313065	-6.994804	NaN	-6.990141
8960.252000	-7.000566	-6.992939	-6.989840	-6.984318	-6.285539	-6.281432	-6.288983	-6.294977	-6.978574	-6.286820	-6.993378	-6.288526	-6.314375	-6.995911	NaN	-6.989307
8980.432000	-7.000447	-6.992935	-6.990083	-6.984122	-6.285724	-6.283119	-6.287978	-6.293714	-6.979452	-6.285938	-6.993164	-6.290793	-6.312888	-6.994703	NaN	-6.989953
9000.612000	-7.001433	-6.992192	-6.989430	-6.984935	-6.286809	-6.282568	-6.288025	-6.294317	-6.978929	-6.286174	-6.992398	-6.289886	-6.313856	-6.995033	NaN	-6.989971
9020.792000	-7.002598	-6.992065	-6.989858	-6.984118	-6.286381	-6.282883	-6.288058	-6.295289	-6.979064	-6.285216	-6.992366	-6.289832	-6.313885	-6.995472	NaN	-6.989895
9040.972000	-7.001310	-6.991255	-6.988810	-6.984837	-6.287107	-6.282742	-6.287724	-6.294854	-6.979292	-6.286820	-6.992925	-6.289854	-6.314005	-6.994347	NaN	-6.990751
9061.152000	-7.002537	-6.993197	-6.990247	-6.985530	-6.285554	-6.283584	-6.288613	-6.292771	-6.977997	-6.285267	-6.992681	-6.289226	-6.313722	-6.993625	NaN	-6.990896
9081.332000	-7.001590	-6.992170	-6.989223	-6.984666	-6.286501	-6.282952	-6.288094	-6.293950	-6.978784	-6.286055	-6.992337	-6.289335	-6.313893	-6.994322	NaN	-6.989935
9101.512000	-7.001633	-6.992250	-6.989350	-6.984945	-6.286744	-6.282651	-6.287883	-6.294164	-6.978654	-6.286265	-6.992486	-6.290006	-6.313929	-6.994608	NaN	-6.990083
9121.692000	-7.001840	-6.992079	-6.989488	-6.985900	-6.286875	-6.282582	-6.288584	-6.293127	-6.979158	-6.286737	-6.992057	-6.289367	-6.313755	-6.994536	NaN	-6.990145
9141.872000	-7.001934	-6.991114	-6.988411	-6.984104	-6.287611	-6.283721	-6.289182	-6.294963	-6.980014	-6.286566	-6.991350	-6.289607	-6.312960	-6.995109	NaN	-6.989514
9162.052000	-7.002573	-6.992112	-6.989456	-6.983948	-6.285507	-6.281722	-6.286994	-6.294974	-6.978726	-6.286642	-6.992609	-6.289701	-6.314535	-6.994122	NaN	-6.990073
9182.232000	-7.002449	-6.992050	-6.989002	-6.984499	-6.287328	-6.283449	-6.287187	-6.292927	-6.979260	-6.287114	-6.993353	-6.288703	-6.313936	-6.994318	NaN	-6.990729
9202.412000	-7.001687	-6.991999	-6.989405	-6.985000	-6.286523	-6.282607	-6.287658	-6.293987	-6.978723	-6.285801	-6.992710	-6.290166	-6.313537	-6.995211	NaN	-6.989931
9222.592000	-7.002497	-6.992032	-6.989481	-6.985011	-6.286806	-6.282637	-6.287223	-6.293918	-6.978334	-6.286058	-6.991549	-6.289832	-6.313929	-6.994906	NaN	-6.989909
9242.772000	-7.002486	-6.991266	-6.988570	-6.984093	-6.285391	-6.282343	-6.289081	-6.293359	-6.979448	-6.286886	-6.992703	-6.289857	-6.314941	-6.994075	NaN	-6.990940
9262.952000	-7.002312	-6.992837	-6.990483	-6.985965	-6.285674	-6.283431	-6.287107	-6.293323	-6.978672	-6.285532	-6.993407	-6.290783	-6.313250	-6.995221	NaN	-6.989147
9283.132000	-7.002580	-6.992885	-6.988886	-6.985584	-6.285489	-6.281900	-6.288674	-6.292996	-6.979916	-6.285155	-6.992783	-6.288961	-6.314698	-6.995563	NaN	-6.991009
9303.312000	-7.002486	-6.991546	-6.990443	-6.985257	-6.287397	-6.283257	-6.288442	-6.293954	-6.979601	-6.285024	-6.992692	-6.291174	-6.314081	-6.993937	NaN	-6.989162
9323.492000	-7.002569	-6.992250	-6.989797	-6.985134	-6.287568	-6.283776	-6.288261	-6.293083	-6.978632	-6.286740	-6.991967	-6.289164	-6.314847	-6.994822	NaN	-6.990806
9343.672000	-7.000679	-6.992090	-6.990265	-6.985069	-6.286624	-6.282586	-6.287067	-6.293958	-6.977830	-6.286069	-6.991419	-6.289792	-6.312927	-6.994920	NaN	-6.990236
9363.852000	-7.002007	-6.992010	-6.988784	-6.985058	-6.285870	-6.282564	-6.287444	-6.293997	-6.978182	-6.286047	-6.991829	-6.289752	-6.312964	-6.994946	NaN	-6.990261
9384.034000	-7.000798	-6.992028	-6.990294	-6.984982	-6.287103	-6.282604	-6.287245	-6.293987	-6.978508	-6.286036	-6.992540	-6.289781	-6.313073	-6.994986	NaN	-6.989978
9404.212000	-7.000650	-6.992061	-6.988530	-6.985058	-6.287517	-6.282578	-6.287978	-6.293990	-6.978962	-6.286029	-6.991597	-6.289836	-6.312898	-6.994877	NaN	-6.989877
9424.392000	-7.002065	-6.992968	-6.988973	-6.985936	-6.285260	-6.283678	-6.289132	-6.294484	-6.978073	-6.285655	-6.992769	-6.288867	-6.314970	-6.995483	NaN	-6.990980
9444.572000	-7.001492	-6.993070	-6.989347	-6.984369	-6.285409	-6.281845	-6.286907	-6.293116	-6.978911	-6.287034	-6.992754	-6.290703	-6.315163	-6.995820	NaN	-6.989623
9464.752000	-7.001020	-6.991749	-6.989481	-6.986078	-6.286534	-6.283496	-6.288068	-6.294502	-6.978860	-6.286962	-6.992369	-6.290815	-6.313875	-6.995791	NaN	-6.989162
9484.932000	-7.001466	-6.992123	-6.988745	-6.985054	-6.285855	-6.282560	-6.289099	-6.293932	-6.979691	-6.286033	-6.993472	-6.289745	-6.312957	-6.994917	NaN	-6.990268
9505.112000	-7.001644	-6.991451	-6.989619	-6.985998	-6.286526	-6.282970	-6.288061	-6.294926	-6.979085	-6.285804	-6.992449	-6.288994	-6.313936	-6.994576	NaN	-6.989924
9525.292000	-7.002566	-6.993059	-6.988578	-6.985987	-6.286668	-6.283623	-6.288123	-6.294908	-6.978977	-6.286791	-6.993458	-6.289759	-6.315061	-6.994670	NaN	-6.990715
9545.472000	-7.001230	-6.991009	-6.990552	-6.986324	-6.287564	-6.283805	-6.289251	-6.293410	-6.978657	-6.285804	-6.991647	-6.290703	-6.313087	-6.994822	NaN	-6.989369
9565.652000	-7.001506	-6.993070	-6.990116	-6.984365	-6.285909	-6.283406	-6.288551	-6.293457	-6.978516	-6.286813	-6.993189	-6.290572	-6.314470	-6.995704	NaN	-6.990450
9585.832000	-7.001829	-6.991647	-6.989561	-6.985141	-6.286541	-6.281972	-6.288083	-6.293526	-6.979002	-6.286443	-6.992576	-6.289534	-6.313987	-6.995686	NaN	-6.990120
9606.012000	-7.001673	-6.991270	-6.989405	-6.984060	-6.286490	-6.281689	-6.288101	-6.294339	-6.978889	-6.285499	-6.992362	-6.289683	-6.313943	-6.996009	NaN	-6.989267
9626.192000	-7.001825	-6.992888	-6.989546	-6.985882	-6.286962	-6.283504	-6.288910	-6.293116	-6.979706	-6.285383	-6.991611	-6.289582	-6.314350	-6.995425	NaN	-6.988962
9646.372000	-7.002181	-6.991473	-6.989811	-6.984971	-6.287575	-6.282096	-6.288576	-6.292840	-6.978632	-6.284893	-6.991843	-6.289429	-6.313737	-6.995142	NaN	-6.991049
9666.552000	-7.002351	-6.992482	-6.988959	-6.984829	-6.287836	-6.283486	-6.287629	-6.294825	-6.978585	-6.287049	-6.993857	-6.288932	-6.312942	-6.996089	NaN	-6.991103
9686.732000	-7.001702	-6.991520	-6.989445	-6.984590	-6.286468	-6.283036	-6.288039	-6.293515	-6.978817	-6.286403	-6.992315	-6.290351	-6.313911	-6.994753	NaN	-6.990015
9706.912000	-7.002032	-6.991988	-6.989046	-6.984978	-6.287394	-6.282611	-6.288751	-6.293925	-6.979006	-6.285975	-6.993200	-6.289799	-6.313875	-6.994877	NaN	-6.990098
9727.092000	-7.001720	-6.992616	-6.989452	-6.984144	-6.286523	-6.283395	-6.288090	-6.294952	-6.978813	-6.285485	-6.992395	-6.288954	-6.313889	-6.995152	NaN	-6.990907
9747.272000	-7.001978	-6.991963	-6.989416	-6.984935	-6.285703	-6.282582	-6.287444	-6.293896	-6.978385	-6.285949	-6.992213	-6.289810	-6.313178	-6.994844	NaN	-6.990163
9767.452000	-7.001626	-6.992097	-6.989394	-6.985170	-6.286519	-6.282593	-6.288076	-6.293965	-6.978835	-6.286004	-6.992380	-6.289832	-6.313933	-6.994989	NaN	-6.990015
9787.632000	-7.001013	-6.991226	-6.990461	-6.985472	-6.286225	-6.281406	-6.288602	-6.294389	-6.978908	-6.285677	-6.993335	-6.289309	-6.314858	-6.995737	NaN	-6.990308
9807.812000	-7.001114	-6.993088	-6.989383	-6.984485	-6.285405	-6.281595	-6.287564	-6.293780	-6.977823	-6.287023	-6.992279	-6.290732	-6.314506	-6.995156	NaN	-6.990943
9827.992000	-7.002032	-6.992228	-6.988835	-6.984002	-6.285826	-6.281450	-6.288402	-6.294680	-6.977815	-6.285064	-6.992551	-6.290086	-6.312565	-6.995461	NaN	-6.989510
9848.172000	-7.002192	-6.992333	-6.989532	-6.984564	-6.286929	-6.282557	-6.287756	-6.293943	-6.978566	-6.285978	-6.991999	-6.289306	-6.313889	-6.994931	NaN	-6.990105
9868.352000	-7.002388	-6.991466	-6.989826	-6.985704	-6.287531	-6.281486	-6.288693	-6.293050	-6.979782	-6.285822	-6.993545	-6.290612	-6.313972	-6.994928	NaN	-6.989398
9888.532000	-7.001640	-6.991212	-6.989419	-6.984205	-6.286523	-6.283304	-6.288068	-6.293486	-6.978853	-6.285166	-6.992435	-6.289915	-6.313925	-6.994663	NaN	-6.990842
9908.712000	-7.000820	-6.992025	-6.990381	-6.985076	-6.287593	-6.281515	-6.287296	-6.294618	-6.977924	-6.286740	-6.993574	-6.289585	-6.312927	-6.994064	NaN	-6.989096
9928.892000	-7.002787	-6.992025	-6.990348	-6.985087	-6.287462	-6.282586	-6.287009	-6.293943	-6.979405	-6.286055	-6.991709	-6.289810	-6.313998	-6.994888	NaN	-6.990152
9949.072000	-7.001619	-6.991187	-6.989735	-6.985203	-6.286490	-6.282056	-6.288112	-6.295053	-6.978839	-6.285521	-6.992340	-6.290899	-6.313943	-6.994020	NaN	-6.989637
9969.252000	-7.001303	-6.991923	-6.990087	-6.985033	-6.285735	-6.282611	-6.287742	-6.293958	-6.979546	-6.286029	-6.991912	-6.289752	-6.313091	-6.994891	NaN	-6.990210
9989.432000	-7.000846	-6.991270	-6.989401	-6.985936	-6.287092	-6.283322	-6.287071	-6.294593	-6.980007	-6.285888	-6.992152	-6.288765	-6.313689	-6.995849	NaN	-6.991179
10009.612000	-7.002714	-6.993041	-6.989031	-6.984586	-6.286856	-6.281570	-6.287836	-6.294593	-6.978392	-6.285253	-6.991724	-6.290387	-6.312884	-6.995849	NaN	-6.988991
10029.792000	-7.002573	-6.991259	-6.990091	-6.986059	-6.285536	-6.282020	-6.288664	-6.293377	-6.979474	-6.285347	-6.991459	-6.288976	-6.315155	-6.994920	NaN	-6.990737
10049.972000	-7.002605	-6.991212	-6.989321	-6.983846	-6.285503	-6.283714	-6.288435	-6.294422	-6.977841	-6.285870	-6.991520	-6.289988	-6.314604	-6.994205	NaN	-6.989648
10070.152000	-7.001673	-6.992152	-6.989438	-6.985406	-6.286519	-6.282582	-6.288036	-6.293925	-6.978806	-6.286058	-6.992337	-6.289857	-6.313911	-6.995040	NaN	-6.990029
10090.332000	-7.002137	-6.991125	-6.989637	-6.983708	-6.285518	-6.281323	-6.289135	-6.292869	-6.979492	-6.287056	-6.993531	-6.290619	-6.313098	-6.996071	NaN	-6.991219
10110.512000	-7.000813	-6.992083	-6.989848	-6.985101	-6.287524	-6.282557	-6.287335	-6.293983	-6.979659	-6.286051	-6.992718	-6.289861	-6.313087	-6.994801	NaN	-6.990138
10130.692000	-7.001829	-6.991858	-6.989499	-6.984898	-6.286544	-6.282557	-6.288090	-6.293932	-6.979013	-6.285953	-6.992573	-6.289777	-6.313943	-6.994862	NaN	-6.990163
10150.872000	-7.000465	-6.993320	-6.990254	-6.984434	-6.285942	-6.283061	-6.288065	-6.292978	-6.979031	-6.286769	-6.993266	-6.289052	-6.312782	-6.994224	NaN	-6.991161
10171.052000	-7.000632	-6.991636	-6.988418	-6.983922	-6.287622	-6.283413	-6.288130	-6.293145	-6.978040	-6.284952	-6.993585	-6.290235	-6.312822	-6.995309	NaN	-6.989630
10191.232000	-7.001753	-6.991930	-6.989285	-6.984971	-6.286530	-6.282549	-6.288301	-6.293932	-6.978944	-6.286022	-6.992536	-6.289520	-6.314056	-6.994942	NaN	-6.990062
10211.412000	-7.002511	-6.992014	-6.990588	-6.985228	-6.286443	-6.281610	-6.288478	-6.293435	-6.979455	-6.285782	-6.992609	-6.289734	-6.314615	-6.994909	NaN	-6.990149
10231.592000	-7.002326	-6.993012	-6.988559	-6.985776	-6.287223	-6.281679	-6.287027	-6.294665	-6.978581	-6.284890	-6.991531	-6.290166	-6.314840	-6.995973	NaN	-6.991023
10251.782000	-7.001372	-6.992003	-6.989924	-6.985040	-6.286592	-6.282589	-6.288177	-6.293544	-6.978095	-6.285267	-6.991502	-6.288976	-6.313947	-6.995827	NaN	-6.990820
10271.962000	-7.002711	-6.992623	-6.988759	-6.984847	-6.287136	-6.283402	-6.286831	-6.295057	-6.979615	-6.285358	-6.991724	-6.288801	-6.314858	-6.995345	NaN	-6.990526
10292.143000	-7.002812	-6.990918	-6.990374	-6.985228	-6.285427	-6.283627	-6.288841	-6.294520	-6.979993	-6.285663	-6.992816	-6.289186	-6.314923	-6.995602	NaN	-6.990109
10312.322000	-7.001401	-6.990773	-6.989311	-6.984321	-6.285862	-6.282753	-6.288166	-6.292865	-6.978360	-6.285347	-6.991528	-6.288863	-6.313243	-6.994612	NaN	-6.989242
10332.502000	-7.001441	-6.992170	-6.989292	-6.985653	-6.286345	-6.282179	-6.287720	-6.293294	-6.978294	-6.286704	-6.991978	-6.289168	-6.313494	-6.994833	NaN	-6.990573
10352.682000	-7.002729	-6.991963	-6.989075	-6.984924	-6.287201	-6.282513	-6.288014	-6.293921	-6.979067	-6.285971	-6.993447	-6.290144	-6.312855	-6.994572	NaN	-6.990225
10372.862000	-7.001597	-6.992457	-6.989361	-6.984895	-6.286581	-6.282702	-6.288504	-6.293711	-6.978690	-6.286334	-6.992333	-6.289875	-6.313904	-6.994949	NaN	-6.989989
10393.042000	-7.001778	-6.991796	-6.989953	-6.985276	-6.286541	-6.282774	-6.288134	-6.294121	-6.978998	-6.285757	-6.992493	-6.289952	-6.313766	-6.994942	NaN	-6.990377
10413.222000	-7.001415	-6.991861	-6.988810	-6.984456	-6.287517	-6.283014	-6.288555	-6.293664	-6.978599	-6.286026	-6.991796	-6.289741	-6.313011	-6.994924	NaN	-6.990323
10433.402000	-7.001684	-6.991335	-6.989365	-6.984702	-6.286501	-6.282575	-6.288054	-6.294407	-6.978762	-6.286261	-6.992366	-6.290082	-6.313976	-6.995671	NaN	-6.989967
10453.582000	-7.001564	-6.991401	-6.989655	-6.985254	-6.286766	-6.281933	-6.288112	-6.293439	-6.979078	-6.286000	-6.992144	-6.289781	-6.313929	-6.995377	NaN	-6.990577
10473.765000	-7.000668	-6.991792	-6.989594	-6.984847	-6.286069	-6.281548	-6.288899	-6.294389	-6.980000	-6.285841	-6.993084	-6.288791	-6.315235	-6.995098	NaN	-6.990040
10493.942000	-7.001582	-6.992115	-6.989565	-6.985922	-6.286555	-6.281653	-6.288072	-6.294658	-6.978737	-6.285307	-6.992457	-6.289788	-6.313929	-6.994423	NaN	-6.990541
10514.122000	-7.001463	-6.992801	-6.990276	-6.985653	-6.286185	-6.283790	-6.289197	-6.293431	-6.979927	-6.285608	-6.991778	-6.289407	-6.313218	-6.996089	NaN	-6.989260
10534.302000	-7.001365	-6.991702	-6.990537	-6.984466	-6.285870	-6.282201	-6.288584	-6.294716	-6.978385	-6.286700	-6.991956	-6.290510	-6.314299	-6.993991	NaN	-6.989594
10554.482000	-7.002337	-6.992046	-6.988966	-6.985174	-6.286773	-6.282451	-6.288439	-6.293421	-6.978741	-6.286153	-6.992457	-6.290333	-6.313650	-6.994264	NaN	-6.989568
10574.662000	-7.001067	-6.991952	-6.989448	-6.985138	-6.286218	-6.282578	-6.288892	-6.293928	-6.979858	-6.285993	-6.993106	-6.289799	-6.314687	-6.994855	NaN	-6.990225
10594.842000	-7.001111	-6.992054	-6.989924	-6.985043	-6.287564	-6.282546	-6.288261	-6.293968	-6.979524	-6.286044	-6.993429	-6.290775	-6.313591	-6.994949	NaN	-6.990268
10615.022000	-7.001655	-6.991916	-6.988487	-6.984107	-6.287811	-6.283257	-6.288159	-6.294320	-6.977844	-6.284785	-6.992326	-6.290612	-6.314713	-6.994176	NaN	-6.990893
10635.202000	-7.002087	-6.992057	-6.989274	-6.986052	-6.285880	-6.283145	-6.289357	-6.293983	-6.980170	-6.287049	-6.993716	-6.289796	-6.314161	-6.994917	NaN	-6.990305
10655.382000	-7.002504	-6.991974	-6.989978	-6.984985	-6.286983	-6.282600	-6.287430	-6.293939	-6.978853	-6.285997	-6.992613	-6.289806	-6.313341	-6.994895	NaN	-6.990152
10675.562000	-7.001223	-6.991001	-6.990160	-6.984532	-6.287615	-6.283605	-6.287205	-6.292952	-6.979347	-6.286200	-6.992228	-6.289436	-6.314858	-6.995708	NaN	-6.991230
10695.742000	-7.001836	-6.992605	-6.988741	-6.985824	-6.285333	-6.281602	-6.288395	-6.293464	-6.979982	-6.286261	-6.992964	-6.288972	-6.313381	-6.994260	NaN	-6.990962
10715.922000	-7.002511	-6.990871	-6.989028	-6.986099	-6.287528	-6.281631	-6.288137	-6.293439	-6.979405	-6.284890	-6.993004	-6.289288	-6.312880	-6.995853	NaN	-6.989409
10736.102000	-7.001448	-6.993135	-6.989278	-6.986085	-6.287317	-6.282934	-6.287328	-6.292887	-6.978635	-6.286530	-6.991411	-6.288968	-6.314575	-6.995218	NaN	-6.989775
10756.282000	-7.002177	-6.991459	-6.989176	-6.984256	-6.286759	-6.283199	-6.287564	-6.294643	-6.979361	-6.285318	-6.992507	-6.290420	-6.314346	-6.994180	NaN	-6.990602
10776.462000	-7.001804	-6.991988	-6.989550	-6.984985	-6.286588	-6.282524	-6.288087	-6.293903	-6.978886	-6.285986	-6.992515	-6.289799	-6.313933	-6.994848	NaN	-6.990098
10796.642000	-7.002058	-6.992148	-6.989380	-6.984949	-6.286178	-6.282582	-6.288511	-6.293950	-6.979274	-6.285518	-6.992689	-6.289828	-6.314216	-6.994884	NaN	-6.990123
10816.822000	-7.002754	-6.990991	-6.990410	-6.984463	-6.286653	-6.282132	-6.287100	-6.294941	-6.978672	-6.285227	-6.992163	-6.290837	-6.313660	-6.995367	NaN	-6.991201
10837.002000	-7.000621	-6.992997	-6.989300	-6.985838	-6.286345	-6.283083	-6.287031	-6.294705	-6.978625	-6.285899	-6.991571	-6.290518	-6.313105	-6.994115	NaN	-6.989165
10857.182000	-7.002112	-6.991869	-6.989539	-6.984528	-6.285880	-6.282876	-6.288754	-6.293348	-6.978117	-6.285587	-6.992638	-6.290608	-6.313312	-6.994057	NaN	-6.990628
10877.362000	-7.001717	-6.991237	-6.989111	-6.984154	-6.286559	-6.283856	-6.288576	-6.294284	-6.979568	-6.285133	-6.991999	-6.288791	-6.313835	-6.994434	NaN	-6.989481
10897.542000	-7.000755	-6.993030	-6.990377	-6.984702	-6.285851	-6.281501	-6.287727	-6.294937	-6.979702	-6.287089	-6.993157	-6.288801	-6.314067	-6.995084	NaN	-6.989822
	-7.000613															
