20.945000	7.215346	7.224102	7.171909	7.196848	7.229952	7.218433	7.225897	7.266521	7.230305	7.247821	7.183969	7.238062	7.244632	7.229901	14.995459	7.258040
81.934000	7.215293	7.223965	7.171573	7.196630	7.229707	7.218065	7.225631	7.266142	7.230129	7.247529	7.183823	7.237894	7.244539	7.229672	14.995446	7.257720
142.926000	7.215220	7.223785	7.171213	7.196378	7.229507	7.217702	7.225238	7.265724	7.229974	7.247137	7.183666	7.237483	7.244403	7.229340	14.995571	7.257261
203.896000	7.215096	7.223711	7.170808	7.196039	7.230039	7.217351	7.224794	7.265277	7.229891	7.246720	7.183498	7.237093	7.244279	7.229033	14.995597	7.257248
264.874000	7.215053	7.223667	7.170633	7.195914	7.230695	7.217214	7.224551	7.265079	7.229911	7.246589	7.183384	7.236922	7.244196	7.228898	14.995598	7.257380
325.847000	7.215042	7.223678	7.170584	7.195853	7.231037	7.217189	7.224480	7.265013	7.229918	7.246508	7.183364	7.236899	7.244183	7.228872	14.995585	7.257423
386.851000	7.215038	7.223662	7.170572	7.195834	7.231166	7.217172	7.224482	7.264984	7.229875	7.246493	7.183367	7.236865	7.244192	7.228851	14.995682	7.257443
447.814000	7.215051	7.223721	7.170555	7.195805	7.231252	7.217134	7.224480	7.264987	7.229867	7.246476	7.183346	7.236804	7.244168	7.228844	14.995654	7.257436
508.754000	7.215056	7.223683	7.170552	7.195791	7.231289	7.217100	7.224478	7.264991	7.229881	7.246454	7.183346	7.236830	7.244165	7.228808	14.995597	7.257463
569.723000	7.215038	7.223656	7.170533	7.195801	7.231318	7.217103	7.224474	7.264943	7.229899	7.246467	7.183353	7.236833	7.244160	7.228825	14.995631	7.257489
630.679000	7.215011	7.223671	7.170556	7.195819	7.231362	7.217106	7.224467	7.264924	7.229893	7.246437	7.183334	7.236824	7.244164	7.228822	14.995611	7.257485
691.627000	7.215024	7.223712	7.170510	7.195793	7.231368	7.217070	7.224454	7.264949	7.229886	7.246430	7.183303	7.236813	7.244136	7.228816	14.995619	7.257496
752.568000	7.214995	7.223674	7.170525	7.195820	7.231362	7.217094	7.224464	7.264950	7.229860	7.246453	7.183317	7.236746	7.244147	7.228773	14.995624	7.257515
813.544000	7.215001	7.223685	7.170491	7.195770	7.231363	7.217090	7.224468	7.264924	7.229865	7.246418	7.183299	7.236757	7.244149	7.228798	14.995560	7.257524
874.522000	7.215021	7.223669	7.170476	7.195775	7.231408	7.217084	7.224432	7.264918	7.229869	7.246443	7.183313	7.236745	7.244150	7.228776	14.995615	7.257488
935.479000	7.215025	7.223656	7.170502	7.195754	7.231403	7.217090	7.224437	7.264913	7.229827	7.246430	7.183318	7.236755	7.244162	7.228769	14.995661	7.257539
996.430000	7.214995	7.223703	7.170502	7.195807	7.231391	7.217114	7.224440	7.264904	7.229890	7.246430	7.183296	7.236781	7.244182	7.228779	14.995664	7.257555
1057.377000	7.214992	7.223698	7.170492	7.195801	7.231434	7.217101	7.224461	7.264928	7.229866	7.246437	7.183295	7.236744	7.244136	7.228777	14.995607	7.257559
1118.376000	7.215004	7.223740	7.170476	7.195770	7.231428	7.217093	7.224452	7.264895	7.229872	7.246412	7.183323	7.236766	7.244148	7.228809	14.995613	7.257534
1179.314000	7.215020	7.223700	7.170473	7.195788	7.231403	7.217108	7.224433	7.264910	7.229886	7.246430	7.183314	7.236774	7.244145	7.228798	14.995633	7.257536
1240.258000	7.215014	7.223719	7.170484	7.195777	7.231408	7.217076	7.224432	7.264912	7.229891	7.246429	7.183297	7.236775	7.244146	7.228794	14.995625	7.257534
1301.210000	7.215033	7.223723	7.170492	7.195760	7.231436	7.217108	7.224436	7.264939	7.229880	7.246428	7.183294	7.236789	7.244138	7.228770	14.995679	7.257537
1362.162000	7.215036	7.223727	7.170480	7.195761	7.231423	7.217077	7.224443	7.264875	7.229916	7.246431	7.183309	7.236768	7.244107	7.228763	14.995655	7.257549
1423.126000	7.215020	7.223769	7.170514	7.195767	7.231440	7.217096	7.224442	7.264897	7.229886	7.246434	7.183313	7.236752	7.244094	7.228755	14.995642	7.257527
1484.084000	7.215022	7.223759	7.170497	7.195757	7.231463	7.217073	7.224403	7.264886	7.229865	7.246452	7.183286	7.236742	7.244127	7.228768	14.995622	7.257558
1545.031000	7.215005	7.223719	7.170492	7.195751	7.231452	7.217107	7.224418	7.264903	7.229895	7.246433	7.183310	7.236722	7.244120	7.228777	14.995704	7.257542
1605.971000	7.215033	7.223709	7.170493	7.195765	7.231436	7.217102	7.224391	7.264882	7.229883	7.246449	7.183299	7.236730	7.244123	7.228774	14.995644	7.257543
1666.922000	7.215049	7.223712	7.170497	7.195759	7.231450	7.217106	7.224395	7.264914	7.229880	7.246443	7.183315	7.236733	7.244157	7.228758	14.995663	7.257551
1727.900000	7.215010	7.223729	7.170505	7.195768	7.231419	7.217104	7.224393	7.264927	7.229903	7.246450	7.183297	7.236747	7.244107	7.228770	14.995619	7.257578
1788.865000	7.215016	7.223763	7.170471	7.195761	7.231466	7.217117	7.224406	7.264934	7.229873	7.246442	7.183272	7.236703	7.244151	7.228803	14.995635	7.257544
1849.815000	7.214997	7.223746	7.170491	7.195742	7.231445	7.217084	7.224404	7.264907	7.229894	7.246438	7.183306	7.236698	7.244106	7.228783	14.995657	7.257566
1910.755000	7.214999	7.223763	7.170501	7.195770	7.231466	7.217098	7.224402	7.264927	7.229869	7.246418	7.183314	7.236722	7.244163	7.228771	14.995690	7.257576
1971.713000	7.215027	7.223740	7.170510	7.195788	7.231468	7.217119	7.224421	7.264952	7.229872	7.246417	7.183340	7.236754	7.244153	7.228768	14.995644	7.257519
2032.677000	7.215018	7.223754	7.170504	7.195772	7.231473	7.217093	7.224437	7.264913	7.229874	7.246448	7.183318	7.236763	7.244164	7.228794	14.995670	7.257592
2093.643000	7.215017	7.223726	7.170466	7.195734	7.231458	7.217110	7.224428	7.264908	7.229916	7.246441	7.183303	7.236763	7.244160	7.228775	14.995694	7.257580
2154.578000	7.215008	7.223723	7.170477	7.195776	7.231462	7.217114	7.224435	7.264907	7.229897	7.246415	7.183318	7.236773	7.244175	7.228783	14.995654	7.257599
2215.518000	7.215004	7.223700	7.170478	7.195756	7.231458	7.217101	7.224418	7.264913	7.229882	7.246451	7.183295	7.236773	7.244147	7.228768	14.995663	7.257576
2276.461000	7.215012	7.223662	7.170488	7.195747	7.231429	7.217111	7.224404	7.264935	7.229886	7.246447	7.183299	7.236760	7.244154	7.228770	14.995664	7.257553
2337.397000	7.215007	7.223690	7.170501	7.195767	7.231486	7.217126	7.224427	7.264922	7.229890	7.246441	7.183328	7.236778	7.244153	7.228781	14.995643	7.257613
2398.338000	7.215002	7.223718	7.170505	7.195784	7.231484	7.217094	7.224372	7.264936	7.229904	7.246447	7.183296	7.236757	7.244140	7.228773	14.995615	7.257572
2459.281000	7.214995	7.223698	7.170487	7.195784	7.231465	7.217103	7.224399	7.264912	7.229938	7.246434	7.183306	7.236757	7.244135	7.228783	14.995641	7.257561
2520.224000	7.215032	7.223697	7.170480	7.195757	7.231481	7.217078	7.224412	7.264915	7.229914	7.246422	7.183317	7.236757	7.244179	7.228780	14.995667	7.257592
2581.167000	7.215004	7.223691	7.170492	7.195760	7.231467	7.217086	7.224415	7.264899	7.229912	7.246404	7.183323	7.236741	7.244159	7.228777	14.995684	7.257558
2642.128000	7.214990	7.223687	7.170488	7.195742	7.231463	7.217090	7.224391	7.264899	7.229907	7.246431	7.183331	7.236741	7.244164	7.228735	14.995643	7.257565
2703.097000	7.215122	7.224088	7.170899	7.195964	7.231377	7.217524	7.224690	7.265356	7.230414	7.246838	7.183581	7.237525	7.244365	7.229308	14.995265	7.257080
2764.039000	7.215357	7.224246	7.171948	7.196791	7.229853	7.218540	7.225917	7.266560	7.230491	7.247916	7.184044	7.238587	7.244687	7.230103	14.995236	7.258736
2824.993000	7.215492	7.224335	7.172274	7.197154	7.230808	7.218783	7.226419	7.266946	7.230614	7.248265	7.184184	7.238863	7.244840	7.230352	14.995233	7.260343
2885.970000	7.215564	7.224399	7.172351	7.197369	7.231542	7.218913	7.226636	7.267075	7.230888	7.248478	7.184247	7.238973	7.244926	7.230461	14.993843	7.261093
2946.942000	7.215641	7.224464	7.172414	7.197578	7.231914	7.218954	7.226878	7.267147	7.231178	7.248600	7.184296	7.239066	7.244961	7.230493	14.993022	7.261513
3007.880000	7.215578	7.224478	7.172353	7.197600	7.232139	7.218965	7.226868	7.267108	7.231241	7.248634	7.184287	7.239068	7.244944	7.230474	14.992042	7.261758
3068.823000	7.215702	7.224596	7.172457	7.197764	7.232289	7.219044	7.227180	7.267248	7.231454	7.248891	7.184301	7.239171	7.244996	7.230559	14.987962	7.261952
3129.762000	7.215767	7.224621	7.172467	7.197863	7.232386	7.219116	7.227300	7.267247	7.231585	7.249007	7.184312	7.239253	7.245050	7.230582	14.989027	7.262061
3190.697000	7.215844	7.224741	7.172485	7.197929	7.232461	7.219158	7.227418	7.267318	7.231706	7.249108	7.184290	7.239306	7.245124	7.230618	14.987206	7.262178
3251.641000	7.215903	7.224786	7.172509	7.197944	7.232516	7.219197	7.227476	7.267346	7.231782	7.249165	7.184310	7.239343	7.245140	7.230640	14.986546	7.262256
3312.596000	7.215954	7.224795	7.172536	7.197980	7.232550	7.219201	7.227497	7.267355	7.231871	7.249223	7.184318	7.239395	7.245190	7.230637	14.986131	7.262349
3373.567000	7.215973	7.224849	7.172515	7.198012	7.232564	7.219221	7.227563	7.267418	7.231884	7.249262	7.184307	7.239425	7.245229	7.230678	14.986065	7.262372
3434.524000	7.216046	7.224883	7.172482	7.197994	7.232595	7.219266	7.227613	7.267421	7.231908	7.249290	7.184356	7.239495	7.245290	7.230680	14.985955	7.262432
3495.478000	7.216054	7.224904	7.172490	7.198053	7.232625	7.219294	7.227607	7.267465	7.231950	7.249327	7.184372	7.239546	7.245305	7.230705	14.985808	7.262447
3556.427000	7.216066	7.224917	7.172510	7.198095	7.232639	7.219280	7.227682	7.267468	7.232019	7.249381	7.184356	7.239570	7.245331	7.230703	14.985833	7.262485
3617.380000	7.216109	7.224916	7.172512	7.198091	7.232648	7.219351	7.227702	7.267501	7.232062	7.249401	7.184364	7.239605	7.245399	7.230718	14.985858	7.262539
3678.341000	7.216140	7.224999	7.172506	7.198072	7.232675	7.219363	7.227708	7.267508	7.232031	7.249423	7.184345	7.239617	7.245371	7.230724	14.985842	7.262584
3739.306000	7.216131	7.225045	7.172545	7.198087	7.232658	7.219385	7.227730	7.267541	7.232019	7.249416	7.184353	7.239667	7.245437	7.230759	14.988713	7.262603
3800.274000	7.216189	7.225067	7.172544	7.198164	7.232681	7.219370	7.227732	7.267579	7.232047	7.249441	7.184383	7.239685	7.245424	7.230793	14.988234	7.262637
3861.226000	7.215700	7.224583	7.172578	7.197856	7.232705	7.219063	7.227217	7.266985	7.231556	7.248845	7.184323	7.238985	7.245014	7.230444	14.988627	7.262651
3922.173000	7.215561	7.224484	7.172540	7.197756	7.232712	7.219095	7.227258	7.267276	7.231770	7.249077	7.184344	7.239402	7.245224	7.230673	14.988720	7.262663
3983.117000	7.215665	7.224567	7.172542	7.197811	7.232718	7.219039	7.227188	7.266963	7.231576	7.248822	7.184328	7.238987	7.245025	7.230460	14.988961	7.262696
4044.081000	7.215974	7.224846	7.172493	7.197993	7.232744	7.219310	7.227504	7.267455	7.231995	7.249267	7.184331	7.239603	7.245374	7.230714	14.989032	7.262671
4105.038000	7.216169	7.225008	7.172535	7.198114	7.232765	7.219406	7.227746	7.267603	7.232140	7.249443	7.184326	7.239750	7.245489	7.230805	14.989028	7.262700
4165.992000	7.216224	7.225082	7.172531	7.198138	7.232727	7.219404	7.227781	7.267640	7.232162	7.249505	7.184353	7.239830	7.245513	7.230804	14.989178	7.262753
4226.964000	7.216247	7.225088	7.172556	7.198132	7.232802	7.219438	7.227814	7.267674	7.232191	7.249536	7.184399	7.239840	7.245526	7.230827	14.989731	7.262707
4287.950000	7.216277	7.225061	7.172574	7.198183	7.232750	7.219475	7.227830	7.267676	7.232206	7.249525	7.184390	7.239842	7.245543	7.230829	14.989852	7.262744
4348.912000	7.216273	7.225082	7.172564	7.198186	7.232758	7.219458	7.227810	7.267698	7.232178	7.249543	7.184383	7.239850	7.245539	7.230809	14.989793	7.262722
4409.917000	7.216262	7.225134	7.172559	7.198184	7.232763	7.219462	7.227822	7.267709	7.232202	7.249551	7.184392	7.239875	7.245543	7.230813	14.990307	7.262764
4470.871000	7.216293	7.225134	7.172540	7.198197	7.232785	7.219463	7.227842	7.267698	7.232199	7.249564	7.184374	7.239885	7.245571	7.230828	14.990315	7.262784
4531.854000	7.216278	7.225160	7.172567	7.198238	7.232782	7.219464	7.227848	7.267739	7.232206	7.249548	7.184362	7.239862	7.245583	7.230827	14.990403	7.262767
4592.837000	7.216306	7.225132	7.172554	7.198209	7.232799	7.219455	7.227833	7.267717	7.232218	7.249561	7.184383	7.239845	7.245585	7.230842	14.990627	7.262814
4653.838000	7.216293	7.225145	7.172575	7.198244	7.232811	7.219529	7.227849	7.267779	7.232340	7.249622	7.184376	7.240047	7.245680	7.230910	14.989568	7.263028
4714.798000	7.217571	7.226084	7.172881	7.198845	7.233997	7.220628	7.229164	7.269416	7.234132	7.251142	7.184587	7.242158	7.247015	7.231713	14.992600	7.265127
4775.764000	7.218764	7.227011	7.173110	7.199519	7.235040	7.221329	7.230323	7.270529	7.235014	7.252231	7.184703	7.243150	7.247972	7.232246	14.992350	7.266093
4836.753000	7.219310	7.227413	7.173225	7.199866	7.235546	7.221560	7.230899	7.270972	7.235341	7.252656	7.184763	7.243493	7.248409	7.232467	14.992805	7.266480
4897.719000	7.219601	7.227644	7.173220	7.200012	7.235736	7.221659	7.231133	7.271167	7.235508	7.252890	7.184801	7.243647	7.248626	7.232603	14.993061	7.266658
4958.674000	7.219677	7.227737	7.173204	7.200098	7.235840	7.221725	7.231266	7.271266	7.235559	7.253011	7.184788	7.243760	7.248726	7.232668	14.993164	7.266726
5019.672000	7.219735	7.227746	7.173219	7.200177	7.235899	7.221769	7.231354	7.271336	7.235617	7.253043	7.184823	7.243850	7.248802	7.232717	14.992911	7.266821
5080.630000	7.219762	7.227761	7.173216	7.200196	7.235925	7.221773	7.231377	7.271400	7.235680	7.253109	7.184782	7.243882	7.248826	7.232732	14.993209	7.266906
5141.577000	7.219796	7.227868	7.173255	7.200236	7.235971	7.221798	7.231412	7.271406	7.235738	7.253144	7.184829	7.243922	7.248859	7.232761	14.993386	7.266889
5202.532000	7.219856	7.227874	7.173224	7.200243	7.235948	7.221836	7.231435	7.271448	7.235766	7.253146	7.184848	7.243970	7.248901	7.232775	14.993493	7.266945
5263.490000	7.219886	7.227915	7.173272	7.200232	7.235963	7.221868	7.231447	7.271463	7.235743	7.253152	7.184802	7.244018	7.248936	7.232793	14.993514	7.266997
5324.436000	7.219890	7.227940	7.173251	7.200285	7.236003	7.221892	7.231487	7.271488	7.235816	7.253166	7.184845	7.244036	7.248965	7.232818	14.993558	7.266992
5385.380000	7.219949	7.227883	7.173275	7.200275	7.236009	7.221880	7.231473	7.271484	7.235800	7.253210	7.184833	7.244049	7.248968	7.232834	14.993565	7.267028
5446.329000	7.219944	7.227840	7.173265	7.200255	7.236051	7.221886	7.231483	7.271500	7.235798	7.253219	7.184840	7.244081	7.248977	7.232808	14.993614	7.267015
5507.286000	7.219985	7.227836	7.173287	7.200250	7.236063	7.221874	7.231507	7.271457	7.235761	7.253210	7.184848	7.244093	7.249031	7.232869	14.993585	7.267066
5568.227000	7.219973	7.227883	7.173300	7.200273	7.236067	7.221912	7.231512	7.271501	7.235848	7.253226	7.184842	7.244108	7.249020	7.232844	14.993597	7.267071
5629.175000	7.220002	7.227895	7.173280	7.200299	7.236039	7.221885	7.231499	7.271519	7.235856	7.253257	7.184857	7.244064	7.249032	7.232871	14.993596	7.267091
5690.120000	7.220001	7.227919	7.173279	7.200268	7.236052	7.221926	7.231524	7.271532	7.235836	7.253259	7.184859	7.244159	7.249065	7.232883	14.993599	7.267095
5751.075000	7.219981	7.227875	7.173277	7.200299	7.236098	7.221934	7.231518	7.271527	7.235879	7.253255	7.184870	7.244160	7.249042	7.232842	14.993050	7.267112
5812.013000	7.220004	7.227889	7.173292	7.200275	7.236099	7.221913	7.231550	7.271537	7.235869	7.253228	7.184840	7.244135	7.249072	7.232866	14.993172	7.267136
5872.960000	7.220009	7.227888	7.173310	7.200280	7.236094	7.221931	7.231564	7.271535	7.235877	7.253259	7.184855	7.244151	7.249049	7.232889	14.993172	7.267135
5933.909000	7.220002	7.227953	7.173298	7.200303	7.236090	7.221957	7.231577	7.271534	7.235892	7.253241	7.184866	7.244165	7.249059	7.232911	14.993188	7.267151
5994.943000	7.220021	7.227917	7.173309	7.200237	7.236084	7.221960	7.231554	7.271554	7.235907	7.253247	7.184885	7.244188	7.249072	7.232900	14.993173	7.267128
6055.886000	7.220020	7.227944	7.173283	7.200274	7.236122	7.221976	7.231606	7.271577	7.235894	7.253285	7.184872	7.244185	7.249082	7.232900	14.991196	7.267168
6116.846000	7.220035	7.227989	7.173327	7.200302	7.236108	7.221962	7.231574	7.271550	7.235912	7.253266	7.184879	7.244200	7.249064	7.232876	14.991406	7.267146
6177.871000	7.220043	7.227984	7.173314	7.200318	7.236123	7.221958	7.231588	7.271576	7.235919	7.253292	7.184894	7.244205	7.249067	7.232900	14.991390	7.267142
6238.837000	7.220041	7.227981	7.173329	7.200248	7.236122	7.221964	7.231629	7.271563	7.235927	7.253254	7.184917	7.244206	7.249073	7.232867	14.991478	7.267149
6299.815000	7.220064	7.227975	7.173277	7.200315	7.236104	7.221975	7.231592	7.271583	7.235958	7.253283	7.184878	7.244197	7.249085	7.232903	14.991506	7.267162
6360.794000	7.220064	7.227974	7.173318	7.200315	7.236076	7.221971	7.231620	7.271575	7.235936	7.253286	7.184868	7.244214	7.249110	7.232901	14.991590	7.267182
6421.757000	7.220047	7.227973	7.173296	7.200333	7.236101	7.221974	7.231623	7.271605	7.235921	7.253292	7.184871	7.244190	7.249082	7.232913	14.991625	7.267184
6482.726000	7.220059	7.227996	7.173278	7.200305	7.236110	7.221983	7.231619	7.271604	7.235933	7.253283	7.184882	7.244222	7.249104	7.232923	14.991649	7.267202
	7.220048															
