8.198000	-7.020036	-7.038853	-7.039469	-7.035980	-7.048242	-7.024140	-7.029590	-7.048220	-7.069463	-6.974988	-7.026953	-7.014658	-7.054543	-7.053585	-15.002626	-7.035614
20.383000	-7.020051	-7.038899	-7.039497	-7.036026	-7.048267	-7.024152	-7.029612	-7.048215	-7.069426	-6.974996	-7.026941	-7.014668	-7.054563	-7.053591	-15.002703	-7.035589
32.564000	-7.020038	-7.038912	-7.039539	-7.036032	-7.048282	-7.024173	-7.029611	-7.048223	-7.069451	-6.974990	-7.026957	-7.014659	-7.054541	-7.053602	-15.002902	-7.035605
44.761000	-7.020050	-7.038932	-7.039536	-7.036056	-7.048284	-7.024173	-7.029617	-7.048244	-7.069437	-6.975001	-7.026944	-7.014691	-7.054536	-7.053604	-15.002976	-7.035617
56.934000	-7.020053	-7.038933	-7.039527	-7.036025	-7.048296	-7.024168	-7.029621	-7.048239	-7.069440	-6.975048	-7.026965	-7.014701	-7.054549	-7.053617	-15.003347	-7.035627
69.158000	-7.020066	-7.038955	-7.039534	-7.036042	-7.048295	-7.024218	-7.029615	-7.048250	-7.069444	-6.975024	-7.026940	-7.014673	-7.054555	-7.053594	-15.003373	-7.035592
81.403000	-7.020065	-7.038965	-7.039528	-7.036045	-7.048278	-7.024211	-7.029648	-7.048255	-7.069469	-6.975032	-7.026940	-7.014697	-7.054552	-7.053610	-15.003519	-7.035607
93.584000	-7.020062	-7.038950	-7.039539	-7.036065	-7.048294	-7.024200	-7.029627	-7.048233	-7.069481	-6.975025	-7.026944	-7.014705	-7.054542	-7.053607	-15.003638	-7.035592
105.787000	-7.020076	-7.038958	-7.039539	-7.036066	-7.048282	-7.024185	-7.029616	-7.048250	-7.069474	-6.975021	-7.026947	-7.014703	-7.054569	-7.053618	-15.003578	-7.035605
117.981000	-7.020082	-7.038949	-7.039559	-7.036090	-7.048304	-7.024186	-7.029631	-7.048242	-7.069478	-6.975034	-7.026967	-7.014691	-7.054572	-7.053605	-15.003714	-7.035599
130.177000	-7.020074	-7.038954	-7.039545	-7.036083	-7.048285	-7.024190	-7.029629	-7.048233	-7.069469	-6.975055	-7.026989	-7.014714	-7.054561	-7.053604	-15.003953	-7.035615
142.359000	-7.020077	-7.038910	-7.039514	-7.036061	-7.048247	-7.024094	-7.029632	-7.048287	-7.069315	-6.975015	-7.026937	-7.014728	-7.054549	-7.053633	-15.004036	-7.035661
154.563000	-7.020062	-7.038765	-7.039402	-7.036025	-7.048168	-7.023960	-7.029546	-7.048206	-7.069161	-6.974924	-7.026827	-7.014693	-7.054541	-7.053556	-15.004086	-7.035597
166.761000	-7.020003	-7.038613	-7.039260	-7.035949	-7.048067	-7.023776	-7.029334	-7.048068	-7.068937	-6.974808	-7.026731	-7.014587	-7.054457	-7.053454	-15.004180	-7.035487
178.944000	-7.019942	-7.038447	-7.039119	-7.035837	-7.047939	-7.023572	-7.029054	-7.047921	-7.068729	-6.974751	-7.026619	-7.014433	-7.054350	-7.053363	-15.004279	-7.035425
191.148000	-7.019896	-7.038291	-7.039012	-7.035699	-7.047823	-7.023390	-7.028828	-7.047784	-7.068578	-6.974627	-7.026490	-7.014413	-7.054269	-7.053229	-15.004340	-7.035310
203.331000	-7.019825	-7.038129	-7.038874	-7.035579	-7.047711	-7.023234	-7.028576	-7.047676	-7.068431	-6.974576	-7.026405	-7.014346	-7.054197	-7.053148	-15.004250	-7.035235
215.505000	-7.019754	-7.037952	-7.038801	-7.035456	-7.047618	-7.023054	-7.028386	-7.047547	-7.068274	-6.974488	-7.026317	-7.014221	-7.054147	-7.053077	-15.004462	-7.035172
227.683000	-7.019712	-7.037817	-7.038696	-7.035374	-7.047541	-7.022888	-7.028190	-7.047457	-7.068172	-6.974432	-7.026232	-7.014179	-7.054087	-7.053000	-15.004313	-7.035123
239.881000	-7.019649	-7.037699	-7.038638	-7.035320	-7.047453	-7.022778	-7.028033	-7.047399	-7.068089	-6.974407	-7.026185	-7.014116	-7.054033	-7.052953	-15.004470	-7.035060
252.086000	-7.019645	-7.037636	-7.038578	-7.035239	-7.047405	-7.022720	-7.027926	-7.047294	-7.068009	-6.974369	-7.026142	-7.014101	-7.053980	-7.052900	-15.004622	-7.035035
264.265000	-7.019577	-7.037550	-7.038544	-7.035222	-7.047394	-7.022666	-7.027840	-7.047275	-7.068008	-6.974320	-7.026114	-7.014099	-7.053935	-7.052869	-15.004524	-7.035020
276.443000	-7.019564	-7.037506	-7.038509	-7.035183	-7.047359	-7.022619	-7.027803	-7.047239	-7.067983	-6.974286	-7.026085	-7.014096	-7.053925	-7.052857	-15.004747	-7.035011
288.632000	-7.019540	-7.037470	-7.038504	-7.035162	-7.047332	-7.022583	-7.027770	-7.047234	-7.067954	-6.974294	-7.026068	-7.014076	-7.053909	-7.052827	-15.004742	-7.034991
300.852000	-7.019517	-7.037452	-7.038473	-7.035146	-7.047316	-7.022562	-7.027734	-7.047182	-7.067947	-6.974274	-7.026047	-7.014073	-7.053902	-7.052826	-15.004682	-7.034996
313.037000	-7.019511	-7.037427	-7.038435	-7.035132	-7.047300	-7.022556	-7.027735	-7.047157	-7.067926	-6.974283	-7.026044	-7.014062	-7.053913	-7.052799	-15.004757	-7.034983
325.223000	-7.019504	-7.037418	-7.038414	-7.035107	-7.047299	-7.022517	-7.027701	-7.047163	-7.067912	-6.974279	-7.026017	-7.014047	-7.053890	-7.052811	-15.004626	-7.034970
337.411000	-7.019494	-7.037397	-7.038432	-7.035101	-7.047280	-7.022532	-7.027691	-7.047145	-7.067915	-6.974251	-7.026021	-7.014056	-7.053889	-7.052776	-15.004809	-7.034959
349.583000	-7.019489	-7.037370	-7.038418	-7.035098	-7.047274	-7.022503	-7.027688	-7.047136	-7.067896	-6.974243	-7.026015	-7.014067	-7.053851	-7.052766	-15.004684	-7.034957
361.778000	-7.019481	-7.037364	-7.038410	-7.035089	-7.047257	-7.022487	-7.027677	-7.047152	-7.067910	-6.974232	-7.026016	-7.014074	-7.053866	-7.052780	-15.004986	-7.034932
373.960000	-7.019478	-7.037328	-7.038420	-7.035068	-7.047259	-7.022472	-7.027653	-7.047150	-7.067898	-6.974233	-7.025997	-7.014054	-7.053856	-7.052764	-15.004739	-7.034935
386.174000	-7.019452	-7.037348	-7.038397	-7.035059	-7.047254	-7.022447	-7.027658	-7.047144	-7.067881	-6.974231	-7.025983	-7.014055	-7.053866	-7.052743	-15.004736	-7.034953
398.344000	-7.019451	-7.037330	-7.038377	-7.035071	-7.047253	-7.022449	-7.027646	-7.047138	-7.067878	-6.974234	-7.025998	-7.014036	-7.053868	-7.052754	-15.004691	-7.034935
410.526000	-7.019462	-7.037331	-7.038377	-7.035080	-7.047249	-7.022446	-7.027644	-7.047135	-7.067869	-6.974232	-7.025995	-7.014043	-7.053844	-7.052752	-15.004736	-7.034919
422.724000	-7.019448	-7.037338	-7.038363	-7.035073	-7.047265	-7.022423	-7.027630	-7.047133	-7.067884	-6.974235	-7.025981	-7.014052	-7.053840	-7.052740	-15.004795	-7.034929
434.912000	-7.019441	-7.037328	-7.038379	-7.035049	-7.047247	-7.022448	-7.027632	-7.047116	-7.067868	-6.974217	-7.025980	-7.014047	-7.053851	-7.052731	-15.004674	-7.034944
447.096000	-7.019441	-7.037336	-7.038353	-7.035030	-7.047239	-7.022430	-7.027624	-7.047120	-7.067871	-6.974215	-7.025978	-7.014034	-7.053826	-7.052755	-15.004767	-7.034945
459.286000	-7.019443	-7.037323	-7.038357	-7.035056	-7.047232	-7.022403	-7.027613	-7.047119	-7.067843	-6.974200	-7.025984	-7.014046	-7.053820	-7.052758	-15.004678	-7.034935
471.488000	-7.019415	-7.037314	-7.038386	-7.035056	-7.047253	-7.022400	-7.027629	-7.047130	-7.067845	-6.974240	-7.025970	-7.014031	-7.053855	-7.052747	-15.004763	-7.034935
483.701000	-7.019435	-7.037303	-7.038373	-7.035056	-7.047260	-7.022393	-7.027630	-7.047119	-7.067852	-6.974232	-7.025980	-7.014046	-7.053839	-7.052732	-15.004777	-7.034950
495.873000	-7.019430	-7.037308	-7.038396	-7.035084	-7.047245	-7.022402	-7.027618	-7.047128	-7.067862	-6.974240	-7.025989	-7.014016	-7.053841	-7.052737	-15.004925	-7.034944
508.063000	-7.019454	-7.037299	-7.038393	-7.035088	-7.047228	-7.022432	-7.027632	-7.047124	-7.067847	-6.974226	-7.025980	-7.014028	-7.053846	-7.052762	-15.004816	-7.034953
520.243000	-7.019449	-7.037301	-7.038384	-7.035085	-7.047252	-7.022393	-7.027626	-7.047117	-7.067837	-6.974239	-7.025976	-7.014038	-7.053832	-7.052735	-15.004675	-7.034938
532.427000	-7.019455	-7.037288	-7.038389	-7.035065	-7.047227	-7.022388	-7.027629	-7.047111	-7.067834	-6.974224	-7.025996	-7.014017	-7.053837	-7.052727	-15.004707	-7.034951
544.606000	-7.019429	-7.037318	-7.038377	-7.035073	-7.047228	-7.022382	-7.027638	-7.047118	-7.067826	-6.974209	-7.025961	-7.014042	-7.053816	-7.052749	-15.004440	-7.034959
556.820000	-7.019452	-7.037290	-7.038376	-7.035052	-7.047223	-7.022367	-7.027630	-7.047097	-7.067842	-6.974206	-7.025969	-7.014017	-7.053827	-7.052741	-15.004699	-7.034945
569.020000	-7.019428	-7.037298	-7.038367	-7.035053	-7.047251	-7.022388	-7.027650	-7.047098	-7.067825	-6.974208	-7.025988	-7.014011	-7.053816	-7.052724	-15.004660	-7.034937
581.186000	-7.019426	-7.037297	-7.038381	-7.035049	-7.047241	-7.022381	-7.027628	-7.047099	-7.067827	-6.974209	-7.025949	-7.014027	-7.053809	-7.052737	-15.004814	-7.034926
593.356000	-7.019440	-7.037303	-7.038368	-7.035064	-7.047269	-7.022367	-7.027615	-7.047124	-7.067866	-6.974223	-7.025960	-7.014006	-7.053818	-7.052736	-15.004729	-7.034926
605.554000	-7.019406	-7.037304	-7.038386	-7.035052	-7.047231	-7.022372	-7.027629	-7.047104	-7.067825	-6.974194	-7.025953	-7.014046	-7.053795	-7.052724	-15.005001	-7.034941
617.732000	-7.019444	-7.037315	-7.038380	-7.035052	-7.047246	-7.022366	-7.027628	-7.047101	-7.067829	-6.974204	-7.025977	-7.013999	-7.053821	-7.052751	-15.004871	-7.034928
629.912000	-7.019414	-7.037283	-7.038375	-7.035059	-7.047216	-7.022372	-7.027623	-7.047113	-7.067847	-6.974211	-7.025964	-7.014015	-7.053798	-7.052723	-15.004804	-7.034915
642.098000	-7.019441	-7.037287	-7.038383	-7.035050	-7.047237	-7.022366	-7.027627	-7.047128	-7.067839	-6.974218	-7.025948	-7.014020	-7.053821	-7.052738	-15.005004	-7.034937
654.278000	-7.019443	-7.037277	-7.038391	-7.035034	-7.047221	-7.022364	-7.027629	-7.047102	-7.067832	-6.974215	-7.025951	-7.014034	-7.053799	-7.052724	-15.004785	-7.034947
666.463000	-7.019438	-7.037288	-7.038387	-7.035030	-7.047209	-7.022346	-7.027624	-7.047113	-7.067836	-6.974213	-7.025959	-7.014038	-7.053824	-7.052732	-15.004895	-7.034936
678.647000	-7.019443	-7.037289	-7.038361	-7.035072	-7.047210	-7.022375	-7.027641	-7.047128	-7.067811	-6.974220	-7.025951	-7.014017	-7.053814	-7.052734	-15.004940	-7.034937
690.824000	-7.019408	-7.037277	-7.038384	-7.035073	-7.047214	-7.022379	-7.027619	-7.047098	-7.067834	-6.974206	-7.025956	-7.014024	-7.053789	-7.052734	-15.004783	-7.034935
703.018000	-7.019438	-7.037274	-7.038376	-7.035072	-7.047241	-7.022364	-7.027628	-7.047082	-7.067839	-6.974220	-7.025962	-7.014018	-7.053815	-7.052740	-15.004852	-7.034918
715.202000	-7.019434	-7.037265	-7.038378	-7.035061	-7.047226	-7.022375	-7.027621	-7.047107	-7.067827	-6.974198	-7.025968	-7.014014	-7.053808	-7.052737	-15.004830	-7.034948
727.408000	-7.019425	-7.037283	-7.038349	-7.035036	-7.047233	-7.022368	-7.027630	-7.047102	-7.067815	-6.974167	-7.025976	-7.014020	-7.053805	-7.052733	-15.004670	-7.034944
739.593000	-7.019418	-7.037262	-7.038354	-7.035048	-7.047229	-7.022343	-7.027646	-7.047085	-7.067802	-6.974217	-7.025951	-7.014033	-7.053813	-7.052724	-15.004898	-7.034937
751.769000	-7.019440	-7.037281	-7.038363	-7.035053	-7.047223	-7.022354	-7.027645	-7.047103	-7.067814	-6.974200	-7.025966	-7.014020	-7.053820	-7.052733	-15.004775	-7.034928
763.970000	-7.019442	-7.037273	-7.038356	-7.035057	-7.047210	-7.022380	-7.027649	-7.047120	-7.067796	-6.974224	-7.025975	-7.014016	-7.053811	-7.052731	-15.004975	-7.034928
776.165000	-7.019428	-7.037287	-7.038359	-7.035077	-7.047240	-7.022387	-7.027645	-7.047103	-7.067804	-6.974199	-7.025988	-7.014022	-7.053800	-7.052745	-15.005096	-7.034926
788.371000	-7.019433	-7.037281	-7.038349	-7.035079	-7.047226	-7.022373	-7.027632	-7.047100	-7.067833	-6.974196	-7.025969	-7.014027	-7.053808	-7.052744	-15.005098	-7.034927
800.577000	-7.019432	-7.037306	-7.038377	-7.035064	-7.047230	-7.022362	-7.027634	-7.047131	-7.067820	-6.974198	-7.025964	-7.014024	-7.053804	-7.052751	-15.005040	-7.034949
812.761000	-7.019423	-7.037302	-7.038377	-7.035055	-7.047234	-7.022354	-7.027635	-7.047091	-7.067823	-6.974222	-7.025967	-7.013999	-7.053809	-7.052738	-15.004920	-7.034932
824.949000	-7.019431	-7.037285	-7.038374	-7.035043	-7.047234	-7.022340	-7.027633	-7.047097	-7.067809	-6.974229	-7.025977	-7.013986	-7.053819	-7.052739	-15.004849	-7.034925
837.132000	-7.019444	-7.037259	-7.038391	-7.035052	-7.047223	-7.022342	-7.027629	-7.047098	-7.067808	-6.974216	-7.025965	-7.014018	-7.053807	-7.052723	-15.004854	-7.034941
849.306000	-7.019441	-7.037267	-7.038383	-7.035061	-7.047218	-7.022358	-7.027634	-7.047111	-7.067818	-6.974212	-7.025961	-7.014007	-7.053826	-7.052744	-15.004795	-7.034909
861.509000	-7.019438	-7.037293	-7.038392	-7.035053	-7.047237	-7.022360	-7.027643	-7.047091	-7.067816	-6.974200	-7.025966	-7.013985	-7.053837	-7.052732	-15.004895	-7.034906
873.693000	-7.019426	-7.037279	-7.038381	-7.035063	-7.047230	-7.022367	-7.027618	-7.047094	-7.067805	-6.974212	-7.025956	-7.014005	-7.053803	-7.052734	-15.005023	-7.034909
885.880000	-7.019448	-7.037269	-7.038386	-7.035044	-7.047237	-7.022361	-7.027629	-7.047067	-7.067821	-6.974205	-7.025955	-7.014012	-7.053829	-7.052730	-15.004927	-7.034935
898.061000	-7.019434	-7.037279	-7.038378	-7.035054	-7.047234	-7.022331	-7.027656	-7.047069	-7.067809	-6.974224	-7.025972	-7.014007	-7.053799	-7.052719	-15.005007	-7.034934
910.236000	-7.019444	-7.037273	-7.038372	-7.035065	-7.047230	-7.022356	-7.027647	-7.047088	-7.067789	-6.974225	-7.025974	-7.013989	-7.053822	-7.052742	-15.005129	-7.034948
922.426000	-7.019434	-7.037292	-7.038374	-7.035031	-7.047230	-7.022361	-7.027642	-7.047079	-7.067800	-6.974214	-7.025971	-7.013987	-7.053834	-7.052726	-15.005059	-7.034927
934.636000	-7.019442	-7.037277	-7.038384	-7.035044	-7.047242	-7.022370	-7.027622	-7.047074	-7.067803	-6.974249	-7.025969	-7.013998	-7.053838	-7.052719	-15.005110	-7.034921
946.826000	-7.019425	-7.037266	-7.038352	-7.035045	-7.047216	-7.022358	-7.027625	-7.047074	-7.067783	-6.974232	-7.025971	-7.014024	-7.053825	-7.052721	-15.005040	-7.034936
959.007000	-7.019429	-7.037269	-7.038364	-7.035052	-7.047240	-7.022372	-7.027636	-7.047078	-7.067804	-6.974213	-7.025945	-7.013994	-7.053826	-7.052726	-15.005009	-7.034912
971.214000	-7.019425	-7.037255	-7.038349	-7.035046	-7.047229	-7.022361	-7.027651	-7.047065	-7.067807	-6.974202	-7.025957	-7.014011	-7.053826	-7.052718	-15.004947	-7.034914
983.413000	-7.019413	-7.037232	-7.038389	-7.035035	-7.047236	-7.022343	-7.027634	-7.047053	-7.067802	-6.974222	-7.025967	-7.014014	-7.053822	-7.052723	-15.004924	-7.034920
995.605000	-7.019453	-7.037254	-7.038361	-7.035026	-7.047213	-7.022323	-7.027645	-7.047065	-7.067805	-6.974221	-7.025961	-7.014009	-7.053826	-7.052736	-15.004920	-7.034897
1007.799000	-7.019437	-7.037263	-7.038346	-7.035051	-7.047242	-7.022338	-7.027617	-7.047051	-7.067808	-6.974217	-7.025971	-7.013995	-7.053818	-7.052730	-15.004981	-7.034913
1019.977000	-7.019430	-7.037289	-7.038343	-7.035028	-7.047240	-7.022354	-7.027608	-7.047059	-7.067804	-6.974202	-7.026006	-7.014016	-7.053802	-7.052729	-15.004993	-7.034907
1032.187000	-7.019424	-7.037266	-7.038364	-7.035044	-7.047214	-7.022339	-7.027620	-7.047037	-7.067809	-6.974237	-7.025969	-7.014020	-7.053799	-7.052722	-15.004970	-7.034944
1044.365000	-7.019418	-7.037269	-7.038365	-7.035020	-7.047208	-7.022327	-7.027622	-7.047048	-7.067800	-6.974201	-7.025962	-7.014006	-7.053811	-7.052696	-15.005077	-7.034919
1056.559000	-7.019406	-7.037272	-7.038362	-7.035032	-7.047224	-7.022344	-7.027616	-7.047076	-7.067802	-6.974222	-7.025965	-7.014003	-7.053831	-7.052723	-15.005048	-7.034914
1068.745000	-7.019412	-7.037271	-7.038347	-7.035044	-7.047213	-7.022345	-7.027621	-7.047046	-7.067816	-6.974236	-7.025965	-7.014009	-7.053802	-7.052708	-15.004873	-7.034941
1080.960000	-7.019393	-7.037270	-7.038331	-7.035029	-7.047229	-7.022334	-7.027610	-7.047037	-7.067815	-6.974227	-7.025969	-7.014000	-7.053813	-7.052716	-15.005003	-7.034942
1093.160000	-7.019425	-7.037258	-7.038355	-7.035022	-7.047214	-7.022325	-7.027618	-7.047034	-7.067783	-6.974229	-7.025981	-7.014001	-7.053814	-7.052716	-15.004991	-7.034932
1105.341000	-7.019424	-7.037264	-7.038346	-7.035026	-7.047226	-7.022334	-7.027599	-7.047035	-7.067796	-6.974233	-7.025959	-7.014002	-7.053806	-7.052721	-15.004908	-7.034921
1117.531000	-7.019422	-7.037262	-7.038360	-7.035029	-7.047206	-7.022340	-7.027611	-7.047079	-7.067779	-6.974220	-7.025943	-7.014002	-7.053796	-7.052732	-15.005085	-7.034939
1129.719000	-7.019415	-7.037247	-7.038336	-7.035032	-7.047230	-7.022333	-7.027612	-7.047061	-7.067793	-6.974226	-7.025984	-7.013998	-7.053789	-7.052734	-15.005022	-7.034950
1141.895000	-7.019420	-7.037249	-7.038357	-7.035031	-7.047219	-7.022304	-7.027633	-7.047068	-7.067781	-6.974219	-7.025983	-7.014009	-7.053796	-7.052721	-15.005035	-7.034960
1154.108000	-7.019416	-7.037240	-7.038362	-7.035036	-7.047220	-7.022330	-7.027639	-7.047055	-7.067803	-6.974192	-7.025978	-7.013993	-7.053792	-7.052736	-15.004964	-7.034945
1166.319000	-7.019385	-7.037264	-7.038361	-7.035029	-7.047250	-7.022302	-7.027612	-7.047074	-7.067797	-6.974215	-7.025967	-7.013996	-7.053798	-7.052734	-15.005071	-7.034948
1178.501000	-7.019416	-7.037258	-7.038364	-7.035029	-7.047227	-7.022313	-7.027633	-7.047043	-7.067802	-6.974232	-7.025978	-7.013999	-7.053798	-7.052753	-15.004813	-7.034949
1190.672000	-7.019410	-7.037256	-7.038362	-7.035043	-7.047224	-7.022285	-7.027638	-7.047053	-7.067770	-6.974219	-7.025950	-7.013968	-7.053776	-7.052748	-15.004842	-7.034939
1202.873000	-7.019434	-7.037233	-7.038361	-7.035025	-7.047224	-7.022291	-7.027621	-7.047075	-7.067781	-6.974240	-7.025947	-7.014010	-7.053794	-7.052732	-15.004970	-7.034924
1215.061000	-7.019410	-7.037238	-7.038354	-7.035024	-7.047209	-7.022299	-7.027621	-7.047057	-7.067776	-6.974231	-7.025947	-7.013999	-7.053787	-7.052732	-15.004860	-7.034927
1227.242000	-7.019418	-7.037234	-7.038329	-7.035026	-7.047206	-7.022296	-7.027632	-7.047061	-7.067791	-6.974227	-7.025969	-7.013989	-7.053796	-7.052736	-15.004968	-7.034944
1239.425000	-7.019417	-7.037250	-7.038351	-7.035036	-7.047233	-7.022323	-7.027623	-7.047076	-7.067774	-6.974222	-7.025969	-7.014010	-7.053784	-7.052729	-15.004885	-7.034925
1251.617000	-7.019415	-7.037249	-7.038362	-7.035027	-7.047238	-7.022295	-7.027626	-7.047046	-7.067782	-6.974225	-7.025950	-7.014007	-7.053802	-7.052733	-15.004950	-7.034921
1263.814000	-7.019415	-7.037247	-7.038329	-7.035031	-7.047206	-7.022301	-7.027596	-7.047060	-7.067793	-6.974212	-7.025977	-7.013975	-7.053789	-7.052741	-15.004854	-7.034943
1276.006000	-7.019393	-7.037239	-7.038349	-7.035015	-7.047282	-7.022520	-7.027688	-7.047110	-7.068331	-6.974352	-7.026054	-7.013876	-7.053804	-7.052743	-15.005092	-7.034728
1288.188000	-7.019533	-7.037863	-7.038781	-7.035204	-7.047652	-7.022923	-7.027911	-7.047244	-7.068583	-6.974477	-7.026274	-7.014179	-7.053944	-7.052948	-15.004904	-7.035020
1300.373000	-7.019633	-7.038256	-7.039032	-7.035434	-7.047845	-7.023342	-7.028504	-7.047573	-7.069028	-6.974658	-7.026547	-7.014413	-7.054118	-7.053188	-15.004865	-7.035238
1312.540000	-7.019787	-7.038562	-7.039302	-7.035688	-7.048060	-7.023781	-7.029071	-7.047898	-7.069421	-6.974849	-7.026764	-7.014599	-7.054294	-7.053378	-15.004887	-7.035445
1324.721000	-7.019905	-7.038831	-7.039483	-7.035914	-7.048252	-7.024097	-7.029557	-7.048133	-7.069704	-6.975020	-7.026973	-7.014788	-7.054465	-7.053561	-15.004722	-7.035613
1336.926000	-7.020014	-7.039054	-7.039696	-7.036082	-7.048441	-7.024373	-7.029906	-7.048357	-7.069900	-6.975154	-7.027118	-7.014876	-7.054583	-7.053684	-15.004957	-7.035736
1349.130000	-7.020092	-7.039250	-7.039817	-7.036231	-7.048560	-7.024572	-7.030193	-7.048501	-7.070064	-6.975260	-7.027235	-7.014973	-7.054690	-7.053770	-15.004687	-7.035814
1361.312000	-7.020163	-7.039385	-7.039918	-7.036344	-7.048646	-7.024707	-7.030370	-7.048613	-7.070134	-6.975328	-7.027292	-7.015003	-7.054780	-7.053869	-15.004628	-7.035860
1373.502000	-7.020218	-7.039491	-7.040000	-7.036442	-7.048739	-7.024829	-7.030517	-7.048691	-7.070215	-6.975447	-7.027353	-7.015025	-7.054819	-7.053909	-15.004909	-7.035898
1385.698000	-7.020262	-7.039592	-7.040055	-7.036505	-7.048788	-7.024936	-7.030648	-7.048753	-7.070293	-6.975496	-7.027426	-7.015085	-7.054869	-7.053981	-15.004773	-7.035942
1397.913000	-7.020300	-7.039667	-7.040097	-7.036563	-7.048857	-7.025018	-7.030713	-7.048817	-7.070342	-6.975521	-7.027435	-7.015117	-7.054902	-7.054035	-15.004681	-7.035959
1410.113000	-7.020321	-7.039737	-7.040158	-7.036632	-7.048865	-7.025108	-7.030777	-7.048835	-7.070369	-6.975534	-7.027508	-7.015151	-7.054925	-7.054073	-15.004625	-7.035981
1422.307000	-7.020332	-7.039793	-7.040173	-7.036654	-7.048902	-7.025173	-7.030809	-7.048869	-7.070416	-6.975568	-7.027503	-7.015155	-7.054936	-7.054088	-15.004734	-7.035979
1434.515000	-7.020352	-7.039826	-7.040182	-7.036691	-7.048938	-7.025295	-7.030857	-7.048891	-7.070439	-6.975587	-7.027541	-7.015167	-7.054973	-7.054103	-15.004737	-7.036013
1446.731000	-7.020354	-7.039857	-7.040169	-7.036706	-7.048952	-7.025433	-7.030876	-7.048879	-7.070466	-6.975577	-7.027550	-7.015197	-7.054955	-7.054132	-15.004676	-7.036029
1458.923000	-7.020321	-7.039886	-7.040182	-7.036719	-7.048964	-7.025481	-7.030899	-7.048889	-7.070475	-6.975572	-7.027558	-7.015200	-7.054950	-7.054153	-15.004938	-7.036042
1471.133000	-7.020339	-7.039898	-7.040210	-7.036714	-7.048967	-7.025629	-7.030918	-7.048905	-7.070482	-6.975572	-7.027590	-7.015200	-7.054958	-7.054155	-15.004851	-7.036036
1483.323000	-7.020319	-7.039906	-7.040202	-7.036719	-7.048962	-7.025706	-7.030920	-7.048925	-7.070505	-6.975547	-7.027601	-7.015200	-7.054965	-7.054171	-15.004783	-7.036068
1495.530000	-7.020311	-7.039915	-7.040239	-7.036722	-7.048971	-7.025774	-7.030948	-7.048926	-7.070507	-6.975525	-7.027595	-7.015216	-7.054967	-7.054167	-15.004735	-7.036051
1507.745000	-7.020274	-7.039926	-7.040262	-7.036744	-7.048995	-7.025834	-7.030939	-7.048925	-7.070517	-6.975507	-7.027609	-7.015200	-7.054956	-7.054192	-15.004877	-7.036048
1519.950000	-7.020252	-7.039932	-7.040244	-7.036725	-7.048997	-7.025925	-7.030946	-7.048912	-7.070536	-6.975478	-7.027598	-7.015215	-7.054950	-7.054201	-15.004678	-7.036057
1532.135000	-7.020216	-7.039935	-7.040245	-7.036749	-7.048998	-7.025970	-7.030955	-7.048910	-7.070554	-6.975460	-7.027615	-7.015207	-7.054935	-7.054221	-15.004590	-7.036061
1544.341000	-7.020172	-7.039942	-7.040253	-7.036742	-7.049022	-7.026010	-7.030965	-7.048910	-7.070532	-6.975448	-7.027608	-7.015248	-7.054916	-7.054207	-15.004718	-7.036057
1556.524000	-7.020118	-7.039962	-7.040250	-7.036751	-7.049004	-7.026074	-7.030972	-7.048921	-7.070559	-6.975397	-7.027607	-7.015246	-7.054900	-7.054210	-15.004576	-7.036065
1568.752000	-7.020076	-7.039982	-7.040266	-7.036761	-7.049014	-7.026118	-7.030978	-7.048908	-7.070554	-6.975361	-7.027628	-7.015255	-7.054906	-7.054223	-15.004556	-7.036052
1580.928000	-7.020046	-7.039977	-7.040262	-7.036764	-7.049016	-7.026170	-7.030957	-7.048908	-7.070550	-6.975319	-7.027634	-7.015232	-7.054859	-7.054235	-15.004462	-7.036057
1593.129000	-7.020019	-7.039996	-7.040275	-7.036761	-7.049005	-7.026189	-7.030957	-7.048880	-7.070549	-6.975289	-7.027637	-7.015243	-7.054872	-7.054208	-15.004569	-7.036036
1605.302000	-7.019982	-7.039981	-7.040266	-7.036752	-7.049016	-7.026251	-7.030955	-7.048866	-7.070559	-6.975254	-7.027635	-7.015234	-7.054899	-7.054241	-15.004593	-7.036037
1617.487000	-7.019961	-7.039992	-7.040268	-7.036759	-7.049019	-7.026261	-7.030960	-7.048881	-7.070543	-6.975224	-7.027640	-7.015234	-7.054857	-7.054257	-15.004632	-7.036037
1629.667000	-7.019945	-7.040005	-7.040255	-7.036751	-7.049022	-7.026286	-7.030968	-7.048854	-7.070569	-6.975206	-7.027647	-7.015208	-7.054836	-7.054261	-15.004425	-7.036051
1641.848000	-7.019905	-7.039992	-7.040260	-7.036755	-7.049034	-7.026330	-7.030978	-7.048854	-7.070576	-6.975173	-7.027652	-7.015250	-7.054821	-7.054239	-15.004422	-7.036047
1654.032000	-7.019888	-7.039994	-7.040273	-7.036788	-7.049014	-7.026358	-7.030966	-7.048850	-7.070579	-6.975131	-7.027636	-7.015251	-7.054793	-7.054241	-15.004532	-7.036044
1666.206000	-7.019852	-7.040010	-7.040276	-7.036788	-7.049022	-7.026357	-7.030977	-7.048862	-7.070571	-6.975114	-7.027639	-7.015235	-7.054769	-7.054260	-15.004555	-7.036039
1678.397000	-7.019842	-7.039996	-7.040266	-7.036778	-7.049031	-7.026430	-7.030971	-7.048861	-7.070580	-6.975104	-7.027642	-7.015251	-7.054737	-7.054260	-15.004632	-7.036036
1690.581000	-7.019829	-7.040016	-7.040273	-7.036764	-7.049028	-7.026450	-7.030966	-7.048858	-7.070574	-6.975047	-7.027644	-7.015240	-7.054706	-7.054287	-15.004442	-7.036042
1702.792000	-7.019832	-7.040001	-7.040288	-7.036760	-7.049026	-7.026447	-7.030971	-7.048833	-7.070586	-6.975043	-7.027668	-7.015214	-7.054702	-7.054283	-15.004636	-7.036022
1714.994000	-7.019813	-7.040010	-7.040293	-7.036773	-7.049057	-7.026466	-7.030986	-7.048861	-7.070583	-6.975014	-7.027642	-7.015241	-7.054685	-7.054278	-15.004627	-7.036012
1727.180000	-7.019797	-7.040018	-7.040272	-7.036738	-7.049029	-7.026523	-7.030981	-7.048851	-7.070579	-6.974992	-7.027658	-7.015226	-7.054646	-7.054261	-15.004757	-7.035995
1739.362000	-7.019758	-7.039999	-7.040285	-7.036789	-7.049060	-7.026512	-7.030967	-7.048840	-7.070577	-6.974988	-7.027674	-7.015267	-7.054627	-7.054263	-15.004609	-7.035994
1751.540000	-7.019761	-7.040009	-7.040299	-7.036759	-7.049036	-7.026486	-7.030961	-7.048825	-7.070603	-6.974971	-7.027666	-7.015260	-7.054595	-7.054266	-15.004498	-7.035990
1763.740000	-7.019749	-7.040008	-7.040291	-7.036768	-7.049032	-7.026565	-7.030968	-7.048830	-7.070613	-6.974955	-7.027668	-7.015234	-7.054580	-7.054250	-15.004666	-7.035989
1775.940000	-7.019741	-7.040026	-7.040294	-7.036759	-7.049019	-7.026572	-7.030973	-7.048841	-7.070608	-6.974928	-7.027652	-7.015248	-7.054543	-7.054262	-15.004704	-7.035986
1788.110000	-7.019730	-7.040026	-7.040287	-7.036768	-7.049026	-7.026581	-7.030969	-7.048823	-7.070602	-6.974920	-7.027657	-7.015239	-7.054527	-7.054282	-15.004534	-7.035975
1800.300000	-7.019694	-7.040025	-7.040288	-7.036774	-7.049016	-7.026587	-7.030978	-7.048809	-7.070615	-6.974903	-7.027666	-7.015238	-7.054515	-7.054288	-15.004656	-7.035970
1812.511000	-7.019695	-7.040015	-7.040290	-7.036763	-7.049022	-7.026584	-7.030964	-7.048810	-7.070610	-6.974892	-7.027667	-7.015237	-7.054488	-7.054278	-15.004535	-7.035973
1824.729000	-7.019683	-7.040030	-7.040291	-7.036758	-7.049009	-7.026611	-7.030967	-7.048800	-7.070609	-6.974869	-7.027672	-7.015227	-7.054481	-7.054269	-15.004538	-7.035938
1836.913000	-7.019695	-7.040031	-7.040290	-7.036764	-7.049021	-7.026616	-7.030985	-7.048801	-7.070599	-6.974883	-7.027679	-7.015229	-7.054463	-7.054275	-15.004401	-7.035951
1849.102000	-7.019674	-7.040028	-7.040296	-7.036786	-7.049032	-7.026651	-7.031002	-7.048792	-7.070594	-6.974860	-7.027684	-7.015230	-7.054457	-7.054279	-15.004533	-7.035933
1861.276000	-7.019665	-7.040045	-7.040297	-7.036760	-7.049008	-7.026683	-7.031007	-7.048771	-7.070594	-6.974834	-7.027654	-7.015220	-7.054425	-7.054269	-15.004429	-7.035931
1873.448000	-7.019654	-7.040041	-7.040282	-7.036775	-7.049019	-7.026677	-7.030991	-7.048767	-7.070603	-6.974839	-7.027664	-7.015232	-7.054408	-7.054273	-15.004664	-7.035930
1885.642000	-7.019654	-7.040033	-7.040288	-7.036768	-7.049027	-7.026681	-7.031022	-7.048743	-7.070591	-6.974816	-7.027665	-7.015241	-7.054416	-7.054283	-15.004504	-7.035938
1897.847000	-7.019623	-7.040037	-7.040290	-7.036787	-7.049033	-7.026679	-7.031015	-7.048744	-7.070592	-6.974816	-7.027665	-7.015232	-7.054389	-7.054282	-15.004493	-7.035903
1910.055000	-7.019634	-7.040024	-7.040287	-7.036798	-7.049042	-7.026721	-7.031004	-7.048755	-7.070602	-6.974804	-7.027667	-7.015231	-7.054380	-7.054286	-15.004538	-7.035916
1922.239000	-7.019629	-7.040041	-7.040276	-7.036784	-7.049046	-7.026704	-7.031008	-7.048716	-7.070596	-6.974793	-7.027679	-7.015234	-7.054368	-7.054286	-15.004500	-7.035917
1934.416000	-7.019635	-7.040039	-7.040270	-7.036787	-7.049044	-7.026714	-7.031004	-7.048717	-7.070615	-6.974796	-7.027668	-7.015223	-7.054357	-7.054277	-15.004514	-7.035919
1946.606000	-7.019611	-7.040055	-7.040286	-7.036785	-7.049027	-7.026724	-7.031007	-7.048696	-7.070605	-6.974775	-7.027672	-7.015222	-7.054335	-7.054267	-15.004589	-7.035896
1958.827000	-7.019592	-7.040054	-7.040291	-7.036777	-7.049036	-7.026736	-7.031008	-7.048705	-7.070604	-6.974745	-7.027690	-7.015215	-7.054323	-7.054284	-15.004811	-7.035888
1971.027000	-7.019614	-7.040067	-7.040304	-7.036788	-7.049026	-7.026747	-7.031010	-7.048689	-7.070602	-6.974750	-7.027694	-7.015219	-7.054327	-7.054286	-15.004694	-7.035870
1983.218000	-7.019597	-7.040050	-7.040297	-7.036785	-7.049040	-7.026758	-7.031017	-7.048690	-7.070605	-6.974737	-7.027665	-7.015221	-7.054295	-7.054272	-15.004577	-7.035873
1995.417000	-7.019581	-7.040066	-7.040268	-7.036771	-7.049046	-7.026761	-7.031012	-7.048679	-7.070602	-6.974738	-7.027666	-7.015200	-7.054278	-7.054290	-15.004435	-7.035863
2007.600000	-7.019579	-7.040057	-7.040300	-7.036794	-7.049037	-7.026772	-7.031025	-7.048665	-7.070630	-6.974693	-7.027655	-7.015220	-7.054268	-7.054307	-15.004736	-7.035854
2019.795000	-7.019555	-7.040054	-7.040288	-7.036781	-7.049041	-7.026772	-7.031015	-7.048664	-7.070634	-6.974713	-7.027678	-7.015206	-7.054270	-7.054301	-15.004683	-7.035839
2031.999000	-7.019564	-7.040067	-7.040292	-7.036785	-7.049057	-7.026805	-7.031020	-7.048687	-7.070600	-6.974699	-7.027704	-7.015244	-7.054257	-7.054293	-15.004500	-7.035847
2044.189000	-7.019565	-7.040056	-7.040279	-7.036785	-7.049041	-7.026817	-7.031025	-7.048649	-7.070606	-6.974714	-7.027694	-7.015229	-7.054243	-7.054299	-15.004615	-7.035844
2056.416000	-7.019548	-7.040053	-7.040304	-7.036799	-7.049051	-7.026817	-7.031028	-7.048651	-7.070637	-6.974701	-7.027684	-7.015234	-7.054223	-7.054306	-15.004502	-7.035830
2068.609000	-7.019542	-7.040048	-7.040257	-7.036795	-7.049036	-7.026840	-7.031012	-7.048641	-7.070608	-6.974690	-7.027699	-7.015224	-7.054234	-7.054295	-15.004597	-7.035827
2080.790000	-7.019550	-7.040069	-7.040300	-7.036772	-7.049040	-7.026808	-7.031007	-7.048628	-7.070615	-6.974685	-7.027684	-7.015242	-7.054217	-7.054319	-15.004600	-7.035823
2092.991000	-7.019549	-7.040060	-7.040307	-7.036774	-7.049041	-7.026838	-7.031014	-7.048651	-7.070621	-6.974692	-7.027690	-7.015216	-7.054204	-7.054314	-15.004532	-7.035832
2105.176000	-7.019535	-7.040062	-7.040298	-7.036791	-7.049052	-7.026829	-7.031025	-7.048622	-7.070636	-6.974701	-7.027679	-7.015221	-7.054198	-7.054284	-15.004602	-7.035822
2117.373000	-7.019514	-7.040062	-7.040293	-7.036799	-7.049043	-7.026842	-7.031022	-7.048629	-7.070605	-6.974686	-7.027677	-7.015225	-7.054172	-7.054297	-15.004576	-7.035837
2129.593000	-7.019518	-7.040064	-7.040321	-7.036788	-7.049043	-7.026826	-7.030999	-7.048632	-7.070620	-6.974667	-7.027686	-7.015204	-7.054159	-7.054310	-15.004583	-7.035811
2141.805000	-7.019519	-7.040057	-7.040304	-7.036812	-7.049037	-7.026868	-7.031015	-7.048613	-7.070641	-6.974671	-7.027687	-7.015235	-7.054153	-7.054320	-15.004627	-7.035794
2154.009000	-7.019529	-7.040058	-7.040303	-7.036772	-7.049049	-7.026832	-7.031008	-7.048611	-7.070619	-6.974656	-7.027679	-7.015232	-7.054173	-7.054326	-15.004608	-7.035834
2166.203000	-7.019514	-7.040032	-7.040280	-7.036800	-7.049039	-7.026884	-7.030989	-7.048619	-7.070618	-6.974622	-7.027668	-7.015255	-7.054159	-7.054313	-15.004725	-7.035812
2178.392000	-7.019500	-7.040053	-7.040322	-7.036794	-7.049045	-7.026881	-7.031011	-7.048619	-7.070622	-6.974632	-7.027700	-7.015240	-7.054151	-7.054298	-15.004669	-7.035809
2190.587000	-7.019514	-7.040030	-7.040286	-7.036801	-7.049018	-7.026829	-7.031013	-7.048614	-7.070543	-6.974649	-7.027678	-7.015272	-7.054203	-7.054324	-15.004610	-7.035924
2202.767000	-7.019545	-7.039935	-7.040213	-7.036765	-7.048960	-7.026450	-7.031002	-7.048857	-7.070370	-6.974921	-7.027561	-7.015280	-7.054507	-7.054235	-15.004880	-7.036119
2214.991000	-7.019832	-7.039790	-7.040124	-7.036717	-7.048891	-7.025797	-7.030839	-7.048912	-7.070185	-6.975482	-7.027459	-7.015160	-7.054936	-7.054124	-15.004762	-7.036038
2227.196000	-7.020270	-7.039648	-7.039983	-7.036604	-7.048766	-7.025090	-7.030556	-7.048758	-7.069967	-6.975429	-7.027324	-7.015038	-7.054892	-7.053977	-15.004889	-7.035900
2239.409000	-7.020303	-7.039489	-7.039861	-7.036509	-7.048648	-7.024702	-7.030333	-7.048628	-7.069805	-6.975321	-7.027215	-7.014945	-7.054872	-7.053894	-15.004636	-7.035832
2251.626000	-7.020256	-7.039380	-7.039793	-7.036379	-7.048590	-7.024552	-7.030161	-7.048549	-7.069738	-6.975254	-7.027156	-7.014897	-7.054812	-7.053850	-15.004752	-7.035781
2263.826000	-7.020233	-7.039311	-7.039762	-7.036302	-7.048523	-7.024397	-7.030030	-7.048499	-7.069677	-6.975217	-7.027127	-7.014859	-7.054748	-7.053797	-15.004802	-7.035752
2276.026000	-7.020211	-7.039223	-7.039742	-7.036247	-7.048476	-7.024362	-7.029947	-7.048428	-7.069656	-6.975154	-7.027091	-7.014852	-7.054709	-7.053744	-15.004811	-7.035732
2288.201000	-7.020161	-7.039179	-7.039713	-7.036225	-7.048443	-7.024334	-7.029866	-7.048412	-7.069600	-6.975143	-7.027056	-7.014824	-7.054671	-7.053719	-15.004783	-7.035692
2300.418000	-7.020146	-7.039156	-7.039696	-7.036190	-7.048414	-7.024303	-7.029795	-7.048391	-7.069572	-6.975151	-7.027050	-7.014815	-7.054652	-7.053708	-15.004720	-7.035709
2312.582000	-7.020141	-7.039110	-7.039647	-7.036164	-7.048397	-7.024265	-7.029774	-7.048359	-7.069569	-6.975119	-7.027050	-7.014802	-7.054658	-7.053684	-15.004837	-7.035700
2324.777000	-7.020106	-7.039098	-7.039639	-7.036148	-7.048387	-7.024249	-7.029763	-7.048334	-7.069553	-6.975125	-7.027029	-7.014815	-7.054646	-7.053677	-15.004647	-7.035686
2336.988000	-7.020098	-7.039099	-7.039629	-7.036142	-7.048365	-7.024223	-7.029734	-7.048324	-7.069553	-6.975094	-7.027028	-7.014801	-7.054654	-7.053659	-15.004863	-7.035646
2349.173000	-7.020099	-7.039068	-7.039628	-7.036134	-7.048364	-7.024233	-7.029720	-7.048340	-7.069555	-6.975096	-7.027025	-7.014790	-7.054637	-7.053674	-15.004832	-7.035641
2361.357000	-7.020101	-7.039055	-7.039621	-7.036149	-7.048354	-7.024204	-7.029726	-7.048329	-7.069520	-6.975093	-7.027026	-7.014793	-7.054643	-7.053662	-15.004861	-7.035653
2373.565000	-7.020073	-7.039048	-7.039576	-7.036128	-7.048351	-7.024214	-7.029709	-7.048318	-7.069523	-6.975078	-7.027013	-7.014777	-7.054640	-7.053632	-15.004703	-7.035664
2385.758000	-7.020088	-7.039045	-7.039584	-7.036124	-7.048350	-7.024182	-7.029690	-7.048327	-7.069526	-6.975080	-7.026999	-7.014782	-7.054649	-7.053626	-15.004603	-7.035654
2397.951000	-7.020085	-7.039025	-7.039585	-7.036118	-7.048348	-7.024195	-7.029691	-7.048305	-7.069523	-6.975079	-7.027011	-7.014761	-7.054624	-7.053636	-15.004873	-7.035655
2410.131000	-7.020056	-7.039009	-7.039604	-7.036112	-7.048354	-7.024180	-7.029676	-7.048306	-7.069527	-6.975063	-7.027023	-7.014762	-7.054603	-7.053640	-15.004697	-7.035657
2422.330000	-7.020074	-7.039021	-7.039572	-7.036100	-7.048358	-7.024174	-7.029687	-7.048303	-7.069515	-6.975076	-7.027003	-7.014771	-7.054621	-7.053634	-15.004648	-7.035649
2434.519000	-7.020064	-7.039015	-7.039615	-7.036112	-7.048342	-7.024162	-7.029677	-7.048275	-7.069515	-6.975055	-7.027003	-7.014765	-7.054626	-7.053635	-15.004594	-7.035645
2446.716000	-7.020067	-7.038999	-7.039584	-7.036097	-7.048353	-7.024150	-7.029684	-7.048292	-7.069505	-6.975089	-7.026987	-7.014758	-7.054605	-7.053631	-15.004744	-7.035650
2458.951000	-7.020074	-7.039007	-7.039576	-7.036108	-7.048346	-7.024148	-7.029701	-7.048298	-7.069519	-6.975088	-7.026977	-7.014767	-7.054599	-7.053619	-15.004725	-7.035651
2471.145000	-7.020069	-7.039005	-7.039563	-7.036102	-7.048339	-7.024158	-7.029675	-7.048287	-7.069491	-6.975087	-7.026984	-7.014724	-7.054618	-7.053626	-15.004556	-7.035632
2483.350000	-7.020061	-7.038979	-7.039577	-7.036088	-7.048350	-7.024142	-7.029691	-7.048268	-7.069510	-6.975085	-7.027001	-7.014751	-7.054638	-7.053613	-15.004597	-7.035653
2495.553000	-7.020064	-7.038998	-7.039569	-7.036077	-7.048349	-7.024175	-7.029678	-7.048271	-7.069501	-6.975073	-7.026990	-7.014748	-7.054612	-7.053619	-15.004662	-7.035653
2507.732000	-7.020076	-7.038998	-7.039586	-7.036088	-7.048338	-7.024137	-7.029676	-7.048265	-7.069502	-6.975075	-7.026988	-7.014757	-7.054618	-7.053613	-15.004676	-7.035655
2519.915000	-7.020096	-7.039011	-7.039597	-7.036091	-7.048340	-7.024155	-7.029666	-7.048314	-7.069481	-6.975082	-7.026975	-7.014747	-7.054594	-7.053645	-15.004760	-7.035649
2532.129000	-7.020079	-7.038988	-7.039583	-7.036100	-7.048344	-7.024156	-7.029671	-7.048299	-7.069496	-6.975052	-7.026954	-7.014739	-7.054632	-7.053639	-15.004823	-7.035658
2544.348000	-7.020063	-7.038989	-7.039575	-7.036106	-7.048335	-7.024127	-7.029677	-7.048284	-7.069483	-6.975060	-7.026965	-7.014751	-7.054595	-7.053632	-15.004812	-7.035671
2556.540000	-7.020059	-7.038988	-7.039586	-7.036074	-7.048342	-7.024139	-7.029678	-7.048295	-7.069494	-6.975060	-7.026957	-7.014753	-7.054616	-7.053641	-15.004917	-7.035677
2568.736000	-7.020099	-7.038992	-7.039571	-7.036102	-7.048327	-7.024166	-7.029668	-7.048295	-7.069503	-6.975074	-7.026959	-7.014770	-7.054620	-7.053631	-15.004893	-7.035643
2580.935000	-7.020065	-7.038995	-7.039577	-7.036078	-7.048346	-7.024142	-7.029687	-7.048307	-7.069512	-6.975091	-7.026950	-7.014766	-7.054598	-7.053620	-15.004795	-7.035649
2593.142000	-7.020067	-7.038993	-7.039586	-7.036063	-7.048335	-7.024122	-7.029675	-7.048283	-7.069502	-6.975069	-7.026956	-7.014763	-7.054598	-7.053630	-15.004935	-7.035652
2605.385000	-7.020058	-7.038978	-7.039573	-7.036061	-7.048332	-7.024108	-7.029676	-7.048285	-7.069491	-6.975077	-7.026959	-7.014739	-7.054608	-7.053606	-15.004891	-7.035652
2617.578000	-7.020058	-7.038990	-7.039580	-7.036092	-7.048352	-7.024126	-7.029681	-7.048300	-7.069489	-6.975062	-7.026958	-7.014781	-7.054613	-7.053629	-15.004869	-7.035636
2629.771000	-7.020053	-7.038993	-7.039593	-7.036075	-7.048332	-7.024117	-7.029678	-7.048269	-7.069507	-6.975049	-7.026971	-7.014745	-7.054600	-7.053626	-15.004733	-7.035650
2641.982000	-7.020038	-7.038973	-7.039604	-7.036078	-7.048336	-7.024125	-7.029672	-7.048276	-7.069491	-6.975074	-7.026958	-7.014771	-7.054595	-7.053627	-15.004886	-7.035647
2654.186000	-7.020057	-7.038990	-7.039560	-7.036063	-7.048342	-7.024128	-7.029647	-7.048283	-7.069475	-6.975042	-7.026968	-7.014761	-7.054595	-7.053647	-15.004695	-7.035620
2666.383000	-7.020054	-7.038971	-7.039581	-7.036076	-7.048344	-7.024142	-7.029668	-7.048285	-7.069500	-6.975066	-7.026974	-7.014754	-7.054595	-7.053638	-15.004662	-7.035632
2678.559000	-7.020062	-7.038987	-7.039550	-7.036090	-7.048353	-7.024132	-7.029678	-7.048304	-7.069484	-6.975067	-7.026970	-7.014748	-7.054598	-7.053645	-15.004594	-7.035626
2690.760000	-7.020065	-7.038994	-7.039571	-7.036069	-7.048341	-7.024125	-7.029684	-7.048279	-7.069479	-6.975049	-7.026964	-7.014730	-7.054583	-7.053641	-15.004633	-7.035627
2702.956000	-7.020074	-7.038984	-7.039558	-7.036105	-7.048350	-7.024134	-7.029689	-7.048285	-7.069483	-6.975059	-7.026975	-7.014752	-7.054587	-7.053653	-15.004675	-7.035630
2715.132000	-7.020068	-7.038995	-7.039560	-7.036092	-7.048345	-7.024118	-7.029664	-7.048286	-7.069479	-6.975082	-7.026959	-7.014748	-7.054591	-7.053636	-15.004551	-7.035646
2727.313000	-7.020070	-7.038999	-7.039571	-7.036074	-7.048330	-7.024138	-7.029657	-7.048303	-7.069468	-6.975037	-7.026976	-7.014753	-7.054600	-7.053633	-15.004638	-7.035643
2739.520000	-7.020066	-7.038990	-7.039570	-7.036088	-7.048345	-7.024133	-7.029659	-7.048289	-7.069481	-6.975037	-7.026949	-7.014734	-7.054600	-7.053642	-15.004676	-7.035623
2751.711000	-7.020070	-7.038985	-7.039591	-7.036098	-7.048350	-7.024127	-7.029677	-7.048290	-7.069484	-6.975059	-7.026985	-7.014744	-7.054598	-7.053623	-15.004650	-7.035632
2763.910000	-7.020055	-7.038984	-7.039594	-7.036091	-7.048353	-7.024113	-7.029661	-7.048284	-7.069490	-6.975039	-7.026970	-7.014745	-7.054570	-7.053645	-15.004676	-7.035622
2776.070000	-7.020067	-7.038975	-7.039573	-7.036087	-7.048343	-7.024120	-7.029660	-7.048277	-7.069487	-6.975051	-7.026959	-7.014757	-7.054606	-7.053613	-15.004722	-7.035624
2788.286000	-7.020057	-7.038964	-7.039579	-7.036086	-7.048342	-7.024107	-7.029656	-7.048281	-7.069472	-6.975048	-7.026962	-7.014748	-7.054630	-7.053637	-15.004638	-7.035628
2800.488000	-7.020064	-7.038983	-7.039575	-7.036080	-7.048329	-7.024097	-7.029666	-7.048277	-7.069457	-6.975045	-7.026968	-7.014778	-7.054608	-7.053623	-15.004682	-7.035624
2812.671000	-7.020058	-7.038990	-7.039585	-7.036080	-7.048335	-7.024121	-7.029636	-7.048286	-7.069491	-6.975060	-7.026955	-7.014753	-7.054616	-7.053611	-15.004561	-7.035630
2824.863000	-7.020047	-7.038959	-7.039567	-7.036054	-7.048334	-7.024113	-7.029643	-7.048287	-7.069489	-6.975053	-7.026964	-7.014746	-7.054588	-7.053639	-15.004804	-7.035638
2837.040000	-7.020058	-7.038947	-7.039567	-7.036073	-7.048342	-7.024089	-7.029632	-7.048280	-7.069488	-6.975041	-7.026967	-7.014755	-7.054596	-7.053631	-15.004854	-7.035649
2849.215000	-7.020056	-7.038958	-7.039544	-7.036063	-7.048332	-7.024099	-7.029657	-7.048272	-7.069468	-6.975031	-7.026957	-7.014749	-7.054586	-7.053638	-15.004624	-7.035642
2861.381000	-7.020054	-7.038958	-7.039563	-7.036052	-7.048338	-7.024111	-7.029640	-7.048279	-7.069468	-6.975038	-7.026984	-7.014758	-7.054595	-7.053633	-15.004918	-7.035649
2873.560000	-7.020044	-7.038966	-7.039559	-7.036061	-7.048350	-7.024103	-7.029648	-7.048269	-7.069456	-6.975036	-7.026980	-7.014749	-7.054588	-7.053618	-15.004910	-7.035648
2885.736000	-7.020049	-7.038956	-7.039567	-7.036089	-7.048337	-7.024080	-7.029641	-7.048292	-7.069457	-6.975041	-7.026980	-7.014750	-7.054610	-7.053638	-15.004723	-7.035629
2897.918000	-7.020058	-7.038967	-7.039552	-7.036057	-7.048333	-7.024084	-7.029651	-7.048281	-7.069465	-6.975029	-7.026942	-7.014747	-7.054593	-7.053629	-15.004816	-7.035622
2910.117000	-7.020060	-7.038971	-7.039570	-7.036075	-7.048340	-7.024065	-7.029654	-7.048275	-7.069482	-6.975035	-7.026975	-7.014736	-7.054589	-7.053639	-15.004729	-7.035633
2922.306000	-7.020042	-7.038970	-7.039545	-7.036064	-7.048308	-7.024068	-7.029635	-7.048303	-7.069463	-6.975054	-7.026944	-7.014735	-7.054580	-7.053631	-15.004892	-7.035635
	-7.020050	-7.038970	-7.039566	-7.036075	-7.048329											
