8.171000	-7.044792	-7.199558	-7.048233	-7.170621	-7.059698	-7.058030	-7.039509	-7.031600	-7.054285	-7.037441	-7.034377	-7.031876	-7.186519	-7.035310	-15.003375	-7.046275
20.363000	-7.044818	-7.199463	-7.048221	-7.170561	-7.059676	-7.057982	-7.039490	-7.031580	-7.054211	-7.037436	-7.034467	-7.031843	-7.186526	-7.035281	-15.003369	-7.046221
32.561000	-7.044794	-7.199373	-7.048223	-7.170488	-7.059644	-7.057968	-7.039494	-7.031554	-7.054160	-7.037442	-7.034590	-7.031807	-7.186523	-7.035244	-15.003186	-7.046193
44.763000	-7.044803	-7.199288	-7.048226	-7.170431	-7.059616	-7.057938	-7.039470	-7.031543	-7.054122	-7.037440	-7.034712	-7.031794	-7.186513	-7.035208	-15.003367	-7.046179
56.959000	-7.044793	-7.199229	-7.048218	-7.170385	-7.059606	-7.057912	-7.039439	-7.031520	-7.054099	-7.037409	-7.034840	-7.031772	-7.186503	-7.035214	-15.003534	-7.046157
69.136000	-7.044778	-7.199189	-7.048222	-7.170354	-7.059585	-7.057896	-7.039463	-7.031517	-7.054104	-7.037397	-7.034940	-7.031782	-7.186494	-7.035188	-15.003238	-7.046172
81.306000	-7.044781	-7.199153	-7.048209	-7.170316	-7.059581	-7.057889	-7.039445	-7.031497	-7.054097	-7.037393	-7.035038	-7.031755	-7.186494	-7.035177	-15.003524	-7.046141
93.490000	-7.044789	-7.199138	-7.048201	-7.170298	-7.059556	-7.057899	-7.039449	-7.031491	-7.054076	-7.037389	-7.035102	-7.031764	-7.186478	-7.035204	-15.003520	-7.046150
105.695000	-7.044773	-7.199131	-7.048208	-7.170277	-7.059565	-7.057909	-7.039438	-7.031498	-7.054091	-7.037386	-7.035171	-7.031763	-7.186483	-7.035184	-15.003758	-7.046125
117.893000	-7.044786	-7.199120	-7.048199	-7.170262	-7.059561	-7.057891	-7.039433	-7.031503	-7.054107	-7.037375	-7.035214	-7.031747	-7.186481	-7.035176	-15.003556	-7.046145
130.072000	-7.044778	-7.199112	-7.048211	-7.170245	-7.059550	-7.057904	-7.039445	-7.031513	-7.054095	-7.037382	-7.035265	-7.031749	-7.186489	-7.035199	-15.003779	-7.046142
142.256000	-7.044764	-7.199054	-7.048129	-7.170236	-7.059524	-7.057810	-7.039419	-7.031476	-7.054020	-7.037370	-7.035391	-7.031832	-7.186485	-7.035209	-15.003994	-7.046178
154.482000	-7.044760	-7.198945	-7.048060	-7.170184	-7.059509	-7.057739	-7.039380	-7.031436	-7.053888	-7.037266	-7.035810	-7.031820	-7.186412	-7.035180	-15.004035	-7.046126
166.697000	-7.044738	-7.198777	-7.048038	-7.170024	-7.059426	-7.057672	-7.039344	-7.031398	-7.053757	-7.037204	-7.036560	-7.031758	-7.186315	-7.035142	-15.003899	-7.046076
178.888000	-7.044737	-7.198563	-7.048019	-7.169798	-7.059376	-7.057603	-7.039276	-7.031328	-7.053614	-7.037147	-7.037615	-7.031720	-7.186192	-7.035073	-15.003918	-7.046002
191.077000	-7.044710	-7.198329	-7.048003	-7.169514	-7.059318	-7.057521	-7.039226	-7.031264	-7.053523	-7.037064	-7.038998	-7.031647	-7.186048	-7.035000	-15.004069	-7.045928
203.266000	-7.044703	-7.198142	-7.047987	-7.169245	-7.059253	-7.057456	-7.039170	-7.031171	-7.053437	-7.037016	-7.040691	-7.031596	-7.185909	-7.034934	-15.004021	-7.045882
215.448000	-7.044660	-7.197925	-7.047956	-7.168988	-7.059198	-7.057394	-7.039130	-7.031140	-7.053364	-7.036945	-7.042470	-7.031569	-7.185761	-7.034870	-15.004124	-7.045817
227.662000	-7.044657	-7.197726	-7.047950	-7.168736	-7.059161	-7.057337	-7.039072	-7.031102	-7.053296	-7.036924	-7.044260	-7.031523	-7.185636	-7.034842	-15.004147	-7.045754
239.869000	-7.044630	-7.197570	-7.047923	-7.168509	-7.059113	-7.057283	-7.039037	-7.031041	-7.053256	-7.036872	-7.046005	-7.031477	-7.185500	-7.034775	-15.004083	-7.045696
252.059000	-7.044601	-7.197409	-7.047932	-7.168277	-7.059080	-7.057243	-7.039016	-7.031002	-7.053215	-7.036847	-7.047723	-7.031460	-7.185397	-7.034745	-15.004160	-7.045650
264.273000	-7.044578	-7.197275	-7.047916	-7.168080	-7.059046	-7.057213	-7.038951	-7.030970	-7.053184	-7.036802	-7.049338	-7.031402	-7.185295	-7.034713	-15.004054	-7.045620
276.445000	-7.044533	-7.197152	-7.047930	-7.167931	-7.059014	-7.057158	-7.038923	-7.030942	-7.053145	-7.036786	-7.050756	-7.031399	-7.185209	-7.034666	-15.004047	-7.045595
288.624000	-7.044520	-7.197070	-7.047932	-7.167781	-7.058991	-7.057187	-7.038916	-7.030905	-7.053146	-7.036782	-7.052012	-7.031382	-7.185143	-7.034644	-15.004005	-7.045565
300.801000	-7.044517	-7.196984	-7.047911	-7.167675	-7.058958	-7.057196	-7.038890	-7.030896	-7.053113	-7.036765	-7.053071	-7.031361	-7.185090	-7.034627	-15.004024	-7.045544
313.000000	-7.044500	-7.196934	-7.047907	-7.167574	-7.058964	-7.057147	-7.038870	-7.030862	-7.053120	-7.036742	-7.053947	-7.031330	-7.185051	-7.034602	-15.004240	-7.045516
325.205000	-7.044472	-7.196914	-7.047916	-7.167505	-7.058963	-7.057135	-7.038855	-7.030869	-7.053112	-7.036742	-7.054656	-7.031343	-7.185049	-7.034617	-15.004204	-7.045510
337.412000	-7.044462	-7.196870	-7.047911	-7.167458	-7.058959	-7.057141	-7.038864	-7.030859	-7.053112	-7.036740	-7.055212	-7.031317	-7.185001	-7.034592	-15.004058	-7.045537
349.630000	-7.044452	-7.196852	-7.047896	-7.167411	-7.058941	-7.057132	-7.038853	-7.030856	-7.053086	-7.036721	-7.055676	-7.031317	-7.184981	-7.034598	-15.004135	-7.045530
361.814000	-7.044478	-7.196817	-7.047901	-7.167401	-7.058952	-7.057149	-7.038857	-7.030846	-7.053101	-7.036729	-7.056026	-7.031327	-7.184972	-7.034595	-15.003963	-7.045488
374.019000	-7.044461	-7.196813	-7.047918	-7.167390	-7.058935	-7.057140	-7.038856	-7.030840	-7.053095	-7.036717	-7.056306	-7.031331	-7.184954	-7.034588	-15.003980	-7.045488
386.222000	-7.044458	-7.196786	-7.047910	-7.167367	-7.058947	-7.057138	-7.038839	-7.030852	-7.053077	-7.036723	-7.056537	-7.031314	-7.184933	-7.034590	-15.004144	-7.045510
398.409000	-7.044457	-7.196777	-7.047915	-7.167351	-7.058945	-7.057140	-7.038858	-7.030845	-7.053084	-7.036730	-7.056727	-7.031316	-7.184933	-7.034580	-15.004163	-7.045492
410.605000	-7.044444	-7.196771	-7.047911	-7.167338	-7.058918	-7.057127	-7.038853	-7.030836	-7.053084	-7.036717	-7.056865	-7.031336	-7.184912	-7.034576	-15.004321	-7.045481
422.792000	-7.044440	-7.196768	-7.047890	-7.167327	-7.058925	-7.057140	-7.038858	-7.030851	-7.053077	-7.036724	-7.057001	-7.031292	-7.184922	-7.034568	-15.004270	-7.045484
434.973000	-7.044470	-7.196748	-7.047912	-7.167312	-7.058910	-7.057137	-7.038860	-7.030816	-7.053088	-7.036723	-7.057123	-7.031307	-7.184918	-7.034571	-15.004187	-7.045479
447.189000	-7.044446	-7.196733	-7.047910	-7.167312	-7.058916	-7.057108	-7.038853	-7.030818	-7.053082	-7.036713	-7.057215	-7.031303	-7.184914	-7.034571	-15.004206	-7.045484
459.400000	-7.044452	-7.196729	-7.047896	-7.167297	-7.058907	-7.057131	-7.038855	-7.030818	-7.053086	-7.036716	-7.057309	-7.031285	-7.184901	-7.034543	-15.004131	-7.045464
471.587000	-7.044472	-7.196742	-7.047908	-7.167289	-7.058896	-7.057129	-7.038842	-7.030812	-7.053075	-7.036718	-7.057384	-7.031295	-7.184903	-7.034567	-15.004454	-7.045467
483.813000	-7.044459	-7.196727	-7.047920	-7.167280	-7.058894	-7.057133	-7.038853	-7.030820	-7.053066	-7.036708	-7.057447	-7.031302	-7.184887	-7.034568	-15.004385	-7.045462
496.034000	-7.044448	-7.196719	-7.047920	-7.167284	-7.058903	-7.057141	-7.038857	-7.030817	-7.053062	-7.036717	-7.057521	-7.031293	-7.184901	-7.034565	-15.004423	-7.045453
508.245000	-7.044452	-7.196727	-7.047913	-7.167266	-7.058903	-7.057119	-7.038855	-7.030826	-7.053075	-7.036716	-7.057588	-7.031296	-7.184902	-7.034562	-15.004120	-7.045465
520.419000	-7.044462	-7.196722	-7.047934	-7.167269	-7.058901	-7.057129	-7.038838	-7.030820	-7.053074	-7.036717	-7.057596	-7.031273	-7.184884	-7.034569	-15.004074	-7.045474
532.621000	-7.044451	-7.196719	-7.047917	-7.167260	-7.058895	-7.057136	-7.038851	-7.030801	-7.053049	-7.036724	-7.057677	-7.031296	-7.184885	-7.034566	-15.004048	-7.045455
544.812000	-7.044446	-7.196705	-7.047916	-7.167260	-7.058896	-7.057130	-7.038836	-7.030822	-7.053069	-7.036719	-7.057711	-7.031301	-7.184859	-7.034549	-15.004194	-7.045450
556.996000	-7.044449	-7.196713	-7.047916	-7.167255	-7.058887	-7.057122	-7.038845	-7.030813	-7.053075	-7.036713	-7.057739	-7.031312	-7.184883	-7.034556	-15.004055	-7.045452
569.171000	-7.044449	-7.196711	-7.047921	-7.167271	-7.058874	-7.057106	-7.038840	-7.030812	-7.053075	-7.036711	-7.057791	-7.031293	-7.184887	-7.034548	-15.004037	-7.045472
581.364000	-7.044460	-7.196697	-7.047922	-7.167270	-7.058909	-7.057122	-7.038843	-7.030819	-7.053058	-7.036699	-7.057832	-7.031289	-7.184879	-7.034548	-15.004145	-7.045457
593.557000	-7.044457	-7.196707	-7.047904	-7.167252	-7.058881	-7.057105	-7.038855	-7.030815	-7.053050	-7.036696	-7.057843	-7.031287	-7.184853	-7.034553	-15.004132	-7.045455
605.773000	-7.044449	-7.196702	-7.047927	-7.167255	-7.058877	-7.057115	-7.038837	-7.030802	-7.053076	-7.036708	-7.057894	-7.031278	-7.184862	-7.034563	-15.004124	-7.045451
617.981000	-7.044448	-7.196703	-7.047913	-7.167237	-7.058878	-7.057126	-7.038843	-7.030806	-7.053055	-7.036699	-7.057911	-7.031294	-7.184874	-7.034564	-15.004188	-7.045466
630.222000	-7.044448	-7.196691	-7.047926	-7.167222	-7.058879	-7.057117	-7.038844	-7.030806	-7.053078	-7.036689	-7.057950	-7.031271	-7.184860	-7.034578	-15.004055	-7.045462
642.437000	-7.044423	-7.196702	-7.047907	-7.167231	-7.058878	-7.057115	-7.038839	-7.030802	-7.053064	-7.036696	-7.057968	-7.031251	-7.184852	-7.034554	-15.004313	-7.045447
654.659000	-7.044427	-7.196704	-7.047917	-7.167248	-7.058867	-7.057107	-7.038847	-7.030808	-7.053052	-7.036689	-7.058010	-7.031282	-7.184850	-7.034565	-15.004171	-7.045450
666.868000	-7.044437	-7.196695	-7.047931	-7.167238	-7.058871	-7.057102	-7.038873	-7.030795	-7.053055	-7.036712	-7.058037	-7.031279	-7.184859	-7.034568	-15.004297	-7.045446
679.047000	-7.044461	-7.196696	-7.047926	-7.167247	-7.058872	-7.057104	-7.038836	-7.030791	-7.053058	-7.036703	-7.058040	-7.031267	-7.184857	-7.034578	-15.004235	-7.045442
691.246000	-7.044431	-7.196695	-7.047909	-7.167243	-7.058864	-7.057114	-7.038845	-7.030792	-7.053079	-7.036700	-7.058090	-7.031289	-7.184863	-7.034577	-15.004283	-7.045444
703.433000	-7.044426	-7.196695	-7.047934	-7.167249	-7.058863	-7.057099	-7.038844	-7.030815	-7.053063	-7.036691	-7.058107	-7.031272	-7.184850	-7.034575	-15.004217	-7.045418
715.636000	-7.044423	-7.196682	-7.047933	-7.167236	-7.058892	-7.057126	-7.038845	-7.030799	-7.053070	-7.036692	-7.058127	-7.031279	-7.184865	-7.034581	-15.004337	-7.045454
727.839000	-7.044422	-7.196683	-7.047914	-7.167236	-7.058858	-7.057101	-7.038830	-7.030802	-7.053078	-7.036684	-7.058163	-7.031271	-7.184857	-7.034566	-15.004249	-7.045444
740.021000	-7.044430	-7.196686	-7.047926	-7.167224	-7.058864	-7.057110	-7.038820	-7.030799	-7.053057	-7.036698	-7.058186	-7.031275	-7.184853	-7.034573	-15.004154	-7.045453
752.223000	-7.044429	-7.196702	-7.047912	-7.167230	-7.058883	-7.057114	-7.038841	-7.030800	-7.053073	-7.036703	-7.058187	-7.031289	-7.184854	-7.034568	-15.004269	-7.045441
764.436000	-7.044445	-7.196678	-7.047933	-7.167219	-7.058899	-7.057100	-7.038837	-7.030785	-7.053064	-7.036694	-7.058212	-7.031290	-7.184856	-7.034550	-15.004277	-7.045445
776.621000	-7.044447	-7.196679	-7.047918	-7.167210	-7.058892	-7.057117	-7.038842	-7.030811	-7.053062	-7.036678	-7.058229	-7.031264	-7.184857	-7.034550	-15.004179	-7.045427
788.820000	-7.044434	-7.196687	-7.047906	-7.167216	-7.058896	-7.057118	-7.038826	-7.030798	-7.053057	-7.036686	-7.058248	-7.031291	-7.184855	-7.034559	-15.004164	-7.045431
801.007000	-7.044439	-7.196691	-7.047931	-7.167219	-7.058871	-7.057120	-7.038818	-7.030811	-7.053057	-7.036680	-7.058253	-7.031278	-7.184846	-7.034545	-15.004149	-7.045426
813.195000	-7.044426	-7.196675	-7.047919	-7.167213	-7.058866	-7.057122	-7.038826	-7.030803	-7.053046	-7.036689	-7.058278	-7.031271	-7.184867	-7.034546	-15.004324	-7.045448
825.427000	-7.044432	-7.196694	-7.047929	-7.167216	-7.058880	-7.057130	-7.038809	-7.030813	-7.053050	-7.036694	-7.058309	-7.031267	-7.184844	-7.034550	-15.004200	-7.045447
837.644000	-7.044440	-7.196694	-7.047915	-7.167216	-7.058868	-7.057110	-7.038834	-7.030807	-7.053042	-7.036695	-7.058310	-7.031288	-7.184846	-7.034545	-15.004190	-7.045426
849.842000	-7.044442	-7.196671	-7.047926	-7.167210	-7.058876	-7.057112	-7.038827	-7.030791	-7.053056	-7.036710	-7.058324	-7.031272	-7.184846	-7.034535	-15.004206	-7.045426
862.021000	-7.044438	-7.196674	-7.047908	-7.167203	-7.058877	-7.057112	-7.038830	-7.030789	-7.053042	-7.036702	-7.058328	-7.031272	-7.184846	-7.034561	-15.004212	-7.045446
874.206000	-7.044447	-7.196666	-7.047910	-7.167192	-7.058897	-7.057131	-7.038831	-7.030781	-7.053056	-7.036694	-7.058353	-7.031273	-7.184837	-7.034553	-15.004161	-7.045430
886.409000	-7.044435	-7.196667	-7.047901	-7.167210	-7.058875	-7.057144	-7.038823	-7.030800	-7.053074	-7.036716	-7.058384	-7.031284	-7.184855	-7.034552	-15.004159	-7.045438
898.617000	-7.044435	-7.196682	-7.047920	-7.167193	-7.058875	-7.057129	-7.038819	-7.030800	-7.053053	-7.036694	-7.058388	-7.031285	-7.184848	-7.034558	-15.004262	-7.045426
910.826000	-7.044434	-7.196671	-7.047909	-7.167198	-7.058874	-7.057122	-7.038819	-7.030789	-7.053053	-7.036698	-7.058398	-7.031273	-7.184840	-7.034565	-15.004292	-7.045450
923.031000	-7.044442	-7.196671	-7.047908	-7.167193	-7.058896	-7.057143	-7.038817	-7.030804	-7.053040	-7.036679	-7.058414	-7.031274	-7.184844	-7.034543	-15.004395	-7.045430
935.225000	-7.044429	-7.196658	-7.047914	-7.167201	-7.058866	-7.057111	-7.038825	-7.030788	-7.053046	-7.036690	-7.058416	-7.031302	-7.184846	-7.034558	-15.004206	-7.045435
947.420000	-7.044428	-7.196667	-7.047895	-7.167194	-7.058884	-7.057126	-7.038827	-7.030808	-7.053041	-7.036691	-7.058422	-7.031272	-7.184852	-7.034564	-15.004236	-7.045443
959.626000	-7.044436	-7.196683	-7.047899	-7.167203	-7.058885	-7.057113	-7.038818	-7.030802	-7.053024	-7.036696	-7.058409	-7.031289	-7.184834	-7.034568	-15.004358	-7.045430
971.816000	-7.044429	-7.196666	-7.047913	-7.167187	-7.058877	-7.057133	-7.038832	-7.030804	-7.053039	-7.036697	-7.058451	-7.031304	-7.184843	-7.034570	-15.004342	-7.045431
984.053000	-7.044434	-7.196664	-7.047918	-7.167194	-7.058865	-7.057112	-7.038813	-7.030805	-7.053035	-7.036690	-7.058452	-7.031272	-7.184834	-7.034568	-15.004437	-7.045418
996.267000	-7.044427	-7.196680	-7.047937	-7.167196	-7.058897	-7.057138	-7.038841	-7.030799	-7.053054	-7.036698	-7.058441	-7.031278	-7.184841	-7.034543	-15.004472	-7.045427
1008.450000	-7.044426	-7.196662	-7.047940	-7.167199	-7.058886	-7.057112	-7.038821	-7.030798	-7.053025	-7.036685	-7.058456	-7.031281	-7.184839	-7.034560	-15.004435	-7.045432
1020.643000	-7.044443	-7.196674	-7.047921	-7.167214	-7.058876	-7.057121	-7.038818	-7.030785	-7.053055	-7.036691	-7.058481	-7.031278	-7.184832	-7.034562	-15.004313	-7.045453
1032.820000	-7.044436	-7.196678	-7.047946	-7.167196	-7.058880	-7.057115	-7.038815	-7.030801	-7.053039	-7.036678	-7.058513	-7.031274	-7.184832	-7.034541	-15.004380	-7.045428
1045.012000	-7.044430	-7.196664	-7.047924	-7.167190	-7.058872	-7.057100	-7.038829	-7.030812	-7.053052	-7.036665	-7.058496	-7.031293	-7.184829	-7.034541	-15.004540	-7.045427
1057.187000	-7.044432	-7.196664	-7.047929	-7.167203	-7.058860	-7.057118	-7.038825	-7.030801	-7.053039	-7.036666	-7.058502	-7.031282	-7.184830	-7.034550	-15.004477	-7.045417
1069.373000	-7.044436	-7.196658	-7.047929	-7.167193	-7.058868	-7.057093	-7.038837	-7.030800	-7.053038	-7.036656	-7.058503	-7.031288	-7.184832	-7.034555	-15.004519	-7.045430
1081.547000	-7.044422	-7.196659	-7.047929	-7.167192	-7.058865	-7.057106	-7.038833	-7.030797	-7.053019	-7.036672	-7.058537	-7.031270	-7.184843	-7.034539	-15.004314	-7.045421
1093.722000	-7.044426	-7.196654	-7.047965	-7.167182	-7.058864	-7.057109	-7.038821	-7.030806	-7.053025	-7.036674	-7.058555	-7.031268	-7.184846	-7.034544	-15.004313	-7.045426
1105.922000	-7.044417	-7.196636	-7.047927	-7.167190	-7.058879	-7.057113	-7.038821	-7.030789	-7.053040	-7.036691	-7.058564	-7.031278	-7.184828	-7.034541	-15.004554	-7.045429
1118.127000	-7.044416	-7.196637	-7.047918	-7.167178	-7.058872	-7.057118	-7.038830	-7.030806	-7.053029	-7.036658	-7.058567	-7.031277	-7.184820	-7.034541	-15.004374	-7.045426
1130.338000	-7.044424	-7.196647	-7.047927	-7.167181	-7.058875	-7.057105	-7.038833	-7.030807	-7.053027	-7.036674	-7.058571	-7.031277	-7.184853	-7.034543	-15.004448	-7.045419
1142.542000	-7.044426	-7.196658	-7.047928	-7.167199	-7.058877	-7.057123	-7.038827	-7.030803	-7.053032	-7.036679	-7.058584	-7.031277	-7.184840	-7.034533	-15.004462	-7.045417
1154.732000	-7.044419	-7.196653	-7.047906	-7.167195	-7.058871	-7.057109	-7.038825	-7.030809	-7.053033	-7.036670	-7.058597	-7.031287	-7.184846	-7.034516	-15.004293	-7.045297
1166.913000	-7.044499	-7.197091	-7.048423	-7.167232	-7.059011	-7.057547	-7.038940	-7.030861	-7.053626	-7.036912	-7.055946	-7.031042	-7.184961	-7.034483	-15.004357	-7.045307
1179.110000	-7.044501	-7.197628	-7.048341	-7.167848	-7.059168	-7.057643	-7.039061	-7.031039	-7.054097	-7.037120	-7.050597	-7.031323	-7.185342	-7.034705	-15.004308	-7.045608
1191.297000	-7.044544	-7.198174	-7.048316	-7.168639	-7.059343	-7.057828	-7.039221	-7.031226	-7.054360	-7.037275	-7.045199	-7.031549	-7.185744	-7.034885	-15.004057	-7.045840
1203.520000	-7.044582	-7.198666	-7.048336	-7.169325	-7.059467	-7.057993	-7.039346	-7.031379	-7.054515	-7.037383	-7.040943	-7.031663	-7.186090	-7.035032	-15.003931	-7.046029
1215.704000	-7.044625	-7.199067	-7.048338	-7.169936	-7.059606	-7.058066	-7.039453	-7.031514	-7.054575	-7.037471	-7.037972	-7.031753	-7.186353	-7.035144	-15.003980	-7.046151
1227.875000	-7.044678	-7.199394	-7.048347	-7.170393	-7.059685	-7.058144	-7.039510	-7.031608	-7.054613	-7.037527	-7.035841	-7.031820	-7.186554	-7.035244	-15.004055	-7.046237
1240.055000	-7.044689	-7.199637	-7.048367	-7.170782	-7.059738	-7.058218	-7.039578	-7.031688	-7.054634	-7.037581	-7.034315	-7.031849	-7.186745	-7.035322	-15.004286	-7.046297
1252.280000	-7.044733	-7.199849	-7.048374	-7.171071	-7.059796	-7.058265	-7.039589	-7.031745	-7.054658	-7.037635	-7.033160	-7.031898	-7.186887	-7.035356	-15.004414	-7.046357
1264.487000	-7.044782	-7.200003	-7.048394	-7.171299	-7.059857	-7.058304	-7.039645	-7.031803	-7.054661	-7.037683	-7.032309	-7.031930	-7.186993	-7.035435	-15.004367	-7.046396
1276.687000	-7.044825	-7.200129	-7.048401	-7.171490	-7.059885	-7.058319	-7.039670	-7.031825	-7.054674	-7.037707	-7.031692	-7.031976	-7.187077	-7.035472	-15.004218	-7.046431
1288.879000	-7.044851	-7.200230	-7.048416	-7.171627	-7.059916	-7.058366	-7.039669	-7.031858	-7.054682	-7.037735	-7.031222	-7.031967	-7.187165	-7.035492	-15.004280	-7.046468
1301.076000	-7.044881	-7.200305	-7.048418	-7.171736	-7.059941	-7.058382	-7.039694	-7.031865	-7.054689	-7.037753	-7.030867	-7.031989	-7.187220	-7.035524	-15.004051	-7.046485
1313.255000	-7.044907	-7.200362	-7.048435	-7.171820	-7.059940	-7.058409	-7.039714	-7.031874	-7.054708	-7.037773	-7.030595	-7.032001	-7.187265	-7.035530	-15.004257	-7.046523
1325.440000	-7.044936	-7.200423	-7.048428	-7.171903	-7.059948	-7.058417	-7.039722	-7.031872	-7.054718	-7.037769	-7.030377	-7.032012	-7.187296	-7.035565	-15.004335	-7.046537
1337.653000	-7.044939	-7.200465	-7.048435	-7.171935	-7.059949	-7.058416	-7.039689	-7.031878	-7.054707	-7.037767	-7.030193	-7.032007	-7.187333	-7.035566	-15.004260	-7.046550
1349.840000	-7.044961	-7.200494	-7.048449	-7.171990	-7.059962	-7.058411	-7.039697	-7.031859	-7.054719	-7.037778	-7.030074	-7.032010	-7.187364	-7.035583	-15.004062	-7.046551
1362.033000	-7.044964	-7.200528	-7.048469	-7.172035	-7.059976	-7.058393	-7.039677	-7.031849	-7.054722	-7.037766	-7.029975	-7.032018	-7.187392	-7.035611	-15.004114	-7.046563
1374.211000	-7.044961	-7.200535	-7.048455	-7.172061	-7.059976	-7.058419	-7.039680	-7.031833	-7.054691	-7.037767	-7.029875	-7.032039	-7.187434	-7.035588	-15.004243	-7.046572
1386.404000	-7.044965	-7.200558	-7.048467	-7.172091	-7.059962	-7.058419	-7.039644	-7.031825	-7.054722	-7.037776	-7.029809	-7.032023	-7.187446	-7.035609	-15.004059	-7.046563
1398.616000	-7.044965	-7.200570	-7.048471	-7.172114	-7.059987	-7.058442	-7.039646	-7.031823	-7.054725	-7.037786	-7.029763	-7.032033	-7.187460	-7.035611	-15.004001	-7.046582
1410.823000	-7.044986	-7.200580	-7.048471	-7.172145	-7.059969	-7.058450	-7.039624	-7.031807	-7.054723	-7.037769	-7.029687	-7.032022	-7.187478	-7.035616	-15.004041	-7.046578
1423.018000	-7.044976	-7.200589	-7.048449	-7.172170	-7.059983	-7.058420	-7.039614	-7.031806	-7.054727	-7.037779	-7.029651	-7.032022	-7.187495	-7.035611	-15.003918	-7.046585
1435.217000	-7.044973	-7.200596	-7.048447	-7.172193	-7.059952	-7.058454	-7.039586	-7.031783	-7.054718	-7.037763	-7.029625	-7.032022	-7.187521	-7.035612	-15.003870	-7.046569
1447.411000	-7.044983	-7.200627	-7.048469	-7.172229	-7.059989	-7.058443	-7.039604	-7.031750	-7.054719	-7.037778	-7.029580	-7.032039	-7.187516	-7.035628	-15.004039	-7.046562
1459.602000	-7.044989	-7.200634	-7.048464	-7.172227	-7.059973	-7.058449	-7.039592	-7.031742	-7.054725	-7.037753	-7.029550	-7.032019	-7.187518	-7.035614	-15.004170	-7.046588
1471.795000	-7.044988	-7.200634	-7.048467	-7.172254	-7.059975	-7.058426	-7.039578	-7.031732	-7.054744	-7.037754	-7.029532	-7.032020	-7.187534	-7.035611	-15.004175	-7.046588
1483.981000	-7.044992	-7.200650	-7.048467	-7.172275	-7.059977	-7.058423	-7.039569	-7.031713	-7.054736	-7.037769	-7.029532	-7.032045	-7.187533	-7.035620	-15.004218	-7.046598
1496.179000	-7.044994	-7.200651	-7.048465	-7.172298	-7.059982	-7.058440	-7.039588	-7.031697	-7.054735	-7.037754	-7.029519	-7.032056	-7.187545	-7.035636	-15.004229	-7.046579
1508.390000	-7.045006	-7.200646	-7.048472	-7.172310	-7.059963	-7.058438	-7.039575	-7.031689	-7.054726	-7.037742	-7.029497	-7.032033	-7.187566	-7.035639	-15.004154	-7.046581
1520.574000	-7.045003	-7.200665	-7.048478	-7.172326	-7.059985	-7.058453	-7.039548	-7.031671	-7.054720	-7.037750	-7.029477	-7.032030	-7.187562	-7.035615	-15.004289	-7.046585
1532.788000	-7.044996	-7.200667	-7.048466	-7.172350	-7.059976	-7.058452	-7.039550	-7.031649	-7.054728	-7.037746	-7.029479	-7.032026	-7.187571	-7.035626	-15.004413	-7.046604
1544.982000	-7.044994	-7.200681	-7.048464	-7.172371	-7.059981	-7.058426	-7.039540	-7.031611	-7.054718	-7.037727	-7.029442	-7.032035	-7.187579	-7.035619	-15.003987	-7.046601
1557.170000	-7.044998	-7.200677	-7.048452	-7.172370	-7.059996	-7.058433	-7.039547	-7.031593	-7.054725	-7.037745	-7.029447	-7.032017	-7.187591	-7.035627	-15.004082	-7.046589
1569.369000	-7.045005	-7.200675	-7.048475	-7.172387	-7.059972	-7.058415	-7.039538	-7.031587	-7.054721	-7.037723	-7.029418	-7.032007	-7.187605	-7.035652	-15.003990	-7.046591
1581.546000	-7.045008	-7.200669	-7.048473	-7.172388	-7.059978	-7.058423	-7.039549	-7.031579	-7.054702	-7.037731	-7.029419	-7.032009	-7.187609	-7.035650	-15.004275	-7.046601
1593.729000	-7.045005	-7.200668	-7.048491	-7.172392	-7.059988	-7.058427	-7.039524	-7.031559	-7.054712	-7.037726	-7.029423	-7.032011	-7.187625	-7.035640	-15.004240	-7.046595
1605.936000	-7.045004	-7.200682	-7.048485	-7.172411	-7.059985	-7.058437	-7.039525	-7.031531	-7.054719	-7.037727	-7.029421	-7.032018	-7.187610	-7.035628	-15.004098	-7.046600
1618.139000	-7.045012	-7.200688	-7.048480	-7.172419	-7.060004	-7.058440	-7.039506	-7.031516	-7.054715	-7.037724	-7.029408	-7.032019	-7.187626	-7.035623	-15.004112	-7.046583
1630.341000	-7.044995	-7.200688	-7.048496	-7.172428	-7.059980	-7.058411	-7.039497	-7.031496	-7.054730	-7.037720	-7.029402	-7.032009	-7.187634	-7.035634	-15.004211	-7.046603
1642.527000	-7.044998	-7.200713	-7.048476	-7.172436	-7.059991	-7.058437	-7.039496	-7.031494	-7.054720	-7.037715	-7.029408	-7.032011	-7.187650	-7.035639	-15.004205	-7.046599
1654.714000	-7.045000	-7.200716	-7.048481	-7.172455	-7.059981	-7.058432	-7.039498	-7.031474	-7.054726	-7.037705	-7.029419	-7.032005	-7.187653	-7.035630	-15.004276	-7.046599
1666.894000	-7.045007	-7.200715	-7.048481	-7.172458	-7.059972	-7.058451	-7.039485	-7.031470	-7.054698	-7.037703	-7.029395	-7.032007	-7.187654	-7.035621	-15.004266	-7.046625
1679.107000	-7.044995	-7.200721	-7.048464	-7.172496	-7.059984	-7.058435	-7.039512	-7.031435	-7.054712	-7.037708	-7.029387	-7.032011	-7.187660	-7.035628	-15.004110	-7.046598
1691.323000	-7.044997	-7.200718	-7.048480	-7.172479	-7.059977	-7.058408	-7.039495	-7.031429	-7.054712	-7.037700	-7.029397	-7.032023	-7.187677	-7.035622	-15.004115	-7.046583
1703.499000	-7.044990	-7.200717	-7.048474	-7.172485	-7.059950	-7.058442	-7.039482	-7.031441	-7.054732	-7.037697	-7.029392	-7.032027	-7.187674	-7.035635	-15.004093	-7.046585
1715.719000	-7.044988	-7.200717	-7.048480	-7.172496	-7.059973	-7.058418	-7.039465	-7.031426	-7.054715	-7.037703	-7.029382	-7.032013	-7.187671	-7.035643	-15.003868	-7.046595
1727.960000	-7.045004	-7.200710	-7.048469	-7.172505	-7.059990	-7.058429	-7.039485	-7.031407	-7.054706	-7.037695	-7.029376	-7.032006	-7.187688	-7.035638	-15.003942	-7.046575
1740.153000	-7.044986	-7.200715	-7.048469	-7.172503	-7.059988	-7.058409	-7.039485	-7.031401	-7.054703	-7.037694	-7.029385	-7.032003	-7.187680	-7.035645	-15.003979	-7.046586
1752.337000	-7.044990	-7.200710	-7.048468	-7.172518	-7.059994	-7.058435	-7.039478	-7.031376	-7.054692	-7.037705	-7.029370	-7.031994	-7.187693	-7.035633	-15.004146	-7.046583
1764.523000	-7.045016	-7.200728	-7.048450	-7.172517	-7.059991	-7.058433	-7.039478	-7.031369	-7.054709	-7.037678	-7.029371	-7.031990	-7.187690	-7.035645	-15.004142	-7.046605
1776.706000	-7.044993	-7.200716	-7.048469	-7.172509	-7.059989	-7.058437	-7.039487	-7.031348	-7.054696	-7.037686	-7.029366	-7.032002	-7.187707	-7.035654	-15.004140	-7.046586
1788.884000	-7.045025	-7.200722	-7.048483	-7.172532	-7.059990	-7.058435	-7.039483	-7.031379	-7.054703	-7.037693	-7.029339	-7.031985	-7.187717	-7.035654	-15.004233	-7.046598
1801.057000	-7.045021	-7.200719	-7.048480	-7.172537	-7.059992	-7.058435	-7.039473	-7.031367	-7.054705	-7.037671	-7.029333	-7.031988	-7.187721	-7.035667	-15.004270	-7.046588
1813.238000	-7.044997	-7.200738	-7.048482	-7.172552	-7.060007	-7.058425	-7.039452	-7.031349	-7.054716	-7.037667	-7.029337	-7.031982	-7.187734	-7.035650	-15.004305	-7.046589
1825.414000	-7.045013	-7.200723	-7.048490	-7.172528	-7.059990	-7.058430	-7.039487	-7.031344	-7.054710	-7.037675	-7.029338	-7.031987	-7.187735	-7.035659	-15.004377	-7.046591
1837.594000	-7.045019	-7.200735	-7.048483	-7.172530	-7.059985	-7.058422	-7.039465	-7.031329	-7.054717	-7.037672	-7.029342	-7.032003	-7.187749	-7.035656	-15.004268	-7.046585
1849.790000	-7.045007	-7.200733	-7.048489	-7.172534	-7.059976	-7.058427	-7.039482	-7.031314	-7.054710	-7.037672	-7.029339	-7.031988	-7.187739	-7.035639	-15.004489	-7.046575
1861.956000	-7.045018	-7.200739	-7.048471	-7.172550	-7.059978	-7.058431	-7.039470	-7.031300	-7.054703	-7.037675	-7.029326	-7.031972	-7.187749	-7.035663	-15.004366	-7.046585
1874.144000	-7.045003	-7.200735	-7.048484	-7.172550	-7.059981	-7.058438	-7.039452	-7.031310	-7.054720	-7.037664	-7.029336	-7.031983	-7.187761	-7.035660	-15.004455	-7.046598
1886.343000	-7.045006	-7.200752	-7.048477	-7.172565	-7.059976	-7.058429	-7.039455	-7.031291	-7.054702	-7.037671	-7.029319	-7.032005	-7.187768	-7.035652	-15.004360	-7.046578
1898.534000	-7.045022	-7.200746	-7.048476	-7.172560	-7.059986	-7.058446	-7.039454	-7.031289	-7.054723	-7.037662	-7.029324	-7.031995	-7.187775	-7.035660	-15.004360	-7.046582
1910.735000	-7.045015	-7.200748	-7.048474	-7.172563	-7.059971	-7.058431	-7.039450	-7.031315	-7.054714	-7.037656	-7.029346	-7.031989	-7.187790	-7.035658	-15.004372	-7.046587
1922.932000	-7.045020	-7.200735	-7.048480	-7.172567	-7.059992	-7.058431	-7.039459	-7.031300	-7.054732	-7.037658	-7.029339	-7.031976	-7.187796	-7.035660	-15.004375	-7.046583
1935.126000	-7.044998	-7.200749	-7.048481	-7.172569	-7.059979	-7.058435	-7.039460	-7.031300	-7.054713	-7.037646	-7.029350	-7.031980	-7.187802	-7.035638	-15.004424	-7.046564
1947.323000	-7.045008	-7.200751	-7.048477	-7.172559	-7.059979	-7.058460	-7.039463	-7.031308	-7.054710	-7.037635	-7.029352	-7.031982	-7.187804	-7.035656	-15.004199	-7.046575
1959.510000	-7.045001	-7.200732	-7.048497	-7.172548	-7.059997	-7.058433	-7.039450	-7.031290	-7.054710	-7.037632	-7.029358	-7.031959	-7.187797	-7.035647	-15.004135	-7.046573
1971.695000	-7.044995	-7.200743	-7.048480	-7.172550	-7.059967	-7.058432	-7.039443	-7.031289	-7.054735	-7.037654	-7.029364	-7.031976	-7.187814	-7.035641	-15.004168	-7.046559
1983.904000	-7.044993	-7.200732	-7.048468	-7.172573	-7.059954	-7.058436	-7.039435	-7.031281	-7.054717	-7.037649	-7.029347	-7.031972	-7.187814	-7.035646	-15.004087	-7.046563
1996.103000	-7.044995	-7.200742	-7.048475	-7.172555	-7.059945	-7.058433	-7.039447	-7.031289	-7.054713	-7.037624	-7.029350	-7.031976	-7.187820	-7.035644	-15.004396	-7.046569
2008.312000	-7.044994	-7.200742	-7.048471	-7.172565	-7.059969	-7.058434	-7.039440	-7.031292	-7.054696	-7.037627	-7.029343	-7.031960	-7.187815	-7.035663	-15.004251	-7.046565
2020.501000	-7.045005	-7.200746	-7.048470	-7.172558	-7.059985	-7.058436	-7.039435	-7.031271	-7.054708	-7.037631	-7.029336	-7.031962	-7.187814	-7.035646	-15.004160	-7.046572
2032.701000	-7.045013	-7.200738	-7.048471	-7.172554	-7.059966	-7.058435	-7.039441	-7.031265	-7.054691	-7.037627	-7.029343	-7.031986	-7.187832	-7.035636	-15.004324	-7.046565
2044.885000	-7.045002	-7.200758	-7.048475	-7.172566	-7.059951	-7.058436	-7.039436	-7.031258	-7.054709	-7.037629	-7.029337	-7.031952	-7.187845	-7.035648	-15.004248	-7.046582
2057.077000	-7.045017	-7.200738	-7.048477	-7.172570	-7.059964	-7.058430	-7.039436	-7.031260	-7.054700	-7.037630	-7.029336	-7.031955	-7.187851	-7.035638	-15.004302	-7.046570
2069.262000	-7.045000	-7.200764	-7.048471	-7.172571	-7.059976	-7.058410	-7.039435	-7.031259	-7.054729	-7.037627	-7.029322	-7.031950	-7.187858	-7.035637	-15.004291	-7.046558
2081.459000	-7.044993	-7.200721	-7.048402	-7.172580	-7.059938	-7.058330	-7.039421	-7.031238	-7.054651	-7.037619	-7.029385	-7.032081	-7.187808	-7.035680	-15.004238	-7.046645
2093.634000	-7.044987	-7.200566	-7.048285	-7.172488	-7.059894	-7.058249	-7.039513	-7.031673	-7.054454	-7.037643	-7.029659	-7.032102	-7.187553	-7.035626	-15.004267	-7.046625
2105.826000	-7.044979	-7.200310	-7.048278	-7.172126	-7.059833	-7.058160	-7.039636	-7.031799	-7.054321	-7.037595	-7.030189	-7.032027	-7.187345	-7.035520	-15.004241	-7.046490
2118.000000	-7.044929	-7.200068	-7.048238	-7.171752	-7.059708	-7.058045	-7.039572	-7.031730	-7.054208	-7.037511	-7.030833	-7.031947	-7.187158	-7.035424	-15.004087	-7.046402
2130.190000	-7.044910	-7.199863	-7.048254	-7.171438	-7.059660	-7.058011	-7.039535	-7.031646	-7.054159	-7.037476	-7.031551	-7.031883	-7.187023	-7.035380	-15.004264	-7.046330
2142.387000	-7.044885	-7.199693	-7.048238	-7.171196	-7.059613	-7.057965	-7.039499	-7.031628	-7.054126	-7.037430	-7.032202	-7.031851	-7.186907	-7.035321	-15.004311	-7.046273
2154.580000	-7.044862	-7.199570	-7.048234	-7.170997	-7.059580	-7.057941	-7.039491	-7.031562	-7.054115	-7.037397	-7.032813	-7.031818	-7.186828	-7.035312	-15.004328	-7.046235
2166.750000	-7.044856	-7.199468	-7.048235	-7.170860	-7.059552	-7.057916	-7.039455	-7.031546	-7.054099	-7.037365	-7.033314	-7.031792	-7.186741	-7.035271	-15.004187	-7.046218
2178.932000	-7.044831	-7.199402	-7.048227	-7.170725	-7.059540	-7.057903	-7.039441	-7.031517	-7.054092	-7.037352	-7.033747	-7.031788	-7.186703	-7.035264	-15.004203	-7.046180
2191.128000	-7.044802	-7.199351	-7.048241	-7.170634	-7.059517	-7.057907	-7.039433	-7.031498	-7.054112	-7.037366	-7.034119	-7.031774	-7.186655	-7.035240	-15.004208	-7.046177
2203.312000	-7.044816	-7.199288	-7.048218	-7.170577	-7.059526	-7.057885	-7.039423	-7.031500	-7.054097	-7.037362	-7.034422	-7.031780	-7.186643	-7.035241	-15.004286	-7.046172
2215.503000	-7.044813	-7.199287	-7.048208	-7.170504	-7.059504	-7.057883	-7.039408	-7.031498	-7.054088	-7.037332	-7.034634	-7.031771	-7.186600	-7.035194	-15.004046	-7.046186
2227.688000	-7.044805	-7.199255	-7.048235	-7.170476	-7.059514	-7.057877	-7.039418	-7.031476	-7.054089	-7.037366	-7.034841	-7.031753	-7.186595	-7.035207	-15.004339	-7.046155
2239.877000	-7.044801	-7.199220	-7.048227	-7.170435	-7.059509	-7.057881	-7.039398	-7.031477	-7.054081	-7.037327	-7.034997	-7.031764	-7.186580	-7.035204	-15.004266	-7.046167
2252.069000	-7.044782	-7.199219	-7.048222	-7.170407	-7.059502	-7.057865	-7.039391	-7.031488	-7.054089	-7.037332	-7.035137	-7.031750	-7.186556	-7.035189	-15.004248	-7.046147
2264.279000	-7.044791	-7.199210	-7.048227	-7.170398	-7.059489	-7.057866	-7.039399	-7.031484	-7.054079	-7.037330	-7.035222	-7.031748	-7.186547	-7.035184	-15.004149	-7.046141
2276.483000	-7.044785	-7.199199	-7.048226	-7.170383	-7.059496	-7.057856	-7.039379	-7.031491	-7.054080	-7.037323	-7.035296	-7.031743	-7.186542	-7.035175	-15.004155	-7.046142
2288.675000	-7.044770	-7.199185	-7.048212	-7.170366	-7.059503	-7.057859	-7.039398	-7.031479	-7.054072	-7.037357	-7.035361	-7.031753	-7.186537	-7.035181	-15.004412	-7.046133
2300.858000	-7.044762	-7.199179	-7.048225	-7.170353	-7.059496	-7.057856	-7.039389	-7.031459	-7.054062	-7.037334	-7.035423	-7.031753	-7.186531	-7.035165	-15.004182	-7.046129
2313.069000	-7.044773	-7.199179	-7.048212	-7.170355	-7.059499	-7.057878	-7.039412	-7.031482	-7.054060	-7.037331	-7.035477	-7.031739	-7.186533	-7.035185	-15.004270	-7.046125
2325.267000	-7.044762	-7.199165	-7.048217	-7.170349	-7.059493	-7.057855	-7.039389	-7.031490	-7.054099	-7.037329	-7.035507	-7.031752	-7.186534	-7.035178	-15.004318	-7.046130
2337.446000	-7.044748	-7.199174	-7.048234	-7.170334	-7.059492	-7.057856	-7.039399	-7.031445	-7.054075	-7.037354	-7.035548	-7.031747	-7.186529	-7.035163	-15.004307	-7.046128
2349.630000	-7.044759	-7.199166	-7.048216	-7.170326	-7.059487	-7.057865	-7.039397	-7.031468	-7.054064	-7.037355	-7.035570	-7.031746	-7.186510	-7.035165	-15.004276	-7.046126
2361.802000	-7.044768	-7.199165	-7.048230	-7.170330	-7.059494	-7.057866	-7.039408	-7.031453	-7.054080	-7.037327	-7.035612	-7.031747	-7.186500	-7.035172	-15.004295	-7.046137
2373.996000	-7.044753	-7.199156	-7.048229	-7.170333	-7.059481	-7.057857	-7.039391	-7.031444	-7.054086	-7.037331	-7.035615	-7.031741	-7.186506	-7.035164	-15.004385	-7.046112
2386.215000	-7.044770	-7.199168	-7.048225	-7.170315	-7.059480	-7.057857	-7.039416	-7.031459	-7.054092	-7.037352	-7.035656	-7.031740	-7.186503	-7.035187	-15.004396	-7.046121
2398.398000	-7.044761	-7.199154	-7.048229	-7.170327	-7.059484	-7.057848	-7.039397	-7.031461	-7.054092	-7.037314	-7.035689	-7.031720	-7.186514	-7.035165	-15.004394	-7.046124
2410.585000	-7.044764	-7.199155	-7.048240	-7.170314	-7.059480	-7.057863	-7.039393	-7.031466	-7.054065	-7.037322	-7.035697	-7.031735	-7.186498	-7.035183	-15.004504	-7.046111
2422.775000	-7.044765	-7.199157	-7.048236	-7.170311	-7.059484	-7.057856	-7.039395	-7.031451	-7.054070	-7.037321	-7.035703	-7.031723	-7.186510	-7.035169	-15.004365	-7.046120
2434.972000	-7.044790	-7.199152	-7.048224	-7.170306	-7.059479	-7.057852	-7.039398	-7.031470	-7.054058	-7.037324	-7.035731	-7.031752	-7.186506	-7.035174	-15.004416	-7.046110
2447.153000	-7.044769	-7.199137	-7.048221	-7.170313	-7.059481	-7.057857	-7.039379	-7.031485	-7.054055	-7.037356	-7.035721	-7.031738	-7.186495	-7.035165	-15.004349	-7.046111
2459.340000	-7.044748	-7.199148	-7.048226	-7.170310	-7.059490	-7.057832	-7.039384	-7.031459	-7.054061	-7.037329	-7.035732	-7.031720	-7.186497	-7.035175	-15.004305	-7.046118
2471.525000	-7.044768	-7.199137	-7.048233	-7.170314	-7.059485	-7.057864	-7.039387	-7.031455	-7.054064	-7.037328	-7.035766	-7.031737	-7.186488	-7.035185	-15.004316	-7.046104
2483.697000	-7.044744	-7.199145	-7.048225	-7.170297	-7.059481	-7.057850	-7.039373	-7.031459	-7.054057	-7.037326	-7.035768	-7.031710	-7.186483	-7.035180	-15.004258	-7.046103
2495.878000	-7.044759	-7.199132	-7.048233	-7.170316	-7.059489	-7.057857	-7.039394	-7.031472	-7.054059	-7.037320	-7.035774	-7.031730	-7.186497	-7.035158	-15.004256	-7.046121
2508.050000	-7.044753	-7.199142	-7.048234	-7.170307	-7.059484	-7.057841	-7.039380	-7.031449	-7.054077	-7.037319	-7.035802	-7.031723	-7.186475	-7.035164	-15.004413	-7.046111
2520.258000	-7.044760	-7.199139	-7.048210	-7.170306	-7.059470	-7.057835	-7.039390	-7.031453	-7.054063	-7.037328	-7.035796	-7.031734	-7.186481	-7.035179	-15.004420	-7.046096
2532.459000	-7.044767	-7.199156	-7.048232	-7.170312	-7.059475	-7.057850	-7.039374	-7.031447	-7.054071	-7.037320	-7.035810	-7.031717	-7.186483	-7.035166	-15.004401	-7.046118
2544.656000	-7.044760	-7.199139	-7.048223	-7.170308	-7.059488	-7.057845	-7.039388	-7.031472	-7.054055	-7.037322	-7.035822	-7.031734	-7.186464	-7.035169	-15.004312	-7.046113
2556.868000	-7.044754	-7.199147	-7.048229	-7.170305	-7.059495	-7.057841	-7.039375	-7.031452	-7.054056	-7.037322	-7.035833	-7.031731	-7.186475	-7.035171	-15.004112	-7.046128
2569.056000	-7.044750	-7.199142	-7.048237	-7.170306	-7.059491	-7.057842	-7.039384	-7.031458	-7.054084	-7.037324	-7.035835	-7.031725	-7.186481	-7.035172	-15.003955	-7.046081
2581.248000	-7.044760	-7.199122	-7.048224	-7.170312	-7.059486	-7.057841	-7.039397	-7.031444	-7.054060	-7.037316	-7.035853	-7.031731	-7.186462	-7.035162	-15.004192	-7.046108
2593.441000	-7.044772	-7.199150	-7.048231	-7.170307	-7.059487	-7.057856	-7.039382	-7.031448	-7.054058	-7.037326	-7.035856	-7.031713	-7.186466	-7.035167	-15.004175	-7.046096
2605.634000	-7.044733	-7.199145	-7.048236	-7.170304	-7.059485	-7.057856	-7.039395	-7.031445	-7.054078	-7.037329	-7.035864	-7.031713	-7.186465	-7.035177	-15.004226	-7.046101
2617.817000	-7.044750	-7.199136	-7.048235	-7.170290	-7.059478	-7.057847	-7.039383	-7.031450	-7.054088	-7.037334	-7.035841	-7.031713	-7.186457	-7.035171	-15.004403	-7.046110
2630.022000	-7.044756	-7.199136	-7.048215	-7.170301	-7.059467	-7.057842	-7.039386	-7.031450	-7.054072	-7.037329	-7.035857	-7.031707	-7.186462	-7.035160	-15.004114	-7.046105
2642.201000	-7.044750	-7.199131	-7.048212	-7.170304	-7.059484	-7.057835	-7.039380	-7.031441	-7.054080	-7.037335	-7.035884	-7.031729	-7.186469	-7.035174	-15.004200	-7.046106
2654.382000	-7.044751	-7.199125	-7.048197	-7.170282	-7.059478	-7.057847	-7.039381	-7.031455	-7.054065	-7.037331	-7.035868	-7.031735	-7.186457	-7.035177	-15.004387	-7.046104
2666.568000	-7.044766	-7.199128	-7.048216	-7.170293	-7.059466	-7.057854	-7.039388	-7.031447	-7.054068	-7.037332	-7.035890	-7.031731	-7.186470	-7.035175	-15.004302	-7.046096
2678.779000	-7.044763	-7.199136	-7.048224	-7.170292	-7.059479	-7.057853	-7.039384	-7.031457	-7.054088	-7.037326	-7.035885	-7.031718	-7.186466	-7.035173	-15.004539	-7.046111
2690.975000	-7.044746	-7.199129	-7.048226	-7.170285	-7.059467	-7.057838	-7.039403	-7.031449	-7.054077	-7.037308	-7.035894	-7.031731	-7.186476	-7.035155	-15.004374	-7.046100
2703.171000	-7.044764	-7.199130	-7.048209	-7.170275	-7.059473	-7.057847	-7.039387	-7.031454	-7.054071	-7.037316	-7.035905	-7.031713	-7.186478	-7.035164	-15.004112	-7.046104
	-7.044754	-7.199146	-7.048223	-7.170287	-7.059466	-7.057852	-7.039375	-7.031451	-7.054070							
