8.180000	-7.015291	-7.033245	-7.188616	-7.058681	-7.044014	-7.045796	-7.048868	-7.056707	-7.093245	-7.046982	-7.025566	-7.040332	-7.056517	-7.054137	-15.001572	-7.057870
20.374000	-7.015329	-7.033258	-7.188713	-7.058713	-7.044045	-7.045826	-7.048890	-7.056723	-7.093303	-7.046995	-7.025605	-7.040375	-7.056523	-7.054157	-15.002152	-7.057901
32.564000	-7.015355	-7.033285	-7.188754	-7.058720	-7.044074	-7.045838	-7.048931	-7.056745	-7.093320	-7.047007	-7.025600	-7.040376	-7.056529	-7.054172	-15.002431	-7.057891
44.783000	-7.015363	-7.033296	-7.188761	-7.058741	-7.044068	-7.045847	-7.048938	-7.056767	-7.093315	-7.047032	-7.025622	-7.040383	-7.056546	-7.054173	-15.002661	-7.057897
56.974000	-7.015362	-7.033308	-7.188789	-7.058724	-7.044073	-7.045835	-7.048933	-7.056783	-7.093320	-7.047048	-7.025638	-7.040382	-7.056545	-7.054214	-15.002776	-7.057928
69.171000	-7.015369	-7.033306	-7.188799	-7.058738	-7.044074	-7.045839	-7.048946	-7.056795	-7.093303	-7.047072	-7.025649	-7.040412	-7.056557	-7.054201	-15.003265	-7.057935
81.370000	-7.015394	-7.033303	-7.188797	-7.058726	-7.044099	-7.045837	-7.048949	-7.056783	-7.093311	-7.047059	-7.025641	-7.040409	-7.056559	-7.054220	-15.003313	-7.057923
93.556000	-7.015375	-7.033300	-7.188828	-7.058722	-7.044095	-7.045836	-7.048948	-7.056840	-7.093309	-7.047072	-7.025636	-7.040410	-7.056545	-7.054203	-15.003365	-7.057914
105.749000	-7.015392	-7.033295	-7.188795	-7.058738	-7.044082	-7.045824	-7.048943	-7.056828	-7.093326	-7.047048	-7.025644	-7.040412	-7.056571	-7.054246	-15.003513	-7.057930
117.970000	-7.015400	-7.033317	-7.188805	-7.058725	-7.044103	-7.045813	-7.048962	-7.056829	-7.093339	-7.047049	-7.025647	-7.040433	-7.056591	-7.054224	-15.003533	-7.057940
130.169000	-7.015398	-7.033321	-7.188813	-7.058753	-7.044104	-7.045813	-7.048952	-7.056832	-7.093312	-7.047051	-7.025632	-7.040440	-7.056592	-7.054244	-15.003734	-7.057949
142.358000	-7.015371	-7.033269	-7.188761	-7.058732	-7.044062	-7.045763	-7.048997	-7.056846	-7.093231	-7.047035	-7.025627	-7.040491	-7.056615	-7.054229	-15.003574	-7.058033
154.552000	-7.015371	-7.033200	-7.188601	-7.058730	-7.043987	-7.045701	-7.048964	-7.056793	-7.093152	-7.046947	-7.025563	-7.040308	-7.056557	-7.054121	-15.004121	-7.057967
166.734000	-7.015351	-7.033128	-7.188399	-7.058742	-7.043931	-7.045673	-7.048919	-7.056687	-7.093074	-7.046847	-7.025483	-7.040125	-7.056434	-7.054014	-15.004069	-7.057857
178.948000	-7.015309	-7.033096	-7.188139	-7.058723	-7.043822	-7.045639	-7.048865	-7.056576	-7.092991	-7.046739	-7.025377	-7.039952	-7.056322	-7.053887	-15.004352	-7.057708
191.164000	-7.015274	-7.033048	-7.187850	-7.058710	-7.043726	-7.045616	-7.048865	-7.056525	-7.092896	-7.046640	-7.025282	-7.039751	-7.056213	-7.053757	-15.004133	-7.057591
203.334000	-7.015217	-7.033030	-7.187611	-7.058658	-7.043631	-7.045578	-7.048802	-7.056384	-7.092832	-7.046546	-7.025182	-7.039595	-7.056051	-7.053635	-15.004191	-7.057487
215.528000	-7.015157	-7.032967	-7.187374	-7.058661	-7.043536	-7.045546	-7.048804	-7.056335	-7.092781	-7.046418	-7.025107	-7.039520	-7.055933	-7.053533	-15.004395	-7.057378
227.728000	-7.015100	-7.032968	-7.187156	-7.058607	-7.043447	-7.045551	-7.048785	-7.056257	-7.092759	-7.046364	-7.025012	-7.039387	-7.055850	-7.053457	-15.004394	-7.057281
239.937000	-7.015062	-7.032983	-7.186973	-7.058612	-7.043407	-7.045538	-7.048794	-7.056198	-7.092721	-7.046279	-7.024948	-7.039309	-7.055751	-7.053367	-15.004449	-7.057233
252.139000	-7.015019	-7.032962	-7.186831	-7.058593	-7.043367	-7.045535	-7.048768	-7.056180	-7.092699	-7.046236	-7.024904	-7.039232	-7.055679	-7.053300	-15.004410	-7.057180
264.346000	-7.014970	-7.032939	-7.186711	-7.058602	-7.043321	-7.045534	-7.048764	-7.056125	-7.092685	-7.046187	-7.024869	-7.039194	-7.055639	-7.053258	-15.004362	-7.057137
276.560000	-7.014941	-7.032934	-7.186636	-7.058551	-7.043303	-7.045538	-7.048759	-7.056111	-7.092663	-7.046157	-7.024858	-7.039186	-7.055598	-7.053242	-15.004591	-7.057124
288.748000	-7.014912	-7.032914	-7.186577	-7.058547	-7.043280	-7.045515	-7.048769	-7.056101	-7.092637	-7.046157	-7.024825	-7.039154	-7.055587	-7.053220	-15.004404	-7.057089
300.948000	-7.014904	-7.032904	-7.186543	-7.058563	-7.043266	-7.045511	-7.048760	-7.056088	-7.092655	-7.046129	-7.024823	-7.039125	-7.055561	-7.053205	-15.004416	-7.057068
313.133000	-7.014897	-7.032941	-7.186514	-7.058531	-7.043275	-7.045523	-7.048743	-7.056068	-7.092647	-7.046120	-7.024808	-7.039112	-7.055526	-7.053183	-15.004374	-7.057040
325.336000	-7.014876	-7.032931	-7.186487	-7.058560	-7.043273	-7.045519	-7.048735	-7.056060	-7.092645	-7.046118	-7.024820	-7.039117	-7.055530	-7.053170	-15.004449	-7.057057
337.514000	-7.014873	-7.032942	-7.186454	-7.058549	-7.043260	-7.045522	-7.048752	-7.056070	-7.092666	-7.046116	-7.024811	-7.039083	-7.055554	-7.053149	-15.004573	-7.057042
349.715000	-7.014875	-7.032944	-7.186441	-7.058551	-7.043246	-7.045531	-7.048768	-7.056070	-7.092673	-7.046104	-7.024816	-7.039107	-7.055518	-7.053148	-15.004615	-7.057042
361.911000	-7.014861	-7.032925	-7.186431	-7.058559	-7.043252	-7.045509	-7.048758	-7.056073	-7.092661	-7.046099	-7.024811	-7.039088	-7.055512	-7.053145	-15.004565	-7.057020
374.121000	-7.014836	-7.032930	-7.186408	-7.058541	-7.043237	-7.045518	-7.048787	-7.056043	-7.092623	-7.046071	-7.024797	-7.039108	-7.055526	-7.053143	-15.004652	-7.057016
386.315000	-7.014852	-7.032937	-7.186412	-7.058552	-7.043224	-7.045507	-7.048762	-7.056064	-7.092632	-7.046070	-7.024801	-7.039087	-7.055488	-7.053141	-15.004472	-7.057005
398.555000	-7.014852	-7.032937	-7.186406	-7.058555	-7.043278	-7.045560	-7.048747	-7.056058	-7.092674	-7.046107	-7.024799	-7.039073	-7.055504	-7.053147	-15.004553	-7.057028
410.769000	-7.014875	-7.032936	-7.186428	-7.058531	-7.043233	-7.045514	-7.048759	-7.056056	-7.092617	-7.046097	-7.024819	-7.039079	-7.055523	-7.053165	-15.004705	-7.057049
422.948000	-7.014868	-7.032943	-7.186409	-7.058545	-7.043245	-7.045522	-7.048765	-7.056078	-7.092638	-7.046087	-7.024795	-7.039084	-7.055514	-7.053131	-15.004641	-7.057038
435.158000	-7.014872	-7.032938	-7.186390	-7.058546	-7.043232	-7.045533	-7.048744	-7.056095	-7.092633	-7.046077	-7.024793	-7.039076	-7.055493	-7.053134	-15.004610	-7.057038
447.331000	-7.014869	-7.032958	-7.186385	-7.058549	-7.043244	-7.045512	-7.048749	-7.056059	-7.092631	-7.046086	-7.024784	-7.039076	-7.055500	-7.053145	-15.004628	-7.057010
459.531000	-7.014844	-7.032953	-7.186375	-7.058558	-7.043235	-7.045522	-7.048757	-7.056053	-7.092648	-7.046093	-7.024772	-7.039087	-7.055503	-7.053166	-15.004656	-7.057010
471.821000	-7.014850	-7.032947	-7.186368	-7.058558	-7.043251	-7.045515	-7.048754	-7.056050	-7.092634	-7.046090	-7.024794	-7.039080	-7.055474	-7.053125	-15.004861	-7.057002
484.014000	-7.014849	-7.032934	-7.186366	-7.058543	-7.043234	-7.045499	-7.048742	-7.056033	-7.092651	-7.046077	-7.024817	-7.039089	-7.055459	-7.053114	-15.004877	-7.057015
496.222000	-7.014856	-7.032925	-7.186350	-7.058554	-7.043244	-7.045499	-7.048741	-7.056023	-7.092635	-7.046082	-7.024810	-7.039078	-7.055479	-7.053128	-15.004848	-7.056987
508.417000	-7.014862	-7.032943	-7.186344	-7.058547	-7.043233	-7.045500	-7.048756	-7.056021	-7.092621	-7.046093	-7.024775	-7.039071	-7.055456	-7.053147	-15.004930	-7.056978
520.602000	-7.014832	-7.032930	-7.186340	-7.058546	-7.043211	-7.045511	-7.048758	-7.056035	-7.092602	-7.046075	-7.024784	-7.039039	-7.055455	-7.053127	-15.004726	-7.056980
532.803000	-7.014844	-7.032927	-7.186336	-7.058543	-7.043203	-7.045501	-7.048739	-7.056008	-7.092604	-7.046062	-7.024761	-7.039069	-7.055462	-7.053118	-15.004827	-7.056977
545.006000	-7.014822	-7.032943	-7.186321	-7.058555	-7.043199	-7.045493	-7.048744	-7.056031	-7.092599	-7.046068	-7.024774	-7.039068	-7.055472	-7.053127	-15.004831	-7.056971
557.197000	-7.014834	-7.032926	-7.186310	-7.058542	-7.043204	-7.045504	-7.048758	-7.056012	-7.092605	-7.046083	-7.024770	-7.039034	-7.055467	-7.053149	-15.004862	-7.056990
569.376000	-7.014838	-7.032928	-7.186305	-7.058552	-7.043227	-7.045474	-7.048738	-7.056023	-7.092607	-7.046056	-7.024787	-7.039044	-7.055432	-7.053122	-15.004911	-7.056978
581.586000	-7.014816	-7.032927	-7.186313	-7.058552	-7.043206	-7.045493	-7.048733	-7.056042	-7.092626	-7.046056	-7.024772	-7.039040	-7.055452	-7.053126	-15.004739	-7.056970
593.766000	-7.014820	-7.032935	-7.186310	-7.058546	-7.043213	-7.045504	-7.048744	-7.056032	-7.092603	-7.046078	-7.024779	-7.039038	-7.055443	-7.053130	-15.004821	-7.056996
605.994000	-7.014824	-7.032932	-7.186310	-7.058539	-7.043221	-7.045491	-7.048753	-7.056032	-7.092589	-7.046062	-7.024762	-7.039038	-7.055442	-7.053098	-15.004664	-7.056974
618.189000	-7.014823	-7.032935	-7.186301	-7.058525	-7.043216	-7.045488	-7.048733	-7.056031	-7.092604	-7.046042	-7.024789	-7.039043	-7.055443	-7.053112	-15.004899	-7.056958
630.380000	-7.014821	-7.032927	-7.186296	-7.058523	-7.043216	-7.045482	-7.048731	-7.056012	-7.092582	-7.046060	-7.024775	-7.039072	-7.055428	-7.053101	-15.004955	-7.056990
642.583000	-7.014817	-7.032932	-7.186292	-7.058536	-7.043226	-7.045504	-7.048734	-7.056049	-7.092613	-7.046044	-7.024760	-7.039052	-7.055420	-7.053108	-15.004939	-7.056991
654.769000	-7.014823	-7.032935	-7.186275	-7.058534	-7.043218	-7.045511	-7.048759	-7.056020	-7.092582	-7.046060	-7.024783	-7.039025	-7.055441	-7.053118	-15.004799	-7.056979
666.964000	-7.014812	-7.032933	-7.186300	-7.058516	-7.043208	-7.045486	-7.048763	-7.056025	-7.092595	-7.046055	-7.024799	-7.039028	-7.055457	-7.053127	-15.004858	-7.056996
679.162000	-7.014824	-7.032927	-7.186280	-7.058531	-7.043202	-7.045490	-7.048736	-7.056015	-7.092610	-7.046049	-7.024780	-7.039046	-7.055448	-7.053102	-15.004797	-7.056997
691.378000	-7.014809	-7.032934	-7.186290	-7.058527	-7.043217	-7.045513	-7.048759	-7.056034	-7.092611	-7.046033	-7.024773	-7.039030	-7.055432	-7.053119	-15.004853	-7.056980
703.569000	-7.014814	-7.032923	-7.186272	-7.058504	-7.043234	-7.045513	-7.048753	-7.055998	-7.092598	-7.046056	-7.024779	-7.039029	-7.055428	-7.053121	-15.004796	-7.056982
715.770000	-7.014819	-7.032931	-7.186273	-7.058537	-7.043229	-7.045498	-7.048754	-7.056017	-7.092606	-7.046065	-7.024780	-7.039026	-7.055423	-7.053139	-15.004793	-7.056989
727.946000	-7.014812	-7.032928	-7.186270	-7.058560	-7.043247	-7.045497	-7.048735	-7.056017	-7.092597	-7.046083	-7.024797	-7.039029	-7.055415	-7.053133	-15.005048	-7.056986
740.130000	-7.014816	-7.032935	-7.186279	-7.058539	-7.043230	-7.045489	-7.048738	-7.056026	-7.092626	-7.046068	-7.024803	-7.039008	-7.055434	-7.053099	-15.004805	-7.056989
752.320000	-7.014824	-7.032926	-7.186282	-7.058554	-7.043244	-7.045493	-7.048737	-7.056022	-7.092621	-7.046047	-7.024784	-7.039031	-7.055398	-7.053116	-15.004896	-7.056978
764.511000	-7.014817	-7.032950	-7.186277	-7.058541	-7.043243	-7.045477	-7.048745	-7.056011	-7.092613	-7.046042	-7.024760	-7.039022	-7.055409	-7.053108	-15.004873	-7.056988
776.699000	-7.014811	-7.032940	-7.186278	-7.058532	-7.043232	-7.045481	-7.048742	-7.056009	-7.092579	-7.046052	-7.024776	-7.039043	-7.055415	-7.053109	-15.004814	-7.056977
788.903000	-7.014806	-7.032931	-7.186283	-7.058543	-7.043212	-7.045490	-7.048746	-7.056054	-7.092588	-7.046037	-7.024763	-7.039037	-7.055421	-7.053109	-15.004831	-7.056957
801.110000	-7.014803	-7.032924	-7.186279	-7.058541	-7.043229	-7.045486	-7.048758	-7.056014	-7.092605	-7.046033	-7.024777	-7.039022	-7.055407	-7.053095	-15.004958	-7.056978
813.293000	-7.014822	-7.032945	-7.186257	-7.058552	-7.043218	-7.045497	-7.048747	-7.056043	-7.092610	-7.046033	-7.024759	-7.039020	-7.055419	-7.053111	-15.005102	-7.056975
825.525000	-7.014822	-7.032927	-7.186268	-7.058529	-7.043231	-7.045510	-7.048758	-7.056039	-7.092597	-7.046018	-7.024789	-7.039034	-7.055428	-7.053099	-15.004982	-7.056973
837.741000	-7.014837	-7.032935	-7.186273	-7.058546	-7.043222	-7.045485	-7.048746	-7.056016	-7.092590	-7.046031	-7.024787	-7.039032	-7.055421	-7.053110	-15.005055	-7.056972
849.946000	-7.014829	-7.032941	-7.186272	-7.058539	-7.043227	-7.045494	-7.048753	-7.056035	-7.092622	-7.046045	-7.024759	-7.039035	-7.055424	-7.053107	-15.005065	-7.056992
862.142000	-7.014828	-7.032930	-7.186267	-7.058532	-7.043203	-7.045487	-7.048736	-7.056037	-7.092585	-7.046011	-7.024755	-7.039018	-7.055421	-7.053106	-15.004973	-7.056960
874.328000	-7.014815	-7.032922	-7.186258	-7.058554	-7.043219	-7.045507	-7.048725	-7.056019	-7.092575	-7.046042	-7.024745	-7.039005	-7.055395	-7.053106	-15.004907	-7.056984
886.522000	-7.014817	-7.032910	-7.186271	-7.058557	-7.043198	-7.045493	-7.048728	-7.056003	-7.092601	-7.046022	-7.024755	-7.039027	-7.055419	-7.053107	-15.005063	-7.056975
898.695000	-7.014832	-7.032938	-7.186286	-7.058558	-7.043210	-7.045506	-7.048730	-7.056001	-7.092591	-7.046011	-7.024769	-7.039035	-7.055426	-7.053099	-15.004991	-7.056958
910.897000	-7.014841	-7.032919	-7.186265	-7.058539	-7.043218	-7.045479	-7.048731	-7.056043	-7.092614	-7.046015	-7.024738	-7.039015	-7.055402	-7.053089	-15.004822	-7.056974
923.075000	-7.014809	-7.032915	-7.186287	-7.058560	-7.043215	-7.045486	-7.048733	-7.056019	-7.092585	-7.046023	-7.024743	-7.038999	-7.055398	-7.053080	-15.004708	-7.056968
935.289000	-7.014811	-7.032923	-7.186258	-7.058548	-7.043206	-7.045496	-7.048745	-7.056025	-7.092587	-7.046032	-7.024756	-7.039011	-7.055389	-7.053097	-15.004605	-7.056959
947.516000	-7.014814	-7.032932	-7.186277	-7.058551	-7.043201	-7.045480	-7.048741	-7.056028	-7.092582	-7.046015	-7.024750	-7.039010	-7.055410	-7.053108	-15.005103	-7.056956
959.700000	-7.014805	-7.032947	-7.186271	-7.058536	-7.043189	-7.045486	-7.048753	-7.056019	-7.092600	-7.046029	-7.024768	-7.039013	-7.055393	-7.053080	-15.004873	-7.056966
971.875000	-7.014796	-7.032933	-7.186260	-7.058524	-7.043202	-7.045492	-7.048740	-7.055999	-7.092599	-7.046033	-7.024745	-7.039016	-7.055416	-7.053069	-15.005008	-7.056953
984.081000	-7.014810	-7.032948	-7.186274	-7.058531	-7.043227	-7.045484	-7.048730	-7.056020	-7.092581	-7.046039	-7.024754	-7.039019	-7.055406	-7.053099	-15.005091	-7.056963
996.271000	-7.014806	-7.032932	-7.186261	-7.058538	-7.043196	-7.045467	-7.048719	-7.055989	-7.092548	-7.046036	-7.024755	-7.039016	-7.055419	-7.053086	-15.004870	-7.056964
1008.475000	-7.014805	-7.032936	-7.186261	-7.058538	-7.043223	-7.045473	-7.048732	-7.056066	-7.092593	-7.046030	-7.024745	-7.039006	-7.055386	-7.053091	-15.005101	-7.056962
1020.682000	-7.014783	-7.032917	-7.186260	-7.058548	-7.043208	-7.045481	-7.048724	-7.056042	-7.092579	-7.046023	-7.024763	-7.039018	-7.055393	-7.053088	-15.005027	-7.056974
1032.887000	-7.014810	-7.032934	-7.186248	-7.058562	-7.043214	-7.045470	-7.048728	-7.056010	-7.092593	-7.046036	-7.024763	-7.039029	-7.055389	-7.053093	-15.004929	-7.056972
1045.077000	-7.014818	-7.032930	-7.186241	-7.058556	-7.043212	-7.045464	-7.048733	-7.056028	-7.092593	-7.046034	-7.024754	-7.039027	-7.055379	-7.053103	-15.004968	-7.056978
1057.287000	-7.014794	-7.032925	-7.186237	-7.058545	-7.043209	-7.045486	-7.048716	-7.056011	-7.092584	-7.046031	-7.024754	-7.039020	-7.055361	-7.053077	-15.005133	-7.056986
1069.487000	-7.014829	-7.032934	-7.186246	-7.058540	-7.043208	-7.045473	-7.048707	-7.056034	-7.092594	-7.046039	-7.024751	-7.039022	-7.055370	-7.053083	-15.005011	-7.056972
1081.672000	-7.014815	-7.032946	-7.186246	-7.058538	-7.043197	-7.045500	-7.048728	-7.056010	-7.092594	-7.046025	-7.024774	-7.039031	-7.055380	-7.053073	-15.005150	-7.056969
1093.869000	-7.014817	-7.032919	-7.186241	-7.058547	-7.043207	-7.045494	-7.048730	-7.056003	-7.092592	-7.046034	-7.024776	-7.039027	-7.055369	-7.053097	-15.005184	-7.056965
1106.050000	-7.014807	-7.032941	-7.186235	-7.058543	-7.043216	-7.045470	-7.048728	-7.056011	-7.092602	-7.046045	-7.024780	-7.039031	-7.055383	-7.053079	-15.005096	-7.056965
1118.222000	-7.014816	-7.032935	-7.186250	-7.058553	-7.043218	-7.045488	-7.048738	-7.055992	-7.092561	-7.046029	-7.024761	-7.039018	-7.055405	-7.053070	-15.005158	-7.056950
1130.395000	-7.014811	-7.032926	-7.186238	-7.058541	-7.043210	-7.045470	-7.048734	-7.055999	-7.092602	-7.046027	-7.024770	-7.039025	-7.055394	-7.053094	-15.004946	-7.056959
1142.600000	-7.014808	-7.032913	-7.186238	-7.058559	-7.043193	-7.045476	-7.048730	-7.056004	-7.092590	-7.046023	-7.024752	-7.039029	-7.055394	-7.053106	-15.005167	-7.056961
1154.782000	-7.014780	-7.032938	-7.186226	-7.058555	-7.043197	-7.045486	-7.048748	-7.056022	-7.092574	-7.046016	-7.024770	-7.039022	-7.055409	-7.053091	-15.005375	-7.056940
1166.954000	-7.014792	-7.032938	-7.186232	-7.058558	-7.043201	-7.045485	-7.048738	-7.056006	-7.092582	-7.046038	-7.024741	-7.038995	-7.055385	-7.053100	-15.005026	-7.056954
1179.147000	-7.014813	-7.032947	-7.186228	-7.058556	-7.043218	-7.045481	-7.048735	-7.056016	-7.092561	-7.046033	-7.024730	-7.039002	-7.055393	-7.053106	-15.004954	-7.056963
1191.337000	-7.014817	-7.032934	-7.186209	-7.058566	-7.043207	-7.045485	-7.048730	-7.056002	-7.092583	-7.046043	-7.024724	-7.038998	-7.055388	-7.053105	-15.005134	-7.056968
1203.524000	-7.014806	-7.032926	-7.186211	-7.058557	-7.043216	-7.045476	-7.048718	-7.055990	-7.092586	-7.046030	-7.024741	-7.038983	-7.055389	-7.053098	-15.004952	-7.056965
1215.706000	-7.014801	-7.032951	-7.186216	-7.058566	-7.043190	-7.045485	-7.048739	-7.055982	-7.092570	-7.046014	-7.024771	-7.038994	-7.055383	-7.053109	-15.005102	-7.056958
1227.876000	-7.014810	-7.032953	-7.186201	-7.058584	-7.043199	-7.045465	-7.048720	-7.056000	-7.092589	-7.046030	-7.024744	-7.038985	-7.055378	-7.053094	-15.004937	-7.056942
1240.086000	-7.014792	-7.032931	-7.186187	-7.058571	-7.043228	-7.045472	-7.048726	-7.056041	-7.092606	-7.046036	-7.024742	-7.038987	-7.055381	-7.053107	-15.004900	-7.056944
1252.290000	-7.014801	-7.032939	-7.186224	-7.058585	-7.043203	-7.045470	-7.048751	-7.056017	-7.092584	-7.046022	-7.024761	-7.038979	-7.055397	-7.053103	-15.004973	-7.056940
1264.468000	-7.014798	-7.032935	-7.186202	-7.058554	-7.043208	-7.045483	-7.048740	-7.056013	-7.092591	-7.046050	-7.024746	-7.038985	-7.055405	-7.053085	-15.004958	-7.056963
1276.634000	-7.014812	-7.032937	-7.186215	-7.058577	-7.043221	-7.045480	-7.048714	-7.056003	-7.092602	-7.046019	-7.024760	-7.038992	-7.055395	-7.053086	-15.004845	-7.056966
1288.799000	-7.014798	-7.032949	-7.186211	-7.058568	-7.043208	-7.045465	-7.048723	-7.056010	-7.092579	-7.046032	-7.024748	-7.038970	-7.055387	-7.053083	-15.005031	-7.056952
1300.996000	-7.014814	-7.032949	-7.186213	-7.058545	-7.043182	-7.045493	-7.048700	-7.056004	-7.092573	-7.046047	-7.024752	-7.038981	-7.055391	-7.053102	-15.005071	-7.056953
1313.187000	-7.014832	-7.033135	-7.186435	-7.058571	-7.043419	-7.045797	-7.048724	-7.056063	-7.092948	-7.046114	-7.024727	-7.038951	-7.055328	-7.053140	-15.004786	-7.056713
1325.366000	-7.014859	-7.033338	-7.186907	-7.058532	-7.043563	-7.045789	-7.048749	-7.056215	-7.093035	-7.046348	-7.024979	-7.039531	-7.055640	-7.053459	-15.004897	-7.057059
1337.554000	-7.014961	-7.033328	-7.187543	-7.058565	-7.043736	-7.045804	-7.048831	-7.056432	-7.093224	-7.046617	-7.025262	-7.039992	-7.055993	-7.053768	-15.004887	-7.057421
1349.733000	-7.015078	-7.033358	-7.188083	-7.058646	-7.043939	-7.045887	-7.048914	-7.056603	-7.093361	-7.046854	-7.025480	-7.040330	-7.056272	-7.054043	-15.004802	-7.057672
1361.961000	-7.015175	-7.033395	-7.188555	-7.058697	-7.044112	-7.045911	-7.048977	-7.056778	-7.093490	-7.047037	-7.025635	-7.040582	-7.056495	-7.054230	-15.004729	-7.057860
1374.165000	-7.015288	-7.033429	-7.188915	-7.058784	-7.044223	-7.045942	-7.049017	-7.056924	-7.093557	-7.047202	-7.025754	-7.040752	-7.056664	-7.054362	-15.004689	-7.058011
1386.366000	-7.015349	-7.033441	-7.189203	-7.058794	-7.044337	-7.045954	-7.049037	-7.057033	-7.093628	-7.047309	-7.025847	-7.040905	-7.056796	-7.054498	-15.004667	-7.058112
1398.553000	-7.015395	-7.033458	-7.189442	-7.058797	-7.044431	-7.045959	-7.049059	-7.057093	-7.093663	-7.047390	-7.025910	-7.040983	-7.056915	-7.054596	-15.004792	-7.058189
1410.735000	-7.015432	-7.033489	-7.189625	-7.058837	-7.044485	-7.045966	-7.049108	-7.057144	-7.093673	-7.047464	-7.025975	-7.041058	-7.056997	-7.054644	-15.004661	-7.058250
1422.896000	-7.015489	-7.033505	-7.189756	-7.058870	-7.044521	-7.045978	-7.049115	-7.057218	-7.093693	-7.047518	-7.026016	-7.041152	-7.057049	-7.054690	-15.004606	-7.058296
1435.096000	-7.015515	-7.033538	-7.189876	-7.058872	-7.044567	-7.045975	-7.049140	-7.057220	-7.093729	-7.047550	-7.026086	-7.041172	-7.057114	-7.054757	-15.004796	-7.058370
1447.306000	-7.015543	-7.033567	-7.189967	-7.058895	-7.044585	-7.045991	-7.049151	-7.057247	-7.093732	-7.047596	-7.026136	-7.041221	-7.057151	-7.054806	-15.004806	-7.058393
1459.513000	-7.015567	-7.033563	-7.190057	-7.058919	-7.044601	-7.046011	-7.049178	-7.057248	-7.093737	-7.047623	-7.026167	-7.041301	-7.057190	-7.054850	-15.004826	-7.058423
1471.684000	-7.015581	-7.033586	-7.190113	-7.058919	-7.044607	-7.046033	-7.049156	-7.057279	-7.093724	-7.047666	-7.026158	-7.041306	-7.057227	-7.054878	-15.004827	-7.058436
1483.879000	-7.015578	-7.033591	-7.190142	-7.058920	-7.044616	-7.046017	-7.049163	-7.057329	-7.093733	-7.047672	-7.026169	-7.041349	-7.057251	-7.054898	-15.004650	-7.058456
1496.053000	-7.015591	-7.033609	-7.190170	-7.058928	-7.044637	-7.046016	-7.049172	-7.057307	-7.093734	-7.047686	-7.026209	-7.041351	-7.057248	-7.054912	-15.004522	-7.058491
1508.262000	-7.015580	-7.033638	-7.190237	-7.058920	-7.044655	-7.046036	-7.049170	-7.057325	-7.093746	-7.047702	-7.026205	-7.041370	-7.057288	-7.054921	-15.004408	-7.058508
1520.456000	-7.015540	-7.033620	-7.190245	-7.058937	-7.044648	-7.046038	-7.049198	-7.057350	-7.093747	-7.047721	-7.026222	-7.041385	-7.057294	-7.054925	-15.004705	-7.058512
1532.645000	-7.015534	-7.033645	-7.190286	-7.058924	-7.044635	-7.046045	-7.049191	-7.057315	-7.093731	-7.047710	-7.026217	-7.041400	-7.057294	-7.054941	-15.004451	-7.058519
1544.849000	-7.015510	-7.033635	-7.190328	-7.058927	-7.044630	-7.046054	-7.049204	-7.057356	-7.093712	-7.047726	-7.026211	-7.041407	-7.057320	-7.054957	-15.004706	-7.058537
1557.021000	-7.015492	-7.033650	-7.190326	-7.058942	-7.044621	-7.046039	-7.049182	-7.057341	-7.093698	-7.047724	-7.026214	-7.041407	-7.057331	-7.054943	-15.004576	-7.058544
1569.221000	-7.015442	-7.033639	-7.190365	-7.058944	-7.044613	-7.046044	-7.049182	-7.057347	-7.093709	-7.047732	-7.026210	-7.041432	-7.057341	-7.054966	-15.004692	-7.058547
1581.448000	-7.015439	-7.033633	-7.190360	-7.058934	-7.044635	-7.046046	-7.049192	-7.057330	-7.093694	-7.047741	-7.026240	-7.041447	-7.057356	-7.054959	-15.004493	-7.058551
1593.631000	-7.015390	-7.033640	-7.190359	-7.058908	-7.044633	-7.046043	-7.049206	-7.057341	-7.093678	-7.047735	-7.026240	-7.041452	-7.057333	-7.054949	-15.004638	-7.058577
1605.823000	-7.015371	-7.033642	-7.190375	-7.058915	-7.044619	-7.046055	-7.049200	-7.057353	-7.093670	-7.047728	-7.026235	-7.041460	-7.057335	-7.054980	-15.004463	-7.058564
1618.016000	-7.015339	-7.033658	-7.190394	-7.058931	-7.044594	-7.046062	-7.049201	-7.057340	-7.093657	-7.047741	-7.026241	-7.041457	-7.057347	-7.054968	-15.004356	-7.058581
1630.188000	-7.015311	-7.033660	-7.190405	-7.058930	-7.044594	-7.046065	-7.049195	-7.057345	-7.093633	-7.047745	-7.026237	-7.041443	-7.057356	-7.054981	-15.004426	-7.058552
1642.390000	-7.015280	-7.033665	-7.190396	-7.058919	-7.044573	-7.046078	-7.049195	-7.057350	-7.093618	-7.047743	-7.026251	-7.041442	-7.057348	-7.054995	-15.004542	-7.058563
1654.559000	-7.015254	-7.033655	-7.190421	-7.058929	-7.044585	-7.046066	-7.049197	-7.057324	-7.093592	-7.047732	-7.026244	-7.041453	-7.057355	-7.055002	-15.004737	-7.058577
1666.770000	-7.015213	-7.033665	-7.190423	-7.058896	-7.044598	-7.046070	-7.049190	-7.057362	-7.093581	-7.047737	-7.026253	-7.041462	-7.057345	-7.055006	-15.004561	-7.058583
1678.965000	-7.015202	-7.033664	-7.190427	-7.058912	-7.044574	-7.046090	-7.049211	-7.057363	-7.093563	-7.047753	-7.026245	-7.041469	-7.057357	-7.055004	-15.004526	-7.058585
1691.172000	-7.015193	-7.033662	-7.190439	-7.058918	-7.044557	-7.046081	-7.049198	-7.057351	-7.093549	-7.047747	-7.026248	-7.041457	-7.057356	-7.054993	-15.004505	-7.058580
1703.375000	-7.015150	-7.033635	-7.190454	-7.058907	-7.044559	-7.046074	-7.049192	-7.057357	-7.093505	-7.047751	-7.026260	-7.041463	-7.057346	-7.054991	-15.004534	-7.058589
1715.566000	-7.015142	-7.033652	-7.190446	-7.058915	-7.044554	-7.046068	-7.049200	-7.057343	-7.093507	-7.047755	-7.026257	-7.041467	-7.057360	-7.055009	-15.004624	-7.058567
1727.737000	-7.015111	-7.033646	-7.190461	-7.058926	-7.044545	-7.046078	-7.049197	-7.057341	-7.093478	-7.047757	-7.026287	-7.041481	-7.057362	-7.055030	-15.004608	-7.058567
1739.907000	-7.015100	-7.033659	-7.190453	-7.058899	-7.044533	-7.046070	-7.049218	-7.057344	-7.093477	-7.047774	-7.026251	-7.041474	-7.057380	-7.055023	-15.004671	-7.058584
1752.122000	-7.015085	-7.033647	-7.190462	-7.058915	-7.044532	-7.046055	-7.049204	-7.057359	-7.093454	-7.047777	-7.026261	-7.041496	-7.057366	-7.055006	-15.004591	-7.058594
1764.317000	-7.015064	-7.033629	-7.190472	-7.058931	-7.044520	-7.046055	-7.049182	-7.057343	-7.093446	-7.047763	-7.026253	-7.041477	-7.057400	-7.055016	-15.004448	-7.058595
1776.509000	-7.015060	-7.033648	-7.190469	-7.058935	-7.044514	-7.046074	-7.049209	-7.057342	-7.093420	-7.047751	-7.026247	-7.041469	-7.057357	-7.055007	-15.004478	-7.058596
1788.694000	-7.015048	-7.033656	-7.190469	-7.058914	-7.044501	-7.046079	-7.049204	-7.057340	-7.093401	-7.047739	-7.026246	-7.041477	-7.057386	-7.055029	-15.004585	-7.058587
1800.903000	-7.015064	-7.033665	-7.190474	-7.058899	-7.044483	-7.046052	-7.049174	-7.057350	-7.093355	-7.047737	-7.026268	-7.041483	-7.057390	-7.055029	-15.004511	-7.058588
1813.073000	-7.015052	-7.033658	-7.190474	-7.058922	-7.044487	-7.046056	-7.049204	-7.057322	-7.093356	-7.047733	-7.026258	-7.041484	-7.057379	-7.055015	-15.004683	-7.058587
1825.305000	-7.015026	-7.033646	-7.190474	-7.058921	-7.044453	-7.046066	-7.049187	-7.057334	-7.093344	-7.047770	-7.026252	-7.041494	-7.057382	-7.055024	-15.004693	-7.058597
1837.518000	-7.015027	-7.033666	-7.190489	-7.058907	-7.044445	-7.046065	-7.049200	-7.057311	-7.093314	-7.047769	-7.026280	-7.041492	-7.057379	-7.055000	-15.004688	-7.058611
1849.737000	-7.015009	-7.033671	-7.190495	-7.058895	-7.044434	-7.046076	-7.049203	-7.057323	-7.093302	-7.047764	-7.026269	-7.041483	-7.057376	-7.055028	-15.004740	-7.058603
1861.911000	-7.015009	-7.033661	-7.190497	-7.058901	-7.044419	-7.046063	-7.049197	-7.057326	-7.093304	-7.047742	-7.026240	-7.041457	-7.057393	-7.055022	-15.004706	-7.058602
1874.093000	-7.015000	-7.033660	-7.190504	-7.058891	-7.044435	-7.046080	-7.049191	-7.057331	-7.093292	-7.047752	-7.026241	-7.041483	-7.057396	-7.055022	-15.004668	-7.058601
1886.281000	-7.014991	-7.033649	-7.190502	-7.058884	-7.044414	-7.046076	-7.049190	-7.057334	-7.093258	-7.047767	-7.026230	-7.041481	-7.057389	-7.055022	-15.004669	-7.058598
1898.471000	-7.014982	-7.033643	-7.190499	-7.058866	-7.044406	-7.046063	-7.049197	-7.057320	-7.093250	-7.047755	-7.026238	-7.041504	-7.057378	-7.055007	-15.004690	-7.058616
1910.652000	-7.014968	-7.033651	-7.190498	-7.058879	-7.044388	-7.046077	-7.049184	-7.057309	-7.093255	-7.047729	-7.026235	-7.041495	-7.057377	-7.055018	-15.004665	-7.058599
1922.854000	-7.014983	-7.033654	-7.190510	-7.058879	-7.044399	-7.046064	-7.049185	-7.057311	-7.093273	-7.047755	-7.026231	-7.041483	-7.057376	-7.055028	-15.004680	-7.058607
1935.051000	-7.014966	-7.033661	-7.190504	-7.058868	-7.044379	-7.046074	-7.049203	-7.057329	-7.093239	-7.047771	-7.026228	-7.041492	-7.057379	-7.055029	-15.004977	-7.058622
1947.246000	-7.014976	-7.033663	-7.190510	-7.058864	-7.044371	-7.046075	-7.049208	-7.057319	-7.093245	-7.047762	-7.026241	-7.041495	-7.057366	-7.055027	-15.004509	-7.058618
1959.441000	-7.014958	-7.033678	-7.190502	-7.058852	-7.044360	-7.046072	-7.049208	-7.057316	-7.093245	-7.047773	-7.026235	-7.041509	-7.057374	-7.055038	-15.004723	-7.058608
1971.634000	-7.014950	-7.033690	-7.190514	-7.058877	-7.044333	-7.046053	-7.049208	-7.057331	-7.093229	-7.047773	-7.026239	-7.041503	-7.057366	-7.055012	-15.004613	-7.058617
1983.830000	-7.014961	-7.033661	-7.190518	-7.058867	-7.044343	-7.046044	-7.049181	-7.057321	-7.093227	-7.047746	-7.026273	-7.041492	-7.057369	-7.055001	-15.004599	-7.058618
1996.027000	-7.014958	-7.033683	-7.190532	-7.058881	-7.044338	-7.046069	-7.049206	-7.057318	-7.093220	-7.047763	-7.026252	-7.041487	-7.057349	-7.055012	-15.004562	-7.058625
2008.204000	-7.014948	-7.033682	-7.190516	-7.058885	-7.044318	-7.046064	-7.049167	-7.057315	-7.093186	-7.047762	-7.026244	-7.041489	-7.057362	-7.055013	-15.004667	-7.058625
2020.415000	-7.014943	-7.033675	-7.190532	-7.058852	-7.044322	-7.046062	-7.049183	-7.057319	-7.093197	-7.047749	-7.026250	-7.041494	-7.057360	-7.055013	-15.004454	-7.058616
2032.598000	-7.014924	-7.033675	-7.190529	-7.058845	-7.044311	-7.046080	-7.049183	-7.057303	-7.093181	-7.047765	-7.026233	-7.041507	-7.057368	-7.055028	-15.004642	-7.058611
2044.783000	-7.014922	-7.033703	-7.190525	-7.058847	-7.044298	-7.046068	-7.049204	-7.057304	-7.093177	-7.047763	-7.026229	-7.041489	-7.057383	-7.055030	-15.004468	-7.058622
2056.962000	-7.014937	-7.033674	-7.190550	-7.058870	-7.044295	-7.046080	-7.049181	-7.057299	-7.093168	-7.047758	-7.026236	-7.041502	-7.057388	-7.055030	-15.004708	-7.058626
2069.166000	-7.014925	-7.033679	-7.190544	-7.058853	-7.044281	-7.046068	-7.049200	-7.057288	-7.093144	-7.047766	-7.026257	-7.041489	-7.057383	-7.055026	-15.004559	-7.058631
2081.396000	-7.014925	-7.033660	-7.190550	-7.058847	-7.044274	-7.046057	-7.049196	-7.057321	-7.093163	-7.047790	-7.026258	-7.041501	-7.057386	-7.055017	-15.004874	-7.058621
2093.578000	-7.014886	-7.033661	-7.190538	-7.058834	-7.044265	-7.046061	-7.049196	-7.057318	-7.093141	-7.047753	-7.026259	-7.041510	-7.057394	-7.055018	-15.004596	-7.058600
2105.761000	-7.014886	-7.033671	-7.190555	-7.058836	-7.044257	-7.046084	-7.049193	-7.057302	-7.093142	-7.047752	-7.026267	-7.041480	-7.057390	-7.055063	-15.004706	-7.058620
2117.945000	-7.014906	-7.033664	-7.190538	-7.058837	-7.044261	-7.046071	-7.049204	-7.057316	-7.093140	-7.047750	-7.026244	-7.041485	-7.057387	-7.055053	-15.004611	-7.058623
2130.123000	-7.014906	-7.033663	-7.190550	-7.058836	-7.044257	-7.046071	-7.049199	-7.057274	-7.093139	-7.047760	-7.026258	-7.041484	-7.057393	-7.055033	-15.004873	-7.058632
2142.310000	-7.014900	-7.033663	-7.190549	-7.058841	-7.044239	-7.046068	-7.049208	-7.057290	-7.093139	-7.047773	-7.026232	-7.041489	-7.057392	-7.055037	-15.004651	-7.058636
2154.512000	-7.014886	-7.033686	-7.190536	-7.058849	-7.044239	-7.046069	-7.049192	-7.057275	-7.093138	-7.047780	-7.026230	-7.041490	-7.057411	-7.055038	-15.004678	-7.058628
2166.686000	-7.014898	-7.033663	-7.190551	-7.058831	-7.044233	-7.046063	-7.049188	-7.057288	-7.093123	-7.047754	-7.026246	-7.041511	-7.057383	-7.055045	-15.004736	-7.058610
2178.868000	-7.014883	-7.033666	-7.190561	-7.058821	-7.044222	-7.046083	-7.049179	-7.057278	-7.093121	-7.047779	-7.026243	-7.041491	-7.057382	-7.055038	-15.004673	-7.058616
2191.081000	-7.014894	-7.033685	-7.190542	-7.058833	-7.044227	-7.046086	-7.049204	-7.057269	-7.093109	-7.047764	-7.026244	-7.041489	-7.057411	-7.055022	-15.004667	-7.058613
2203.284000	-7.014871	-7.033704	-7.190562	-7.058826	-7.044214	-7.046079	-7.049195	-7.057239	-7.093107	-7.047755	-7.026241	-7.041499	-7.057399	-7.055053	-15.004609	-7.058611
2215.465000	-7.014870	-7.033686	-7.190564	-7.058814	-7.044206	-7.046071	-7.049191	-7.057264	-7.093086	-7.047768	-7.026224	-7.041504	-7.057398	-7.055035	-15.004504	-7.058641
2227.625000	-7.014867	-7.033634	-7.190511	-7.058821	-7.044175	-7.045999	-7.049197	-7.057290	-7.093113	-7.047758	-7.026226	-7.041547	-7.057402	-7.055022	-15.004635	-7.058716
2239.826000	-7.014945	-7.033556	-7.190331	-7.058888	-7.044462	-7.045959	-7.049176	-7.057314	-7.093648	-7.047679	-7.026231	-7.041356	-7.057344	-7.054943	-15.004607	-7.058615
2252.002000	-7.015104	-7.033507	-7.190078	-7.058929	-7.044565	-7.045931	-7.049134	-7.057262	-7.093583	-7.047542	-7.026124	-7.041128	-7.057194	-7.054792	-15.004547	-7.058467
2264.193000	-7.015399	-7.033461	-7.189808	-7.058933	-7.044460	-7.045878	-7.049076	-7.057152	-7.093529	-7.047420	-7.026022	-7.040936	-7.057052	-7.054661	-15.004763	-7.058331
2276.392000	-7.015590	-7.033437	-7.189577	-7.058869	-7.044385	-7.045859	-7.049048	-7.057070	-7.093477	-7.047350	-7.025939	-7.040794	-7.056929	-7.054576	-15.004819	-7.058246
2288.583000	-7.015576	-7.033404	-7.189411	-7.058846	-7.044321	-7.045855	-7.048992	-7.056987	-7.093431	-7.047279	-7.025888	-7.040708	-7.056883	-7.054499	-15.004720	-7.058179
2300.757000	-7.015562	-7.033376	-7.189304	-7.058854	-7.044262	-7.045861	-7.048994	-7.056991	-7.093440	-7.047222	-7.025839	-7.040674	-7.056825	-7.054449	-15.004730	-7.058120
2312.925000	-7.015519	-7.033400	-7.189198	-7.058814	-7.044204	-7.045833	-7.048982	-7.056944	-7.093390	-7.047184	-7.025804	-7.040604	-7.056755	-7.054388	-15.004479	-7.058084
2325.126000	-7.015501	-7.033367	-7.189116	-7.058818	-7.044193	-7.045846	-7.048976	-7.056924	-7.093377	-7.047149	-7.025769	-7.040579	-7.056727	-7.054383	-15.004616	-7.058065
2337.363000	-7.015493	-7.033388	-7.189065	-7.058787	-7.044208	-7.045838	-7.048985	-7.056922	-7.093366	-7.047148	-7.025748	-7.040570	-7.056707	-7.054368	-15.004770	-7.058064
2349.556000	-7.015473	-7.033363	-7.189027	-7.058784	-7.044142	-7.045846	-7.049005	-7.056880	-7.093346	-7.047120	-7.025726	-7.040556	-7.056673	-7.054344	-15.004641	-7.058004
2361.773000	-7.015445	-7.033345	-7.188992	-7.058788	-7.044153	-7.045854	-7.048969	-7.056859	-7.093350	-7.047110	-7.025741	-7.040541	-7.056663	-7.054335	-15.004532	-7.058004
2373.959000	-7.015442	-7.033344	-7.188992	-7.058790	-7.044126	-7.045859	-7.048978	-7.056866	-7.093364	-7.047115	-7.025723	-7.040541	-7.056630	-7.054334	-15.004529	-7.058016
2386.179000	-7.015438	-7.033342	-7.188939	-7.058787	-7.044127	-7.045848	-7.048960	-7.056865	-7.093347	-7.047111	-7.025688	-7.040529	-7.056643	-7.054327	-15.004471	-7.057993
2398.344000	-7.015429	-7.033343	-7.188937	-7.058784	-7.044118	-7.045853	-7.048967	-7.056849	-7.093352	-7.047089	-7.025710	-7.040508	-7.056634	-7.054319	-15.004552	-7.057986
2410.524000	-7.015441	-7.033358	-7.188917	-7.058771	-7.044110	-7.045840	-7.048985	-7.056856	-7.093359	-7.047077	-7.025718	-7.040508	-7.056619	-7.054304	-15.004613	-7.057962
2422.712000	-7.015443	-7.033336	-7.188910	-7.058792	-7.044099	-7.045855	-7.048968	-7.056857	-7.093335	-7.047090	-7.025692	-7.040509	-7.056615	-7.054307	-15.004556	-7.057959
2434.898000	-7.015412	-7.033332	-7.188907	-7.058784	-7.044112	-7.045838	-7.048955	-7.056853	-7.093361	-7.047076	-7.025693	-7.040502	-7.056627	-7.054304	-15.004701	-7.057985
2447.103000	-7.015413	-7.033350	-7.188911	-7.058779	-7.044122	-7.045853	-7.048955	-7.056860	-7.093332	-7.047091	-7.025671	-7.040486	-7.056616	-7.054284	-15.004588	-7.057961
2459.312000	-7.015405	-7.033323	-7.188869	-7.058790	-7.044116	-7.045847	-7.048953	-7.056841	-7.093356	-7.047086	-7.025678	-7.040487	-7.056619	-7.054298	-15.004442	-7.057952
2471.505000	-7.015418	-7.033335	-7.188872	-7.058778	-7.044108	-7.045847	-7.048950	-7.056834	-7.093356	-7.047112	-7.025689	-7.040488	-7.056609	-7.054292	-15.004647	-7.057960
2483.689000	-7.015405	-7.033320	-7.188870	-7.058759	-7.044107	-7.045855	-7.048946	-7.056825	-7.093333	-7.047087	-7.025674	-7.040476	-7.056600	-7.054281	-15.004720	-7.057942
2495.887000	-7.015414	-7.033329	-7.188867	-7.058770	-7.044108	-7.045842	-7.048950	-7.056863	-7.093333	-7.047088	-7.025692	-7.040474	-7.056593	-7.054275	-15.004644	-7.057958
2508.064000	-7.015406	-7.033312	-7.188881	-7.058770	-7.044103	-7.045843	-7.048932	-7.056847	-7.093317	-7.047085	-7.025686	-7.040477	-7.056599	-7.054261	-15.004495	-7.057942
2520.292000	-7.015414	-7.033323	-7.188867	-7.058754	-7.044100	-7.045843	-7.048964	-7.056850	-7.093329	-7.047066	-7.025654	-7.040466	-7.056591	-7.054272	-15.004451	-7.057938
2532.494000	-7.015391	-7.033310	-7.188889	-7.058766	-7.044117	-7.045838	-7.048960	-7.056837	-7.093347	-7.047092	-7.025658	-7.040466	-7.056610	-7.054255	-15.004564	-7.057957
2544.686000	-7.015396	-7.033318	-7.188876	-7.058770	-7.044100	-7.045807	-7.048973	-7.056852	-7.093329	-7.047078	-7.025695	-7.040440	-7.056597	-7.054272	-15.004539	-7.057946
2556.893000	-7.015394	-7.033333	-7.188860	-7.058743	-7.044139	-7.045831	-7.048940	-7.056834	-7.093343	-7.047083	-7.025678	-7.040462	-7.056585	-7.054263	-15.004585	-7.057950
2569.096000	-7.015408	-7.033321	-7.188862	-7.058773	-7.044114	-7.045840	-7.048968	-7.056843	-7.093357	-7.047055	-7.025663	-7.040462	-7.056596	-7.054282	-15.004407	-7.057942
2581.295000	-7.015399	-7.033336	-7.188865	-7.058760	-7.044105	-7.045832	-7.048960	-7.056839	-7.093358	-7.047079	-7.025671	-7.040477	-7.056574	-7.054264	-15.004384	-7.057928
2593.505000	-7.015409	-7.033328	-7.188853	-7.058795	-7.044112	-7.045838	-7.048955	-7.056823	-7.093354	-7.047082	-7.025673	-7.040438	-7.056598	-7.054272	-15.004613	-7.057936
2605.694000	-7.015390	-7.033329	-7.188835	-7.058778	-7.044122	-7.045825	-7.048953	-7.056828	-7.093364	-7.047065	-7.025670	-7.040463	-7.056609	-7.054269	-15.004587	-7.057938
2617.885000	-7.015364	-7.033338	-7.188825	-7.058746	-7.044118	-7.045830	-7.048970	-7.056792	-7.093341	-7.047060	-7.025664	-7.040447	-7.056593	-7.054275	-15.004381	-7.057933
2630.067000	-7.015389	-7.033326	-7.188844	-7.058778	-7.044126	-7.045830	-7.048964	-7.056821	-7.093338	-7.047074	-7.025662	-7.040464	-7.056595	-7.054257	-15.004609	-7.057933
2642.267000	-7.015373	-7.033315	-7.188845	-7.058775	-7.044107	-7.045847	-7.048945	-7.056828	-7.093350	-7.047087	-7.025660	-7.040459	-7.056572	-7.054257	-15.004386	-7.057934
2654.476000	-7.015393	-7.033329	-7.188838	-7.058773	-7.044114	-7.045818	-7.048931	-7.056797	-7.093347	-7.047077	-7.025667	-7.040462	-7.056585	-7.054286	-15.004480	-7.057931
2666.675000	-7.015407	-7.033301	-7.188836	-7.058770	-7.044108	-7.045813	-7.048940	-7.056843	-7.093354	-7.047062	-7.025655	-7.040456	-7.056593	-7.054269	-15.004444	-7.057922
2678.846000	-7.015395	-7.033318	-7.188837	-7.058775	-7.044091	-7.045817	-7.048952	-7.056853	-7.093351	-7.047068	-7.025651	-7.040463	-7.056572	-7.054271	-15.004466	-7.057947
2691.015000	-7.015401	-7.033318	-7.188816	-7.058787	-7.044094	-7.045814	-7.048954	-7.056827	-7.093340	-7.047064	-7.025655	-7.040449	-7.056578	-7.054252	-15.004534	-7.057944
2703.218000	-7.015375	-7.033311	-7.188854	-7.058759	-7.044076	-7.045820	-7.048949	-7.056848	-7.093345	-7.047065	-7.025642	-7.040466	-7.056587	-7.054265	-15.004534	-7.057935
2715.433000	-7.015398	-7.033316	-7.188831	-7.058784	-7.044081	-7.045832	-7.048936	-7.056834	-7.093340	-7.047080	-7.025666	-7.040457	-7.056568	-7.054249	-15.004573	-7.057933
2727.614000	-7.015389	-7.033311	-7.188829	-7.058777	-7.044083	-7.045833	-7.048962	-7.056836	-7.093338	-7.047083	-7.025659	-7.040444	-7.056587	-7.054256	-15.004657	-7.057931
2739.818000	-7.015381	-7.033323	-7.188829	-7.058768	-7.044094	-7.045861	-7.048970	-7.056821	-7.093337	-7.047077	-7.025683	-7.040446	-7.056592	-7.054258	-15.004701	-7.057932
2752.031000	-7.015380	-7.033314	-7.188833	-7.058783	-7.044116	-7.045854	-7.048951	-7.056816	-7.093344	-7.047083	-7.025694	-7.040446	-7.056580	-7.054249	-15.004677	-7.057933
2764.246000	-7.015380	-7.033330	-7.188836	-7.058781	-7.044086	-7.045841	-7.048971	-7.056818	-7.093320	-7.047095	-7.025689	-7.040445	-7.056576	-7.054269	-15.004552	-7.057935
2776.464000	-7.015391	-7.033336	-7.188813	-7.058763	-7.044112	-7.045850	-7.048957	-7.056829	-7.093325	-7.047095	-7.025676	-7.040452	-7.056608	-7.054273	-15.004551	-7.057931
2788.676000	-7.015400	-7.033329	-7.188838	-7.058758	-7.044102	-7.045850	-7.048957	-7.056810	-7.093325	-7.047065	-7.025657	-7.040454	-7.056603	-7.054263	-15.004694	-7.057938
2800.867000	-7.015391	-7.033328	-7.188838	-7.058761	-7.044082	-7.045841	-7.048958	-7.056796	-7.093347	-7.047081	-7.025654	-7.040435	-7.056590	-7.054266	-15.004657	-7.057949
2813.048000	-7.015376	-7.033339	-7.188842	-7.058768	-7.044089	-7.045849	-7.048944	-7.056793	-7.093333	-7.047081	-7.025656	-7.040446	-7.056572	-7.054261	-15.004654	-7.057935
2825.258000	-7.015383	-7.033313	-7.188826	-7.058774	-7.044094	-7.045835	-7.048967	-7.056823	-7.093322	-7.047075	-7.025648	-7.040437	-7.056600	-7.054252	-15.004546	-7.057941
2837.435000	-7.015416	-7.033326	-7.188835	-7.058789	-7.044116	-7.045828	-7.048956	-7.056792	-7.093335	-7.047068	-7.025641	-7.040429	-7.056583	-7.054270	-15.004491	-7.057933
2849.605000	-7.015402	-7.033311	-7.188817	-7.058761	-7.044077	-7.045828	-7.048933	-7.056831	-7.093327	-7.047062	-7.025661	-7.040438	-7.056594	-7.054247	-15.004845	-7.057934
2861.823000	-7.015398	-7.033304	-7.188833	-7.058786	-7.044086	-7.045816	-7.048945	-7.056823	-7.093318	-7.047076	-7.025667	-7.040445	-7.056602	-7.054256	-15.004885	-7.057943
2873.988000	-7.015421	-7.033306	-7.188827	-7.058792	-7.044095	-7.045814	-7.048947	-7.056807	-7.093322	-7.047057	-7.025666	-7.040438	-7.056585	-7.054252	-15.004821	-7.057963
2886.177000	-7.015401	-7.033311	-7.188810	-7.058773	-7.044097	-7.045843	-7.048958	-7.056843	-7.093325	-7.047078	-7.025676	-7.040461	-7.056595	-7.054257	-15.004564	-7.057945
2898.367000	-7.015397	-7.033306	-7.188809	-7.058787	-7.044093	-7.045836	-7.048948	-7.056838	-7.093329	-7.047072	-7.025665	-7.040462	-7.056588	-7.054269	-15.004575	-7.057942
2910.540000	-7.015397	-7.033310	-7.188800	-7.058768	-7.044105	-7.045823	-7.048951	-7.056806	-7.093322	-7.047062	-7.025667	-7.040457	-7.056587	-7.054267	-15.004571	-7.057932
	-7.015402	-7.033282	-7.188806	-7.058769	-7.044089	-7.045832	-7.048951	-7.056835								
