4.973000	-7.255914	-7.248616	-7.242561	-7.276344	-7.233888	-14.980706	-7.257615	-7.222103	-7.200316	-7.199819	-7.169637	-7.183257	-14.981907	-7.222996	-14.995341	-7.224953
24.963000	-7.255944	-7.249145	-7.242559	-7.276471	-7.233854	-14.981000	-7.257708	-7.222133	-7.200316	-7.199882	-7.169453	-7.183214	-14.981922	-7.222996	-14.995366	-7.224937
44.943000	-7.255957	-7.249185	-7.242542	-7.276542	-7.233853	-14.980972	-7.257738	-7.222149	-7.200298	-7.199882	-7.169359	-7.183226	-14.981904	-7.223002	-14.995381	-7.224927
64.913000	-7.255994	-7.249214	-7.242538	-7.276555	-7.233868	-14.980992	-7.257760	-7.222191	-7.200304	-7.199898	-7.169318	-7.183213	-14.981912	-7.223036	-14.995405	-7.224939
84.893000	-7.255975	-7.249232	-7.242517	-7.276591	-7.233866	-14.981039	-7.257767	-7.222190	-7.200305	-7.199912	-7.169272	-7.183231	-14.981904	-7.223035	-14.995376	-7.224966
104.903000	-7.255995	-7.249228	-7.242519	-7.276581	-7.233875	-14.981353	-7.257769	-7.222189	-7.200282	-7.199917	-7.169239	-7.183215	-14.981915	-7.223048	-14.995352	-7.224960
124.863000	-7.255996	-7.249230	-7.242528	-7.276600	-7.233886	-14.979538	-7.257741	-7.222191	-7.200298	-7.199902	-7.169214	-7.183189	-14.981937	-7.223023	-14.995298	-7.224954
144.836000	-7.256006	-7.249247	-7.242500	-7.276584	-7.233881	-14.980828	-7.257746	-7.222191	-7.200309	-7.199898	-7.169215	-7.183207	-14.981888	-7.223029	-14.995336	-7.224925
164.813000	-7.256020	-7.249236	-7.242496	-7.276596	-7.233878	-14.981081	-7.257769	-7.222198	-7.200290	-7.199888	-7.169246	-7.183204	-14.981936	-7.223040	-14.995343	-7.224919
184.843000	-7.256004	-7.249209	-7.242486	-7.276623	-7.233865	-14.980343	-7.257755	-7.222219	-7.200294	-7.199884	-7.169185	-7.183183	-14.981912	-7.223037	-14.995309	-7.224921
204.823000	-7.256008	-7.249210	-7.242506	-7.276625	-7.233900	-14.980549	-7.257768	-7.222214	-7.200276	-7.199904	-7.169182	-7.183209	-14.981903	-7.223049	-14.995330	-7.224926
224.835000	-7.256020	-7.249212	-7.242491	-7.276621	-7.233899	-14.980910	-7.257755	-7.222211	-7.200286	-7.199906	-7.169167	-7.183193	-14.981947	-7.223041	-14.995325	-7.224918
244.813000	-7.255991	-7.249215	-7.242481	-7.276625	-7.233921	-14.981035	-7.257767	-7.222229	-7.200312	-7.199894	-7.169184	-7.183194	-14.981858	-7.223052	-14.995350	-7.224912
264.813000	-7.255996	-7.249233	-7.242480	-7.276624	-7.233885	-14.980419	-7.257760	-7.222209	-7.200296	-7.199877	-7.169172	-7.183177	-14.981878	-7.223021	-14.995301	-7.224915
284.783000	-7.256002	-7.249216	-7.242482	-7.276625	-7.233917	-14.980991	-7.257778	-7.222209	-7.200287	-7.199892	-7.169173	-7.183181	-14.981918	-7.223019	-14.995353	-7.224917
304.783000	-7.256006	-7.249228	-7.242475	-7.276640	-7.233924	-14.981047	-7.257760	-7.222194	-7.200306	-7.199882	-7.169181	-7.183199	-14.981902	-7.223048	-14.995351	-7.224938
324.784000	-7.255986	-7.249235	-7.242490	-7.276607	-7.233922	-14.980165	-7.257765	-7.222193	-7.200312	-7.199895	-7.169195	-7.183200	-14.981378	-7.223017	-14.994877	-7.224913
344.743000	-7.255999	-7.249270	-7.242479	-7.276643	-7.233910	-14.980219	-7.257718	-7.222171	-7.200312	-7.199907	-7.169189	-7.183200	-14.981446	-7.223006	-14.994864	-7.224915
364.733000	-7.256008	-7.249248	-7.242474	-7.276625	-7.233921	-14.980150	-7.257736	-7.222181	-7.200345	-7.199890	-7.169176	-7.183186	-14.981462	-7.223011	-14.994872	-7.224907
384.713000	-7.256012	-7.249242	-7.242493	-7.276640	-7.233906	-14.980695	-7.257758	-7.222192	-7.200278	-7.199913	-7.169195	-7.183182	-14.981379	-7.223015	-14.994837	-7.224923
404.672000	-7.255996	-7.249233	-7.242470	-7.276642	-7.233902	-14.980896	-7.257743	-7.222189	-7.200315	-7.199886	-7.169214	-7.183194	-14.981421	-7.222997	-14.994843	-7.224932
424.665000	-7.255999	-7.249243	-7.242460	-7.276643	-7.233910	-14.980855	-7.257751	-7.222172	-7.200301	-7.199911	-7.169185	-7.183176	-14.981483	-7.222997	-14.994854	-7.224929
444.623000	-7.255970	-7.249222	-7.242475	-7.276658	-7.233920	-14.980300	-7.257756	-7.222193	-7.200284	-7.199900	-7.169185	-7.183189	-14.981422	-7.223009	-14.994822	-7.224925
464.603000	-7.255990	-7.249228	-7.242479	-7.276632	-7.233904	-14.980312	-7.257738	-7.222158	-7.200292	-7.199898	-7.169220	-7.183195	-14.981417	-7.223013	-14.994876	-7.224925
484.594000	-7.256012	-7.249234	-7.242463	-7.276658	-7.233897	-14.980047	-7.257733	-7.222205	-7.200326	-7.199915	-7.169147	-7.183183	-14.981367	-7.223003	-14.994869	-7.224914
504.583000	-7.255994	-7.249262	-7.242466	-7.276659	-7.233883	-14.980489	-7.257744	-7.222215	-7.200298	-7.199910	-7.169168	-7.183186	-14.981463	-7.223026	-14.994872	-7.224929
524.553000	-7.256001	-7.249252	-7.242468	-7.276654	-7.233886	-14.980752	-7.257761	-7.222190	-7.200302	-7.199922	-7.169177	-7.183186	-14.981488	-7.223011	-14.994887	-7.224939
544.543000	-7.255994	-7.249259	-7.242443	-7.276649	-7.233907	-14.980438	-7.257764	-7.222197	-7.200291	-7.199891	-7.169161	-7.183190	-14.981447	-7.222995	-14.994917	-7.224922
564.523000	-7.255997	-7.249241	-7.242453	-7.276619	-7.233924	-14.979937	-7.257746	-7.222187	-7.200320	-7.199920	-7.169167	-7.183178	-14.981455	-7.223003	-14.994905	-7.224917
584.493000	-7.256002	-7.249257	-7.242465	-7.276630	-7.233916	-14.980006	-7.257761	-7.222207	-7.200305	-7.199916	-7.169184	-7.183184	-14.981468	-7.223027	-14.994959	-7.224913
604.493000	-7.255997	-7.249224	-7.242442	-7.276685	-7.233925	-14.980738	-7.257766	-7.222199	-7.200311	-7.199902	-7.169155	-7.183192	-14.981488	-7.223035	-14.994956	-7.224900
624.484000	-7.255988	-7.249226	-7.242446	-7.276637	-7.233903	-14.980793	-7.257772	-7.222180	-7.200300	-7.199898	-7.169160	-7.183197	-14.981513	-7.223013	-14.994951	-7.224902
644.463000	-7.256008	-7.249211	-7.242434	-7.276659	-7.233920	-14.979485	-7.257761	-7.222201	-7.200298	-7.199913	-7.169166	-7.183176	-14.981492	-7.223016	-14.994910	-7.224920
664.423000	-7.255989	-7.249222	-7.242447	-7.276640	-7.233936	-14.980965	-7.257752	-7.222205	-7.200293	-7.199904	-7.169174	-7.183194	-14.981464	-7.223026	-14.994931	-7.224930
684.423000	-7.255991	-7.249253	-7.242418	-7.276670	-7.233934	-14.980580	-7.257775	-7.222189	-7.200310	-7.199921	-7.169171	-7.183186	-14.981452	-7.223011	-14.994937	-7.224930
704.403000	-7.256004	-7.249231	-7.242432	-7.276668	-7.233922	-14.980093	-7.257773	-7.222188	-7.200316	-7.199900	-7.169152	-7.183188	-14.981419	-7.223009	-14.994855	-7.224916
724.364000	-7.255986	-7.249228	-7.242428	-7.276668	-7.233931	-14.980790	-7.257768	-7.222198	-7.200300	-7.199896	-7.169153	-7.183168	-14.981460	-7.223009	-14.994894	-7.224905
744.353000	-7.256021	-7.249246	-7.242457	-7.276674	-7.233921	-14.981169	-7.257777	-7.222200	-7.200322	-7.199903	-7.169161	-7.183177	-14.981443	-7.223028	-14.994904	-7.224904
764.373000	-7.255997	-7.249228	-7.242423	-7.276670	-7.233923	-14.980458	-7.257758	-7.222183	-7.200309	-7.199909	-7.169186	-7.183167	-14.981441	-7.223021	-14.994927	-7.224918
784.383000	-7.256023	-7.249234	-7.242438	-7.276657	-7.233901	-14.980256	-7.257762	-7.222174	-7.200317	-7.199924	-7.169183	-7.183152	-14.981433	-7.223000	-14.994873	-7.224923
804.363000	-7.256015	-7.249205	-7.242447	-7.276673	-7.233902	-14.980297	-7.257750	-7.222177	-7.200303	-7.199928	-7.169175	-7.183160	-14.981462	-7.223004	-14.994894	-7.224924
824.363000	-7.256017	-7.249237	-7.242429	-7.276639	-7.233898	-14.980118	-7.257757	-7.222171	-7.200294	-7.199898	-7.169192	-7.183176	-14.981496	-7.223017	-14.994903	-7.224915
844.323000	-7.255997	-7.249224	-7.242440	-7.276666	-7.233915	-14.980407	-7.257748	-7.222175	-7.200305	-7.199912	-7.169184	-7.183153	-14.981469	-7.223010	-14.994899	-7.224897
864.306000	-7.256004	-7.249217	-7.242449	-7.276667	-7.233922	-14.980793	-7.257750	-7.222198	-7.200294	-7.199911	-7.169169	-7.183180	-14.981512	-7.222996	-14.994880	-7.224923
884.283000	-7.256022	-7.249237	-7.242448	-7.276668	-7.233917	-14.980788	-7.257767	-7.222209	-7.200329	-7.199908	-7.169184	-7.183157	-14.981487	-7.223013	-14.994859	-7.224909
904.273000	-7.256006	-7.249234	-7.242442	-7.276704	-7.233919	-14.980013	-7.257755	-7.222197	-7.200306	-7.199917	-7.169194	-7.183155	-14.981456	-7.223011	-14.994899	-7.224937
924.263000	-7.256009	-7.249204	-7.242439	-7.276667	-7.233929	-14.980653	-7.257765	-7.222191	-7.200303	-7.199899	-7.169178	-7.183157	-14.981435	-7.222986	-14.994929	-7.224902
944.243000	-7.256003	-7.249223	-7.242433	-7.276664	-7.233934	-14.980031	-7.257772	-7.222221	-7.200304	-7.199917	-7.169164	-7.183154	-14.981482	-7.222998	-14.994925	-7.224900
964.213000	-7.256012	-7.249219	-7.242435	-7.276672	-7.233942	-14.980514	-7.257784	-7.222228	-7.200304	-7.199896	-7.169175	-7.183153	-14.981450	-7.222988	-14.994902	-7.224918
984.193000	-7.256017	-7.249213	-7.242434	-7.276668	-7.233936	-14.980271	-7.257765	-7.222221	-7.200278	-7.199923	-7.169194	-7.183159	-14.981496	-7.223032	-14.994872	-7.224886
1004.173000	-7.256007	-7.249228	-7.242444	-7.276658	-7.233938	-14.980095	-7.257765	-7.222209	-7.200306	-7.199910	-7.169177	-7.183157	-14.981481	-7.223020	-14.994877	-7.224909
1024.143000	-7.256024	-7.249231	-7.242444	-7.276680	-7.233953	-14.980853	-7.257774	-7.222217	-7.200286	-7.199907	-7.169155	-7.183146	-14.981440	-7.223004	-14.994914	-7.224915
1044.123000	-7.256005	-7.249219	-7.242447	-7.276668	-7.233921	-14.980933	-7.257758	-7.222185	-7.200292	-7.199921	-7.169162	-7.183156	-14.981421	-7.223023	-14.994894	-7.224918
1064.093000	-7.256020	-7.249206	-7.242428	-7.276661	-7.233938	-14.980817	-7.257775	-7.222179	-7.200312	-7.199904	-7.169179	-7.183171	-14.981480	-7.223023	-14.994922	-7.224909
1084.073000	-7.256015	-7.249203	-7.242436	-7.276664	-7.233928	-14.980699	-7.257731	-7.222178	-7.200291	-7.199920	-7.169196	-7.183133	-14.981434	-7.223030	-14.994881	-7.224908
1104.063000	-7.255986	-7.249215	-7.242435	-7.276676	-7.233934	-14.980373	-7.257759	-7.222223	-7.200315	-7.199898	-7.169186	-7.183136	-14.981492	-7.223011	-14.994922	-7.224904
1124.053000	-7.255990	-7.249222	-7.242432	-7.276680	-7.233944	-14.980493	-7.257760	-7.222193	-7.200324	-7.199926	-7.169178	-7.183161	-14.981451	-7.223006	-14.994916	-7.224897
1144.063000	-7.256014	-7.249218	-7.242427	-7.276682	-7.233948	-14.980279	-7.257751	-7.222176	-7.200315	-7.199920	-7.169197	-7.183157	-14.981508	-7.222999	-14.994952	-7.224915
1164.023000	-7.256003	-7.249226	-7.242438	-7.276680	-7.233948	-14.980619	-7.257758	-7.222199	-7.200310	-7.199934	-7.169169	-7.183153	-14.981484	-7.223015	-14.994898	-7.224911
1184.013000	-7.255997	-7.249220	-7.242441	-7.276674	-7.233950	-14.980509	-7.257778	-7.222206	-7.200309	-7.199916	-7.169185	-7.183142	-14.981479	-7.223031	-14.994934	-7.224900
1203.982000	-7.256029	-7.249230	-7.242443	-7.276679	-7.233947	-14.980405	-7.257777	-7.222208	-7.200306	-7.199923	-7.169194	-7.183141	-14.981473	-7.223023	-14.994905	-7.224897
	-7.256014	-7.249241	-7.242437	-7.276690	-7.233947											
