8.201000	-7.033716	-7.023474	-7.045032	-7.012398	-7.030159	-7.035833	-7.006019	-6.993244	-7.010891	-7.059977	-7.004562	-6.977234	-6.984080	-6.976741	-15.156300	-7.009130
56.402000	-7.033702	-7.023330	-7.044956	-7.012382	-7.030038	-7.035638	-7.005946	-6.993095	-7.010469	-7.059862	-7.004414	-6.976753	-6.984010	-6.976612	-15.157072	-7.009048
104.600000	-7.033505	-7.023150	-7.044806	-7.012233	-7.029831	-7.035462	-7.005780	-6.992854	-7.010286	-7.059616	-7.004208	-6.976461	-6.983765	-6.976357	-15.157489	-7.008804
152.783000	-7.033310	-7.023015	-7.044681	-7.012066	-7.029672	-7.035351	-7.005625	-6.992646	-7.010176	-7.059449	-7.004052	-6.976285	-6.983589	-6.976149	-15.158165	-7.008655
200.985000	-7.033180	-7.022920	-7.044636	-7.011987	-7.029627	-7.035294	-7.005579	-6.992587	-7.010139	-7.059357	-7.004023	-6.976277	-6.983539	-6.976056	-15.158390	-7.008592
249.169000	-7.033144	-7.022884	-7.044632	-7.011975	-7.029621	-7.035319	-7.005562	-6.992571	-7.010125	-7.059316	-7.004007	-6.976253	-6.983521	-6.975999	-15.158569	-7.008569
297.388000	-7.033149	-7.022865	-7.044620	-7.011974	-7.029601	-7.035305	-7.005580	-6.992544	-7.010112	-7.059315	-7.004017	-6.976237	-6.983494	-6.976002	-15.158458	-7.008531
345.622000	-7.033111	-7.022880	-7.044603	-7.011960	-7.029620	-7.035312	-7.005555	-6.992527	-7.010087	-7.059289	-7.003994	-6.976231	-6.983484	-6.975982	-15.158623	-7.008540
393.820000	-7.033116	-7.022869	-7.044610	-7.011946	-7.029601	-7.035295	-7.005566	-6.992514	-7.010117	-7.059292	-7.003987	-6.976221	-6.983465	-6.975975	-15.158797	-7.008544
442.017000	-7.033104	-7.022869	-7.044609	-7.011956	-7.029615	-7.035281	-7.005521	-6.992529	-7.010106	-7.059281	-7.003994	-6.976232	-6.983465	-6.975965	-15.158876	-7.008535
490.212000	-7.033088	-7.022852	-7.044610	-7.011974	-7.029626	-7.035306	-7.005555	-6.992524	-7.010122	-7.059268	-7.003979	-6.976216	-6.983456	-6.975960	-15.158916	-7.008509
538.395000	-7.033109	-7.022863	-7.044601	-7.011936	-7.029628	-7.035301	-7.005539	-6.992528	-7.010119	-7.059280	-7.003987	-6.976219	-6.983463	-6.975972	-15.158760	-7.008501
586.604000	-7.033076	-7.022856	-7.044583	-7.011960	-7.029611	-7.035293	-7.005552	-6.992535	-7.010115	-7.059281	-7.004010	-6.976219	-6.983455	-6.975968	-15.158863	-7.008519
634.822000	-7.033101	-7.022853	-7.044589	-7.011944	-7.029608	-7.035294	-7.005561	-6.992521	-7.010131	-7.059298	-7.003991	-6.976241	-6.983433	-6.975957	-15.158822	-7.008501
683.010000	-7.033080	-7.022852	-7.044610	-7.011943	-7.029583	-7.035313	-7.005552	-6.992502	-7.010113	-7.059285	-7.003978	-6.976210	-6.983438	-6.975955	-15.158563	-7.008510
731.209000	-7.033089	-7.022818	-7.044595	-7.011947	-7.029608	-7.035275	-7.005537	-6.992509	-7.010111	-7.059269	-7.003977	-6.976210	-6.983430	-6.975974	-15.158633	-7.008516
779.383000	-7.033081	-7.022849	-7.044598	-7.011971	-7.029584	-7.035284	-7.005570	-6.992515	-7.010123	-7.059275	-7.003965	-6.976221	-6.983449	-6.975960	-15.158846	-7.008508
827.584000	-7.033064	-7.022850	-7.044581	-7.011970	-7.029595	-7.035286	-7.005538	-6.992541	-7.010115	-7.059270	-7.003971	-6.976226	-6.983431	-6.975949	-15.159001	-7.008497
875.807000	-7.033100	-7.022858	-7.044616	-7.011959	-7.029607	-7.035283	-7.005558	-6.992551	-7.010121	-7.059268	-7.003978	-6.976228	-6.983422	-6.975954	-15.158658	-7.008509
924.011000	-7.033090	-7.022858	-7.044595	-7.011964	-7.029580	-7.035265	-7.005551	-6.992524	-7.010111	-7.059259	-7.003983	-6.976221	-6.983416	-6.975949	-15.158931	-7.008523
972.223000	-7.033074	-7.022838	-7.044595	-7.011944	-7.029600	-7.035269	-7.005557	-6.992501	-7.010114	-7.059273	-7.003942	-6.976209	-6.983438	-6.975951	-15.159267	-7.008496
1020.431000	-7.033088	-7.022843	-7.044595	-7.011966	-7.029597	-7.035268	-7.005563	-6.992503	-7.010095	-7.059271	-7.003975	-6.976204	-6.983450	-6.975944	-15.158980	-7.008525
1068.631000	-7.033087	-7.022825	-7.044591	-7.011963	-7.029592	-7.035253	-7.005563	-6.992508	-7.010105	-7.059249	-7.003973	-6.976194	-6.983427	-6.975960	-15.158925	-7.008525
1116.846000	-7.033085	-7.022842	-7.044597	-7.011936	-7.029596	-7.035267	-7.005559	-6.992503	-7.010108	-7.059270	-7.003974	-6.976217	-6.983438	-6.975955	-15.158763	-7.008501
1165.063000	-7.033093	-7.022845	-7.044595	-7.011940	-7.029606	-7.035267	-7.005576	-6.992511	-7.010108	-7.059259	-7.003975	-6.976197	-6.983440	-6.975968	-15.159054	-7.008518
1213.268000	-7.033077	-7.022840	-7.044582	-7.011937	-7.029586	-7.035282	-7.005542	-6.992519	-7.010107	-7.059258	-7.003973	-6.976193	-6.983427	-6.975964	-15.158952	-7.008508
1261.482000	-7.033091	-7.022844	-7.044594	-7.011945	-7.029587	-7.035271	-7.005553	-6.992504	-7.010115	-7.059253	-7.003964	-6.976206	-6.983435	-6.975940	-15.158979	-7.008503
1309.680000	-7.033091	-7.022829	-7.044598	-7.011950	-7.029609	-7.035273	-7.005543	-6.992481	-7.010088	-7.059253	-7.003969	-6.976204	-6.983430	-6.975949	-15.158926	-7.008523
1357.876000	-7.033112	-7.022988	-7.044667	-7.011990	-7.029692	-7.035423	-7.005606	-6.992571	-7.010370	-7.059311	-7.004036	-6.976448	-6.983461	-6.976022	-15.158685	-7.008546
1406.075000	-7.033300	-7.023086	-7.044773	-7.012100	-7.029782	-7.035505	-7.005757	-6.992773	-7.010465	-7.059530	-7.004191	-6.976633	-6.983668	-6.976217	-15.158920	-7.008729
1454.288000	-7.033382	-7.023138	-7.044820	-7.012170	-7.029843	-7.035550	-7.005794	-6.992845	-7.010458	-7.059577	-7.004229	-6.976646	-6.983741	-6.976287	-15.158634	-7.008792
1502.468000	-7.033388	-7.023164	-7.044825	-7.012187	-7.029868	-7.035573	-7.005835	-6.992884	-7.010492	-7.059605	-7.004241	-6.976651	-6.983744	-6.976316	-15.158649	-7.008782
1550.662000	-7.033439	-7.023156	-7.044848	-7.012195	-7.029880	-7.035571	-7.005829	-6.992873	-7.010484	-7.059615	-7.004238	-6.976650	-6.983765	-6.976307	-15.158871	-7.008800
1598.871000	-7.033408	-7.023144	-7.044840	-7.012196	-7.029892	-7.035565	-7.005816	-6.992892	-7.010499	-7.059626	-7.004248	-6.976653	-6.983780	-6.976336	-15.158622	-7.008805
1647.069000	-7.033438	-7.023223	-7.044859	-7.012208	-7.029902	-7.035566	-7.005837	-6.992871	-7.010532	-7.059639	-7.004228	-6.976810	-6.983693	-6.976355	-15.158898	-7.008815
1695.285000	-7.033463	-7.023204	-7.044889	-7.012195	-7.029868	-7.035566	-7.005839	-6.992870	-7.010547	-7.059635	-7.004246	-6.976835	-6.983685	-6.976370	-15.158900	-7.008823
1743.480000	-7.033465	-7.023223	-7.044839	-7.012194	-7.029876	-7.035573	-7.005826	-6.992872	-7.010529	-7.059649	-7.004257	-6.976849	-6.983692	-6.976359	-15.158771	-7.008824
1791.683000	-7.033444	-7.023222	-7.044855	-7.012213	-7.029912	-7.035572	-7.005851	-6.992861	-7.010531	-7.059644	-7.004246	-6.976827	-6.983699	-6.976359	-15.158719	-7.008825
1839.892000	-7.033447	-7.023212	-7.044846	-7.012227	-7.029909	-7.035559	-7.005852	-6.992867	-7.010515	-7.059651	-7.004268	-6.976834	-6.983695	-6.976354	-15.158696	-7.008824
1888.078000	-7.033438	-7.023222	-7.044856	-7.012223	-7.029890	-7.035562	-7.005850	-6.992882	-7.010529	-7.059636	-7.004239	-6.976823	-6.983678	-6.976381	-15.158626	-7.008833
1936.270000	-7.033440	-7.023237	-7.044852	-7.012226	-7.029878	-7.035585	-7.005844	-6.992886	-7.010520	-7.059637	-7.004257	-6.976853	-6.983686	-6.976376	-15.158370	-7.008833
1984.454000	-7.033556	-7.023371	-7.044971	-7.012277	-7.030019	-7.035723	-7.005924	-6.993038	-7.010763	-7.059838	-7.004448	-6.977073	-6.983842	-6.976519	-15.158549	-7.008982
2032.731000	-7.033655	-7.023464	-7.045085	-7.012356	-7.030134	-7.035806	-7.006041	-6.993181	-7.010841	-7.059924	-7.004506	-6.977133	-6.983938	-6.976659	-15.158641	-7.009078
2080.943000	-7.033710	-7.023475	-7.045057	-7.012408	-7.030166	-7.035816	-7.006076	-6.993211	-7.010859	-7.059975	-7.004530	-6.977154	-6.983962	-6.976718	-15.158402	-7.009110
2129.154000	-7.033745	-7.023490	-7.045102	-7.012430	-7.030179	-7.035853	-7.006106	-6.993228	-7.010877	-7.059998	-7.004531	-6.977171	-6.983989	-6.976742	-15.158430	-7.009128
2177.347000	-7.033768	-7.023497	-7.045070	-7.012438	-7.030179	-7.035858	-7.006079	-6.993246	-7.010887	-7.060002	-7.004540	-6.977143	-6.983997	-6.976741	-15.158602	-7.009147
2225.568000	-7.033759	-7.023506	-7.045093	-7.012417	-7.030183	-7.035861	-7.006100	-6.993254	-7.010884	-7.060000	-7.004547	-6.977139	-6.983995	-6.976751	-15.158841	-7.009153
2273.753000	-7.033776	-7.023508	-7.045100	-7.012445	-7.030176	-7.035854	-7.006107	-6.993240	-7.010883	-7.060014	-7.004552	-6.977146	-6.984019	-6.976748	-15.158574	-7.009138
2321.948000	-7.033785	-7.023505	-7.045103	-7.012415	-7.030192	-7.035858	-7.006120	-6.993244	-7.010895	-7.060004	-7.004540	-6.977157	-6.984023	-6.976760	-15.158395	-7.009135
2370.141000	-7.033787	-7.023528	-7.045107	-7.012442	-7.030186	-7.035847	-7.006126	-6.993253	-7.010858	-7.060019	-7.004549	-6.977178	-6.984022	-6.976746	-15.158567	-7.009145
2418.343000	-7.033780	-7.023523	-7.045100	-7.012442	-7.030192	-7.035842	-7.006107	-6.993256	-7.010868	-7.060021	-7.004538	-6.977179	-6.984025	-6.976750	-15.158768	-7.009130
2466.526000	-7.033785	-7.023540	-7.045102	-7.012460	-7.030197	-7.035853	-7.006140	-6.993262	-7.010892	-7.060035	-7.004560	-6.977170	-6.984013	-6.976771	-15.158588	-7.009142
2514.725000	-7.033796	-7.023539	-7.045131	-7.012446	-7.030167	-7.035823	-7.006136	-6.993250	-7.010877	-7.060012	-7.004529	-6.977183	-6.984030	-6.976753	-15.158695	-7.009147
2562.930000	-7.033814	-7.023587	-7.045168	-7.012454	-7.030219	-7.035906	-7.006139	-6.993293	-7.010984	-7.060103	-7.004622	-6.977306	-6.984078	-6.976812	-15.158614	-7.009181
2611.115000	-7.033874	-7.023656	-7.045208	-7.012494	-7.030281	-7.035954	-7.006200	-6.993398	-7.011046	-7.060163	-7.004690	-6.977345	-6.984140	-6.976920	-15.158639	-7.009289
2659.339000	-7.033943	-7.023679	-7.045215	-7.012522	-7.030332	-7.035984	-7.006252	-6.993442	-7.011057	-7.060206	-7.004703	-6.977369	-6.984179	-6.976960	-15.158534	-7.009308
2707.542000	-7.033959	-7.023692	-7.045229	-7.012561	-7.030341	-7.035995	-7.006279	-6.993481	-7.011083	-7.060242	-7.004694	-6.977357	-6.984189	-6.976974	-15.158507	-7.009313
2755.744000	-7.033965	-7.023698	-7.045225	-7.012574	-7.030327	-7.035995	-7.006267	-6.993455	-7.011088	-7.060239	-7.004715	-6.977376	-6.984202	-6.976995	-15.158648	-7.009305
2803.940000	-7.034001	-7.023716	-7.045240	-7.012557	-7.030321	-7.035991	-7.006296	-6.993465	-7.011090	-7.060232	-7.004708	-6.977377	-6.984223	-6.976997	-15.158860	-7.009323
2852.141000	-7.033997	-7.023717	-7.045230	-7.012560	-7.030334	-7.036014	-7.006279	-6.993464	-7.011086	-7.060247	-7.004733	-6.977371	-6.984225	-6.977003	-15.158773	-7.009344
2900.334000	-7.034011	-7.023719	-7.045257	-7.012572	-7.030362	-7.036017	-7.006276	-6.993476	-7.011103	-7.060243	-7.004730	-6.977413	-6.984226	-6.977003	-15.158777	-7.009319
2948.527000	-7.033989	-7.023709	-7.045213	-7.012581	-7.030334	-7.036034	-7.006290	-6.993460	-7.011091	-7.060244	-7.004735	-6.977387	-6.984227	-6.976993	-15.158673	-7.009346
2996.732000	-7.033983	-7.023727	-7.045238	-7.012580	-7.030342	-7.036025	-7.006281	-6.993475	-7.011080	-7.060234	-7.004731	-6.977390	-6.984222	-6.977010	-15.158924	-7.009323
3044.937000	-7.033996	-7.023733	-7.045243	-7.012577	-7.030333	-7.036020	-7.006294	-6.993479	-7.011105	-7.060261	-7.004715	-6.977394	-6.984245	-6.977017	-15.158604	-7.009355
3093.125000	-7.034017	-7.023697	-7.045237	-7.012570	-7.030351	-7.036021	-7.006274	-6.993479	-7.011103	-7.060272	-7.004736	-6.977392	-6.984260	-6.977024	-15.158803	-7.009336
3141.332000	-7.033997	-7.023714	-7.045239	-7.012567	-7.030368	-7.036017	-7.006292	-6.993468	-7.011093	-7.060280	-7.004712	-6.977419	-6.984232	-6.977044	-15.158758	-7.009354
3189.520000	-7.034102	-7.023845	-7.045330	-7.012633	-7.030442	-7.036124	-7.006368	-6.993580	-7.011280	-7.060407	-7.004891	-6.977585	-6.984360	-6.977137	-15.158736	-7.009469
3237.710000	-7.034168	-7.023873	-7.045382	-7.012701	-7.030475	-7.036187	-7.006414	-6.993589	-7.011309	-7.060449	-7.004905	-6.977463	-6.984425	-6.977149	-15.158634	-7.009437
3285.896000	-7.034137	-7.023893	-7.045349	-7.012732	-7.030431	-7.036159	-7.006412	-6.993456	-7.011312	-7.060424	-7.004866	-6.977430	-6.984366	-6.976937	-15.158443	-7.009249
3334.109000	-7.034074	-7.023925	-7.045321	-7.012743	-7.030416	-7.036144	-7.006387	-6.993306	-7.011287	-7.060343	-7.004787	-6.977390	-6.984314	-6.976807	-15.158683	-7.009142
3382.293000	-7.033983	-7.023905	-7.045323	-7.012733	-7.030389	-7.036142	-7.006374	-6.993252	-7.011277	-7.060317	-7.004725	-6.977386	-6.984266	-6.976730	-15.158925	-7.009078
3430.481000	-7.033928	-7.023901	-7.045288	-7.012751	-7.030354	-7.036125	-7.006351	-6.993173	-7.011266	-7.060280	-7.004713	-6.977377	-6.984228	-6.976690	-15.158967	-7.009055
3478.689000	-7.033859	-7.023898	-7.045267	-7.012730	-7.030346	-7.036100	-7.006330	-6.993129	-7.011268	-7.060293	-7.004718	-6.977375	-6.984189	-6.976663	-15.158715	-7.009016
3526.883000	-7.033824	-7.023909	-7.045268	-7.012748	-7.030345	-7.036107	-7.006312	-6.993127	-7.011256	-7.060281	-7.004685	-6.977370	-6.984149	-6.976636	-15.158550	-7.009009
3575.096000	-7.033796	-7.023888	-7.045268	-7.012726	-7.030292	-7.036096	-7.006291	-6.993116	-7.011238	-7.060248	-7.004676	-6.977366	-6.984149	-6.976624	-15.158705	-7.009002
3623.272000	-7.033777	-7.023886	-7.045256	-7.012724	-7.030282	-7.036080	-7.006276	-6.993081	-7.011240	-7.060251	-7.004661	-6.977348	-6.984137	-6.976613	-15.158690	-7.008975
3671.508000	-7.033748	-7.023864	-7.045252	-7.012732	-7.030270	-7.036038	-7.006274	-6.993080	-7.011214	-7.060238	-7.004680	-6.977379	-6.984123	-6.976611	-15.158806	-7.008961
3719.707000	-7.033736	-7.023843	-7.045219	-7.012725	-7.030247	-7.036044	-7.006290	-6.993069	-7.011217	-7.060257	-7.004667	-6.977362	-6.984126	-6.976608	-15.158752	-7.008953
3767.904000	-7.033733	-7.023845	-7.045200	-7.012734	-7.030226	-7.036020	-7.006263	-6.993063	-7.011222	-7.060233	-7.004649	-6.977324	-6.984111	-6.976606	-15.158969	-7.008933
3816.130000	-7.033067	-7.023556	-7.044278	-7.012577	-7.029538	-7.035068	-7.005300	-6.992314	-7.010481	-7.059969	-7.004190	-6.976988	-6.983571	-6.976039	-15.158628	-7.008256
3864.334000	-7.031906	-7.023105	-7.042827	-7.012303	-7.028385	-7.034005	-7.003731	-6.991459	-7.009938	-7.059632	-7.003408	-6.976837	-6.983039	-6.975350	-15.158718	-7.007624
3912.533000	-7.031321	-7.022953	-7.042187	-7.012224	-7.027914	-7.033639	-7.002946	-6.991192	-7.009799	-7.059521	-7.002998	-6.976769	-6.982800	-6.975043	-15.158731	-7.007368
3960.725000	-7.031041	-7.022945	-7.041907	-7.012186	-7.027700	-7.033515	-7.002629	-6.991146	-7.009772	-7.059437	-7.002825	-6.976755	-6.982705	-6.974892	-15.158505	-7.007284
4008.937000	-7.030918	-7.022934	-7.041744	-7.012176	-7.027586	-7.033434	-7.002456	-6.991113	-7.009759	-7.059398	-7.002739	-6.976735	-6.982640	-6.974860	-15.158819	-7.007238
4057.131000	-7.030867	-7.022905	-7.041690	-7.012179	-7.027571	-7.033412	-7.002366	-6.991122	-7.009757	-7.059396	-7.002704	-6.976748	-6.982588	-6.974825	-15.158603	-7.007205
4105.328000	-7.030794	-7.022918	-7.041611	-7.012186	-7.027509	-7.033398	-7.002338	-6.991119	-7.009728	-7.059408	-7.002677	-6.976737	-6.982544	-6.974836	-15.158703	-7.007202
4153.514000	-7.030749	-7.022917	-7.041592	-7.012191	-7.027498	-7.033376	-7.002297	-6.991134	-7.009727	-7.059366	-7.002648	-6.976737	-6.982519	-6.974825	-15.158494	-7.007193
4201.687000	-7.030763	-7.022934	-7.041541	-7.012183	-7.027481	-7.033377	-7.002282	-6.991116	-7.009725	-7.059376	-7.002644	-6.976731	-6.982510	-6.974824	-15.158932	-7.007191
4249.875000	-7.030726	-7.022929	-7.041522	-7.012211	-7.027480	-7.033370	-7.002255	-6.991119	-7.009716	-7.059357	-7.002637	-6.976706	-6.982513	-6.974809	-15.158717	-7.007193
4298.077000	-7.030713	-7.022912	-7.041484	-7.012186	-7.027474	-7.033325	-7.002238	-6.991140	-7.009714	-7.059328	-7.002614	-6.976741	-6.982497	-6.974818	-15.158761	-7.007169
4346.271000	-7.030686	-7.022935	-7.041490	-7.012169	-7.027459	-7.033334	-7.002232	-6.991128	-7.009700	-7.059347	-7.002610	-6.976722	-6.982502	-6.974830	-15.158672	-7.007162
4394.469000	-7.030677	-7.022941	-7.041473	-7.012175	-7.027439	-7.033303	-7.002204	-6.991139	-7.009712	-7.059330	-7.002596	-6.976708	-6.982486	-6.974834	-15.158582	-7.007165
4442.644000	-7.030645	-7.022939	-7.041454	-7.012162	-7.027429	-7.033338	-7.002214	-6.991124	-7.009709	-7.059333	-7.002604	-6.976724	-6.982474	-6.974872	-15.158644	-7.007148
4490.845000	-7.030659	-7.022942	-7.041430	-7.012194	-7.027438	-7.033324	-7.002205	-6.991141	-7.009712	-7.059327	-7.002594	-6.976716	-6.982465	-6.974848	-15.158684	-7.007151
4539.060000	-7.031666	-7.022940	-7.043178	-7.012165	-7.028311	-7.034500	-7.003715	-6.991782	-7.010538	-7.059473	-7.003778	-6.977482	-6.983507	-6.975912	-15.158843	-7.008432
4587.243000	-7.034078	-7.023588	-7.045099	-7.012567	-7.030249	-7.035802	-7.006201	-6.993372	-7.010815	-7.060043	-7.004624	-6.977247	-6.984209	-6.977229	-15.158997	-7.009342
4635.480000	-7.033896	-7.023453	-7.045010	-7.012417	-7.030101	-7.035695	-7.006044	-6.993199	-7.010728	-7.059891	-7.004511	-6.977177	-6.984120	-6.977030	-15.158800	-7.009218
4683.702000	-7.033843	-7.023439	-7.044982	-7.012378	-7.030060	-7.035667	-7.006006	-6.993173	-7.010722	-7.059886	-7.004529	-6.977167	-6.984073	-6.976991	-15.158886	-7.009189
4731.890000	-7.033817	-7.023428	-7.044982	-7.012379	-7.030059	-7.035676	-7.005980	-6.993179	-7.010718	-7.059870	-7.004514	-6.977151	-6.984029	-6.976971	-15.158907	-7.009170
4780.083000	-7.033815	-7.023430	-7.044972	-7.012364	-7.030049	-7.035658	-7.005967	-6.993139	-7.010746	-7.059828	-7.004503	-6.977151	-6.984039	-6.976948	-15.158958	-7.009160
4828.280000	-7.033782	-7.023410	-7.044963	-7.012353	-7.030026	-7.035672	-7.005968	-6.993133	-7.010737	-7.059821	-7.004495	-6.977149	-6.984018	-6.976939	-15.158970	-7.009159
4876.477000	-7.033792	-7.023414	-7.044977	-7.012353	-7.030037	-7.035660	-7.005973	-6.993133	-7.010726	-7.059814	-7.004475	-6.977146	-6.984022	-6.976943	-15.158997	-7.009161
4924.660000	-7.033764	-7.023388	-7.044949	-7.012343	-7.030041	-7.035659	-7.005931	-6.993160	-7.010720	-7.059828	-7.004496	-6.977132	-6.984002	-6.976926	-15.159275	-7.009149
4972.862000	-7.033780	-7.023399	-7.044986	-7.012334	-7.030024	-7.035678	-7.005952	-6.993138	-7.010725	-7.059820	-7.004486	-6.977152	-6.983987	-6.976921	-15.159184	-7.009138
5021.068000	-7.033782	-7.023408	-7.044962	-7.012341	-7.030040	-7.035651	-7.005944	-6.993136	-7.010739	-7.059817	-7.004488	-6.977126	-6.983968	-6.976930	-15.159280	-7.009148
5069.281000	-7.033779	-7.023402	-7.044966	-7.012353	-7.030041	-7.035639	-7.005945	-6.993124	-7.010704	-7.059816	-7.004483	-6.977127	-6.983978	-6.976930	-15.159052	-7.009130
5117.468000	-7.033767	-7.023406	-7.044978	-7.012350	-7.030013	-7.035640	-7.005946	-6.993119	-7.010716	-7.059819	-7.004478	-6.977124	-6.983973	-6.976908	-15.158947	-7.009130
5165.675000	-7.033800	-7.023446	-7.045045	-7.012402	-7.030097	-7.035752	-7.006018	-6.993193	-7.010794	-7.059881	-7.004499	-6.977191	-6.984058	-6.976902	-15.158933	-7.009182
5213.879000	-7.033794	-7.023448	-7.045055	-7.012413	-7.030107	-7.035749	-7.006039	-6.993220	-7.010842	-7.059886	-7.004547	-6.977210	-6.984104	-6.976934	-15.158945	-7.009202
5262.058000	-7.033829	-7.023471	-7.045073	-7.012391	-7.030142	-7.035792	-7.006061	-6.993247	-7.010831	-7.059941	-7.004571	-6.977240	-6.984123	-6.976979	-15.158833	-7.009210
	-7.033832															
