6.579000	-7.016438	-6.985119	-7.006009	-7.024132	-6.999621	-7.013511	-7.003554	-7.016434	-7.054518	-7.072352	-7.051699	-7.084361	-7.077419	-7.093588	-6.991976	-15.002091
17.148000	-7.016820	-6.985274	-7.001442	-7.024750	-7.000297	-7.013966	-7.004041	-7.016862	-7.055027	-7.073007	-7.052198	-7.084862	-7.077841	-7.094240	-6.992400	-15.002320
27.713000	-7.016863	-6.985361	-7.006263	-7.024505	-7.000044	-7.013845	-7.003940	-7.016724	-7.055049	-7.072809	-7.052142	-7.084964	-7.077826	-7.094151	-6.992332	-15.002191
38.294000	-7.016750	-6.985258	-7.006198	-7.024528	-6.999954	-7.013716	-7.003999	-7.016699	-7.055032	-7.072868	-7.052177	-7.085033	-7.077876	-7.094087	-6.992181	-15.002411
48.872000	-7.016716	-6.985192	-7.006175	-7.024391	-6.999914	-7.013722	-7.003946	-7.016672	-7.055101	-7.072844	-7.052239	-7.085037	-7.077910	-7.094301	-6.992154	-15.002598
59.446000	-7.016757	-6.985230	-7.006169	-7.024336	-6.999912	-7.013706	-7.003908	-7.016573	-7.055096	-7.072924	-7.052282	-7.085163	-7.077980	-7.094384	-6.992166	-15.002585
70.020000	-7.016723	-6.985185	-7.006167	-7.024305	-6.999820	-7.013688	-7.003864	-7.016609	-7.055129	-7.073019	-7.052319	-7.085193	-7.078061	-7.094392	-6.992215	-15.002725
80.591000	-7.016670	-6.985193	-7.006168	-7.024376	-6.999881	-7.013783	-7.003893	-7.016615	-7.055166	-7.072965	-7.052437	-7.085362	-7.078049	-7.094471	-6.992187	-15.002805
91.181000	-7.016719	-6.985219	-7.006132	-7.024327	-6.999918	-7.013709	-7.003928	-7.016683	-7.055146	-7.073039	-7.052568	-7.085367	-7.078122	-7.094517	-6.992135	-15.002881
101.761000	-7.016779	-6.985232	-7.006160	-7.024394	-6.999921	-7.013751	-7.003859	-7.016720	-7.055284	-7.073139	-7.052591	-7.085487	-7.078211	-7.094578	-6.992178	-15.003012
112.342000	-7.016732	-6.985178	-7.006154	-7.024302	-6.999909	-7.013757	-7.003966	-7.016687	-7.055292	-7.073232	-7.052653	-7.085482	-7.078287	-7.094693	-6.992092	-15.002987
122.922000	-7.016716	-6.985219	-7.006200	-7.024408	-7.000013	-7.013733	-7.004031	-7.016739	-7.055395	-7.073350	-7.052727	-7.085501	-7.078358	-7.094843	-6.992151	-15.003208
133.504000	-7.016764	-6.985211	-7.006191	-7.024418	-7.000062	-7.013666	-7.003938	-7.016735	-7.055435	-7.073364	-7.052767	-7.085588	-7.078524	-7.094969	-6.992048	-15.003228
144.098000	-7.016785	-6.985247	-7.006237	-7.024429	-7.000073	-7.013722	-7.004061	-7.016774	-7.055470	-7.073489	-7.052791	-7.085651	-7.078550	-7.094993	-6.992165	-15.003191
154.680000	-7.016783	-6.985310	-7.006207	-7.024418	-7.000028	-7.013691	-7.004073	-7.016719	-7.055484	-7.073467	-7.052924	-7.085702	-7.078532	-7.094992	-6.992149	-15.003444
165.265000	-7.016738	-6.985193	-7.006113	-7.024296	-7.000056	-7.013596	-7.004050	-7.016661	-7.055461	-7.073424	-7.052900	-7.085710	-7.078520	-7.094984	-6.992060	-15.003327
175.836000	-7.016623	-6.984928	-7.005963	-7.024189	-7.000009	-7.013543	-7.003945	-7.016636	-7.055422	-7.073332	-7.052752	-7.085667	-7.078397	-7.094828	-6.992021	-15.003425
186.403000	-7.016586	-6.984879	-7.005820	-7.024057	-6.999801	-7.013436	-7.003781	-7.016547	-7.055283	-7.073206	-7.052660	-7.085628	-7.078285	-7.094693	-6.991784	-15.003498
196.959000	-7.016401	-6.984687	-7.005599	-7.023928	-6.999713	-7.013274	-7.003596	-7.016450	-7.055085	-7.072858	-7.052552	-7.085489	-7.078167	-7.094525	-6.991678	-15.003602
207.543000	-7.016251	-6.984449	-7.005454	-7.023748	-6.999550	-7.013114	-7.003518	-7.016284	-7.054943	-7.072662	-7.052333	-7.085466	-7.077974	-7.094240	-6.991609	-15.003626
218.136000	-7.016128	-6.984315	-7.005300	-7.023585	-6.999424	-7.012913	-7.003363	-7.016265	-7.054840	-7.072469	-7.052170	-7.085290	-7.077867	-7.094046	-6.991449	-15.003586
228.712000	-7.016008	-6.984062	-7.005100	-7.023401	-6.999296	-7.012701	-7.003200	-7.016146	-7.054683	-7.072310	-7.052023	-7.085197	-7.077715	-7.093801	-6.991368	-15.003702
239.291000	-7.015755	-6.983798	-7.004858	-7.023137	-6.999158	-7.012480	-7.003070	-7.016048	-7.054495	-7.072106	-7.051850	-7.085428	-7.077822	-7.093936	-6.991386	-15.003871
249.872000	-7.015848	-6.983874	-7.004788	-7.023200	-6.999250	-7.012460	-7.003057	-7.016031	-7.054447	-7.072126	-7.051927	-7.085093	-7.077557	-7.093611	-6.991178	-15.003778
260.444000	-7.015757	-6.983694	-7.004493	-7.023090	-6.999123	-7.012324	-7.002839	-7.016003	-7.054248	-7.071940	-7.051682	-7.084997	-7.077497	-7.093393	-6.991007	-15.003735
271.006000	-7.015585	-6.983487	-7.004394	-7.022867	-6.998911	-7.012117	-7.002671	-7.015776	-7.054063	-7.071689	-7.051468	-7.084882	-7.077288	-7.093091	-6.990914	-15.003887
281.576000	-7.015505	-6.983359	-7.004222	-7.022641	-6.998776	-7.011983	-7.002430	-7.015659	-7.053928	-7.071520	-7.051238	-7.084780	-7.077146	-7.092860	-6.990625	-15.003957
292.149000	-7.015562	-6.983307	-7.004131	-7.022732	-6.998987	-7.011945	-7.002453	-7.015795	-7.053894	-7.071537	-7.051350	-7.084720	-7.077139	-7.092945	-6.990617	-15.003981
302.722000	-7.015366	-6.983116	-7.003872	-7.022494	-6.998835	-7.011746	-7.002279	-7.015613	-7.053670	-7.071275	-7.051101	-7.084500	-7.076950	-7.092630	-6.990500	-15.004068
313.315000	-7.015161	-6.982881	-7.003707	-7.022384	-6.998572	-7.011566	-7.002100	-7.015432	-7.053588	-7.071135	-7.051030	-7.084409	-7.076829	-7.092570	-6.990346	-15.004065
323.886000	-7.015039	-6.982784	-7.003528	-7.022225	-6.998348	-7.011421	-7.001974	-7.015343	-7.053355	-7.070999	-7.050744	-7.084238	-7.076736	-7.092312	-6.990201	-15.003965
334.490000	-7.014930	-6.982618	-7.003366	-7.022159	-6.998366	-7.011340	-7.001872	-7.015335	-7.053345	-7.071036	-7.050807	-7.084404	-7.076738	-7.092353	-6.990105	-15.004192
345.063000	-7.014843	-6.982566	-7.003345	-7.022029	-6.998303	-7.011143	-7.001727	-7.015216	-7.053208	-7.070806	-7.050594	-7.084257	-7.076645	-7.092132	-6.990065	-15.004197
355.626000	-7.014819	-6.982460	-7.003129	-7.021977	-6.998231	-7.011112	-7.001713	-7.015155	-7.053171	-7.070785	-7.050636	-7.084178	-7.076660	-7.092078	-6.989996	-15.004219
366.213000	-7.014849	-6.982445	-7.003125	-7.021915	-6.998202	-7.011090	-7.001632	-7.015141	-7.053187	-7.070759	-7.050584	-7.084195	-7.076696	-7.092073	-6.990066	-15.004283
376.797000	-7.014718	-6.982397	-7.003158	-7.021900	-6.998230	-7.011027	-7.001632	-7.015115	-7.053167	-7.070769	-7.050524	-7.084180	-7.076608	-7.092084	-6.989949	-15.004243
387.385000	-7.014684	-6.982308	-7.003001	-7.021874	-6.998212	-7.010978	-7.001583	-7.015062	-7.053077	-7.070700	-7.050500	-7.084140	-7.076610	-7.091898	-6.989914	-15.004413
397.959000	-7.014650	-6.982388	-7.003022	-7.021829	-6.998223	-7.010957	-7.001583	-7.015033	-7.053104	-7.070724	-7.050462	-7.084227	-7.076719	-7.091998	-6.989897	-15.004276
408.534000	-7.014634	-6.982437	-7.002937	-7.021760	-6.998138	-7.010941	-7.001482	-7.015062	-7.052958	-7.070747	-7.050617	-7.084305	-7.076739	-7.091930	-6.989852	-15.004369
419.147000	-7.014622	-6.982410	-7.003022	-7.021846	-6.998249	-7.010919	-7.001470	-7.015060	-7.053004	-7.070754	-7.050480	-7.084255	-7.076715	-7.092091	-6.989852	-15.004774
429.737000	-7.014654	-6.982393	-7.003024	-7.021800	-6.998171	-7.010982	-7.001558	-7.015033	-7.053090	-7.070745	-7.050559	-7.084237	-7.076636	-7.092101	-6.989860	-15.004507
440.315000	-7.014660	-6.982396	-7.003009	-7.021818	-6.998128	-7.010973	-7.001435	-7.015009	-7.053112	-7.070804	-7.050620	-7.084251	-7.076732	-7.092058	-6.989857	-15.004426
450.919000	-7.014632	-6.982389	-7.003006	-7.021786	-6.998176	-7.010942	-7.001411	-7.014969	-7.053044	-7.070779	-7.050656	-7.084316	-7.076679	-7.092102	-6.989920	-15.004664
461.509000	-7.014661	-6.982410	-7.002961	-7.021825	-6.998157	-7.010985	-7.001440	-7.014996	-7.053071	-7.070799	-7.050600	-7.084332	-7.076801	-7.092113	-6.989856	-15.004637
472.107000	-7.014639	-6.982426	-7.002956	-7.021826	-6.998112	-7.010937	-7.001444	-7.014999	-7.053132	-7.070789	-7.050635	-7.084273	-7.076865	-7.092189	-6.990001	-15.004753
482.680000	-7.014692	-6.982456	-7.002897	-7.021816	-6.998146	-7.010977	-7.001518	-7.014993	-7.053120	-7.070775	-7.050557	-7.084339	-7.076878	-7.092143	-6.989925	-15.004768
493.261000	-7.014601	-6.982428	-7.002842	-7.021748	-6.998095	-7.010897	-7.001478	-7.014940	-7.053066	-7.070681	-7.050563	-7.084292	-7.076814	-7.092079	-6.989888	-15.004889
503.869000	-7.014582	-6.982458	-7.002867	-7.021785	-6.998056	-7.010919	-7.001455	-7.014967	-7.053134	-7.070729	-7.050500	-7.084308	-7.076807	-7.092174	-6.989872	-15.004804
514.470000	-7.014549	-6.982379	-7.002783	-7.021737	-6.998067	-7.010841	-7.001403	-7.014885	-7.053031	-7.070770	-7.050508	-7.084312	-7.076911	-7.092155	-6.989888	-15.004756
525.062000	-7.014533	-6.982386	-7.002833	-7.021747	-6.998105	-7.010826	-7.001474	-7.014917	-7.053073	-7.070772	-7.050466	-7.084373	-7.076905	-7.092258	-6.989926	-15.004740
535.630000	-7.014559	-6.982413	-7.002792	-7.021789	-6.998176	-7.010811	-7.001523	-7.014909	-7.053116	-7.070762	-7.050555	-7.084368	-7.076827	-7.092260	-6.989873	-15.004719
546.211000	-7.014613	-6.982458	-7.002953	-7.021816	-6.998135	-7.010831	-7.001555	-7.014920	-7.053093	-7.070899	-7.050542	-7.084356	-7.076817	-7.092363	-6.989891	-15.004700
556.798000	-7.014634	-6.982430	-7.002956	-7.021868	-6.998145	-7.010871	-7.001537	-7.014892	-7.053167	-7.070976	-7.050606	-7.084437	-7.076852	-7.092352	-6.989956	-15.004812
567.371000	-7.014587	-6.982374	-7.002893	-7.021829	-6.998115	-7.010865	-7.001491	-7.014938	-7.053150	-7.070910	-7.050470	-7.084399	-7.076871	-7.092302	-6.989877	-15.004814
577.947000	-7.014602	-6.982406	-7.002891	-7.021859	-6.998134	-7.010912	-7.001488	-7.014962	-7.053139	-7.070849	-7.050481	-7.084372	-7.076964	-7.092372	-6.989784	-15.004509
588.522000	-7.014636	-6.982418	-7.002919	-7.021837	-6.998043	-7.010893	-7.001492	-7.014946	-7.053119	-7.070864	-7.050533	-7.084319	-7.076910	-7.092296	-6.989837	-15.004749
599.078000	-7.014618	-6.982464	-7.002947	-7.021827	-6.998054	-7.010883	-7.001465	-7.014916	-7.053108	-7.070848	-7.050572	-7.084542	-7.077032	-7.092420	-6.989909	-15.004761
609.665000	-7.014704	-6.982437	-7.003005	-7.021820	-6.998126	-7.010932	-7.001584	-7.014978	-7.053222	-7.070938	-7.050711	-7.084495	-7.077082	-7.092391	-6.989864	-15.004746
620.261000	-7.014693	-6.982408	-7.003019	-7.021843	-6.998075	-7.010853	-7.001595	-7.014967	-7.053236	-7.070905	-7.050738	-7.084506	-7.077081	-7.092439	-6.989897	-15.004826
630.863000	-7.014781	-6.982449	-7.002947	-7.021855	-6.998107	-7.010816	-7.001633	-7.014996	-7.053273	-7.071000	-7.050679	-7.084549	-7.077111	-7.092536	-6.989813	-15.004811
641.438000	-7.014747	-6.982486	-7.002987	-7.021858	-6.998152	-7.010830	-7.001605	-7.014969	-7.053298	-7.070977	-7.050706	-7.084591	-7.077048	-7.092477	-6.989869	-15.004821
652.034000	-7.014730	-6.982443	-7.002980	-7.021885	-6.998126	-7.010919	-7.001685	-7.014940	-7.053272	-7.070978	-7.050707	-7.084629	-7.077066	-7.092465	-6.989844	-15.004959
662.621000	-7.014706	-6.982395	-7.003006	-7.021916	-6.998102	-7.010898	-7.001581	-7.014981	-7.053302	-7.070948	-7.050704	-7.084633	-7.077090	-7.092542	-6.989900	-15.004904
673.189000	-7.014713	-6.982430	-7.002986	-7.021870	-6.998122	-7.010973	-7.001642	-7.014907	-7.053250	-7.070991	-7.050735	-7.084572	-7.077096	-7.092547	-6.989861	-15.004892
683.781000	-7.014710	-6.982355	-7.003052	-7.021893	-6.998126	-7.010921	-7.001616	-7.014956	-7.053334	-7.071006	-7.050715	-7.084678	-7.077101	-7.092524	-6.989865	-15.004847
694.366000	-7.014733	-6.982410	-7.003028	-7.021921	-6.998166	-7.010929	-7.001585	-7.014952	-7.053304	-7.071037	-7.050744	-7.084691	-7.077113	-7.092517	-6.989787	-15.004725
704.934000	-7.014701	-6.982421	-7.003058	-7.021854	-6.998155	-7.010970	-7.001636	-7.014966	-7.053360	-7.071091	-7.050855	-7.084673	-7.077188	-7.092510	-6.989822	-15.004854
715.495000	-7.014654	-6.982418	-7.002962	-7.021933	-6.998082	-7.010970	-7.001623	-7.015001	-7.053399	-7.071081	-7.050830	-7.084656	-7.077108	-7.092551	-6.989836	-15.004634
726.083000	-7.014647	-6.982373	-7.003030	-7.021900	-6.998126	-7.010915	-7.001641	-7.014958	-7.053399	-7.071079	-7.050698	-7.084745	-7.077163	-7.092580	-6.989817	-15.004886
736.662000	-7.014688	-6.982367	-7.002944	-7.021963	-6.998165	-7.010930	-7.001639	-7.015017	-7.053357	-7.071090	-7.050778	-7.084736	-7.077229	-7.092603	-6.989790	-15.004839
747.243000	-7.014735	-6.982380	-7.002997	-7.021992	-6.998116	-7.010934	-7.001605	-7.014909	-7.053448	-7.071085	-7.050797	-7.084692	-7.077216	-7.092777	-6.989831	-15.004785
757.821000	-7.014727	-6.982391	-7.003073	-7.021991	-6.998190	-7.010921	-7.001691	-7.014917	-7.053369	-7.071136	-7.050747	-7.084749	-7.077259	-7.092729	-6.989805	-15.004719
768.393000	-7.014749	-6.982400	-7.002988	-7.021862	-6.998194	-7.010923	-7.001582	-7.014934	-7.053377	-7.071106	-7.050808	-7.084666	-7.077145	-7.092710	-6.989777	-15.004803
778.973000	-7.014754	-6.982443	-7.002924	-7.021950	-6.998236	-7.010962	-7.001587	-7.015032	-7.053422	-7.071168	-7.050818	-7.084773	-7.077179	-7.092668	-6.989787	-15.004784
789.557000	-7.014683	-6.982449	-7.002924	-7.021962	-6.998177	-7.010964	-7.001504	-7.015054	-7.053418	-7.071181	-7.050837	-7.084763	-7.077178	-7.092725	-6.989760	-15.005179
800.129000	-7.014653	-6.982389	-7.002999	-7.021938	-6.998139	-7.010955	-7.001493	-7.015036	-7.053440	-7.071197	-7.050874	-7.084836	-7.077274	-7.092710	-6.989729	-15.004971
810.699000	-7.014657	-6.982398	-7.002969	-7.021972	-6.998114	-7.010962	-7.001543	-7.015074	-7.053464	-7.071253	-7.050963	-7.084836	-7.077248	-7.092775	-6.989774	-15.004955
821.278000	-7.014623	-6.982473	-7.002992	-7.021946	-6.998119	-7.010929	-7.001533	-7.015056	-7.053397	-7.071243	-7.050997	-7.084788	-7.077233	-7.092760	-6.989696	-15.004879
831.856000	-7.014604	-6.982443	-7.003068	-7.022021	-6.998140	-7.010917	-7.001596	-7.015053	-7.053479	-7.071182	-7.050794	-7.084814	-7.077248	-7.092847	-6.989694	-15.005012
843.083000	-7.014602	-6.982405	-7.003079	-7.021955	-6.998070	-7.010965	-7.001659	-7.015020	-7.053473	-7.071279	-7.050843	-7.084908	-7.077263	-7.092851	-6.989774	-15.004930
853.680000	-7.014722	-6.982347	-7.003064	-7.021974	-6.998137	-7.010997	-7.001656	-7.015022	-7.053437	-7.071161	-7.050891	-7.084830	-7.077282	-7.092895	-6.989745	-15.004814
864.290000	-7.014679	-6.982320	-7.002942	-7.022038	-6.998105	-7.010940	-7.001717	-7.014991	-7.053486	-7.071204	-7.050934	-7.084951	-7.077324	-7.092882	-6.989745	-15.004934
874.864000	-7.014629	-6.982377	-7.002937	-7.022028	-6.998109	-7.010914	-7.001597	-7.015037	-7.053452	-7.071257	-7.050960	-7.084992	-7.077440	-7.092852	-6.989725	-15.005038
885.475000	-7.014617	-6.982408	-7.002927	-7.022066	-6.998179	-7.010910	-7.001614	-7.015045	-7.053432	-7.071209	-7.050957	-7.084900	-7.077448	-7.092906	-6.989723	-15.005085
896.071000	-7.014588	-6.982403	-7.002975	-7.022072	-6.998190	-7.010913	-7.001680	-7.014987	-7.053526	-7.071244	-7.051115	-7.085004	-7.077417	-7.092943	-6.989702	-15.004963
906.663000	-7.014652	-6.982374	-7.002967	-7.022073	-6.998182	-7.010854	-7.001669	-7.015044	-7.053516	-7.071211	-7.051032	-7.085037	-7.077404	-7.092942	-6.989792	-15.004886
917.244000	-7.014641	-6.982327	-7.002936	-7.022025	-6.998109	-7.010892	-7.001713	-7.015007	-7.053480	-7.071210	-7.050990	-7.084933	-7.077359	-7.092988	-6.989712	-15.005104
927.831000	-7.014700	-6.982349	-7.002944	-7.022008	-6.998131	-7.010905	-7.001669	-7.015082	-7.053421	-7.071196	-7.050964	-7.084985	-7.077497	-7.092983	-6.989750	-15.004986
938.412000	-7.014690	-6.982465	-7.002992	-7.022036	-6.998181	-7.010860	-7.001685	-7.015074	-7.053513	-7.071248	-7.050967	-7.084951	-7.077516	-7.092929	-6.989800	-15.005142
949.020000	-7.014710	-6.982430	-7.002935	-7.022043	-6.998151	-7.010836	-7.001731	-7.015042	-7.053431	-7.071194	-7.051084	-7.085061	-7.077495	-7.092976	-6.989784	-15.005201
959.610000	-7.014670	-6.982351	-7.002929	-7.022108	-6.998155	-7.010906	-7.001658	-7.015060	-7.053459	-7.071201	-7.051026	-7.085085	-7.077418	-7.093000	-6.989760	-15.005049
970.192000	-7.014722	-6.982339	-7.002913	-7.022037	-6.998123	-7.010849	-7.001633	-7.015051	-7.053515	-7.071204	-7.051041	-7.085103	-7.077418	-7.093006	-6.989738	-15.005041
980.762000	-7.014668	-6.982347	-7.002927	-7.022001	-6.998093	-7.010901	-7.001636	-7.015110	-7.053466	-7.071228	-7.051135	-7.085141	-7.077443	-7.093073	-6.989773	-15.005333
991.390000	-7.014669	-6.982325	-7.002919	-7.022011	-6.998035	-7.010932	-7.001679	-7.015108	-7.053507	-7.071258	-7.051173	-7.085197	-7.077497	-7.093171	-6.989787	-15.005251
1001.992000	-7.014717	-6.982386	-7.002944	-7.021960	-6.998109	-7.010981	-7.001717	-7.015168	-7.053484	-7.071293	-7.051105	-7.085192	-7.077451	-7.093100	-6.989758	-15.005298
1012.580000	-7.014653	-6.982396	-7.002996	-7.021892	-6.998143	-7.010979	-7.001643	-7.015120	-7.053510	-7.071268	-7.051164	-7.085089	-7.077430	-7.093115	-6.989812	-15.005357
1023.175000	-7.014629	-6.982351	-7.002961	-7.021974	-6.998118	-7.011003	-7.001662	-7.015123	-7.053512	-7.071328	-7.051088	-7.085170	-7.077517	-7.093091	-6.989699	-15.005178
1033.755000	-7.014608	-6.982445	-7.003005	-7.022001	-6.998107	-7.010962	-7.001646	-7.015083	-7.053534	-7.071308	-7.051095	-7.085165	-7.077532	-7.093133	-6.989829	-15.005243
1044.334000	-7.014729	-6.982414	-7.002988	-7.021931	-6.998151	-7.010998	-7.001701	-7.015155	-7.053523	-7.071345	-7.051139	-7.085088	-7.077550	-7.093043	-6.989754	-15.005081
1054.912000	-7.014676	-6.982371	-7.002993	-7.021975	-6.998156	-7.010999	-7.001697	-7.015166	-7.053530	-7.071351	-7.051116	-7.085204	-7.077523	-7.093053	-6.989811	-15.005308
1065.513000	-7.014683	-6.982334	-7.003081	-7.021986	-6.998120	-7.010977	-7.001763	-7.015213	-7.053626	-7.071366	-7.051124	-7.085181	-7.077611	-7.093146	-6.989804	-15.005176
1076.114000	-7.014650	-6.982361	-7.003065	-7.021976	-6.998140	-7.011037	-7.001681	-7.015220	-7.053616	-7.071384	-7.051215	-7.085328	-7.077590	-7.093200	-6.989800	-15.005192
1086.708000	-7.014682	-6.982296	-7.003051	-7.022010	-6.998100	-7.010952	-7.001611	-7.015119	-7.053611	-7.071342	-7.051220	-7.085284	-7.077579	-7.093192	-6.989780	-15.005204
1097.296000	-7.014650	-6.982296	-7.003117	-7.022002	-6.998110	-7.011022	-7.001707	-7.015166	-7.053642	-7.071368	-7.051219	-7.085279	-7.077644	-7.093180	-6.989743	-15.005072
1107.860000	-7.014691	-6.982355	-7.003053	-7.022018	-6.998153	-7.011043	-7.001786	-7.015171	-7.053566	-7.071379	-7.051255	-7.085313	-7.077554	-7.093249	-6.989782	-15.005318
1118.447000	-7.014649	-6.982322	-7.003052	-7.022007	-6.998122	-7.010993	-7.001726	-7.015179	-7.053592	-7.071422	-7.051150	-7.085219	-7.077687	-7.093179	-6.989771	-15.005292
1129.018000	-7.014640	-6.982244	-7.003070	-7.022044	-6.998147	-7.010966	-7.001740	-7.015197	-7.053703	-7.071399	-7.051274	-7.085358	-7.077662	-7.093164	-6.989762	-15.005359
1139.607000	-7.014615	-6.982340	-7.003042	-7.022020	-6.998166	-7.010983	-7.001703	-7.015186	-7.053666	-7.071356	-7.051160	-7.085313	-7.077620	-7.093247	-6.989778	-15.005230
1150.181000	-7.014642	-6.982320	-7.003121	-7.021945	-6.998096	-7.011019	-7.001752	-7.015199	-7.053648	-7.071355	-7.051266	-7.085366	-7.077665	-7.093310	-6.989738	-15.005328
1160.778000	-7.014651	-6.982321	-7.003195	-7.022058	-6.998073	-7.010999	-7.001774	-7.015171	-7.053654	-7.071416	-7.051296	-7.085319	-7.077712	-7.093193	-6.989795	-15.005201
1171.345000	-7.014605	-6.982342	-7.003168	-7.022046	-6.998074	-7.011011	-7.001741	-7.015178	-7.053699	-7.071383	-7.051267	-7.085331	-7.077741	-7.093223	-6.989775	-15.005113
1181.925000	-7.014683	-6.982275	-7.003098	-7.022074	-6.998057	-7.011025	-7.001823	-7.015236	-7.053628	-7.071469	-7.051213	-7.085339	-7.077840	-7.093300	-6.989835	-15.004976
1192.506000	-7.014686	-6.982296	-7.003131	-7.022032	-6.998098	-7.010997	-7.001802	-7.015213	-7.053702	-7.071391	-7.051292	-7.085341	-7.077836	-7.093307	-6.989774	-15.005138
1203.082000	-7.014625	-6.982362	-7.003106	-7.021994	-6.998060	-7.010980	-7.001760	-7.015208	-7.053679	-7.071439	-7.051336	-7.085338	-7.077766	-7.093351	-6.989791	-15.005189
1213.668000	-7.014675	-6.982346	-7.003143	-7.021989	-6.998102	-7.011020	-7.001778	-7.015207	-7.053684	-7.071441	-7.051257	-7.085347	-7.077763	-7.093274	-6.989725	-15.005065
1224.242000	-7.014640	-6.982376	-7.003206	-7.022111	-6.997990	-7.010988	-7.001720	-7.015389	-7.054045	-7.072025	-7.051439	-7.085599	-7.078315	-7.093576	-6.989696	-15.004893
1234.808000	-7.014996	-6.982870	-7.003655	-7.022678	-6.998521	-7.011331	-7.002255	-7.015667	-7.054642	-7.072851	-7.051894	-7.085994	-7.078993	-7.094477	-6.990359	-15.004898
1245.386000	-7.015448	-6.983725	-7.004474	-7.023274	-6.999081	-7.012055	-7.002990	-7.016049	-7.055277	-7.073641	-7.052776	-7.086539	-7.079621	-7.095311	-6.990909	-15.004870
1255.971000	-7.015877	-6.984484	-7.005072	-7.023764	-6.999597	-7.012704	-7.003644	-7.016386	-7.055945	-7.074293	-7.053419	-7.087051	-7.080337	-7.096449	-6.991386	-15.004972
1266.549000	-7.016393	-6.985069	-7.005930	-7.024399	-7.000056	-7.013318	-7.004259	-7.016791	-7.056604	-7.074911	-7.054039	-7.087462	-7.080827	-7.097286	-6.991842	-15.004890
1277.117000	-7.016749	-6.985598	-7.006530	-7.024890	-7.000473	-7.013776	-7.004614	-7.017034	-7.057073	-7.075340	-7.054659	-7.087904	-7.081279	-7.097999	-6.992274	-15.004987
1287.684000	-7.017085	-6.985991	-7.007099	-7.025351	-7.000677	-7.014342	-7.005008	-7.017329	-7.057610	-7.075856	-7.055091	-7.088289	-7.081635	-7.098613	-6.992579	-15.005057
1298.276000	-7.017387	-6.986315	-7.007483	-7.025589	-7.000958	-7.014645	-7.005306	-7.017536	-7.057919	-7.076170	-7.055399	-7.088553	-7.081985	-7.099170	-6.992855	-15.005080
1308.861000	-7.017589	-6.986525	-7.007846	-7.025749	-7.001162	-7.014960	-7.005558	-7.017762	-7.058314	-7.076429	-7.055703	-7.088852	-7.082110	-7.099467	-6.993050	-15.005007
1319.471000	-7.017711	-6.986806	-7.008061	-7.025955	-7.001273	-7.015089	-7.005577	-7.017911	-7.058572	-7.076589	-7.056005	-7.088988	-7.082222	-7.099602	-6.993194	-15.004829
1330.043000	-7.017836	-6.986904	-7.008256	-7.026102	-7.001299	-7.015301	-7.005681	-7.017951	-7.058728	-7.076682	-7.056317	-7.089118	-7.082411	-7.099789	-6.993304	-15.004925
1340.606000	-7.018043	-6.987078	-7.008435	-7.026259	-7.001442	-7.015425	-7.006093	-7.018092	-7.058899	-7.076827	-7.056430	-7.089320	-7.082498	-7.099991	-6.993393	-15.004891
1351.196000	-7.018026	-6.987104	-7.008452	-7.026273	-7.001587	-7.015578	-7.006143	-7.018212	-7.059097	-7.076941	-7.056495	-7.089380	-7.082539	-7.100044	-6.993547	-15.004812
1361.781000	-7.018528	-6.987492	-7.008888	-7.026769	-7.002055	-7.015964	-7.006530	-7.018575	-7.059384	-7.077336	-7.056849	-7.089721	-7.082973	-7.100619	-6.993913	-15.004876
1372.359000	-7.018593	-6.987455	-7.008930	-7.026713	-7.001963	-7.015913	-7.006322	-7.018624	-7.059447	-7.077365	-7.056934	-7.089781	-7.082970	-7.100706	-6.993986	-15.004965
1382.959000	-7.018527	-6.987562	-7.008885	-7.026745	-7.001991	-7.015938	-7.006725	-7.018608	-7.059413	-7.077300	-7.056924	-7.089823	-7.083035	-7.100767	-6.994003	-15.004788
1393.554000	-7.018682	-6.987566	-7.008941	-7.026727	-7.001949	-7.016044	-7.006505	-7.018684	-7.059557	-7.077345	-7.056981	-7.089916	-7.083045	-7.100737	-6.994046	-15.004838
1404.126000	-7.018627	-6.987537	-7.009002	-7.026787	-7.001837	-7.016057	-7.006473	-7.018759	-7.059585	-7.077388	-7.057161	-7.089957	-7.082996	-7.100848	-6.994064	-15.004934
1414.696000	-7.018617	-6.987524	-7.009026	-7.026768	-7.001886	-7.016048	-7.006554	-7.018746	-7.059610	-7.077505	-7.057180	-7.090018	-7.083036	-7.100900	-6.994007	-15.004867
1425.248000	-7.018683	-6.987573	-7.008991	-7.026820	-7.001900	-7.016095	-7.006660	-7.018830	-7.059683	-7.077441	-7.057273	-7.090001	-7.083050	-7.100941	-6.994024	-15.004875
1435.818000	-7.018692	-6.987599	-7.009056	-7.026808	-7.001983	-7.016097	-7.006702	-7.018877	-7.059711	-7.077474	-7.057280	-7.090068	-7.083085	-7.100893	-6.994056	-15.004889
1446.398000	-7.018632	-6.987619	-7.009085	-7.026836	-7.001895	-7.016147	-7.006893	-7.018781	-7.059712	-7.077438	-7.057437	-7.090072	-7.083069	-7.100894	-6.994105	-15.004730
1456.989000	-7.018607	-6.987638	-7.009071	-7.026812	-7.001906	-7.016230	-7.006845	-7.018794	-7.059882	-7.077506	-7.057385	-7.090163	-7.083052	-7.100880	-6.994142	-15.004931
1467.585000	-7.018589	-6.987668	-7.009039	-7.026848	-7.001893	-7.016276	-7.007009	-7.018871	-7.059880	-7.077443	-7.057410	-7.090161	-7.083159	-7.101002	-6.994116	-15.004951
1478.177000	-7.018618	-6.987750	-7.009007	-7.026910	-7.001877	-7.016233	-7.006961	-7.018852	-7.059934	-7.077563	-7.057568	-7.090259	-7.083086	-7.101008	-6.994023	-15.004885
1488.762000	-7.018611	-6.987689	-7.009041	-7.026887	-7.001984	-7.016263	-7.007070	-7.018817	-7.059941	-7.077642	-7.057416	-7.090226	-7.083139	-7.101077	-6.994168	-15.005007
1499.364000	-7.018634	-6.987702	-7.009087	-7.026876	-7.001965	-7.016190	-7.007052	-7.018762	-7.059942	-7.077669	-7.057500	-7.090238	-7.083106	-7.101090	-6.994113	-15.005131
1509.933000	-7.018689	-6.987712	-7.009047	-7.026836	-7.002033	-7.016250	-7.007074	-7.018847	-7.059991	-7.077691	-7.057539	-7.090237	-7.083169	-7.101065	-6.994127	-15.005151
1520.528000	-7.018635	-6.987657	-7.009030	-7.026879	-7.002031	-7.016189	-7.007105	-7.018862	-7.060105	-7.077726	-7.057656	-7.090164	-7.083151	-7.101176	-6.994158	-15.004947
1531.120000	-7.018574	-6.987680	-7.009012	-7.026873	-7.002053	-7.016161	-7.007119	-7.018862	-7.060083	-7.077790	-7.057581	-7.090291	-7.083167	-7.101171	-6.994131	-15.005322
1541.704000	-7.018632	-6.987703	-7.009054	-7.026885	-7.002072	-7.016267	-7.007248	-7.018908	-7.060006	-7.077758	-7.057726	-7.090256	-7.083117	-7.101186	-6.994168	-15.004933
1552.283000	-7.018636	-6.987751	-7.009096	-7.026865	-7.002062	-7.016291	-7.007258	-7.018893	-7.059938	-7.077868	-7.057637	-7.090302	-7.083145	-7.101206	-6.994165	-15.004913
1562.858000	-7.018654	-6.987742	-7.009120	-7.026879	-7.002061	-7.016248	-7.007267	-7.018901	-7.060004	-7.077965	-7.057617	-7.090310	-7.083160	-7.101229	-6.994122	-15.004884
1573.431000	-7.018704	-6.987740	-7.009126	-7.026841	-7.002087	-7.016224	-7.007341	-7.018976	-7.060041	-7.078003	-7.057638	-7.090348	-7.083278	-7.101240	-6.994151	-15.004801
1584.014000	-7.018626	-6.987730	-7.009146	-7.026888	-7.002087	-7.016248	-7.007330	-7.018884	-7.060047	-7.078035	-7.057613	-7.090257	-7.083203	-7.101331	-6.994171	-15.004980
1594.591000	-7.018665	-6.987762	-7.009142	-7.026853	-7.002122	-7.016265	-7.007351	-7.018919	-7.060084	-7.078118	-7.057713	-7.090332	-7.083284	-7.101377	-6.994123	-15.005188
1605.165000	-7.018598	-6.987845	-7.009200	-7.026874	-7.002109	-7.016250	-7.007450	-7.018872	-7.060126	-7.078089	-7.057692	-7.090294	-7.083232	-7.101419	-6.994149	-15.005062
1615.735000	-7.018650	-6.987870	-7.009229	-7.026892	-7.002127	-7.016305	-7.007488	-7.018885	-7.060079	-7.078159	-7.057788	-7.090365	-7.083238	-7.101306	-6.994071	-15.005074
1626.330000	-7.018639	-6.987811	-7.009168	-7.026934	-7.002202	-7.016293	-7.007491	-7.018917	-7.060126	-7.078192	-7.057792	-7.090390	-7.083301	-7.101408	-6.994127	-15.005114
1636.911000	-7.018646	-6.987762	-7.009219	-7.026943	-7.002179	-7.016372	-7.007540	-7.018972	-7.060147	-7.078222	-7.057667	-7.090411	-7.083308	-7.101526	-6.994149	-15.005174
1647.486000	-7.018696	-6.987773	-7.009256	-7.026927	-7.002195	-7.016237	-7.007621	-7.018946	-7.060106	-7.078254	-7.057867	-7.090372	-7.083376	-7.101477	-6.994102	-15.005061
1658.065000	-7.018733	-6.987813	-7.009221	-7.027023	-7.002250	-7.016267	-7.007669	-7.018969	-7.060150	-7.078274	-7.057786	-7.090366	-7.083386	-7.101587	-6.994125	-15.004884
1668.650000	-7.018700	-6.987803	-7.009228	-7.027012	-7.002238	-7.016291	-7.007576	-7.018947	-7.060134	-7.078286	-7.057839	-7.090378	-7.083336	-7.101504	-6.994156	-15.005004
1679.226000	-7.018742	-6.987801	-7.009145	-7.026959	-7.002180	-7.016295	-7.007590	-7.018982	-7.060070	-7.078353	-7.057791	-7.090388	-7.083282	-7.101508	-6.994187	-15.005092
1689.806000	-7.018712	-6.987739	-7.009162	-7.027003	-7.002156	-7.016293	-7.007600	-7.019031	-7.060146	-7.078355	-7.057741	-7.090317	-7.083322	-7.101473	-6.994040	-15.004992
1700.400000	-7.018654	-6.987751	-7.009134	-7.026959	-7.002260	-7.016172	-7.007672	-7.019070	-7.060171	-7.078418	-7.057831	-7.090415	-7.083267	-7.101561	-6.994137	-15.004912
1710.972000	-7.018654	-6.987721	-7.009069	-7.026895	-7.002254	-7.016238	-7.007702	-7.019091	-7.060204	-7.078484	-7.057824	-7.090472	-7.083354	-7.101573	-6.994113	-15.004992
1721.568000	-7.018667	-6.987745	-7.009116	-7.026961	-7.002272	-7.016226	-7.007666	-7.019080	-7.060262	-7.078503	-7.057881	-7.090478	-7.083389	-7.101557	-6.994176	-15.005018
1732.140000	-7.018654	-6.987791	-7.009163	-7.026943	-7.002313	-7.016274	-7.007756	-7.019087	-7.060249	-7.078561	-7.057899	-7.090388	-7.083391	-7.101545	-6.994252	-15.004967
1742.711000	-7.018664	-6.987782	-7.009152	-7.026965	-7.002191	-7.016271	-7.007661	-7.019111	-7.060249	-7.078618	-7.057743	-7.090427	-7.083477	-7.101644	-6.994165	-15.004818
1753.285000	-7.018651	-6.987801	-7.009068	-7.026939	-7.002259	-7.016266	-7.007704	-7.019109	-7.060295	-7.078653	-7.057817	-7.090430	-7.083423	-7.101625	-6.994218	-15.004766
1763.859000	-7.018731	-6.987759	-7.009088	-7.026918	-7.002322	-7.016271	-7.007759	-7.019071	-7.060225	-7.078744	-7.057863	-7.090473	-7.083521	-7.101715	-6.994240	-15.004898
1774.434000	-7.018655	-6.987804	-7.008966	-7.026932	-7.002318	-7.016310	-7.007769	-7.019056	-7.060336	-7.078700	-7.057858	-7.090470	-7.083460	-7.101647	-6.994276	-15.004821
1785.031000	-7.018741	-6.987848	-7.009093	-7.026974	-7.002331	-7.016350	-7.007690	-7.019098	-7.060342	-7.078738	-7.057856	-7.090515	-7.083510	-7.101808	-6.994300	-15.004792
1795.623000	-7.018673	-6.987844	-7.009069	-7.027068	-7.002320	-7.016274	-7.007755	-7.019103	-7.060316	-7.078753	-7.057868	-7.090422	-7.083449	-7.101828	-6.994282	-15.004869
1806.205000	-7.018669	-6.987838	-7.009046	-7.027072	-7.002302	-7.016346	-7.007631	-7.019094	-7.060350	-7.078770	-7.057914	-7.090415	-7.083562	-7.101749	-6.994258	-15.004691
1816.809000	-7.018723	-6.987817	-7.009101	-7.027071	-7.002301	-7.016288	-7.007691	-7.019058	-7.060395	-7.078810	-7.057869	-7.090498	-7.083637	-7.101753	-6.994245	-15.004907
1827.413000	-7.018701	-6.987847	-7.009173	-7.026952	-7.002368	-7.016282	-7.007774	-7.019040	-7.060425	-7.078849	-7.057869	-7.090488	-7.083616	-7.101760	-6.994262	-15.004921
1838.001000	-7.018738	-6.987882	-7.009082	-7.026943	-7.002389	-7.016305	-7.007753	-7.019064	-7.060498	-7.078903	-7.057924	-7.090490	-7.083482	-7.101856	-6.994346	-15.005068
1848.590000	-7.018704	-6.987863	-7.009117	-7.027049	-7.002438	-7.016272	-7.007824	-7.019041	-7.060475	-7.078880	-7.057902	-7.090496	-7.083613	-7.101794	-6.994336	-15.004896
1859.178000	-7.018752	-6.987879	-7.009142	-7.027035	-7.002432	-7.016288	-7.007821	-7.019100	-7.060429	-7.078962	-7.057934	-7.090484	-7.083599	-7.101816	-6.994308	-15.005019
1869.767000	-7.018735	-6.987886	-7.009159	-7.027116	-7.002427	-7.016381	-7.007803	-7.019142	-7.060436	-7.079028	-7.058021	-7.090495	-7.083550	-7.101899	-6.994303	-15.005061
1880.337000	-7.018770	-6.987874	-7.009143	-7.026996	-7.002403	-7.016360	-7.007965	-7.019125	-7.060480	-7.078998	-7.057989	-7.090462	-7.083482	-7.101850	-6.994228	-15.004879
1890.921000	-7.018777	-6.987874	-7.009177	-7.027083	-7.002471	-7.016297	-7.007962	-7.019121	-7.060514	-7.079078	-7.058015	-7.090385	-7.083582	-7.101924	-6.994291	-15.005101
1901.500000	-7.018731	-6.987915	-7.009131	-7.027024	-7.002460	-7.016329	-7.007980	-7.019077	-7.060491	-7.079172	-7.057968	-7.090438	-7.083512	-7.101871	-6.994330	-15.004968
1912.078000	-7.018741	-6.987863	-7.009084	-7.027003	-7.002433	-7.016298	-7.007988	-7.019071	-7.060551	-7.079250	-7.057996	-7.090367	-7.083568	-7.101846	-6.994355	-15.004932
1922.660000	-7.018759	-6.987903	-7.009167	-7.027009	-7.002536	-7.016275	-7.007923	-7.019142	-7.060506	-7.079206	-7.057983	-7.090463	-7.083557	-7.101904	-6.994351	-15.004877
1933.229000	-7.018790	-6.987912	-7.009133	-7.026940	-7.002502	-7.016254	-7.007977	-7.019080	-7.060496	-7.079112	-7.058115	-7.090520	-7.083518	-7.101948	-6.994351	-15.004927
1943.814000	-7.018782	-6.987916	-7.009207	-7.027011	-7.002566	-7.016309	-7.007980	-7.019067	-7.060595	-7.079144	-7.058135	-7.090472	-7.083552	-7.101951	-6.994344	-15.004994
1954.394000	-7.018888	-6.987942	-7.009156	-7.026950	-7.002543	-7.016304	-7.008010	-7.019107	-7.060503	-7.079293	-7.058083	-7.090396	-7.083539	-7.101938	-6.994325	-15.004793
1964.978000	-7.018887	-6.987972	-7.009163	-7.027043	-7.002533	-7.016381	-7.007916	-7.019197	-7.060508	-7.079223	-7.058070	-7.090480	-7.083678	-7.101951	-6.994359	-15.004965
1975.551000	-7.018836	-6.987877	-7.009126	-7.027003	-7.002518	-7.016361	-7.007883	-7.019132	-7.060547	-7.079298	-7.058090	-7.090499	-7.083698	-7.101962	-6.994349	-15.004866
1986.146000	-7.018840	-6.987972	-7.009154	-7.026996	-7.002585	-7.016311	-7.008055	-7.019122	-7.060570	-7.079331	-7.058072	-7.090491	-7.083643	-7.101993	-6.994395	-15.004824
1996.738000	-7.018859	-6.988008	-7.009225	-7.026972	-7.002569	-7.016244	-7.008040	-7.019124	-7.060672	-7.079315	-7.058093	-7.090408	-7.083711	-7.101975	-6.994419	-15.004615
2007.306000	-7.018882	-6.988031	-7.009159	-7.026989	-7.002597	-7.016333	-7.007943	-7.019099	-7.060586	-7.079212	-7.058093	-7.090490	-7.083652	-7.101963	-6.994340	-15.004892
2017.880000	-7.018936	-6.988011	-7.009092	-7.027064	-7.002589	-7.016388	-7.008073	-7.019108	-7.060583	-7.079257	-7.058082	-7.090472	-7.083778	-7.102024	-6.994319	-15.004694
2028.433000	-7.018941	-6.988040	-7.009146	-7.026947	-7.002571	-7.016363	-7.008086	-7.019142	-7.060620	-7.079422	-7.058188	-7.090422	-7.083731	-7.102077	-6.994322	-15.004821
2039.008000	-7.018930	-6.988061	-7.009129	-7.027046	-7.002631	-7.016397	-7.008047	-7.019119	-7.060648	-7.079368	-7.058066	-7.090481	-7.083714	-7.102102	-6.994351	-15.004607
2049.578000	-7.018817	-6.988056	-7.009140	-7.027115	-7.002661	-7.016442	-7.008115	-7.019187	-7.060647	-7.079409	-7.057966	-7.090464	-7.083661	-7.102013	-6.994374	-15.004800
2060.158000	-7.018902	-6.988062	-7.009128	-7.027026	-7.002690	-7.016446	-7.008033	-7.019131	-7.060663	-7.079391	-7.058019	-7.090451	-7.083696	-7.102121	-6.994405	-15.004808
2070.754000	-7.018875	-6.988058	-7.009178	-7.027071	-7.002612	-7.016522	-7.007968	-7.019149	-7.060672	-7.079405	-7.058136	-7.090409	-7.083700	-7.102139	-6.994379	-15.004772
2081.326000	-7.018943	-6.988074	-7.009210	-7.027125	-7.002685	-7.016492	-7.007991	-7.019159	-7.060733	-7.079461	-7.058107	-7.090409	-7.083742	-7.101972	-6.994419	-15.004723
2091.908000	-7.018882	-6.988015	-7.009162	-7.027153	-7.002646	-7.016477	-7.007996	-7.019120	-7.060724	-7.079483	-7.058058	-7.090513	-7.083731	-7.102011	-6.994457	-15.005018
2102.485000	-7.018865	-6.988093	-7.009201	-7.027158	-7.002723	-7.016432	-7.008057	-7.019162	-7.060701	-7.079462	-7.058144	-7.090371	-7.083717	-7.102178	-6.994438	-15.004595
2113.063000	-7.018895	-6.988062	-7.009243	-7.027164	-7.002655	-7.016502	-7.007975	-7.019177	-7.060708	-7.079514	-7.058132	-7.090462	-7.083829	-7.102146	-6.994414	-15.004776
2123.647000	-7.018821	-6.988078	-7.009198	-7.027163	-7.002699	-7.016569	-7.008130	-7.019116	-7.060717	-7.079452	-7.058193	-7.090497	-7.083776	-7.102130	-6.994406	-15.004723
2134.218000	-7.018831	-6.988120	-7.009267	-7.027110	-7.002689	-7.016500	-7.008025	-7.019085	-7.060648	-7.079457	-7.058122	-7.090493	-7.083770	-7.102133	-6.994478	-15.004797
2144.796000	-7.018825	-6.988035	-7.009226	-7.027056	-7.002757	-7.016468	-7.008068	-7.019195	-7.060675	-7.079410	-7.058154	-7.090383	-7.083660	-7.102073	-6.994404	-15.004630
2155.390000	-7.018741	-6.987952	-7.009124	-7.026944	-7.002267	-7.016336	-7.007736	-7.019048	-7.060486	-7.078499	-7.058103	-7.090442	-7.083540	-7.101802	-6.994180	-15.004818
2165.978000	-7.018520	-6.987735	-7.008881	-7.026766	-7.001802	-7.016214	-7.007075	-7.018928	-7.060292	-7.077878	-7.057908	-7.090272	-7.083316	-7.101532	-6.993955	-15.004927
2176.569000	-7.018342	-6.987366	-7.008698	-7.026563	-7.001615	-7.015954	-7.006558	-7.018755	-7.060053	-7.077638	-7.057677	-7.090037	-7.083096	-7.101170	-6.993755	-15.004909
2187.147000	-7.018110	-6.987124	-7.008366	-7.026329	-7.001591	-7.015721	-7.006495	-7.018648	-7.059835	-7.077359	-7.057422	-7.089864	-7.082843	-7.100811	-6.993535	-15.004960
2197.735000	-7.017961	-6.986993	-7.008061	-7.026087	-7.001344	-7.015461	-7.006075	-7.018546	-7.059559	-7.077167	-7.057152	-7.089656	-7.082493	-7.100505	-6.993340	-15.004877
2208.323000	-7.017816	-6.986793	-7.007871	-7.025926	-7.001261	-7.015314	-7.006026	-7.018451	-7.059512	-7.077036	-7.057009	-7.089467	-7.082436	-7.100232	-6.993166	-15.004810
2218.895000	-7.017673	-6.986602	-7.007694	-7.025825	-7.001165	-7.015128	-7.005859	-7.018304	-7.059259	-7.076810	-7.056796	-7.089386	-7.082356	-7.100079	-6.993008	-15.004728
2229.475000	-7.017602	-6.986545	-7.007629	-7.025674	-7.001003	-7.014991	-7.005749	-7.018236	-7.059094	-7.076784	-7.056621	-7.089243	-7.082271	-7.099964	-6.992980	-15.004891
2240.056000	-7.017587	-6.986475	-7.007395	-7.025609	-7.000972	-7.014896	-7.005760	-7.018137	-7.058980	-7.076670	-7.056445	-7.089122	-7.082152	-7.099775	-6.992920	-15.004767
2250.641000	-7.017503	-6.986411	-7.007388	-7.025550	-7.000942	-7.014744	-7.005602	-7.018124	-7.058929	-7.076613	-7.056355	-7.089001	-7.082122	-7.099745	-6.992796	-15.004656
2261.211000	-7.017399	-6.986376	-7.007339	-7.025563	-7.000877	-7.014677	-7.005503	-7.018079	-7.058884	-7.076579	-7.056283	-7.088936	-7.082031	-7.099645	-6.992770	-15.004857
2271.782000	-7.017348	-6.986316	-7.007290	-7.025492	-7.000886	-7.014615	-7.005537	-7.018067	-7.058788	-7.076582	-7.056122	-7.088882	-7.082050	-7.099634	-6.992651	-15.004781
2282.372000	-7.017313	-6.986251	-7.007230	-7.025519	-7.000831	-7.014643	-7.005576	-7.017976	-7.058801	-7.076582	-7.056171	-7.088858	-7.082049	-7.099630	-6.992612	-15.004934
2292.942000	-7.017313	-6.986229	-7.007206	-7.025432	-7.000832	-7.014545	-7.005561	-7.017994	-7.058766	-7.076560	-7.056238	-7.088883	-7.082004	-7.099590	-6.992733	-15.004788
2303.512000	-7.017259	-6.986180	-7.007150	-7.025397	-7.000848	-7.014556	-7.005569	-7.017976	-7.058702	-7.076488	-7.056129	-7.088840	-7.082038	-7.099407	-6.992667	-15.004848
2314.099000	-7.017237	-6.986300	-7.007112	-7.025370	-7.000805	-7.014574	-7.005521	-7.017956	-7.058650	-7.076447	-7.056120	-7.088754	-7.081893	-7.099484	-6.992631	-15.004991
2324.667000	-7.017180	-6.986221	-7.007096	-7.025419	-7.000771	-7.014552	-7.005524	-7.017910	-7.058646	-7.076461	-7.056008	-7.088823	-7.081963	-7.099492	-6.992651	-15.004971
2335.261000	-7.017219	-6.986190	-7.007070	-7.025421	-7.000820	-7.014524	-7.005382	-7.017867	-7.058606	-7.076458	-7.056089	-7.088754	-7.082040	-7.099510	-6.992651	-15.004815
2345.846000	-7.017247	-6.986142	-7.007148	-7.025405	-7.000768	-7.014412	-7.005394	-7.017837	-7.058633	-7.076493	-7.056048	-7.088732	-7.082060	-7.099396	-6.992581	-15.004704
2356.423000	-7.017226	-6.986160	-7.007013	-7.025375	-7.000829	-7.014402	-7.005325	-7.017874	-7.058598	-7.076438	-7.056124	-7.088720	-7.082019	-7.099500	-6.992534	-15.004767
2367.009000	-7.017225	-6.986124	-7.007050	-7.025379	-7.000821	-7.014421	-7.005325	-7.017856	-7.058586	-7.076397	-7.056176	-7.088833	-7.082086	-7.099446	-6.992561	-15.004815
2377.599000	-7.017243	-6.986142	-7.007087	-7.025362	-7.000724	-7.014377	-7.005389	-7.017889	-7.058543	-7.076415	-7.056113	-7.088706	-7.082102	-7.099421	-6.992473	-15.004833
2388.173000	-7.017208	-6.986130	-7.007092	-7.025360	-7.000755	-7.014417	-7.005339	-7.017893	-7.058516	-7.076463	-7.056150	-7.088821	-7.082087	-7.099530	-6.992517	-15.004747
2398.755000	-7.017220	-6.986129	-7.007135	-7.025450	-7.000747	-7.014398	-7.005322	-7.017886	-7.058551	-7.076376	-7.056211	-7.088815	-7.082091	-7.099369	-6.992521	-15.004737
2409.347000	-7.017240	-6.986109	-7.007079	-7.025467	-7.000740	-7.014365	-7.005383	-7.017874	-7.058593	-7.076422	-7.056027	-7.088850	-7.082093	-7.099477	-6.992638	-15.004781
2419.937000	-7.017208	-6.986085	-7.007001	-7.025413	-7.000714	-7.014395	-7.005403	-7.017875	-7.058489	-7.076366	-7.056060	-7.088805	-7.082083	-7.099489	-6.992544	-15.004831
2430.525000	-7.017237	-6.986081	-7.007141	-7.025443	-7.000667	-7.014466	-7.005337	-7.017822	-7.058545	-7.076444	-7.056066	-7.088698	-7.082084	-7.099430	-6.992555	-15.004656
2441.097000	-7.017209	-6.986076	-7.007076	-7.025493	-7.000694	-7.014441	-7.005288	-7.017859	-7.058520	-7.076427	-7.056048	-7.088784	-7.082057	-7.099409	-6.992545	-15.004816
2451.663000	-7.017182	-6.986032	-7.007093	-7.025420	-7.000686	-7.014415	-7.005310	-7.017882	-7.058626	-7.076413	-7.056018	-7.088724	-7.082013	-7.099408	-6.992515	-15.004852
2462.269000	-7.017204	-6.986090	-7.007115	-7.025422	-7.000692	-7.014399	-7.005355	-7.017847	-7.058602	-7.076505	-7.056015	-7.088777	-7.082115	-7.099470	-6.992486	-15.005037
2472.833000	-7.017217	-6.986106	-7.007063	-7.025408	-7.000721	-7.014465	-7.005362	-7.017801	-7.058563	-7.076396	-7.055998	-7.088815	-7.082005	-7.099473	-6.992492	-15.005005
2483.420000	-7.017264	-6.986120	-7.007135	-7.025434	-7.000719	-7.014450	-7.005422	-7.017789	-7.058591	-7.076376	-7.056031	-7.088801	-7.082066	-7.099505	-6.992436	-15.004939
2493.989000	-7.017249	-6.986083	-7.007070	-7.025389	-7.000708	-7.014341	-7.005336	-7.017800	-7.058613	-7.076465	-7.056065	-7.088779	-7.082178	-7.099554	-6.992511	-15.004961
2504.570000	-7.017220	-6.986063	-7.007061	-7.025349	-7.000733	-7.014392	-7.005326	-7.017832	-7.058527	-7.076443	-7.056044	-7.088776	-7.082248	-7.099502	-6.992494	-15.004903
2515.151000	-7.017181	-6.986039	-7.007113	-7.025370	-7.000648	-7.014482	-7.005391	-7.017756	-7.058500	-7.076423	-7.056025	-7.088771	-7.082112	-7.099482	-6.992420	-15.004587
2525.733000	-7.017135	-6.986105	-7.007059	-7.025435	-7.000677	-7.014456	-7.005376	-7.017787	-7.058524	-7.076542	-7.055993	-7.088720	-7.082220	-7.099621	-6.992439	-15.004808
2536.317000	-7.017222	-6.986114	-7.006992	-7.025423	-7.000696	-7.014407	-7.005330	-7.017774	-7.058574	-7.076494	-7.056081	-7.088825	-7.082178	-7.099634	-6.992503	-15.004643
2546.930000	-7.017143	-6.986044	-7.007013	-7.025415	-7.000681	-7.014407	-7.005383	-7.017772	-7.058474	-7.076504	-7.056105	-7.088888	-7.082222	-7.099498	-6.992524	-15.004501
2557.519000	-7.017163	-6.986073	-7.007044	-7.025376	-7.000750	-7.014381	-7.005365	-7.017790	-7.058570	-7.076529	-7.056044	-7.088837	-7.082219	-7.099590	-6.992524	-15.004954
2568.104000	-7.017102	-6.986066	-7.007043	-7.025366	-7.000733	-7.014425	-7.005416	-7.017723	-7.058585	-7.076577	-7.056074	-7.088898	-7.082240	-7.099571	-6.992457	-15.004788
2578.687000	-7.017162	-6.986100	-7.006961	-7.025417	-7.000791	-7.014339	-7.005409	-7.017764	-7.058581	-7.076607	-7.056056	-7.088890	-7.082155	-7.099533	-6.992457	-15.004718
2589.273000	-7.017152	-6.986053	-7.006971	-7.025335	-7.000716	-7.014315	-7.005446	-7.017774	-7.058538	-7.076513	-7.056105	-7.088918	-7.082176	-7.099518	-6.992511	-15.004692
2599.868000	-7.017199	-6.986054	-7.007023	-7.025361	-7.000709	-7.014356	-7.005310	-7.017759	-7.058553	-7.076522	-7.056001	-7.088852	-7.082179	-7.099626	-6.992530	-15.004613
2610.452000	-7.017186	-6.986077	-7.007116	-7.025354	-7.000734	-7.014437	-7.005399	-7.017784	-7.058569	-7.076468	-7.056090	-7.088846	-7.082272	-7.099641	-6.992489	-15.004715
2621.069000	-7.017112	-6.986051	-7.007015	-7.025390	-7.000719	-7.014389	-7.005397	-7.017774	-7.058584	-7.076370	-7.056047	-7.088858	-7.082172	-7.099629	-6.992486	-15.004725
2631.663000	-7.017162	-6.986112	-7.007043	-7.025383	-7.000725	-7.014379	-7.005463	-7.017728	-7.058579	-7.076446	-7.056089	-7.088920	-7.082199	-7.099662	-6.992444	-15.004702
2642.249000	-7.017209	-6.986115	-7.007052	-7.025450	-7.000663	-7.014344	-7.005460	-7.017683	-7.058611	-7.076442	-7.056024	-7.088828	-7.082114	-7.099585	-6.992479	-15.004635
2652.827000	-7.017197	-6.986124	-7.007003	-7.025451	-7.000734	-7.014405	-7.005433	-7.017743	-7.058589	-7.076474	-7.056151	-7.088839	-7.082118	-7.099618	-6.992473	-15.004762
2663.409000	-7.017132	-6.986109	-7.007017	-7.025408	-7.000651	-7.014336	-7.005349	-7.017724	-7.058615	-7.076447	-7.056042	-7.088881	-7.082099	-7.099648	-6.992493	-15.004874
2673.988000	-7.017120	-6.986067	-7.006953	-7.025477	-7.000692	-7.014356	-7.005348	-7.017773	-7.058566	-7.076518	-7.056183	-7.088839	-7.082229	-7.099536	-6.992480	-15.004852
2684.578000	-7.017078	-6.986044	-7.006960	-7.025406	-7.000700	-7.014324	-7.005548	-7.017778	-7.058487	-7.076526	-7.056064	-7.088889	-7.082279	-7.099585	-6.992447	-15.004665
2695.161000	-7.017106	-6.986065	-7.006938	-7.025418	-7.000656	-7.014343	-7.005405	-7.017748	-7.058528	-7.076516	-7.056174	-7.088870	-7.082341	-7.099779	-6.992478	-15.004766
2705.738000	-7.017169	-6.985998	-7.007020	-7.025406	-7.000720	-7.014384	-7.005416	-7.017781	-7.058517	-7.076496	-7.056135	-7.088844	-7.082296	-7.099606	-6.992508	-15.004865
2716.335000	-7.017117	-6.985990	-7.006956	-7.025356	-7.000756	-7.014292	-7.005365	-7.017809	-7.058541	-7.076517	-7.056099	-7.088878	-7.082319	-7.099645	-6.992436	-15.004809
2726.903000	-7.017108	-6.986018	-7.006959	-7.025358	-7.000739	-7.014299	-7.005460	-7.017761	-7.058528	-7.076528	-7.056101	-7.088842	-7.082383	-7.099663	-6.992481	-15.004811
2737.478000	-7.017084	-6.985985	-7.006957	-7.025331	-7.000745	-7.014296	-7.005492	-7.017773	-7.058625	-7.076528	-7.056147	-7.088893	-7.082336	-7.099623	-6.992531	-15.004836
2748.071000	-7.017129	-6.986081	-7.006891	-7.025338	-7.000731	-7.014372	-7.005486	-7.017827	-7.058657	-7.076516	-7.056232	-7.088933	-7.082241	-7.099647	-6.992483	-15.004983
2758.667000	-7.017117	-6.986018	-7.006901	-7.025376	-7.000790	-7.014347	-7.005487	-7.017775	-7.058596	-7.076549	-7.056146	-7.088887	-7.082419	-7.099687	-6.992447	-15.004821
2769.252000	-7.017105	-6.985990	-7.006994	-7.025301	-7.000765	-7.014314	-7.005419	-7.017765	-7.058560	-7.076590	-7.056144	-7.088872	-7.082369	-7.099607	-6.992451	-15.004851
2779.860000	-7.017055	-6.985970	-7.006883	-7.025357	-7.000782	-7.014294	-7.005439	-7.017822	-7.058559	-7.076571	-7.056089	-7.088868	-7.082383	-7.099636	-6.992520	-15.005044
2790.459000	-7.017131	-6.986009	-7.006912	-7.025383	-7.000661	-7.014346	-7.005469	-7.017777	-7.058600	-7.076579	-7.056107	-7.088898	-7.082398	-7.099584	-6.992531	-15.004931
2801.038000	-7.017118	-6.986055	-7.006928	-7.025414	-7.000720	-7.014344	-7.005446	-7.017717	-7.058573	-7.076538	-7.056075	-7.088920	-7.082433	-7.099603	-6.992541	-15.005015
2811.638000	-7.017135	-6.986026	-7.006934	-7.025411	-7.000716	-7.014366	-7.005470	-7.017790	-7.058612	-7.076548	-7.056096	-7.088908	-7.082401	-7.099525	-6.992587	-15.004911
2822.206000	-7.017087	-6.986061	-7.006913	-7.025367	-7.000765	-7.014418	-7.005437	-7.017764	-7.058565	-7.076594	-7.056103	-7.088880	-7.082337	-7.099620	-6.992598	-15.005056
2832.767000	-7.017080	-6.986064	-7.006917	-7.025414	-7.000748	-7.014367	-7.005417	-7.017806	-7.058661	-7.076582	-7.056155	-7.088923	-7.082415	-7.099619	-6.992533	-15.005110
2843.346000	-7.017128	-6.986028	-7.006969	-7.025393	-7.000727	-7.014356	-7.005508	-7.017845	-7.058632	-7.076588	-7.056136	-7.088874	-7.082343	-7.099640	-6.992580	-15.005001
2853.953000	-7.017161	-6.986026	-7.006957	-7.025433	-7.000730	-7.014389	-7.005470	-7.017783	-7.058653	-7.076617	-7.056048	-7.088892	-7.082256	-7.099550	-6.992501	-15.005042
2864.525000	-7.017137	-6.986057	-7.006984	-7.025416	-7.000739	-7.014375	-7.005455	-7.017767	-7.058604	-7.076704	-7.056063	-7.088863	-7.082282	-7.099670	-6.992497	-15.004900
2875.103000	-7.017140	-6.985997	-7.006996	-7.025419	-7.000749	-7.014327	-7.005484	-7.017831	-7.058661	-7.076603	-7.056084	-7.088880	-7.082299	-7.099618	-6.992572	-15.004955
2885.686000	-7.017089	-6.985957	-7.007009	-7.025328	-7.000782	-7.014289	-7.005524	-7.017815	-7.058678	-7.076660	-7.056167	-7.088928	-7.082327	-7.099741	-6.992491	-15.005083
2896.275000	-7.017051	-6.986001	-7.006915	-7.025408	-7.000730	-7.014322	-7.005511	-7.017821	-7.058637	-7.076628	-7.056216	-7.088898	-7.082242	-7.099702	-6.992506	-15.004959
2906.876000	-7.017117	-6.985975	-7.006948	-7.025389	-7.000693	-7.014333	-7.005516	-7.017787	-7.058595	-7.076581	-7.056143	-7.088952	-7.082332	-7.099611	-6.992567	-15.004944
2917.460000	-7.017144	-6.986013	-7.006955	-7.025395	-7.000676	-7.014345	-7.005479	-7.017774	-7.058564	-7.076602	-7.056175	-7.088893	-7.082307	-7.099662	-6.992524	-15.005116
2928.038000	-7.017088	-6.985983	-7.006915	-7.025388	-7.000771	-7.014322	-7.005494	-7.017753	-7.058570	-7.076689	-7.056184	-7.089004	-7.082370	-7.099672	-6.992548	-15.004976
2938.613000	-7.017107	-6.986063	-7.006872	-7.025329	-7.000755	-7.014311	-7.005526	-7.017825	-7.058578	-7.076630	-7.056116	-7.088995	-7.082351	-7.099682	-6.992493	-15.004937
2949.186000	-7.017151	-6.986067	-7.006824	-7.025353	-7.000813	-7.014329	-7.005459	-7.017872	-7.058641	-7.076677	-7.056194	-7.088963	-7.082305	-7.099840	-6.992478	-15.005192
2959.761000	-7.017202	-6.986019	-7.006866	-7.025411	-7.000774	-7.014314	-7.005508	-7.017873	-7.058608	-7.076612	-7.056266	-7.088988	-7.082295	-7.099745	-6.992464	-15.005024
2970.359000	-7.017209	-6.986015	-7.006892	-7.025376	-7.000722	-7.014288	-7.005417	-7.017829	-7.058605	-7.076630	-7.056264	-7.089011	-7.082379	-7.099828	-6.992467	-15.004958
2980.923000	-7.017170	-6.986055	-7.006895	-7.025356	-7.000741	-7.014393	-7.005466	-7.017825	-7.058610	-7.076627	-7.056152	-7.088975	-7.082308	-7.099777	-6.992547	-15.004860
2991.505000	-7.017160	-6.986080	-7.006904	-7.025331	-7.000749	-7.014404	-7.005506	-7.017832	-7.058677	-7.076662	-7.056131	-7.088930	-7.082354	-7.099769	-6.992529	-15.005037
3002.086000	-7.017124	-6.986076	-7.006902	-7.025382	-7.000739	-7.014334	-7.005465	-7.017873	-7.058600	-7.076652	-7.056159	-7.088919	-7.082421	-7.099774	-6.992483	-15.005010
3012.659000	-7.017162	-6.986108	-7.006871	-7.025459	-7.000768	-7.014364	-7.005477	-7.017833	-7.058577	-7.076589	-7.056152	-7.088947	-7.082475	-7.099728	-6.992539	-15.004988
3023.244000	-7.017182	-6.985986	-7.006904	-7.025463	-7.000733	-7.014329	-7.005406	-7.017822	-7.058625	-7.076570	-7.056177	-7.088987	-7.082429	-7.099788	-6.992511	-15.005157
3033.826000	-7.017119	-6.986059	-7.006892	-7.025407	-7.000749	-7.014339	-7.005490	-7.017833	-7.058542	-7.076584	-7.056216	-7.088950	-7.082275	-7.099821	-6.992536	-15.005053
	-7.017173	-6.986022	-7.006862	-7.025467												
