5.804000	-7.065655	-7.058403	-6.998708	-7.069632	-7.081771	-7.054037	-7.046249	-7.053887	-7.051193	-7.059024	-7.060413	-7.046945	-7.051159	-7.007490	-15.006493	-7.081792
11.600000	-7.065666	-7.058399	-6.998724	-7.069665	-7.081792	-7.054049	-7.046279	-7.053913	-7.051196	-7.059041	-7.060424	-7.046957	-7.051158	-7.007507	-15.006538	-7.081819
17.369000	-7.065664	-7.058416	-6.998723	-7.069705	-7.081810	-7.054048	-7.046287	-7.053920	-7.051195	-7.059030	-7.060428	-7.046965	-7.051156	-7.007506	-15.006785	-7.081826
23.153000	-7.065636	-7.058418	-6.998732	-7.069703	-7.081812	-7.054035	-7.046282	-7.053934	-7.051190	-7.059055	-7.060437	-7.046982	-7.051178	-7.007511	-15.006679	-7.081835
28.942000	-7.065617	-7.058440	-6.998728	-7.069712	-7.081813	-7.054036	-7.046288	-7.053938	-7.051228	-7.059044	-7.060454	-7.046979	-7.051197	-7.007509	-15.006991	-7.081834
34.718000	-7.065609	-7.058454	-6.998727	-7.069728	-7.081839	-7.054025	-7.046289	-7.053944	-7.051226	-7.059051	-7.060450	-7.047003	-7.051192	-7.007538	-15.006811	-7.081833
40.613000	-7.065582	-7.058472	-6.998736	-7.069733	-7.081819	-7.054017	-7.046299	-7.053939	-7.051210	-7.059071	-7.060466	-7.046999	-7.051214	-7.007547	-15.006990	-7.081829
46.401000	-7.065562	-7.058472	-6.998749	-7.069747	-7.081830	-7.054019	-7.046289	-7.053964	-7.051205	-7.059075	-7.060479	-7.046992	-7.051229	-7.007556	-15.007173	-7.081845
52.170000	-7.065545	-7.058465	-6.998762	-7.069750	-7.081822	-7.053983	-7.046306	-7.053956	-7.051202	-7.059075	-7.060471	-7.047010	-7.051213	-7.007558	-15.007073	-7.081846
57.958000	-7.065530	-7.058456	-6.998773	-7.069763	-7.081838	-7.053983	-7.046309	-7.053972	-7.051225	-7.059075	-7.060482	-7.047011	-7.051205	-7.007569	-15.007176	-7.081863
63.741000	-7.065533	-7.058485	-6.998764	-7.069770	-7.081842	-7.053967	-7.046300	-7.053965	-7.051206	-7.059077	-7.060488	-7.047026	-7.051204	-7.007559	-15.007310	-7.081845
69.532000	-7.065484	-7.058470	-6.998771	-7.069762	-7.081837	-7.053959	-7.046308	-7.053963	-7.051214	-7.059116	-7.060495	-7.047023	-7.051215	-7.007567	-15.007345	-7.081847
75.299000	-7.065484	-7.058485	-6.998765	-7.069783	-7.081858	-7.053962	-7.046302	-7.053981	-7.051215	-7.059080	-7.060496	-7.047027	-7.051219	-7.007598	-15.007418	-7.081869
81.087000	-7.065481	-7.058495	-6.998771	-7.069789	-7.081862	-7.053966	-7.046301	-7.053970	-7.051214	-7.059100	-7.060513	-7.047032	-7.051225	-7.007570	-15.007658	-7.081865
86.880000	-7.065457	-7.058494	-6.998781	-7.069795	-7.081849	-7.053973	-7.046307	-7.053956	-7.051213	-7.059107	-7.060513	-7.047048	-7.051237	-7.007588	-15.007677	-7.081856
92.674000	-7.065467	-7.058488	-6.998787	-7.069792	-7.081858	-7.053977	-7.046314	-7.053969	-7.051233	-7.059098	-7.060527	-7.047045	-7.051246	-7.007580	-15.007504	-7.081853
98.460000	-7.065465	-7.058503	-6.998790	-7.069794	-7.081878	-7.053964	-7.046310	-7.053989	-7.051215	-7.059118	-7.060518	-7.047042	-7.051246	-7.007573	-15.007766	-7.081875
104.237000	-7.065460	-7.058504	-6.998801	-7.069807	-7.081865	-7.053959	-7.046317	-7.053994	-7.051246	-7.059109	-7.060521	-7.047071	-7.051256	-7.007567	-15.007609	-7.081870
110.033000	-7.065444	-7.058515	-6.998799	-7.069809	-7.081879	-7.053966	-7.046324	-7.053982	-7.051240	-7.059120	-7.060523	-7.047052	-7.051262	-7.007596	-15.007727	-7.081855
115.839000	-7.065454	-7.058502	-6.998788	-7.069822	-7.081891	-7.053959	-7.046315	-7.053997	-7.051234	-7.059123	-7.060528	-7.047084	-7.051284	-7.007601	-15.007725	-7.081864
121.630000	-7.065441	-7.058522	-6.998799	-7.069818	-7.081894	-7.053947	-7.046320	-7.054004	-7.051243	-7.059125	-7.060520	-7.047076	-7.051282	-7.007604	-15.007707	-7.081861
127.432000	-7.065444	-7.058530	-6.998789	-7.069808	-7.081874	-7.053955	-7.046318	-7.053998	-7.051242	-7.059117	-7.060531	-7.047065	-7.051313	-7.007591	-15.007928	-7.081877
133.202000	-7.065450	-7.058535	-6.998773	-7.069830	-7.081894	-7.053951	-7.046329	-7.053999	-7.051248	-7.059124	-7.060531	-7.047059	-7.051313	-7.007614	-15.007770	-7.081874
138.991000	-7.065443	-7.058544	-6.998782	-7.069810	-7.081875	-7.053961	-7.046325	-7.053989	-7.051252	-7.059122	-7.060528	-7.047076	-7.051290	-7.007614	-15.007778	-7.081887
144.776000	-7.065430	-7.058532	-6.998783	-7.069825	-7.081894	-7.053983	-7.046324	-7.054010	-7.051275	-7.059122	-7.060541	-7.047073	-7.051303	-7.007611	-15.007791	-7.081884
150.561000	-7.065455	-7.058519	-6.998811	-7.069857	-7.081921	-7.053967	-7.046320	-7.054011	-7.051256	-7.059110	-7.060550	-7.047069	-7.051319	-7.007625	-15.008008	-7.081878
156.325000	-7.065439	-7.058533	-6.998793	-7.069829	-7.081918	-7.053979	-7.046320	-7.054039	-7.051266	-7.059141	-7.060548	-7.047063	-7.051323	-7.007618	-15.007986	-7.081873
162.083000	-7.065446	-7.058523	-6.998811	-7.069835	-7.081895	-7.053979	-7.046325	-7.054009	-7.051260	-7.059138	-7.060545	-7.047089	-7.051309	-7.007615	-15.008068	-7.081882
167.858000	-7.065427	-7.058541	-6.998808	-7.069844	-7.081895	-7.053987	-7.046332	-7.054019	-7.051275	-7.059155	-7.060535	-7.047078	-7.051292	-7.007614	-15.008163	-7.081890
173.627000	-7.065448	-7.058536	-6.998821	-7.069833	-7.081906	-7.053989	-7.046328	-7.054029	-7.051244	-7.059136	-7.060548	-7.047081	-7.051310	-7.007596	-15.008162	-7.081886
179.403000	-7.065455	-7.058537	-6.998834	-7.069833	-7.081888	-7.053986	-7.046329	-7.054022	-7.051254	-7.059122	-7.060542	-7.047080	-7.051301	-7.007631	-15.008219	-7.081894
185.182000	-7.065435	-7.058547	-6.998810	-7.069840	-7.081895	-7.053987	-7.046346	-7.054008	-7.051248	-7.059134	-7.060544	-7.047083	-7.051312	-7.007621	-15.008184	-7.081900
190.960000	-7.065438	-7.058551	-6.998809	-7.069840	-7.081889	-7.053999	-7.046344	-7.054017	-7.051246	-7.059140	-7.060552	-7.047087	-7.051319	-7.007619	-15.008065	-7.081910
196.733000	-7.065433	-7.058552	-6.998814	-7.069842	-7.081915	-7.053990	-7.046350	-7.054022	-7.051256	-7.059129	-7.060537	-7.047073	-7.051334	-7.007643	-15.008124	-7.081897
202.519000	-7.065431	-7.058555	-6.998832	-7.069854	-7.081918	-7.053996	-7.046367	-7.054022	-7.051255	-7.059129	-7.060533	-7.047089	-7.051329	-7.007634	-15.008141	-7.081896
208.319000	-7.065442	-7.058558	-6.998817	-7.069846	-7.081911	-7.054016	-7.046349	-7.054032	-7.051248	-7.059151	-7.060546	-7.047088	-7.051314	-7.007646	-15.008161	-7.081876
214.100000	-7.065446	-7.058567	-6.998811	-7.069852	-7.081923	-7.054000	-7.046357	-7.054038	-7.051250	-7.059124	-7.060555	-7.047080	-7.051338	-7.007644	-15.008049	-7.081897
219.876000	-7.065436	-7.058568	-6.998817	-7.069845	-7.081922	-7.053997	-7.046354	-7.054011	-7.051258	-7.059139	-7.060542	-7.047088	-7.051331	-7.007632	-15.008176	-7.081891
225.645000	-7.065457	-7.058548	-6.998847	-7.069833	-7.081926	-7.053998	-7.046340	-7.054008	-7.051253	-7.059148	-7.060551	-7.047078	-7.051321	-7.007631	-15.008185	-7.081897
231.412000	-7.065443	-7.058557	-6.998817	-7.069850	-7.081906	-7.053988	-7.046338	-7.054028	-7.051251	-7.059127	-7.060560	-7.047100	-7.051349	-7.007633	-15.008178	-7.081886
237.184000	-7.065445	-7.058555	-6.998822	-7.069852	-7.081939	-7.054010	-7.046356	-7.054031	-7.051251	-7.059135	-7.060557	-7.047105	-7.051350	-7.007634	-15.008054	-7.081902
242.960000	-7.065434	-7.058557	-6.998814	-7.069859	-7.081912	-7.054013	-7.046343	-7.054045	-7.051274	-7.059138	-7.060576	-7.047105	-7.051349	-7.007676	-15.008340	-7.081903
248.737000	-7.065462	-7.058565	-6.998827	-7.069863	-7.081920	-7.054001	-7.046360	-7.054044	-7.051256	-7.059150	-7.060587	-7.047091	-7.051346	-7.007689	-15.008210	-7.081907
254.507000	-7.065439	-7.058576	-6.998826	-7.069845	-7.081942	-7.054018	-7.046342	-7.054027	-7.051279	-7.059146	-7.060592	-7.047110	-7.051354	-7.007658	-15.008060	-7.081890
260.284000	-7.065439	-7.058556	-6.998816	-7.069844	-7.081895	-7.054004	-7.046353	-7.054046	-7.051208	-7.059152	-7.060553	-7.047106	-7.051372	-7.007703	-15.008307	-7.081884
266.058000	-7.065436	-7.058533	-6.998784	-7.069873	-7.081870	-7.054079	-7.046327	-7.054064	-7.051147	-7.059089	-7.060499	-7.047065	-7.051372	-7.007716	-15.008455	-7.081849
271.883000	-7.065503	-7.058506	-6.998776	-7.069891	-7.081875	-7.054307	-7.046289	-7.054080	-7.051079	-7.059059	-7.060444	-7.046988	-7.051356	-7.007694	-15.008616	-7.081812
277.654000	-7.065624	-7.058497	-6.998763	-7.069887	-7.081847	-7.054669	-7.046232	-7.054070	-7.051000	-7.058989	-7.060395	-7.046937	-7.051330	-7.007692	-15.008666	-7.081755
283.437000	-7.065827	-7.058500	-6.998754	-7.069890	-7.081832	-7.055185	-7.046176	-7.054052	-7.050959	-7.058936	-7.060346	-7.046876	-7.051329	-7.007645	-15.008599	-7.081725
289.267000	-7.066111	-7.058476	-6.998737	-7.069870	-7.081811	-7.055791	-7.046113	-7.054040	-7.050887	-7.058878	-7.060309	-7.046835	-7.051285	-7.007606	-15.008596	-7.081709
295.029000	-7.066490	-7.058461	-6.998699	-7.069863	-7.081806	-7.056496	-7.046044	-7.054010	-7.050868	-7.058811	-7.060268	-7.046766	-7.051277	-7.007566	-15.008629	-7.081666
300.815000	-7.066921	-7.058448	-6.998645	-7.069822	-7.081823	-7.057342	-7.045978	-7.053974	-7.050823	-7.058751	-7.060234	-7.046732	-7.051286	-7.007548	-15.008690	-7.081602
306.582000	-7.067415	-7.058432	-6.998606	-7.069814	-7.081804	-7.058351	-7.045923	-7.053936	-7.050774	-7.058673	-7.060217	-7.046692	-7.051253	-7.007504	-15.008854	-7.081595
312.354000	-7.067998	-7.058417	-6.998556	-7.069778	-7.081802	-7.059415	-7.045875	-7.053899	-7.050738	-7.058644	-7.060164	-7.046638	-7.051214	-7.007460	-15.008733	-7.081540
318.119000	-7.068681	-7.058398	-6.998523	-7.069762	-7.081789	-7.060561	-7.045831	-7.053861	-7.050718	-7.058569	-7.060148	-7.046605	-7.051210	-7.007418	-15.008680	-7.081509
323.900000	-7.069457	-7.058382	-6.998480	-7.069713	-7.081779	-7.061743	-7.045789	-7.053826	-7.050672	-7.058533	-7.060131	-7.046567	-7.051177	-7.007401	-15.008817	-7.081462
329.690000	-7.070268	-7.058368	-6.998440	-7.069669	-7.081753	-7.062964	-7.045728	-7.053795	-7.050623	-7.058480	-7.060070	-7.046549	-7.051165	-7.007381	-15.008819	-7.081440
335.465000	-7.071173	-7.058368	-6.998396	-7.069634	-7.081778	-7.064159	-7.045694	-7.053760	-7.050601	-7.058443	-7.060038	-7.046495	-7.051148	-7.007355	-15.008938	-7.081410
341.249000	-7.072131	-7.058337	-6.998381	-7.069603	-7.081782	-7.065358	-7.045645	-7.053749	-7.050593	-7.058385	-7.060022	-7.046476	-7.051151	-7.007298	-15.009017	-7.081402
347.017000	-7.073111	-7.058306	-6.998327	-7.069551	-7.081802	-7.066520	-7.045609	-7.053707	-7.050565	-7.058350	-7.059997	-7.046450	-7.051114	-7.007269	-15.008991	-7.081376
352.809000	-7.074133	-7.058295	-6.998273	-7.069513	-7.081765	-7.067652	-7.045571	-7.053699	-7.050550	-7.058314	-7.059983	-7.046441	-7.051118	-7.007224	-15.009001	-7.081367
358.603000	-7.075173	-7.058305	-6.998261	-7.069489	-7.081795	-7.068705	-7.045538	-7.053667	-7.050524	-7.058277	-7.059962	-7.046421	-7.051111	-7.007204	-15.008923	-7.081354
364.407000	-7.076213	-7.058263	-6.998212	-7.069461	-7.081776	-7.069717	-7.045519	-7.053642	-7.050503	-7.058265	-7.059942	-7.046394	-7.051090	-7.007184	-15.008926	-7.081319
370.187000	-7.077203	-7.058238	-6.998198	-7.069404	-7.081786	-7.070629	-7.045497	-7.053635	-7.050508	-7.058233	-7.059930	-7.046381	-7.051086	-7.007134	-15.008889	-7.081331
375.970000	-7.078157	-7.058223	-6.998185	-7.069377	-7.081784	-7.071506	-7.045482	-7.053628	-7.050483	-7.058220	-7.059922	-7.046372	-7.051084	-7.007118	-15.008999	-7.081316
381.756000	-7.079126	-7.058219	-6.998166	-7.069339	-7.081792	-7.072295	-7.045459	-7.053592	-7.050495	-7.058191	-7.059901	-7.046350	-7.051111	-7.007096	-15.008902	-7.081314
387.526000	-7.080034	-7.058218	-6.998148	-7.069321	-7.081807	-7.073008	-7.045456	-7.053590	-7.050476	-7.058163	-7.059904	-7.046358	-7.051085	-7.007080	-15.008710	-7.081311
393.299000	-7.080870	-7.058207	-6.998150	-7.069298	-7.081788	-7.073648	-7.045463	-7.053595	-7.050476	-7.058148	-7.059882	-7.046328	-7.051073	-7.007044	-15.008712	-7.081313
399.088000	-7.081640	-7.058195	-6.998135	-7.069311	-7.081814	-7.074255	-7.045448	-7.053562	-7.050467	-7.058144	-7.059869	-7.046316	-7.051081	-7.007035	-15.008797	-7.081298
404.873000	-7.082360	-7.058191	-6.998120	-7.069281	-7.081805	-7.074733	-7.045428	-7.053560	-7.050475	-7.058138	-7.059873	-7.046316	-7.051080	-7.007020	-15.008658	-7.081291
410.646000	-7.083054	-7.058171	-6.998115	-7.069261	-7.081816	-7.075154	-7.045416	-7.053550	-7.050479	-7.058116	-7.059885	-7.046325	-7.051069	-7.007034	-15.008647	-7.081315
416.435000	-7.083687	-7.058182	-6.998129	-7.069241	-7.081834	-7.075562	-7.045435	-7.053537	-7.050467	-7.058119	-7.059856	-7.046333	-7.051082	-7.007018	-15.008698	-7.081308
422.220000	-7.084245	-7.058165	-6.998106	-7.069240	-7.081812	-7.075914	-7.045437	-7.053540	-7.050464	-7.058102	-7.059877	-7.046299	-7.051059	-7.007007	-15.008718	-7.081302
427.977000	-7.084788	-7.058165	-6.998117	-7.069228	-7.081795	-7.076246	-7.045440	-7.053520	-7.050469	-7.058120	-7.059869	-7.046313	-7.051067	-7.006998	-15.008657	-7.081291
433.765000	-7.085247	-7.058168	-6.998106	-7.069222	-7.081813	-7.076543	-7.045402	-7.053531	-7.050457	-7.058098	-7.059853	-7.046303	-7.051065	-7.007006	-15.008840	-7.081270
439.541000	-7.085672	-7.058140	-6.998098	-7.069210	-7.081801	-7.076802	-7.045405	-7.053530	-7.050443	-7.058084	-7.059851	-7.046306	-7.051074	-7.006971	-15.008920	-7.081264
445.338000	-7.086095	-7.058147	-6.998092	-7.069218	-7.081797	-7.077000	-7.045415	-7.053528	-7.050460	-7.058100	-7.059854	-7.046309	-7.051068	-7.006978	-15.008924	-7.081269
451.126000	-7.086466	-7.058141	-6.998081	-7.069218	-7.081802	-7.077241	-7.045406	-7.053517	-7.050464	-7.058083	-7.059853	-7.046299	-7.051058	-7.007014	-15.008857	-7.081262
456.914000	-7.086777	-7.058112	-6.998090	-7.069200	-7.081821	-7.077439	-7.045400	-7.053523	-7.050449	-7.058073	-7.059845	-7.046300	-7.051071	-7.006971	-15.008782	-7.081273
462.692000	-7.087056	-7.058147	-6.998082	-7.069203	-7.081806	-7.077627	-7.045414	-7.053517	-7.050461	-7.058093	-7.059861	-7.046304	-7.051044	-7.006992	-15.008710	-7.081270
468.487000	-7.087346	-7.058133	-6.998066	-7.069200	-7.081806	-7.077777	-7.045399	-7.053502	-7.050454	-7.058072	-7.059835	-7.046306	-7.051062	-7.007005	-15.008880	-7.081277
474.282000	-7.087612	-7.058148	-6.998075	-7.069205	-7.081809	-7.077921	-7.045402	-7.053508	-7.050447	-7.058062	-7.059834	-7.046278	-7.051051	-7.006971	-15.008793	-7.081266
480.052000	-7.087828	-7.058141	-6.998079	-7.069194	-7.081814	-7.078097	-7.045399	-7.053499	-7.050460	-7.058074	-7.059848	-7.046291	-7.051060	-7.006969	-15.008960	-7.081278
485.816000	-7.088038	-7.058139	-6.998085	-7.069183	-7.081805	-7.078234	-7.045394	-7.053509	-7.050455	-7.058065	-7.059848	-7.046289	-7.051047	-7.006971	-15.008873	-7.081264
491.617000	-7.088219	-7.058132	-6.998060	-7.069190	-7.081821	-7.078327	-7.045402	-7.053526	-7.050455	-7.058069	-7.059849	-7.046306	-7.051069	-7.006955	-15.008988	-7.081268
497.412000	-7.088386	-7.058146	-6.998073	-7.069177	-7.081818	-7.078452	-7.045391	-7.053509	-7.050445	-7.058067	-7.059834	-7.046288	-7.051056	-7.006956	-15.008984	-7.081265
503.202000	-7.088540	-7.058148	-6.998061	-7.069181	-7.081831	-7.078548	-7.045410	-7.053512	-7.050442	-7.058065	-7.059828	-7.046303	-7.051049	-7.006953	-15.008941	-7.081234
508.998000	-7.088685	-7.058137	-6.998067	-7.069185	-7.081842	-7.078619	-7.045393	-7.053518	-7.050445	-7.058056	-7.059848	-7.046281	-7.051065	-7.006964	-15.009124	-7.081233
514.779000	-7.088844	-7.058142	-6.998077	-7.069175	-7.081823	-7.078707	-7.045387	-7.053503	-7.050434	-7.058067	-7.059853	-7.046292	-7.051076	-7.006973	-15.009069	-7.081254
520.560000	-7.088956	-7.058112	-6.998049	-7.069185	-7.081835	-7.078786	-7.045389	-7.053508	-7.050453	-7.058074	-7.059839	-7.046283	-7.051038	-7.006949	-15.009231	-7.081271
526.350000	-7.089060	-7.058124	-6.998076	-7.069150	-7.081831	-7.078828	-7.045395	-7.053512	-7.050438	-7.058060	-7.059844	-7.046290	-7.051037	-7.006958	-15.009168	-7.081267
532.117000	-7.089159	-7.058122	-6.998060	-7.069178	-7.081823	-7.078892	-7.045391	-7.053525	-7.050449	-7.058050	-7.059851	-7.046283	-7.051045	-7.006957	-15.009093	-7.081260
537.898000	-7.089253	-7.058128	-6.998053	-7.069174	-7.081830	-7.078968	-7.045392	-7.053519	-7.050452	-7.058072	-7.059831	-7.046294	-7.051046	-7.006965	-15.009024	-7.081248
543.696000	-7.089334	-7.058123	-6.998060	-7.069180	-7.081818	-7.079030	-7.045399	-7.053521	-7.050445	-7.058045	-7.059839	-7.046302	-7.051051	-7.006947	-15.008949	-7.081273
549.470000	-7.089402	-7.058137	-6.998054	-7.069182	-7.081813	-7.079091	-7.045389	-7.053501	-7.050460	-7.058055	-7.059853	-7.046299	-7.051046	-7.006942	-15.009047	-7.081250
555.243000	-7.089499	-7.058133	-6.998060	-7.069176	-7.081839	-7.079135	-7.045397	-7.053500	-7.050435	-7.058075	-7.059831	-7.046301	-7.051057	-7.006942	-15.009014	-7.081270
561.028000	-7.089586	-7.058137	-6.998056	-7.069153	-7.081832	-7.079184	-7.045414	-7.053499	-7.050431	-7.058045	-7.059847	-7.046270	-7.051058	-7.006960	-15.008960	-7.081272
566.804000	-7.089649	-7.058131	-6.998037	-7.069178	-7.081835	-7.079239	-7.045401	-7.053515	-7.050461	-7.058041	-7.059817	-7.046285	-7.051085	-7.006954	-15.009038	-7.081245
572.583000	-7.089753	-7.058124	-6.998064	-7.069160	-7.081849	-7.079299	-7.045401	-7.053498	-7.050463	-7.058046	-7.059828	-7.046284	-7.051068	-7.006966	-15.009124	-7.081258
578.402000	-7.089820	-7.058129	-6.998058	-7.069151	-7.081831	-7.079350	-7.045392	-7.053482	-7.050454	-7.058052	-7.059847	-7.046298	-7.051056	-7.006968	-15.009047	-7.081256
584.177000	-7.089895	-7.058139	-6.998059	-7.069166	-7.081872	-7.079407	-7.045404	-7.053505	-7.050458	-7.058053	-7.059830	-7.046289	-7.051057	-7.006956	-15.009184	-7.081241
589.956000	-7.089953	-7.058130	-6.998060	-7.069164	-7.081844	-7.079445	-7.045388	-7.053499	-7.050428	-7.058041	-7.059828	-7.046291	-7.051053	-7.006942	-15.009303	-7.081247
595.751000	-7.089981	-7.058107	-6.998062	-7.069168	-7.081844	-7.079497	-7.045385	-7.053491	-7.050459	-7.058055	-7.059838	-7.046286	-7.051079	-7.006943	-15.009035	-7.081259
601.513000	-7.090058	-7.058124	-6.998060	-7.069155	-7.081841	-7.079516	-7.045407	-7.053498	-7.050451	-7.058043	-7.059826	-7.046278	-7.051076	-7.006958	-15.009122	-7.081241
607.294000	-7.090102	-7.058108	-6.998080	-7.069156	-7.081837	-7.079560	-7.045403	-7.053492	-7.050445	-7.058048	-7.059826	-7.046267	-7.051063	-7.006947	-15.009040	-7.081234
613.079000	-7.090142	-7.058113	-6.998059	-7.069160	-7.081812	-7.079605	-7.045399	-7.053502	-7.050440	-7.058046	-7.059825	-7.046278	-7.051066	-7.006947	-15.009038	-7.081240
618.865000	-7.090238	-7.058107	-6.998061	-7.069140	-7.081835	-7.079632	-7.045388	-7.053489	-7.050442	-7.058033	-7.059815	-7.046268	-7.051082	-7.006954	-15.009257	-7.081262
624.660000	-7.090239	-7.058134	-6.998051	-7.069175	-7.081826	-7.079665	-7.045411	-7.053489	-7.050450	-7.058041	-7.059830	-7.046272	-7.051074	-7.006934	-15.009053	-7.081253
630.440000	-7.090288	-7.058111	-6.998055	-7.069160	-7.081842	-7.079703	-7.045407	-7.053485	-7.050466	-7.058059	-7.059828	-7.046277	-7.051055	-7.006967	-15.009226	-7.081242
636.224000	-7.090362	-7.058125	-6.998059	-7.069160	-7.081847	-7.079745	-7.045409	-7.053480	-7.050458	-7.058062	-7.059838	-7.046280	-7.051075	-7.006946	-15.009315	-7.081242
642.026000	-7.090400	-7.058097	-6.998065	-7.069164	-7.081842	-7.079779	-7.045400	-7.053470	-7.050448	-7.058056	-7.059832	-7.046287	-7.051062	-7.006962	-15.009317	-7.081239
647.815000	-7.090409	-7.058112	-6.998058	-7.069160	-7.081842	-7.079796	-7.045403	-7.053505	-7.050472	-7.058046	-7.059825	-7.046284	-7.051066	-7.006971	-15.009130	-7.081230
653.625000	-7.090458	-7.058125	-6.998071	-7.069159	-7.081839	-7.079826	-7.045404	-7.053474	-7.050438	-7.058039	-7.059828	-7.046274	-7.051071	-7.006956	-15.009263	-7.081218
659.418000	-7.090503	-7.058126	-6.998055	-7.069165	-7.081833	-7.079847	-7.045409	-7.053491	-7.050445	-7.058027	-7.059821	-7.046272	-7.051073	-7.006956	-15.009383	-7.081254
665.205000	-7.090532	-7.058125	-6.998051	-7.069172	-7.081818	-7.079871	-7.045413	-7.053501	-7.050452	-7.058045	-7.059837	-7.046262	-7.051060	-7.006967	-15.009427	-7.081240
670.986000	-7.090586	-7.058110	-6.998057	-7.069164	-7.081825	-7.079918	-7.045386	-7.053483	-7.050451	-7.058032	-7.059834	-7.046280	-7.051074	-7.006933	-15.009218	-7.081232
676.773000	-7.090605	-7.058132	-6.998069	-7.069173	-7.081823	-7.079940	-7.045405	-7.053505	-7.050436	-7.058035	-7.059820	-7.046280	-7.051083	-7.006923	-15.009354	-7.081242
682.543000	-7.090678	-7.058120	-6.998057	-7.069165	-7.081824	-7.079949	-7.045396	-7.053495	-7.050450	-7.058041	-7.059810	-7.046283	-7.051060	-7.006948	-15.009377	-7.081228
688.341000	-7.090666	-7.058128	-6.998057	-7.069159	-7.081829	-7.079976	-7.045392	-7.053508	-7.050482	-7.058029	-7.059813	-7.046260	-7.051041	-7.006919	-15.009312	-7.081247
694.135000	-7.090696	-7.058110	-6.998056	-7.069160	-7.081820	-7.080021	-7.045405	-7.053504	-7.050474	-7.058026	-7.059819	-7.046248	-7.051072	-7.006985	-15.009379	-7.081228
699.948000	-7.090725	-7.058111	-6.998039	-7.069149	-7.081809	-7.080045	-7.045403	-7.053503	-7.050444	-7.058024	-7.059842	-7.046263	-7.051087	-7.006940	-15.009162	-7.081230
705.726000	-7.090747	-7.058120	-6.998047	-7.069160	-7.081822	-7.080074	-7.045409	-7.053514	-7.050450	-7.058036	-7.059836	-7.046265	-7.051080	-7.006924	-15.009221	-7.081218
711.496000	-7.090762	-7.058123	-6.998029	-7.069148	-7.081833	-7.080100	-7.045391	-7.053515	-7.050459	-7.058039	-7.059835	-7.046280	-7.051098	-7.006947	-15.009291	-7.081211
717.276000	-7.090780	-7.058112	-6.998035	-7.069166	-7.081818	-7.080124	-7.045404	-7.053507	-7.050455	-7.058034	-7.059828	-7.046267	-7.051091	-7.006937	-15.009174	-7.081212
723.078000	-7.090806	-7.058126	-6.998032	-7.069172	-7.081819	-7.080131	-7.045388	-7.053512	-7.050441	-7.058043	-7.059834	-7.046264	-7.051099	-7.006939	-15.009259	-7.081210
728.875000	-7.090848	-7.058132	-6.998032	-7.069165	-7.081819	-7.080161	-7.045381	-7.053506	-7.050447	-7.058037	-7.059853	-7.046276	-7.051051	-7.006949	-15.009259	-7.081232
734.660000	-7.090859	-7.058141	-6.998035	-7.069149	-7.081832	-7.080176	-7.045400	-7.053490	-7.050447	-7.058058	-7.059840	-7.046270	-7.051097	-7.006944	-15.009291	-7.081222
740.436000	-7.090889	-7.058111	-6.998047	-7.069160	-7.081820	-7.080207	-7.045393	-7.053500	-7.050435	-7.058049	-7.059845	-7.046261	-7.051065	-7.006928	-15.009454	-7.081221
746.212000	-7.090930	-7.058138	-6.998053	-7.069167	-7.081824	-7.080212	-7.045388	-7.053520	-7.050442	-7.058050	-7.059830	-7.046260	-7.051084	-7.006929	-15.009287	-7.081212
751.996000	-7.090942	-7.058109	-6.998059	-7.069157	-7.081823	-7.080229	-7.045397	-7.053516	-7.050444	-7.058048	-7.059836	-7.046277	-7.051088	-7.006931	-15.009373	-7.081197
757.786000	-7.090971	-7.058120	-6.998055	-7.069161	-7.081826	-7.080240	-7.045383	-7.053495	-7.050438	-7.058048	-7.059827	-7.046268	-7.051081	-7.006932	-15.009364	-7.081208
763.579000	-7.090965	-7.058132	-6.998050	-7.069161	-7.081832	-7.080267	-7.045391	-7.053509	-7.050428	-7.058044	-7.059822	-7.046278	-7.051108	-7.006926	-15.009362	-7.081220
769.362000	-7.090986	-7.058123	-6.998061	-7.069169	-7.081841	-7.080279	-7.045383	-7.053499	-7.050440	-7.058055	-7.059817	-7.046249	-7.051076	-7.006918	-15.009194	-7.081230
775.154000	-7.091022	-7.058131	-6.998055	-7.069162	-7.081826	-7.080291	-7.045381	-7.053512	-7.050434	-7.058030	-7.059827	-7.046272	-7.051079	-7.006931	-15.009131	-7.081217
780.918000	-7.091029	-7.058144	-6.998050	-7.069148	-7.081844	-7.080313	-7.045389	-7.053512	-7.050440	-7.058051	-7.059825	-7.046285	-7.051074	-7.006922	-15.009231	-7.081221
786.700000	-7.091041	-7.058141	-6.998046	-7.069160	-7.081850	-7.080337	-7.045388	-7.053518	-7.050424	-7.058050	-7.059827	-7.046273	-7.051081	-7.006927	-15.009108	-7.081218
792.484000	-7.091062	-7.058135	-6.998049	-7.069167	-7.081836	-7.080358	-7.045383	-7.053493	-7.050437	-7.058052	-7.059830	-7.046271	-7.051062	-7.006938	-15.009220	-7.081219
798.271000	-7.091084	-7.058136	-6.998036	-7.069158	-7.081850	-7.080357	-7.045402	-7.053493	-7.050441	-7.058027	-7.059834	-7.046279	-7.051056	-7.006926	-15.009129	-7.081209
804.064000	-7.091085	-7.058124	-6.998036	-7.069162	-7.081832	-7.080390	-7.045383	-7.053493	-7.050452	-7.058055	-7.059824	-7.046274	-7.051070	-7.006920	-15.009232	-7.081218
809.863000	-7.091119	-7.058132	-6.998059	-7.069167	-7.081824	-7.080413	-7.045395	-7.053504	-7.050454	-7.058040	-7.059832	-7.046273	-7.051060	-7.006933	-15.009398	-7.081232
815.668000	-7.091142	-7.058126	-6.998041	-7.069164	-7.081841	-7.080411	-7.045375	-7.053514	-7.050440	-7.058031	-7.059834	-7.046273	-7.051063	-7.006940	-15.009292	-7.081229
821.460000	-7.091142	-7.058118	-6.998050	-7.069170	-7.081823	-7.080438	-7.045382	-7.053500	-7.050454	-7.058039	-7.059828	-7.046265	-7.051071	-7.006939	-15.009224	-7.081220
827.256000	-7.091176	-7.058121	-6.998054	-7.069142	-7.081833	-7.080406	-7.045390	-7.053510	-7.050443	-7.058050	-7.059819	-7.046273	-7.051067	-7.006942	-15.009092	-7.081222
833.026000	-7.091199	-7.058139	-6.998049	-7.069163	-7.081846	-7.080422	-7.045381	-7.053490	-7.050442	-7.058032	-7.059833	-7.046281	-7.051079	-7.006936	-15.009204	-7.081220
838.804000	-7.091210	-7.058130	-6.998055	-7.069156	-7.081849	-7.080440	-7.045395	-7.053505	-7.050443	-7.058032	-7.059824	-7.046263	-7.051087	-7.006951	-15.009130	-7.081230
844.582000	-7.091206	-7.058125	-6.998036	-7.069151	-7.081837	-7.080461	-7.045394	-7.053492	-7.050435	-7.058045	-7.059846	-7.046260	-7.051064	-7.006953	-15.009028	-7.081208
850.368000	-7.091248	-7.058129	-6.998040	-7.069165	-7.081838	-7.080477	-7.045398	-7.053518	-7.050444	-7.058058	-7.059847	-7.046265	-7.051078	-7.006939	-15.009192	-7.081221
856.137000	-7.091250	-7.058128	-6.998039	-7.069156	-7.081858	-7.080501	-7.045400	-7.053497	-7.050448	-7.058051	-7.059828	-7.046277	-7.051089	-7.006936	-15.009051	-7.081214
861.926000	-7.091263	-7.058118	-6.998041	-7.069171	-7.081852	-7.080523	-7.045385	-7.053504	-7.050445	-7.058048	-7.059839	-7.046275	-7.051107	-7.006932	-15.009092	-7.081218
867.714000	-7.091254	-7.058142	-6.998050	-7.069165	-7.081865	-7.080506	-7.045408	-7.053497	-7.050438	-7.058049	-7.059842	-7.046271	-7.051106	-7.006930	-15.008984	-7.081217
873.518000	-7.091283	-7.058135	-6.998032	-7.069179	-7.081828	-7.080525	-7.045389	-7.053496	-7.050460	-7.058057	-7.059833	-7.046286	-7.051066	-7.006972	-15.009014	-7.081222
879.317000	-7.091286	-7.058119	-6.998035	-7.069177	-7.081831	-7.080506	-7.045394	-7.053504	-7.050443	-7.058055	-7.059827	-7.046278	-7.051078	-7.006937	-15.008895	-7.081228
885.107000	-7.091305	-7.058131	-6.998033	-7.069173	-7.081860	-7.080547	-7.045412	-7.053508	-7.050445	-7.058060	-7.059839	-7.046279	-7.051107	-7.006935	-15.008993	-7.081213
890.907000	-7.091321	-7.058127	-6.998045	-7.069169	-7.081860	-7.080538	-7.045381	-7.053489	-7.050459	-7.058067	-7.059844	-7.046265	-7.051079	-7.006930	-15.009025	-7.081223
896.684000	-7.091332	-7.058130	-6.998027	-7.069161	-7.081859	-7.080552	-7.045380	-7.053504	-7.050472	-7.058052	-7.059835	-7.046260	-7.051067	-7.006936	-15.008771	-7.081230
902.460000	-7.091347	-7.058122	-6.998040	-7.069163	-7.081827	-7.080578	-7.045389	-7.053522	-7.050449	-7.058072	-7.059850	-7.046275	-7.051088	-7.006941	-15.008991	-7.081215
908.246000	-7.091341	-7.058122	-6.998044	-7.069183	-7.081845	-7.080590	-7.045395	-7.053514	-7.050453	-7.058073	-7.059827	-7.046278	-7.051090	-7.006946	-15.009074	-7.081229
914.048000	-7.091352	-7.058108	-6.998038	-7.069168	-7.081845	-7.080586	-7.045396	-7.053504	-7.050460	-7.058035	-7.059841	-7.046299	-7.051096	-7.006943	-15.008997	-7.081219
919.834000	-7.091346	-7.058127	-6.998038	-7.069162	-7.081832	-7.080601	-7.045378	-7.053512	-7.050455	-7.058054	-7.059827	-7.046264	-7.051066	-7.006941	-15.009038	-7.081223
925.604000	-7.091386	-7.058123	-6.998039	-7.069155	-7.081828	-7.080602	-7.045387	-7.053515	-7.050459	-7.058049	-7.059842	-7.046283	-7.051076	-7.006929	-15.009194	-7.081215
931.391000	-7.091415	-7.058115	-6.998046	-7.069174	-7.081835	-7.080631	-7.045389	-7.053493	-7.050457	-7.058048	-7.059837	-7.046270	-7.051072	-7.006938	-15.009232	-7.081217
937.181000	-7.091410	-7.058141	-6.998065	-7.069172	-7.081830	-7.080648	-7.045387	-7.053516	-7.050447	-7.058057	-7.059845	-7.046285	-7.051079	-7.006946	-15.009073	-7.081196
942.933000	-7.091453	-7.058139	-6.998045	-7.069164	-7.081836	-7.080652	-7.045387	-7.053510	-7.050461	-7.058051	-7.059852	-7.046272	-7.051085	-7.006933	-15.009075	-7.081199
948.732000	-7.091430	-7.058125	-6.998043	-7.069185	-7.081846	-7.080656	-7.045378	-7.053508	-7.050461	-7.058057	-7.059837	-7.046279	-7.051089	-7.006952	-15.009076	-7.081207
954.500000	-7.091451	-7.058128	-6.998022	-7.069170	-7.081854	-7.080670	-7.045391	-7.053501	-7.050447	-7.058044	-7.059852	-7.046279	-7.051087	-7.006967	-15.009174	-7.081191
960.282000	-7.091460	-7.058140	-6.998038	-7.069172	-7.081850	-7.080646	-7.045390	-7.053514	-7.050452	-7.058034	-7.059847	-7.046273	-7.051090	-7.006969	-15.009229	-7.081214
966.097000	-7.091480	-7.058137	-6.998039	-7.069156	-7.081839	-7.080685	-7.045391	-7.053504	-7.050461	-7.058048	-7.059821	-7.046263	-7.051092	-7.006937	-15.009078	-7.081205
971.882000	-7.091483	-7.058122	-6.998052	-7.069165	-7.081845	-7.080677	-7.045387	-7.053511	-7.050482	-7.058055	-7.059848	-7.046268	-7.051099	-7.006956	-15.009358	-7.081228
977.652000	-7.091512	-7.058131	-6.998028	-7.069169	-7.081849	-7.080684	-7.045377	-7.053509	-7.050452	-7.058046	-7.059838	-7.046280	-7.051067	-7.006945	-15.009329	-7.081212
983.435000	-7.091490	-7.058129	-6.998046	-7.069160	-7.081832	-7.080704	-7.045383	-7.053517	-7.050464	-7.058051	-7.059843	-7.046272	-7.051081	-7.006950	-15.009389	-7.081198
989.214000	-7.091516	-7.058132	-6.998049	-7.069171	-7.081831	-7.080728	-7.045395	-7.053521	-7.050452	-7.058047	-7.059833	-7.046273	-7.051077	-7.006942	-15.009333	-7.081218
995.007000	-7.091529	-7.058121	-6.998026	-7.069168	-7.081839	-7.080736	-7.045390	-7.053510	-7.050463	-7.058058	-7.059845	-7.046265	-7.051093	-7.006935	-15.009215	-7.081219
1000.798000	-7.091533	-7.058132	-6.998048	-7.069164	-7.081835	-7.080733	-7.045389	-7.053530	-7.050464	-7.058052	-7.059835	-7.046264	-7.051084	-7.006926	-15.009282	-7.081238
1006.587000	-7.091544	-7.058109	-6.998045	-7.069172	-7.081845	-7.080744	-7.045387	-7.053516	-7.050447	-7.058064	-7.059854	-7.046256	-7.051095	-7.006909	-15.009207	-7.081214
1012.375000	-7.091558	-7.058118	-6.998047	-7.069163	-7.081845	-7.080749	-7.045406	-7.053494	-7.050460	-7.058066	-7.059844	-7.046280	-7.051111	-7.006925	-15.009242	-7.081225
1018.176000	-7.091575	-7.058114	-6.998044	-7.069162	-7.081847	-7.080762	-7.045390	-7.053526	-7.050455	-7.058067	-7.059848	-7.046291	-7.051105	-7.006969	-15.009137	-7.081230
1023.971000	-7.091587	-7.058097	-6.998038	-7.069173	-7.081833	-7.080766	-7.045396	-7.053540	-7.050451	-7.058062	-7.059837	-7.046275	-7.051086	-7.006946	-15.009292	-7.081226
1029.769000	-7.091606	-7.058112	-6.998039	-7.069149	-7.081847	-7.080771	-7.045380	-7.053514	-7.050455	-7.058044	-7.059847	-7.046272	-7.051084	-7.006945	-15.009062	-7.081214
1035.541000	-7.091614	-7.058116	-6.998026	-7.069162	-7.081854	-7.080794	-7.045402	-7.053511	-7.050456	-7.058068	-7.059847	-7.046266	-7.051079	-7.006926	-15.009322	-7.081224
1041.321000	-7.091624	-7.058121	-6.998055	-7.069154	-7.081839	-7.080791	-7.045390	-7.053517	-7.050453	-7.058060	-7.059859	-7.046267	-7.051098	-7.006937	-15.009252	-7.081205
1047.102000	-7.091631	-7.058111	-6.998040	-7.069172	-7.081839	-7.080802	-7.045402	-7.053521	-7.050454	-7.058060	-7.059862	-7.046278	-7.051098	-7.006935	-15.009142	-7.081213
1052.896000	-7.091604	-7.058125	-6.998035	-7.069163	-7.081844	-7.080790	-7.045397	-7.053490	-7.050432	-7.058064	-7.059857	-7.046279	-7.051098	-7.006934	-15.009192	-7.081214
1058.668000	-7.091625	-7.058136	-6.998032	-7.069191	-7.081859	-7.080795	-7.045394	-7.053511	-7.050449	-7.058065	-7.059832	-7.046288	-7.051093	-7.006942	-15.009056	-7.081213
1064.450000	-7.091625	-7.058130	-6.998032	-7.069183	-7.081842	-7.080831	-7.045394	-7.053514	-7.050445	-7.058077	-7.059847	-7.046271	-7.051104	-7.006923	-15.009333	-7.081211
1070.231000	-7.091640	-7.058139	-6.998023	-7.069168	-7.081849	-7.080809	-7.045367	-7.053503	-7.050441	-7.058064	-7.059851	-7.046273	-7.051106	-7.006935	-15.009064	-7.081217
1076.058000	-7.091640	-7.058150	-6.998032	-7.069169	-7.081855	-7.080822	-7.045401	-7.053517	-7.050445	-7.058060	-7.059841	-7.046271	-7.051101	-7.006922	-15.009081	-7.081212
1081.857000	-7.091665	-7.058131	-6.998043	-7.069164	-7.081863	-7.080831	-7.045382	-7.053490	-7.050463	-7.058051	-7.059857	-7.046284	-7.051102	-7.006928	-15.009114	-7.081199
1087.640000	-7.091667	-7.058134	-6.998034	-7.069185	-7.081870	-7.080844	-7.045374	-7.053475	-7.050455	-7.058062	-7.059841	-7.046268	-7.051096	-7.006929	-15.009107	-7.081231
1093.425000	-7.091669	-7.058119	-6.998026	-7.069165	-7.081863	-7.080845	-7.045385	-7.053499	-7.050459	-7.058067	-7.059845	-7.046285	-7.051113	-7.006922	-15.009135	-7.081208
1099.217000	-7.091681	-7.058138	-6.998025	-7.069176	-7.081855	-7.080865	-7.045394	-7.053511	-7.050445	-7.058052	-7.059854	-7.046273	-7.051106	-7.006899	-15.009033	-7.081213
1105.016000	-7.091705	-7.058120	-6.998032	-7.069189	-7.081863	-7.080856	-7.045413	-7.053503	-7.050446	-7.058032	-7.059857	-7.046272	-7.051095	-7.006921	-15.009141	-7.081211
1110.798000	-7.091701	-7.058129	-6.998034	-7.069184	-7.081856	-7.080842	-7.045383	-7.053512	-7.050453	-7.058062	-7.059858	-7.046277	-7.051092	-7.006931	-15.009124	-7.081213
1116.584000	-7.091718	-7.058120	-6.998030	-7.069190	-7.081867	-7.080882	-7.045386	-7.053502	-7.050447	-7.058037	-7.059852	-7.046279	-7.051116	-7.006934	-15.009133	-7.081222
1122.370000	-7.091730	-7.058128	-6.998035	-7.069177	-7.081861	-7.080893	-7.045388	-7.053507	-7.050453	-7.058049	-7.059850	-7.046273	-7.051119	-7.006928	-15.009192	-7.081224
1128.146000	-7.091736	-7.058126	-6.998038	-7.069178	-7.081867	-7.080886	-7.045402	-7.053506	-7.050438	-7.058057	-7.059850	-7.046281	-7.051110	-7.006927	-15.009266	-7.081211
1133.921000	-7.091741	-7.058130	-6.998035	-7.069172	-7.081854	-7.080921	-7.045400	-7.053492	-7.050458	-7.058059	-7.059835	-7.046282	-7.051087	-7.006946	-15.009348	-7.081199
1139.683000	-7.091755	-7.058122	-6.998024	-7.069168	-7.081839	-7.080877	-7.045390	-7.053509	-7.050452	-7.058056	-7.059828	-7.046284	-7.051105	-7.006921	-15.009249	-7.081223
1145.457000	-7.091773	-7.058130	-6.998028	-7.069176	-7.081853	-7.080917	-7.045389	-7.053525	-7.050446	-7.058071	-7.059817	-7.046290	-7.051100	-7.006951	-15.009078	-7.081241
1151.220000	-7.091764	-7.058118	-6.998035	-7.069165	-7.081861	-7.080905	-7.045388	-7.053531	-7.050450	-7.058048	-7.059853	-7.046288	-7.051114	-7.006941	-15.009320	-7.081235
1156.984000	-7.091777	-7.058140	-6.998024	-7.069152	-7.081854	-7.080924	-7.045382	-7.053495	-7.050459	-7.058053	-7.059845	-7.046286	-7.051099	-7.006941	-15.009229	-7.081230
1162.758000	-7.091795	-7.058122	-6.998055	-7.069153	-7.081839	-7.080931	-7.045396	-7.053510	-7.050458	-7.058046	-7.059850	-7.046279	-7.051087	-7.006938	-15.009268	-7.081213
1168.542000	-7.091796	-7.058146	-6.998023	-7.069163	-7.081848	-7.080947	-7.045416	-7.053517	-7.050451	-7.058070	-7.059854	-7.046275	-7.051093	-7.006954	-15.009185	-7.081224
1174.316000	-7.091784	-7.058150	-6.998037	-7.069165	-7.081870	-7.080975	-7.045409	-7.053516	-7.050458	-7.058051	-7.059844	-7.046280	-7.051088	-7.006950	-15.009211	-7.081222
1180.101000	-7.091790	-7.058154	-6.998037	-7.069159	-7.081853	-7.080958	-7.045404	-7.053496	-7.050448	-7.058062	-7.059850	-7.046268	-7.051109	-7.006957	-15.009307	-7.081223
1185.877000	-7.091807	-7.058127	-6.998016	-7.069167	-7.081843	-7.080960	-7.045379	-7.053521	-7.050469	-7.058063	-7.059843	-7.046275	-7.051099	-7.006946	-15.009142	-7.081194
1191.671000	-7.091817	-7.058120	-6.998027	-7.069171	-7.081867	-7.080978	-7.045373	-7.053505	-7.050467	-7.058054	-7.059857	-7.046270	-7.051099	-7.006947	-15.009379	-7.081216
1197.447000	-7.091777	-7.058123	-6.998026	-7.069149	-7.081870	-7.080982	-7.045397	-7.053517	-7.050467	-7.058047	-7.059837	-7.046279	-7.051114	-7.006964	-15.009184	-7.081209
1203.235000	-7.091818	-7.058131	-6.998032	-7.069167	-7.081843	-7.080985	-7.045386	-7.053521	-7.050454	-7.058055	-7.059847	-7.046282	-7.051090	-7.006939	-15.009264	-7.081228
1209.025000	-7.091802	-7.058120	-6.998050	-7.069162	-7.081865	-7.080987	-7.045396	-7.053508	-7.050472	-7.058063	-7.059858	-7.046272	-7.051093	-7.006951	-15.009020	-7.081220
1214.808000	-7.091828	-7.058112	-6.998057	-7.069145	-7.081861	-7.080976	-7.045391	-7.053505	-7.050459	-7.058051	-7.059841	-7.046267	-7.051078	-7.006960	-15.009415	-7.081220
1220.586000	-7.091817	-7.058134	-6.998033	-7.069159	-7.081842	-7.080988	-7.045407	-7.053526	-7.050464	-7.058059	-7.059849	-7.046259	-7.051095	-7.006938	-15.009352	-7.081232
1226.355000	-7.091853	-7.058118	-6.998041	-7.069162	-7.081852	-7.081015	-7.045377	-7.053518	-7.050485	-7.058059	-7.059849	-7.046266	-7.051104	-7.006947	-15.009243	-7.081196
1232.124000	-7.091841	-7.058128	-6.998036	-7.069159	-7.081835	-7.081012	-7.045394	-7.053520	-7.050472	-7.058070	-7.059863	-7.046272	-7.051094	-7.006936	-15.009317	-7.081232
1237.893000	-7.091858	-7.058137	-6.998042	-7.069150	-7.081869	-7.081028	-7.045400	-7.053499	-7.050472	-7.058074	-7.059843	-7.046280	-7.051090	-7.006946	-15.009349	-7.081235
1243.665000	-7.091856	-7.058120	-6.998031	-7.069155	-7.081852	-7.081016	-7.045377	-7.053525	-7.050457	-7.058061	-7.059848	-7.046281	-7.051095	-7.006960	-15.009264	-7.081223
1249.446000	-7.091879	-7.058120	-6.998027	-7.069155	-7.081861	-7.081023	-7.045397	-7.053513	-7.050473	-7.058071	-7.059842	-7.046279	-7.051097	-7.006945	-15.009347	-7.081229
1255.221000	-7.091858	-7.058130	-6.998043	-7.069165	-7.081862	-7.081047	-7.045396	-7.053483	-7.050450	-7.058059	-7.059838	-7.046259	-7.051093	-7.006926	-15.009279	-7.081209
1261.005000	-7.091876	-7.058130	-6.998029	-7.069147	-7.081846	-7.081057	-7.045405	-7.053505	-7.050453	-7.058086	-7.059847	-7.046283	-7.051111	-7.006931	-15.009370	-7.081212
1266.782000	-7.091882	-7.058134	-6.998025	-7.069116	-7.081863	-7.081055	-7.045402	-7.053489	-7.050449	-7.058081	-7.059850	-7.046276	-7.051106	-7.006939	-15.009414	-7.081239
1272.562000	-7.091878	-7.058122	-6.998044	-7.069155	-7.081861	-7.081048	-7.045402	-7.053519	-7.050462	-7.058077	-7.059836	-7.046275	-7.051120	-7.006928	-15.009355	-7.081215
1278.331000	-7.091896	-7.058125	-6.998034	-7.069163	-7.081876	-7.081062	-7.045391	-7.053502	-7.050454	-7.058090	-7.059841	-7.046268	-7.051085	-7.006952	-15.009388	-7.081233
1284.117000	-7.091919	-7.058143	-6.998035	-7.069161	-7.081867	-7.081065	-7.045402	-7.053521	-7.050458	-7.058072	-7.059845	-7.046270	-7.051099	-7.006952	-15.009329	-7.081237
1289.937000	-7.091913	-7.058130	-6.998037	-7.069149	-7.081869	-7.081048	-7.045392	-7.053517	-7.050466	-7.058067	-7.059852	-7.046274	-7.051105	-7.006942	-15.009288	-7.081232
1295.721000	-7.091926	-7.058132	-6.998032	-7.069156	-7.081872	-7.081067	-7.045396	-7.053511	-7.050444	-7.058072	-7.059837	-7.046273	-7.051130	-7.006939	-15.009165	-7.081225
1301.510000	-7.091925	-7.058147	-6.998038	-7.069149	-7.081872	-7.081079	-7.045401	-7.053498	-7.050450	-7.058052	-7.059850	-7.046272	-7.051118	-7.006957	-15.009314	-7.081240
1307.300000	-7.091951	-7.058119	-6.998036	-7.069156	-7.081846	-7.081079	-7.045403	-7.053480	-7.050449	-7.058067	-7.059851	-7.046261	-7.051113	-7.006953	-15.009220	-7.081232
1313.093000	-7.091952	-7.058117	-6.998035	-7.069160	-7.081860	-7.081081	-7.045420	-7.053524	-7.050454	-7.058076	-7.059841	-7.046266	-7.051115	-7.006939	-15.009196	-7.081220
1318.881000	-7.091944	-7.058136	-6.998037	-7.069158	-7.081857	-7.081085	-7.045391	-7.053526	-7.050451	-7.058066	-7.059840	-7.046276	-7.051101	-7.006949	-15.009413	-7.081227
1324.670000	-7.091950	-7.058132	-6.998049	-7.069151	-7.081881	-7.081087	-7.045384	-7.053536	-7.050451	-7.058068	-7.059841	-7.046274	-7.051128	-7.006954	-15.009361	-7.081216
1330.461000	-7.091929	-7.058139	-6.998034	-7.069150	-7.081865	-7.081098	-7.045409	-7.053538	-7.050456	-7.058057	-7.059833	-7.046280	-7.051115	-7.006948	-15.009200	-7.081232
1336.240000	-7.091944	-7.058109	-6.998048	-7.069155	-7.081844	-7.081080	-7.045413	-7.053528	-7.050440	-7.058092	-7.059831	-7.046272	-7.051089	-7.006957	-15.009290	-7.081242
1342.008000	-7.091969	-7.058126	-6.998053	-7.069146	-7.081871	-7.081095	-7.045398	-7.053522	-7.050465	-7.058104	-7.059842	-7.046278	-7.051096	-7.006940	-15.009085	-7.081236
1347.779000	-7.091959	-7.058111	-6.998032	-7.069164	-7.081852	-7.081083	-7.045396	-7.053508	-7.050459	-7.058099	-7.059855	-7.046298	-7.051099	-7.006946	-15.009097	-7.081220
1353.554000	-7.091981	-7.058113	-6.998034	-7.069164	-7.081865	-7.081112	-7.045395	-7.053523	-7.050472	-7.058078	-7.059837	-7.046288	-7.051088	-7.006933	-15.009268	-7.081227
1359.334000	-7.091978	-7.058125	-6.998041	-7.069157	-7.081855	-7.081112	-7.045395	-7.053518	-7.050449	-7.058080	-7.059845	-7.046279	-7.051117	-7.006952	-15.009314	-7.081237
1365.123000	-7.092000	-7.058115	-6.998022	-7.069159	-7.081856	-7.081123	-7.045411	-7.053514	-7.050448	-7.058085	-7.059841	-7.046288	-7.051109	-7.006952	-15.009061	-7.081237
1370.913000	-7.091987	-7.058119	-6.998030	-7.069147	-7.081865	-7.081136	-7.045386	-7.053528	-7.050438	-7.058070	-7.059828	-7.046299	-7.051101	-7.006947	-15.009024	-7.081238
1376.688000	-7.091996	-7.058119	-6.998034	-7.069144	-7.081874	-7.081123	-7.045412	-7.053532	-7.050446	-7.058077	-7.059850	-7.046282	-7.051107	-7.006987	-15.009113	-7.081240
1382.450000	-7.092000	-7.058113	-6.998028	-7.069154	-7.081866	-7.081133	-7.045403	-7.053537	-7.050449	-7.058078	-7.059855	-7.046283	-7.051110	-7.006951	-15.009117	-7.081227
1388.234000	-7.092001	-7.058123	-6.998037	-7.069168	-7.081879	-7.081133	-7.045398	-7.053530	-7.050463	-7.058081	-7.059852	-7.046276	-7.051082	-7.006967	-15.009078	-7.081236
1394.000000	-7.091988	-7.058111	-6.998007	-7.069168	-7.081870	-7.081129	-7.045393	-7.053543	-7.050454	-7.058076	-7.059838	-7.046284	-7.051078	-7.006954	-15.009027	-7.081234
1399.797000	-7.092032	-7.058110	-6.998036	-7.069180	-7.081863	-7.081154	-7.045411	-7.053533	-7.050461	-7.058069	-7.059843	-7.046279	-7.051113	-7.006966	-15.008898	-7.081245
1405.564000	-7.092015	-7.058108	-6.998036	-7.069161	-7.081882	-7.081147	-7.045405	-7.053512	-7.050462	-7.058080	-7.059844	-7.046285	-7.051087	-7.006973	-15.008930	-7.081236
1411.328000	-7.092012	-7.058108	-6.998054	-7.069139	-7.081871	-7.081155	-7.045404	-7.053521	-7.050472	-7.058072	-7.059855	-7.046297	-7.051106	-7.006957	-15.008954	-7.081222
1417.106000	-7.092027	-7.058122	-6.998049	-7.069153	-7.081881	-7.081146	-7.045412	-7.053515	-7.050470	-7.058078	-7.059859	-7.046298	-7.051122	-7.006937	-15.009098	-7.081232
1422.885000	-7.092026	-7.058128	-6.998044	-7.069154	-7.081899	-7.081226	-7.045433	-7.053490	-7.050751	-7.058123	-7.059892	-7.046291	-7.051089	-7.006747	-15.009160	-7.081227
1428.652000	-7.091741	-7.058332	-6.998209	-7.069081	-7.082058	-7.080240	-7.045614	-7.053409	-7.050932	-7.058275	-7.060106	-7.046504	-7.051094	-7.006724	-15.009044	-7.081399
1434.429000	-7.090517	-7.058336	-6.998201	-7.069063	-7.082046	-7.077905	-7.045763	-7.053422	-7.051054	-7.058407	-7.060233	-7.046682	-7.051128	-7.006780	-15.008926	-7.081518
1440.213000	-7.088567	-7.058346	-6.998255	-7.069110	-7.082058	-7.074944	-7.045920	-7.053500	-7.051155	-7.058574	-7.060358	-7.046842	-7.051187	-7.006910	-15.008949	-7.081636
1445.974000	-7.086195	-7.058335	-6.998315	-7.069185	-7.082048	-7.071669	-7.046077	-7.053586	-7.051253	-7.058726	-7.060464	-7.046954	-7.051246	-7.007004	-15.008743	-7.081727
1451.750000	-7.083650	-7.058372	-6.998403	-7.069273	-7.082047	-7.068451	-7.046195	-7.053664	-7.051336	-7.058859	-7.060547	-7.047057	-7.051298	-7.007125	-15.008773	-7.081794
1457.529000	-7.081116	-7.058392	-6.998500	-7.069332	-7.082044	-7.065483	-7.046308	-7.053757	-7.051402	-7.058973	-7.060626	-7.047117	-7.051331	-7.007250	-15.008800	-7.081856
1463.336000	-7.078754	-7.058419	-6.998600	-7.069405	-7.082056	-7.062848	-7.046393	-7.053836	-7.051460	-7.059089	-7.060676	-7.047181	-7.051379	-7.007321	-15.008821	-7.081925
1469.107000	-7.076544	-7.058478	-6.998679	-7.069479	-7.082068	-7.060603	-7.046466	-7.053903	-7.051488	-7.059170	-7.060727	-7.047274	-7.051413	-7.007368	-15.008778	-7.081973
1474.875000	-7.074612	-7.058503	-6.998779	-7.069578	-7.082067	-7.058755	-7.046522	-7.053958	-7.051541	-7.059261	-7.060784	-7.047309	-7.051428	-7.007479	-15.008910	-7.081997
1480.668000	-7.072859	-7.058545	-6.998858	-7.069634	-7.082091	-7.057209	-7.046592	-7.054024	-7.051586	-7.059326	-7.060811	-7.047356	-7.051474	-7.007533	-15.008844	-7.082038
1486.447000	-7.071398	-7.058600	-6.998923	-7.069721	-7.082104	-7.055922	-7.046632	-7.054080	-7.051608	-7.059393	-7.060843	-7.047392	-7.051499	-7.007612	-15.008602	-7.082094
1492.213000	-7.070091	-7.058633	-6.998978	-7.069759	-7.082099	-7.054799	-7.046676	-7.054130	-7.051638	-7.059437	-7.060875	-7.047428	-7.051516	-7.007643	-15.008697	-7.082101
1497.977000	-7.068973	-7.058682	-6.999035	-7.069824	-7.082119	-7.053817	-7.046730	-7.054176	-7.051656	-7.059504	-7.060911	-7.047458	-7.051522	-7.007711	-15.008694	-7.082138
1503.755000	-7.067958	-7.058707	-6.999069	-7.069881	-7.082122	-7.052952	-7.046757	-7.054217	-7.051688	-7.059535	-7.060948	-7.047493	-7.051555	-7.007765	-15.008584	-7.082129
1509.531000	-7.067048	-7.058737	-6.999115	-7.069919	-7.082125	-7.052208	-7.046784	-7.054260	-7.051687	-7.059567	-7.060965	-7.047506	-7.051560	-7.007812	-15.008733	-7.082166
1515.304000	-7.066236	-7.058752	-6.999133	-7.069985	-7.082146	-7.051570	-7.046801	-7.054279	-7.051707	-7.059598	-7.060990	-7.047534	-7.051586	-7.007841	-15.008763	-7.082176
1521.125000	-7.065499	-7.058788	-6.999166	-7.070025	-7.082144	-7.051030	-7.046832	-7.054292	-7.051739	-7.059639	-7.060999	-7.047544	-7.051613	-7.007886	-15.008828	-7.082197
1526.909000	-7.064851	-7.058824	-6.999185	-7.070049	-7.082134	-7.050568	-7.046839	-7.054296	-7.051738	-7.059675	-7.061029	-7.047562	-7.051621	-7.007912	-15.008813	-7.082221
1532.698000	-7.064256	-7.058850	-6.999233	-7.070091	-7.082147	-7.050176	-7.046843	-7.054323	-7.051737	-7.059704	-7.061049	-7.047599	-7.051626	-7.007956	-15.008891	-7.082245
1538.475000	-7.063723	-7.058874	-6.999246	-7.070112	-7.082157	-7.049839	-7.046863	-7.054347	-7.051741	-7.059698	-7.061054	-7.047588	-7.051635	-7.007966	-15.008925	-7.082243
1544.246000	-7.063265	-7.058887	-6.999244	-7.070134	-7.082159	-7.049543	-7.046874	-7.054350	-7.051742	-7.059723	-7.061065	-7.047578	-7.051647	-7.007990	-15.008773	-7.082263
1550.015000	-7.062855	-7.058892	-6.999288	-7.070172	-7.082153	-7.049278	-7.046887	-7.054355	-7.051748	-7.059759	-7.061086	-7.047599	-7.051653	-7.008022	-15.008799	-7.082272
1555.793000	-7.062488	-7.058924	-6.999298	-7.070190	-7.082167	-7.049037	-7.046890	-7.054398	-7.051766	-7.059772	-7.061091	-7.047604	-7.051646	-7.008021	-15.008866	-7.082269
1561.584000	-7.062141	-7.058911	-6.999306	-7.070228	-7.082162	-7.048852	-7.046901	-7.054394	-7.051773	-7.059779	-7.061084	-7.047620	-7.051657	-7.008045	-15.008892	-7.082269
1567.362000	-7.061849	-7.058937	-6.999309	-7.070241	-7.082165	-7.048692	-7.046891	-7.054401	-7.051782	-7.059767	-7.061101	-7.047612	-7.051660	-7.008070	-15.008909	-7.082284
1573.134000	-7.061566	-7.058929	-6.999322	-7.070247	-7.082152	-7.048543	-7.046883	-7.054412	-7.051781	-7.059789	-7.061100	-7.047622	-7.051668	-7.008076	-15.008944	-7.082288
1578.906000	-7.061333	-7.058940	-6.999328	-7.070272	-7.082156	-7.048395	-7.046891	-7.054404	-7.051781	-7.059787	-7.061113	-7.047635	-7.051662	-7.008100	-15.008845	-7.082284
1584.738000	-7.061116	-7.058934	-6.999330	-7.070270	-7.082151	-7.048278	-7.046896	-7.054420	-7.051780	-7.059783	-7.061118	-7.047629	-7.051664	-7.008088	-15.008852	-7.082302
1590.522000	-7.060915	-7.058965	-6.999348	-7.070296	-7.082164	-7.048154	-7.046902	-7.054425	-7.051778	-7.059821	-7.061120	-7.047650	-7.051671	-7.008108	-15.008941	-7.082301
1596.334000	-7.060717	-7.058960	-6.999342	-7.070294	-7.082167	-7.048081	-7.046902	-7.054423	-7.051790	-7.059809	-7.061121	-7.047645	-7.051687	-7.008087	-15.008797	-7.082320
1602.123000	-7.060568	-7.058987	-6.999349	-7.070310	-7.082148	-7.047989	-7.046914	-7.054441	-7.051784	-7.059822	-7.061118	-7.047655	-7.051676	-7.008114	-15.008753	-7.082327
1607.909000	-7.060420	-7.058970	-6.999346	-7.070314	-7.082161	-7.047903	-7.046919	-7.054437	-7.051801	-7.059808	-7.061127	-7.047659	-7.051679	-7.008107	-15.008795	-7.082313
1613.690000	-7.060292	-7.058959	-6.999352	-7.070317	-7.082126	-7.047850	-7.046895	-7.054432	-7.051783	-7.059812	-7.061123	-7.047637	-7.051665	-7.008120	-15.008754	-7.082327
1619.483000	-7.060148	-7.058974	-6.999340	-7.070319	-7.082135	-7.047769	-7.046889	-7.054448	-7.051791	-7.059824	-7.061135	-7.047645	-7.051656	-7.008117	-15.008713	-7.082316
1625.257000	-7.060057	-7.058988	-6.999356	-7.070333	-7.082151	-7.047712	-7.046894	-7.054454	-7.051795	-7.059819	-7.061110	-7.047642	-7.051644	-7.008133	-15.008852	-7.082320
1631.049000	-7.059948	-7.058967	-6.999369	-7.070337	-7.082117	-7.047649	-7.046894	-7.054446	-7.051792	-7.059800	-7.061113	-7.047653	-7.051661	-7.008134	-15.008883	-7.082327
1636.860000	-7.059849	-7.058974	-6.999373	-7.070341	-7.082127	-7.047617	-7.046897	-7.054462	-7.051804	-7.059815	-7.061101	-7.047666	-7.051649	-7.008136	-15.008900	-7.082320
1642.640000	-7.059774	-7.058994	-6.999360	-7.070338	-7.082127	-7.047563	-7.046874	-7.054469	-7.051798	-7.059805	-7.061118	-7.047667	-7.051666	-7.008160	-15.008742	-7.082327
1648.428000	-7.059712	-7.058973	-6.999367	-7.070351	-7.082137	-7.047525	-7.046891	-7.054469	-7.051786	-7.059827	-7.061114	-7.047655	-7.051676	-7.008141	-15.008783	-7.082332
1654.204000	-7.059644	-7.058982	-6.999391	-7.070363	-7.082107	-7.047494	-7.046881	-7.054476	-7.051824	-7.059823	-7.061105	-7.047660	-7.051673	-7.008136	-15.008750	-7.082351
1659.990000	-7.059570	-7.059003	-6.999391	-7.070366	-7.082118	-7.047470	-7.046876	-7.054463	-7.051812	-7.059821	-7.061131	-7.047671	-7.051678	-7.008162	-15.008727	-7.082339
1665.787000	-7.059509	-7.059008	-6.999369	-7.070377	-7.082110	-7.047416	-7.046868	-7.054449	-7.051797	-7.059814	-7.061144	-7.047668	-7.051655	-7.008131	-15.008724	-7.082348
1671.572000	-7.059448	-7.058990	-6.999370	-7.070385	-7.082140	-7.047387	-7.046863	-7.054475	-7.051804	-7.059816	-7.061137	-7.047661	-7.051670	-7.008149	-15.008854	-7.082355
1677.357000	-7.059378	-7.058991	-6.999385	-7.070355	-7.082116	-7.047354	-7.046841	-7.054483	-7.051797	-7.059821	-7.061101	-7.047678	-7.051673	-7.008151	-15.008954	-7.082343
1683.146000	-7.059346	-7.058973	-6.999386	-7.070368	-7.082114	-7.047330	-7.046826	-7.054476	-7.051807	-7.059821	-7.061120	-7.047647	-7.051674	-7.008159	-15.008927	-7.082339
1688.940000	-7.059297	-7.058970	-6.999373	-7.070362	-7.082137	-7.047319	-7.046818	-7.054468	-7.051777	-7.059807	-7.061122	-7.047652	-7.051670	-7.008164	-15.008693	-7.082350
1694.733000	-7.059237	-7.058997	-6.999387	-7.070369	-7.082123	-7.047298	-7.046812	-7.054482	-7.051802	-7.059796	-7.061117	-7.047648	-7.051661	-7.008175	-15.008667	-7.082355
1700.509000	-7.059209	-7.058990	-6.999400	-7.070371	-7.082124	-7.047265	-7.046799	-7.054469	-7.051801	-7.059794	-7.061106	-7.047649	-7.051662	-7.008184	-15.008729	-7.082349
1706.281000	-7.059179	-7.059014	-6.999404	-7.070383	-7.082098	-7.047251	-7.046782	-7.054468	-7.051802	-7.059813	-7.061114	-7.047637	-7.051669	-7.008179	-15.008724	-7.082367
1712.061000	-7.059121	-7.059007	-6.999408	-7.070378	-7.082111	-7.047226	-7.046776	-7.054470	-7.051807	-7.059795	-7.061092	-7.047647	-7.051665	-7.008230	-15.008767	-7.082358
1717.857000	-7.059084	-7.059041	-6.999408	-7.070378	-7.082094	-7.047202	-7.046754	-7.054478	-7.051797	-7.059780	-7.061096	-7.047636	-7.051655	-7.008176	-15.008725	-7.082355
1723.647000	-7.059058	-7.059015	-6.999403	-7.070382	-7.082120	-7.047202	-7.046745	-7.054469	-7.051801	-7.059796	-7.061099	-7.047653	-7.051650	-7.008160	-15.008608	-7.082350
1729.417000	-7.059037	-7.059015	-6.999395	-7.070387	-7.082115	-7.047181	-7.046736	-7.054474	-7.051794	-7.059808	-7.061074	-7.047647	-7.051648	-7.008168	-15.008550	-7.082335
1735.193000	-7.059013	-7.059016	-6.999422	-7.070381	-7.082104	-7.047169	-7.046721	-7.054469	-7.051795	-7.059797	-7.061078	-7.047640	-7.051656	-7.008176	-15.008860	-7.082343
1740.971000	-7.058979	-7.059003	-6.999397	-7.070372	-7.082098	-7.047156	-7.046716	-7.054470	-7.051793	-7.059816	-7.061079	-7.047623	-7.051661	-7.008165	-15.008788	-7.082355
1746.753000	-7.058953	-7.059007	-6.999411	-7.070350	-7.082096	-7.047139	-7.046711	-7.054468	-7.051794	-7.059798	-7.061061	-7.047640	-7.051671	-7.008161	-15.008816	-7.082353
1752.529000	-7.058944	-7.059019	-6.999409	-7.070365	-7.082092	-7.047106	-7.046691	-7.054480	-7.051777	-7.059802	-7.061068	-7.047644	-7.051669	-7.008184	-15.008848	-7.082362
1758.304000	-7.058918	-7.059006	-6.999400	-7.070385	-7.082088	-7.047122	-7.046675	-7.054487	-7.051775	-7.059790	-7.061054	-7.047650	-7.051648	-7.008174	-15.008754	-7.082347
1764.113000	-7.058902	-7.059011	-6.999411	-7.070387	-7.082093	-7.047102	-7.046675	-7.054490	-7.051801	-7.059787	-7.061040	-7.047653	-7.051641	-7.008179	-15.008856	-7.082350
1769.904000	-7.058868	-7.059019	-6.999410	-7.070377	-7.082102	-7.047094	-7.046655	-7.054484	-7.051788	-7.059792	-7.061034	-7.047649	-7.051673	-7.008182	-15.008570	-7.082367
1775.685000	-7.058849	-7.059022	-6.999402	-7.070369	-7.082110	-7.047088	-7.046655	-7.054485	-7.051788	-7.059761	-7.061026	-7.047648	-7.051646	-7.008174	-15.008660	-7.082353
1781.463000	-7.058839	-7.059022	-6.999411	-7.070407	-7.082104	-7.047076	-7.046650	-7.054484	-7.051785	-7.059765	-7.061033	-7.047628	-7.051666	-7.008178	-15.008604	-7.082360
1787.269000	-7.058824	-7.059030	-6.999407	-7.070396	-7.082091	-7.047067	-7.046642	-7.054473	-7.051778	-7.059771	-7.061032	-7.047626	-7.051646	-7.008181	-15.008552	-7.082362
1793.048000	-7.058822	-7.059031	-6.999422	-7.070402	-7.082086	-7.047054	-7.046636	-7.054489	-7.051792	-7.059773	-7.061022	-7.047615	-7.051655	-7.008182	-15.008582	-7.082371
1798.823000	-7.058807	-7.059022	-6.999407	-7.070411	-7.082076	-7.047070	-7.046617	-7.054485	-7.051780	-7.059756	-7.061021	-7.047620	-7.051667	-7.008208	-15.008672	-7.082366
1804.612000	-7.058783	-7.059036	-6.999409	-7.070404	-7.082107	-7.047059	-7.046617	-7.054506	-7.051769	-7.059782	-7.060993	-7.047631	-7.051666	-7.008175	-15.008580	-7.082352
1810.399000	-7.058765	-7.059043	-6.999389	-7.070396	-7.082081	-7.047039	-7.046610	-7.054483	-7.051772	-7.059777	-7.060975	-7.047626	-7.051660	-7.008178	-15.008333	-7.082363
1816.187000	-7.058772	-7.059039	-6.999418	-7.070412	-7.082089	-7.047033	-7.046598	-7.054502	-7.051779	-7.059773	-7.060975	-7.047623	-7.051671	-7.008190	-15.008537	-7.082372
1821.992000	-7.058745	-7.059032	-6.999425	-7.070406	-7.082082	-7.047017	-7.046590	-7.054493	-7.051769	-7.059739	-7.060981	-7.047603	-7.051682	-7.008188	-15.008571	-7.082370
1827.789000	-7.058738	-7.059027	-6.999433	-7.070423	-7.082085	-7.047010	-7.046590	-7.054511	-7.051771	-7.059746	-7.060983	-7.047621	-7.051687	-7.008204	-15.008543	-7.082371
1833.591000	-7.058709	-7.059037	-6.999426	-7.070403	-7.082108	-7.047013	-7.046576	-7.054509	-7.051771	-7.059745	-7.060963	-7.047639	-7.051690	-7.008185	-15.008505	-7.082367
1839.379000	-7.058713	-7.059033	-6.999432	-7.070413	-7.082104	-7.046997	-7.046565	-7.054518	-7.051774	-7.059744	-7.060969	-7.047597	-7.051659	-7.008177	-15.008411	-7.082366
1845.164000	-7.058700	-7.059028	-6.999420	-7.070411	-7.082094	-7.047000	-7.046554	-7.054508	-7.051767	-7.059724	-7.060947	-7.047606	-7.051658	-7.008223	-15.008587	-7.082372
1850.954000	-7.058687	-7.059030	-6.999405	-7.070413	-7.082107	-7.046989	-7.046557	-7.054488	-7.051769	-7.059727	-7.060945	-7.047613	-7.051663	-7.008194	-15.008515	-7.082360
1856.744000	-7.058668	-7.059042	-6.999408	-7.070397	-7.082095	-7.046991	-7.046550	-7.054498	-7.051757	-7.059742	-7.060939	-7.047608	-7.051671	-7.008184	-15.008561	-7.082366
1862.527000	-7.058670	-7.059045	-6.999407	-7.070409	-7.082102	-7.046988	-7.046553	-7.054494	-7.051758	-7.059723	-7.060930	-7.047621	-7.051671	-7.008187	-15.008636	-7.082375
1868.345000	-7.058655	-7.059021	-6.999407	-7.070410	-7.082080	-7.046962	-7.046547	-7.054493	-7.051754	-7.059706	-7.060961	-7.047612	-7.051679	-7.008177	-15.008512	-7.082373
1874.125000	-7.058640	-7.059044	-6.999411	-7.070409	-7.082087	-7.046947	-7.046529	-7.054506	-7.051753	-7.059699	-7.060920	-7.047596	-7.051684	-7.008179	-15.008367	-7.082390
1879.893000	-7.058635	-7.059038	-6.999422	-7.070414	-7.082083	-7.046953	-7.046527	-7.054505	-7.051732	-7.059713	-7.060932	-7.047584	-7.051671	-7.008200	-15.008564	-7.082376
1885.683000	-7.058626	-7.059032	-6.999409	-7.070401	-7.082100	-7.046931	-7.046529	-7.054495	-7.051738	-7.059713	-7.060921	-7.047598	-7.051659	-7.008188	-15.008383	-7.082371
1891.477000	-7.058612	-7.059038	-6.999410	-7.070416	-7.082075	-7.046922	-7.046527	-7.054486	-7.051735	-7.059704	-7.060920	-7.047597	-7.051671	-7.008189	-15.008459	-7.082363
1897.270000	-7.058599	-7.059036	-6.999419	-7.070407	-7.082102	-7.046921	-7.046505	-7.054491	-7.051759	-7.059698	-7.060909	-7.047580	-7.051654	-7.008183	-15.008557	-7.082368
1903.050000	-7.058598	-7.059035	-6.999408	-7.070421	-7.082073	-7.046925	-7.046503	-7.054498	-7.051740	-7.059703	-7.060916	-7.047593	-7.051665	-7.008171	-15.008396	-7.082354
1908.822000	-7.058576	-7.059042	-6.999420	-7.070411	-7.082091	-7.046910	-7.046502	-7.054490	-7.051727	-7.059699	-7.060914	-7.047608	-7.051658	-7.008189	-15.008495	-7.082347
1914.599000	-7.058573	-7.059027	-6.999418	-7.070393	-7.082063	-7.046909	-7.046491	-7.054494	-7.051732	-7.059693	-7.060892	-7.047571	-7.051668	-7.008197	-15.008383	-7.082367
1920.381000	-7.058577	-7.059044	-6.999423	-7.070419	-7.082064	-7.046911	-7.046495	-7.054488	-7.051722	-7.059670	-7.060885	-7.047565	-7.051672	-7.008171	-15.008412	-7.082369
1926.155000	-7.058572	-7.059023	-6.999413	-7.070406	-7.082062	-7.046901	-7.046483	-7.054518	-7.051718	-7.059652	-7.060886	-7.047557	-7.051629	-7.008180	-15.008392	-7.082351
1931.938000	-7.058572	-7.059035	-6.999405	-7.070412	-7.082084	-7.046892	-7.046501	-7.054485	-7.051726	-7.059675	-7.060894	-7.047559	-7.051654	-7.008180	-15.008458	-7.082364
1937.722000	-7.058550	-7.059031	-6.999423	-7.070420	-7.082067	-7.046894	-7.046488	-7.054509	-7.051724	-7.059647	-7.060872	-7.047572	-7.051626	-7.008192	-15.008535	-7.082355
1943.509000	-7.058559	-7.059043	-6.999422	-7.070421	-7.082073	-7.046887	-7.046471	-7.054508	-7.051713	-7.059659	-7.060866	-7.047562	-7.051654	-7.008192	-15.008475	-7.082356
1949.309000	-7.058539	-7.059032	-6.999420	-7.070420	-7.082078	-7.046881	-7.046460	-7.054493	-7.051701	-7.059660	-7.060875	-7.047544	-7.051647	-7.008180	-15.008486	-7.082371
1955.085000	-7.058538	-7.059040	-6.999405	-7.070413	-7.082052	-7.046883	-7.046465	-7.054494	-7.051703	-7.059644	-7.060865	-7.047565	-7.051639	-7.008179	-15.008758	-7.082361
1960.847000	-7.058530	-7.059040	-6.999422	-7.070434	-7.082068	-7.046875	-7.046464	-7.054490	-7.051706	-7.059655	-7.060876	-7.047541	-7.051648	-7.008182	-15.008540	-7.082373
1966.631000	-7.058523	-7.059031	-6.999425	-7.070431	-7.082066	-7.046862	-7.046454	-7.054492	-7.051702	-7.059633	-7.060860	-7.047548	-7.051670	-7.008194	-15.008586	-7.082358
1972.395000	-7.058520	-7.059030	-6.999434	-7.070418	-7.082074	-7.046879	-7.046457	-7.054495	-7.051699	-7.059638	-7.060862	-7.047550	-7.051674	-7.008199	-15.008710	-7.082360
1978.163000	-7.058514	-7.059011	-6.999403	-7.070430	-7.082063	-7.046854	-7.046450	-7.054492	-7.051711	-7.059629	-7.060860	-7.047551	-7.051637	-7.008200	-15.008611	-7.082357
1983.940000	-7.058508	-7.059023	-6.999419	-7.070425	-7.082064	-7.046844	-7.046443	-7.054498	-7.051697	-7.059605	-7.060851	-7.047539	-7.051647	-7.008206	-15.008720	-7.082352
1989.730000	-7.058485	-7.059034	-6.999419	-7.070427	-7.082065	-7.046848	-7.046447	-7.054506	-7.051690	-7.059616	-7.060850	-7.047519	-7.051677	-7.008183	-15.008559	-7.082343
1995.510000	-7.058495	-7.059028	-6.999411	-7.070418	-7.082067	-7.046857	-7.046452	-7.054492	-7.051682	-7.059597	-7.060849	-7.047534	-7.051650	-7.008199	-15.008769	-7.082334
2001.308000	-7.058491	-7.059037	-6.999423	-7.070439	-7.082039	-7.046868	-7.046448	-7.054498	-7.051692	-7.059587	-7.060836	-7.047522	-7.051654	-7.008187	-15.008575	-7.082348
2007.095000	-7.058499	-7.059023	-6.999413	-7.070426	-7.082071	-7.046852	-7.046447	-7.054506	-7.051670	-7.059593	-7.060848	-7.047534	-7.051645	-7.008168	-15.008659	-7.082352
2012.868000	-7.058492	-7.059025	-6.999426	-7.070426	-7.082057	-7.046856	-7.046437	-7.054495	-7.051678	-7.059585	-7.060838	-7.047533	-7.051655	-7.008182	-15.008617	-7.082377
2018.646000	-7.058484	-7.059040	-6.999414	-7.070396	-7.082052	-7.046848	-7.046444	-7.054509	-7.051672	-7.059582	-7.060838	-7.047530	-7.051646	-7.008170	-15.008691	-7.082370
2024.441000	-7.058475	-7.059036	-6.999432	-7.070401	-7.082057	-7.046857	-7.046428	-7.054519	-7.051675	-7.059578	-7.060822	-7.047522	-7.051658	-7.008175	-15.008537	-7.082361
2030.228000	-7.058469	-7.059025	-6.999402	-7.070413	-7.082052	-7.046847	-7.046431	-7.054503	-7.051661	-7.059555	-7.060848	-7.047513	-7.051637	-7.008174	-15.008519	-7.082362
2036.013000	-7.058461	-7.059028	-6.999415	-7.070437	-7.082048	-7.046831	-7.046424	-7.054493	-7.051660	-7.059553	-7.060834	-7.047526	-7.051659	-7.008179	-15.008467	-7.082372
2041.806000	-7.058456	-7.059044	-6.999425	-7.070435	-7.082054	-7.046822	-7.046438	-7.054512	-7.051657	-7.059531	-7.060832	-7.047524	-7.051656	-7.008191	-15.008505	-7.082366
2047.583000	-7.058461	-7.059037	-6.999428	-7.070420	-7.082047	-7.046822	-7.046425	-7.054501	-7.051653	-7.059559	-7.060821	-7.047511	-7.051647	-7.008198	-15.008745	-7.082367
2053.375000	-7.058452	-7.059041	-6.999440	-7.070429	-7.082063	-7.046834	-7.046403	-7.054500	-7.051643	-7.059543	-7.060811	-7.047508	-7.051644	-7.008196	-15.008894	-7.082373
2059.157000	-7.058434	-7.059039	-6.999429	-7.070422	-7.082047	-7.046821	-7.046421	-7.054512	-7.051667	-7.059554	-7.060813	-7.047515	-7.051645	-7.008195	-15.008697	-7.082363
2064.946000	-7.058448	-7.059031	-6.999427	-7.070428	-7.082056	-7.046827	-7.046414	-7.054510	-7.051646	-7.059562	-7.060812	-7.047502	-7.051673	-7.008208	-15.008756	-7.082375
2070.728000	-7.058441	-7.059026	-6.999431	-7.070434	-7.082053	-7.046812	-7.046413	-7.054497	-7.051659	-7.059542	-7.060815	-7.047497	-7.051669	-7.008209	-15.008809	-7.082374
2076.503000	-7.058425	-7.059027	-6.999440	-7.070409	-7.082054	-7.046820	-7.046420	-7.054487	-7.051652	-7.059531	-7.060794	-7.047496	-7.051646	-7.008185	-15.008555	-7.082362
2082.298000	-7.058424	-7.059038	-6.999440	-7.070417	-7.082059	-7.046818	-7.046402	-7.054503	-7.051631	-7.059526	-7.060787	-7.047494	-7.051632	-7.008206	-15.008729	-7.082366
2088.074000	-7.058426	-7.059029	-6.999434	-7.070426	-7.082051	-7.046813	-7.046405	-7.054512	-7.051643	-7.059516	-7.060804	-7.047489	-7.051675	-7.008203	-15.008574	-7.082361
2093.851000	-7.058412	-7.059011	-6.999440	-7.070416	-7.082064	-7.046795	-7.046407	-7.054506	-7.051651	-7.059529	-7.060779	-7.047467	-7.051661	-7.008200	-15.008664	-7.082373
2099.642000	-7.058416	-7.059020	-6.999432	-7.070428	-7.082045	-7.046806	-7.046400	-7.054515	-7.051632	-7.059520	-7.060786	-7.047469	-7.051662	-7.008198	-15.008408	-7.082375
2105.423000	-7.058421	-7.059006	-6.999425	-7.070446	-7.082046	-7.046810	-7.046394	-7.054492	-7.051638	-7.059501	-7.060792	-7.047462	-7.051658	-7.008200	-15.008560	-7.082347
2111.224000	-7.058407	-7.059029	-6.999428	-7.070417	-7.082049	-7.046800	-7.046405	-7.054511	-7.051627	-7.059505	-7.060775	-7.047480	-7.051660	-7.008184	-15.008543	-7.082368
2116.996000	-7.058417	-7.059022	-6.999425	-7.070432	-7.082042	-7.046786	-7.046392	-7.054510	-7.051624	-7.059514	-7.060781	-7.047476	-7.051655	-7.008189	-15.008316	-7.082364
2122.797000	-7.058397	-7.059035	-6.999438	-7.070433	-7.082032	-7.046785	-7.046379	-7.054523	-7.051621	-7.059516	-7.060795	-7.047481	-7.051663	-7.008191	-15.008384	-7.082360
2128.592000	-7.058397	-7.059047	-6.999438	-7.070432	-7.082038	-7.046795	-7.046396	-7.054523	-7.051641	-7.059500	-7.060778	-7.047483	-7.051648	-7.008189	-15.008425	-7.082366
2134.373000	-7.058399	-7.059049	-6.999426	-7.070424	-7.082031	-7.046776	-7.046384	-7.054487	-7.051639	-7.059481	-7.060783	-7.047474	-7.051658	-7.008186	-15.008591	-7.082366
2140.164000	-7.058389	-7.059041	-6.999428	-7.070452	-7.082034	-7.046788	-7.046380	-7.054504	-7.051624	-7.059503	-7.060795	-7.047452	-7.051631	-7.008188	-15.008690	-7.082365
2145.981000	-7.058385	-7.059045	-6.999425	-7.070432	-7.082025	-7.046785	-7.046382	-7.054501	-7.051620	-7.059483	-7.060795	-7.047459	-7.051659	-7.008184	-15.008663	-7.082366
2151.750000	-7.058386	-7.059040	-6.999430	-7.070426	-7.082030	-7.046777	-7.046387	-7.054509	-7.051611	-7.059478	-7.060771	-7.047451	-7.051649	-7.008191	-15.008795	-7.082370
2157.524000	-7.058372	-7.059034	-6.999451	-7.070454	-7.082045	-7.046761	-7.046403	-7.054505	-7.051628	-7.059476	-7.060770	-7.047458	-7.051648	-7.008203	-15.008826	-7.082361
2163.305000	-7.058360	-7.059054	-6.999443	-7.070451	-7.082044	-7.046760	-7.046384	-7.054491	-7.051623	-7.059477	-7.060760	-7.047448	-7.051636	-7.008164	-15.008685	-7.082366
2169.088000	-7.058369	-7.059047	-6.999435	-7.070447	-7.082057	-7.046768	-7.046391	-7.054507	-7.051637	-7.059456	-7.060788	-7.047436	-7.051646	-7.008176	-15.008744	-7.082363
2174.865000	-7.058357	-7.059033	-6.999444	-7.070442	-7.082052	-7.046782	-7.046372	-7.054493	-7.051629	-7.059463	-7.060769	-7.047438	-7.051640	-7.008192	-15.008424	-7.082353
2180.656000	-7.058346	-7.059041	-6.999446	-7.070432	-7.082054	-7.046756	-7.046374	-7.054492	-7.051630	-7.059488	-7.060756	-7.047454	-7.051646	-7.008182	-15.008685	-7.082353
2186.439000	-7.058349	-7.059048	-6.999432	-7.070436	-7.082059	-7.046762	-7.046374	-7.054504	-7.051622	-7.059466	-7.060757	-7.047459	-7.051637	-7.008190	-15.008608	-7.082349
2192.215000	-7.058345	-7.059030	-6.999439	-7.070426	-7.082053	-7.046760	-7.046372	-7.054503	-7.051626	-7.059454	-7.060750	-7.047441	-7.051652	-7.008203	-15.008719	-7.082346
2197.999000	-7.058352	-7.059022	-6.999443	-7.070422	-7.082044	-7.046763	-7.046384	-7.054498	-7.051627	-7.059465	-7.060767	-7.047438	-7.051659	-7.008226	-15.008706	-7.082361
2203.780000	-7.058351	-7.059017	-6.999442	-7.070441	-7.082028	-7.046750	-7.046360	-7.054486	-7.051618	-7.059458	-7.060762	-7.047437	-7.051644	-7.008203	-15.008771	-7.082352
2209.542000	-7.058332	-7.059018	-6.999439	-7.070426	-7.082020	-7.046748	-7.046374	-7.054486	-7.051627	-7.059454	-7.060773	-7.047423	-7.051671	-7.008188	-15.008843	-7.082343
2215.315000	-7.058336	-7.059024	-6.999443	-7.070416	-7.082023	-7.046752	-7.046370	-7.054481	-7.051603	-7.059452	-7.060769	-7.047433	-7.051664	-7.008199	-15.008590	-7.082347
2221.100000	-7.058330	-7.059027	-6.999453	-7.070432	-7.082020	-7.046746	-7.046367	-7.054482	-7.051611	-7.059435	-7.060770	-7.047419	-7.051642	-7.008213	-15.008490	-7.082347
2226.879000	-7.058337	-7.059036	-6.999454	-7.070428	-7.082034	-7.046764	-7.046375	-7.054475	-7.051603	-7.059443	-7.060764	-7.047418	-7.051672	-7.008186	-15.008560	-7.082355
2232.653000	-7.058352	-7.059024	-6.999438	-7.070421	-7.082014	-7.046758	-7.046382	-7.054486	-7.051614	-7.059442	-7.060741	-7.047418	-7.051648	-7.008213	-15.008441	-7.082366
2238.429000	-7.058329	-7.059015	-6.999457	-7.070435	-7.082024	-7.046755	-7.046355	-7.054497	-7.051601	-7.059436	-7.060741	-7.047435	-7.051640	-7.008198	-15.008584	-7.082374
2244.193000	-7.058328	-7.059027	-6.999441	-7.070446	-7.082040	-7.046734	-7.046350	-7.054495	-7.051590	-7.059424	-7.060753	-7.047428	-7.051644	-7.008210	-15.008572	-7.082362
2249.989000	-7.058317	-7.059018	-6.999462	-7.070436	-7.082031	-7.046739	-7.046363	-7.054486	-7.051607	-7.059431	-7.060739	-7.047423	-7.051651	-7.008199	-15.008659	-7.082376
2255.785000	-7.058322	-7.059031	-6.999445	-7.070441	-7.082041	-7.046734	-7.046371	-7.054482	-7.051595	-7.059419	-7.060764	-7.047416	-7.051656	-7.008180	-15.008451	-7.082371
2261.564000	-7.058331	-7.059028	-6.999438	-7.070435	-7.082037	-7.046732	-7.046382	-7.054481	-7.051595	-7.059411	-7.060766	-7.047431	-7.051639	-7.008205	-15.008349	-7.082351
2267.338000	-7.058324	-7.059035	-6.999433	-7.070440	-7.082035	-7.046733	-7.046365	-7.054490	-7.051594	-7.059425	-7.060760	-7.047411	-7.051657	-7.008203	-15.008316	-7.082383
2273.112000	-7.058324	-7.059047	-6.999434	-7.070416	-7.082012	-7.046747	-7.046358	-7.054490	-7.051600	-7.059428	-7.060754	-7.047411	-7.051659	-7.008203	-15.008419	-7.082369
2278.878000	-7.058296	-7.059044	-6.999433	-7.070416	-7.082021	-7.046736	-7.046367	-7.054473	-7.051583	-7.059409	-7.060738	-7.047411	-7.051657	-7.008194	-15.008405	-7.082358
2284.653000	-7.058316	-7.059026	-6.999425	-7.070425	-7.082022	-7.046745	-7.046355	-7.054492	-7.051588	-7.059404	-7.060756	-7.047416	-7.051672	-7.008200	-15.008418	-7.082378
2290.440000	-7.058304	-7.059036	-6.999441	-7.070441	-7.082021	-7.046739	-7.046358	-7.054505	-7.051584	-7.059403	-7.060767	-7.047397	-7.051672	-7.008208	-15.008314	-7.082371
2296.242000	-7.058319	-7.059041	-6.999420	-7.070440	-7.082020	-7.046708	-7.046350	-7.054499	-7.051579	-7.059422	-7.060760	-7.047392	-7.051651	-7.008200	-15.008500	-7.082363
2302.023000	-7.058320	-7.059044	-6.999444	-7.070426	-7.082017	-7.046736	-7.046360	-7.054513	-7.051579	-7.059415	-7.060765	-7.047417	-7.051657	-7.008195	-15.008656	-7.082375
2307.799000	-7.058309	-7.059045	-6.999428	-7.070441	-7.082008	-7.046714	-7.046350	-7.054500	-7.051589	-7.059412	-7.060755	-7.047407	-7.051647	-7.008189	-15.008442	-7.082367
2313.573000	-7.058308	-7.059036	-6.999417	-7.070433	-7.082013	-7.046715	-7.046342	-7.054493	-7.051571	-7.059405	-7.060752	-7.047400	-7.051626	-7.008188	-15.008489	-7.082370
2319.355000	-7.058290	-7.059050	-6.999427	-7.070438	-7.082020	-7.046719	-7.046341	-7.054499	-7.051571	-7.059394	-7.060742	-7.047406	-7.051638	-7.008185	-15.008532	-7.082371
2325.129000	-7.058295	-7.059042	-6.999424	-7.070451	-7.082025	-7.046722	-7.046340	-7.054488	-7.051577	-7.059380	-7.060742	-7.047403	-7.051646	-7.008184	-15.008436	-7.082368
2330.911000	-7.058297	-7.059052	-6.999437	-7.070443	-7.082008	-7.046711	-7.046343	-7.054499	-7.051582	-7.059393	-7.060754	-7.047394	-7.051640	-7.008187	-15.008521	-7.082377
2336.689000	-7.058282	-7.059035	-6.999447	-7.070442	-7.082024	-7.046718	-7.046332	-7.054492	-7.051586	-7.059395	-7.060735	-7.047387	-7.051620	-7.008195	-15.008717	-7.082373
2342.464000	-7.058305	-7.059059	-6.999429	-7.070438	-7.081991	-7.046720	-7.046337	-7.054500	-7.051567	-7.059388	-7.060738	-7.047397	-7.051632	-7.008185	-15.008398	-7.082390
2348.260000	-7.058305	-7.059030	-6.999402	-7.070428	-7.082016	-7.046705	-7.046333	-7.054513	-7.051573	-7.059387	-7.060745	-7.047393	-7.051632	-7.008203	-15.008566	-7.082367
2354.037000	-7.058300	-7.059041	-6.999422	-7.070444	-7.082003	-7.046713	-7.046336	-7.054499	-7.051576	-7.059376	-7.060748	-7.047392	-7.051642	-7.008177	-15.008516	-7.082396
2359.824000	-7.058290	-7.059038	-6.999422	-7.070429	-7.082030	-7.046708	-7.046323	-7.054492	-7.051596	-7.059366	-7.060735	-7.047402	-7.051659	-7.008225	-15.008385	-7.082373
2365.601000	-7.058295	-7.059039	-6.999445	-7.070428	-7.082022	-7.046722	-7.046338	-7.054507	-7.051585	-7.059379	-7.060739	-7.047385	-7.051640	-7.008207	-15.008536	-7.082361
2371.383000	-7.058295	-7.059053	-6.999444	-7.070415	-7.082019	-7.046708	-7.046323	-7.054494	-7.051565	-7.059357	-7.060755	-7.047379	-7.051664	-7.008228	-15.008377	-7.082367
2377.152000	-7.058297	-7.059045	-6.999448	-7.070418	-7.082012	-7.046703	-7.046328	-7.054520	-7.051572	-7.059357	-7.060751	-7.047387	-7.051645	-7.008222	-15.008322	-7.082370
2382.932000	-7.058282	-7.059034	-6.999430	-7.070430	-7.082020	-7.046694	-7.046327	-7.054507	-7.051579	-7.059370	-7.060726	-7.047383	-7.051657	-7.008226	-15.008605	-7.082368
2388.728000	-7.058294	-7.059021	-6.999430	-7.070431	-7.082006	-7.046721	-7.046317	-7.054505	-7.051561	-7.059365	-7.060738	-7.047376	-7.051639	-7.008215	-15.008647	-7.082385
2394.504000	-7.058284	-7.059035	-6.999436	-7.070435	-7.082018	-7.046713	-7.046325	-7.054491	-7.051564	-7.059367	-7.060730	-7.047402	-7.051643	-7.008223	-15.008524	-7.082373
2400.277000	-7.058290	-7.059032	-6.999435	-7.070432	-7.082014	-7.046691	-7.046324	-7.054496	-7.051560	-7.059361	-7.060719	-7.047363	-7.051641	-7.008223	-15.008369	-7.082392
2406.063000	-7.058280	-7.059032	-6.999440	-7.070432	-7.082019	-7.046690	-7.046321	-7.054479	-7.051574	-7.059354	-7.060726	-7.047400	-7.051638	-7.008221	-15.008419	-7.082373
2411.863000	-7.058287	-7.059022	-6.999427	-7.070441	-7.082000	-7.046686	-7.046326	-7.054488	-7.051538	-7.059353	-7.060724	-7.047393	-7.051643	-7.008218	-15.008332	-7.082370
2417.638000	-7.058274	-7.059005	-6.999402	-7.070435	-7.081952	-7.046677	-7.046308	-7.054504	-7.051504	-7.059339	-7.060667	-7.047379	-7.051657	-7.008298	-15.008453	-7.082366
2423.420000	-7.058273	-7.059005	-6.999402	-7.070442	-7.081953	-7.046743	-7.046301	-7.054535	-7.051537	-7.059377	-7.060668	-7.047405	-7.051664	-7.008321	-15.008344	-7.082342
2429.232000	-7.058318	-7.059010	-6.999400	-7.070467	-7.081996	-7.046885	-7.046332	-7.054552	-7.051609	-7.059473	-7.060693	-7.047479	-7.051672	-7.008334	-15.008384	-7.082293
2435.014000	-7.058429	-7.059005	-6.999406	-7.070457	-7.082050	-7.047119	-7.046393	-7.054539	-7.051629	-7.059631	-7.060790	-7.047517	-7.051690	-7.008298	-15.008587	-7.082270
2440.789000	-7.058549	-7.058986	-6.999404	-7.070467	-7.082086	-7.047385	-7.046467	-7.054501	-7.051620	-7.059681	-7.060908	-7.047488	-7.051662	-7.008277	-15.008663	-7.082240
2446.569000	-7.058720	-7.058968	-6.999368	-7.070444	-7.082089	-7.047695	-7.046623	-7.054476	-7.051587	-7.059670	-7.060919	-7.047478	-7.051643	-7.008238	-15.008510	-7.082213
2452.340000	-7.058938	-7.058939	-6.999314	-7.070437	-7.082103	-7.048045	-7.046695	-7.054449	-7.051538	-7.059643	-7.060925	-7.047455	-7.051641	-7.008202	-15.008457	-7.082165
2458.115000	-7.059176	-7.058919	-6.999264	-7.070395	-7.082084	-7.048385	-7.046706	-7.054410	-7.051510	-7.059600	-7.060890	-7.047413	-7.051648	-7.008165	-15.008516	-7.082146
2463.912000	-7.059428	-7.058902	-6.999240	-7.070357	-7.082098	-7.048751	-7.046673	-7.054362	-7.051464	-7.059549	-7.060867	-7.047392	-7.051598	-7.008114	-15.008483	-7.082116
2469.689000	-7.059698	-7.058887	-6.999202	-7.070314	-7.082086	-7.049105	-7.046643	-7.054350	-7.051468	-7.059511	-7.060874	-7.047377	-7.051574	-7.008086	-15.008478	-7.082100
2475.468000	-7.059965	-7.058850	-6.999162	-7.070279	-7.082077	-7.049474	-7.046623	-7.054339	-7.051437	-7.059500	-7.060857	-7.047324	-7.051559	-7.008044	-15.008429	-7.082100
2481.236000	-7.060271	-7.058825	-6.999126	-7.070261	-7.082091	-7.049815	-7.046605	-7.054299	-7.051408	-7.059481	-7.060825	-7.047335	-7.051576	-7.008040	-15.008603	-7.082089
2487.014000	-7.060563	-7.058822	-6.999096	-7.070248	-7.082053	-7.050156	-7.046601	-7.054279	-7.051416	-7.059453	-7.060807	-7.047311	-7.051559	-7.008003	-15.008806	-7.082058
2492.810000	-7.060839	-7.058809	-6.999092	-7.070203	-7.082050	-7.050472	-7.046556	-7.054261	-7.051401	-7.059422	-7.060790	-7.047312	-7.051554	-7.007987	-15.008676	-7.082043
2498.582000	-7.061122	-7.058799	-6.999059	-7.070171	-7.082057	-7.050777	-7.046545	-7.054233	-7.051391	-7.059421	-7.060792	-7.047287	-7.051533	-7.007976	-15.008716	-7.082055
2504.347000	-7.061404	-7.058764	-6.999055	-7.070160	-7.082052	-7.051034	-7.046530	-7.054208	-7.051382	-7.059418	-7.060763	-7.047305	-7.051551	-7.007932	-15.008723	-7.082039
2510.133000	-7.061663	-7.058745	-6.999044	-7.070136	-7.082052	-7.051297	-7.046530	-7.054204	-7.051358	-7.059377	-7.060782	-7.047293	-7.051539	-7.007921	-15.008750	-7.082020
2515.911000	-7.061926	-7.058733	-6.998999	-7.070115	-7.082038	-7.051538	-7.046509	-7.054183	-7.051379	-7.059354	-7.060754	-7.047292	-7.051528	-7.007924	-15.008651	-7.082023
2521.692000	-7.062156	-7.058749	-6.999017	-7.070107	-7.082048	-7.051768	-7.046493	-7.054192	-7.051374	-7.059342	-7.060749	-7.047262	-7.051540	-7.007904	-15.008609	-7.082016
2527.473000	-7.062375	-7.058716	-6.999021	-7.070091	-7.082033	-7.051966	-7.046484	-7.054192	-7.051367	-7.059337	-7.060737	-7.047289	-7.051519	-7.007881	-15.008747	-7.082006
2533.269000	-7.062614	-7.058719	-6.999003	-7.070085	-7.082046	-7.052141	-7.046493	-7.054183	-7.051359	-7.059319	-7.060750	-7.047264	-7.051517	-7.007873	-15.008615	-7.082011
2539.040000	-7.062822	-7.058720	-6.998991	-7.070075	-7.082056	-7.052316	-7.046490	-7.054180	-7.051357	-7.059328	-7.060718	-7.047269	-7.051514	-7.007861	-15.008755	-7.081991
2544.824000	-7.063016	-7.058713	-6.998996	-7.070052	-7.082045	-7.052437	-7.046488	-7.054171	-7.051341	-7.059317	-7.060728	-7.047266	-7.051537	-7.007852	-15.008636	-7.081989
2550.601000	-7.063199	-7.058693	-6.998980	-7.070048	-7.082049	-7.052594	-7.046486	-7.054162	-7.051342	-7.059325	-7.060733	-7.047263	-7.051512	-7.007850	-15.008639	-7.081993
2556.375000	-7.063378	-7.058701	-6.998983	-7.070038	-7.082036	-7.052701	-7.046471	-7.054171	-7.051350	-7.059321	-7.060726	-7.047263	-7.051512	-7.007855	-15.008888	-7.081978
2562.155000	-7.063533	-7.058702	-6.998965	-7.070042	-7.082044	-7.052821	-7.046481	-7.054178	-7.051339	-7.059318	-7.060727	-7.047267	-7.051516	-7.007860	-15.008686	-7.081985
2567.933000	-7.063673	-7.058698	-6.998970	-7.070024	-7.082029	-7.052917	-7.046465	-7.054169	-7.051358	-7.059308	-7.060701	-7.047245	-7.051511	-7.007849	-15.008675	-7.081975
2573.715000	-7.063821	-7.058683	-6.998968	-7.069999	-7.082022	-7.053018	-7.046459	-7.054166	-7.051367	-7.059282	-7.060727	-7.047253	-7.051511	-7.007832	-15.008864	-7.081974
2579.476000	-7.063928	-7.058690	-6.998968	-7.070001	-7.082041	-7.053066	-7.046476	-7.054160	-7.051335	-7.059315	-7.060717	-7.047245	-7.051510	-7.007852	-15.008729	-7.081971
2585.265000	-7.064029	-7.058678	-6.998974	-7.069996	-7.082035	-7.053167	-7.046479	-7.054157	-7.051368	-7.059292	-7.060734	-7.047223	-7.051498	-7.007839	-15.008761	-7.081976
2591.031000	-7.064146	-7.058691	-6.998962	-7.070000	-7.082027	-7.053227	-7.046457	-7.054153	-7.051346	-7.059283	-7.060713	-7.047243	-7.051497	-7.007851	-15.008755	-7.081968
2596.816000	-7.064260	-7.058675	-6.998960	-7.069978	-7.082039	-7.053286	-7.046452	-7.054140	-7.051344	-7.059276	-7.060716	-7.047244	-7.051499	-7.007838	-15.008735	-7.081975
2602.593000	-7.064337	-7.058672	-6.998960	-7.069991	-7.082031	-7.053349	-7.046442	-7.054157	-7.051337	-7.059270	-7.060720	-7.047253	-7.051495	-7.007836	-15.008606	-7.081983
2608.361000	-7.064428	-7.058689	-6.998961	-7.070006	-7.082037	-7.053392	-7.046455	-7.054162	-7.051340	-7.059276	-7.060723	-7.047242	-7.051495	-7.007830	-15.008742	-7.081974
2614.137000	-7.064494	-7.058686	-6.998952	-7.069987	-7.082051	-7.053437	-7.046441	-7.054144	-7.051342	-7.059270	-7.060724	-7.047226	-7.051497	-7.007843	-15.008568	-7.081967
2619.921000	-7.064578	-7.058688	-6.998947	-7.069990	-7.082050	-7.053468	-7.046449	-7.054153	-7.051349	-7.059264	-7.060732	-7.047249	-7.051482	-7.007832	-15.008625	-7.081973
2625.709000	-7.064637	-7.058678	-6.998940	-7.070001	-7.082056	-7.053504	-7.046438	-7.054140	-7.051333	-7.059271	-7.060706	-7.047246	-7.051490	-7.007840	-15.008783	-7.081961
2631.477000	-7.064695	-7.058678	-6.998935	-7.069987	-7.082029	-7.053550	-7.046436	-7.054158	-7.051327	-7.059262	-7.060702	-7.047251	-7.051503	-7.007835	-15.008884	-7.081985
2637.245000	-7.064766	-7.058684	-6.998941	-7.069974	-7.082045	-7.053592	-7.046444	-7.054124	-7.051325	-7.059268	-7.060705	-7.047249	-7.051515	-7.007825	-15.008681	-7.081969
2643.023000	-7.064805	-7.058677	-6.998920	-7.069989	-7.082035	-7.053599	-7.046440	-7.054139	-7.051343	-7.059268	-7.060700	-7.047234	-7.051485	-7.007819	-15.008559	-7.081962
2648.816000	-7.064864	-7.058654	-6.998922	-7.069972	-7.082028	-7.053643	-7.046455	-7.054143	-7.051338	-7.059270	-7.060709	-7.047223	-7.051490	-7.007815	-15.008710	-7.081942
2654.595000	-7.064892	-7.058679	-6.998920	-7.069972	-7.082023	-7.053657	-7.046438	-7.054138	-7.051326	-7.059278	-7.060720	-7.047233	-7.051498	-7.007822	-15.008842	-7.081968
2660.396000	-7.064939	-7.058674	-6.998906	-7.069984	-7.082023	-7.053683	-7.046437	-7.054131	-7.051332	-7.059271	-7.060709	-7.047228	-7.051487	-7.007817	-15.008681	-7.081958
2666.196000	-7.064987	-7.058656	-6.998907	-7.069983	-7.082020	-7.053709	-7.046440	-7.054124	-7.051345	-7.059264	-7.060713	-7.047227	-7.051495	-7.007800	-15.008683	-7.081941
2671.980000	-7.065007	-7.058671	-6.998935	-7.069981	-7.082037	-7.053722	-7.046444	-7.054141	-7.051348	-7.059275	-7.060704	-7.047216	-7.051517	-7.007824	-15.008630	-7.081956
2677.782000	-7.065053	-7.058665	-6.998916	-7.069983	-7.082054	-7.053730	-7.046447	-7.054128	-7.051334	-7.059270	-7.060708	-7.047203	-7.051507	-7.007807	-15.008834	-7.081963
2683.567000	-7.065080	-7.058669	-6.998941	-7.069980	-7.082041	-7.053742	-7.046448	-7.054131	-7.051353	-7.059273	-7.060711	-7.047214	-7.051494	-7.007803	-15.008735	-7.081941
2689.339000	-7.065090	-7.058662	-6.998936	-7.069985	-7.082048	-7.053759	-7.046444	-7.054134	-7.051348	-7.059270	-7.060712	-7.047221	-7.051485	-7.007805	-15.008675	-7.081951
2695.114000	-7.065113	-7.058663	-6.998934	-7.069967	-7.082049	-7.053783	-7.046443	-7.054131	-7.051339	-7.059258	-7.060712	-7.047208	-7.051484	-7.007799	-15.008643	-7.081947
2700.904000	-7.065148	-7.058672	-6.998935	-7.069953	-7.082045	-7.053790	-7.046439	-7.054133	-7.051342	-7.059264	-7.060694	-7.047227	-7.051489	-7.007802	-15.008713	-7.081952
2706.681000	-7.065159	-7.058661	-6.998916	-7.069962	-7.082034	-7.053832	-7.046431	-7.054131	-7.051352	-7.059268	-7.060703	-7.047225	-7.051484	-7.007802	-15.008660	-7.081953
2712.472000	-7.065179	-7.058661	-6.998930	-7.069965	-7.082006	-7.053827	-7.046434	-7.054133	-7.051358	-7.059263	-7.060695	-7.047230	-7.051487	-7.007803	-15.008559	-7.081946
2718.269000	-7.065197	-7.058662	-6.998919	-7.069952	-7.082027	-7.053852	-7.046431	-7.054141	-7.051363	-7.059266	-7.060682	-7.047211	-7.051491	-7.007789	-15.008603	-7.081963
2724.044000	-7.065223	-7.058663	-6.998928	-7.069954	-7.082029	-7.053855	-7.046430	-7.054146	-7.051337	-7.059260	-7.060707	-7.047212	-7.051489	-7.007803	-15.008591	-7.081960
2729.841000	-7.065248	-7.058648	-6.998917	-7.069976	-7.082024	-7.053868	-7.046436	-7.054137	-7.051333	-7.059284	-7.060708	-7.047204	-7.051507	-7.007805	-15.008449	-7.081949
2735.613000	-7.065268	-7.058659	-6.998906	-7.069972	-7.082033	-7.053874	-7.046420	-7.054138	-7.051342	-7.059278	-7.060696	-7.047200	-7.051486	-7.007785	-15.008499	-7.081962
2741.398000	-7.065280	-7.058643	-6.998930	-7.069969	-7.082020	-7.053870	-7.046439	-7.054156	-7.051331	-7.059290	-7.060708	-7.047221	-7.051478	-7.007792	-15.008576	-7.081941
2747.197000	-7.065304	-7.058650	-6.998911	-7.069965	-7.082033	-7.053883	-7.046435	-7.054151	-7.051331	-7.059267	-7.060687	-7.047219	-7.051484	-7.007817	-15.008324	-7.081945
2752.975000	-7.065314	-7.058658	-6.998917	-7.069965	-7.082044	-7.053897	-7.046427	-7.054135	-7.051329	-7.059260	-7.060705	-7.047216	-7.051484	-7.007796	-15.008496	-7.081961
2758.762000	-7.065330	-7.058663	-6.998922	-7.069961	-7.082051	-7.053908	-7.046451	-7.054125	-7.051316	-7.059241	-7.060687	-7.047209	-7.051504	-7.007789	-15.008386	-7.081967
2764.549000	-7.065338	-7.058662	-6.998916	-7.069950	-7.082047	-7.053909	-7.046444	-7.054140	-7.051324	-7.059270	-7.060691	-7.047209	-7.051513	-7.007798	-15.008314	-7.081940
2770.333000	-7.065342	-7.058661	-6.998923	-7.069958	-7.082032	-7.053929	-7.046450	-7.054135	-7.051327	-7.059263	-7.060680	-7.047222	-7.051510	-7.007797	-15.008288	-7.081966
2776.109000	-7.065378	-7.058665	-6.998934	-7.069977	-7.082031	-7.053930	-7.046436	-7.054141	-7.051327	-7.059274	-7.060695	-7.047218	-7.051496	-7.007787	-15.008293	-7.081963
2781.876000	-7.065367	-7.058660	-6.998923	-7.069980	-7.082014	-7.053940	-7.046442	-7.054137	-7.051335	-7.059261	-7.060685	-7.047218	-7.051502	-7.007807	-15.008575	-7.081955
2787.654000	-7.065385	-7.058654	-6.998927	-7.069961	-7.082033	-7.053946	-7.046436	-7.054136	-7.051335	-7.059254	-7.060689	-7.047201	-7.051503	-7.007783	-15.008632	-7.081964
2793.422000	-7.065393	-7.058629	-6.998922	-7.069946	-7.082029	-7.053946	-7.046441	-7.054122	-7.051326	-7.059247	-7.060690	-7.047207	-7.051492	-7.007794	-15.008564	-7.081953
2799.212000	-7.065388	-7.058654	-6.998925	-7.069973	-7.082012	-7.053955	-7.046436	-7.054136	-7.051319	-7.059233	-7.060696	-7.047227	-7.051503	-7.007785	-15.008526	-7.081959
2805.004000	-7.065398	-7.058643	-6.998918	-7.069954	-7.082014	-7.053958	-7.046436	-7.054118	-7.051332	-7.059260	-7.060693	-7.047219	-7.051500	-7.007789	-15.008573	-7.081981
2810.783000	-7.065416	-7.058633	-6.998935	-7.069965	-7.082030	-7.053970	-7.046434	-7.054120	-7.051330	-7.059266	-7.060699	-7.047209	-7.051505	-7.007785	-15.008528	-7.081971
2816.559000	-7.065416	-7.058647	-6.998924	-7.069946	-7.082043	-7.053963	-7.046435	-7.054126	-7.051313	-7.059250	-7.060694	-7.047224	-7.051510	-7.007797	-15.008630	-7.081964
2822.325000	-7.065428	-7.058636	-6.998914	-7.069955	-7.082038	-7.053975	-7.046424	-7.054129	-7.051304	-7.059266	-7.060691	-7.047216	-7.051496	-7.007792	-15.008430	-7.081965
2828.115000	-7.065439	-7.058656	-6.998929	-7.069951	-7.082009	-7.053989	-7.046422	-7.054136	-7.051318	-7.059248	-7.060691	-7.047221	-7.051498	-7.007788	-15.008730	-7.081954
2833.889000	-7.065431	-7.058654	-6.998913	-7.069968	-7.082020	-7.053992	-7.046443	-7.054134	-7.051316	-7.059267	-7.060698	-7.047210	-7.051483	-7.007795	-15.008613	-7.081960
2839.667000	-7.065460	-7.058642	-6.998912	-7.069948	-7.082034	-7.054007	-7.046419	-7.054129	-7.051338	-7.059252	-7.060690	-7.047220	-7.051514	-7.007813	-15.008933	-7.081961
2845.464000	-7.065475	-7.058648	-6.998923	-7.069942	-7.082022	-7.054007	-7.046446	-7.054111	-7.051321	-7.059266	-7.060684	-7.047207	-7.051494	-7.007796	-15.008854	-7.081965
2851.237000	-7.065484	-7.058638	-6.998920	-7.069974	-7.082037	-7.054017	-7.046439	-7.054126	-7.051327	-7.059246	-7.060669	-7.047209	-7.051497	-7.007774	-15.008937	-7.081971
2857.017000	-7.065470	-7.058646	-6.998926	-7.069950	-7.082041	-7.054020	-7.046437	-7.054131	-7.051323	-7.059248	-7.060699	-7.047221	-7.051491	-7.007791	-15.008826	-7.081960
2862.800000	-7.065490	-7.058649	-6.998924	-7.069958	-7.082043	-7.054026	-7.046426	-7.054143	-7.051330	-7.059246	-7.060676	-7.047202	-7.051502	-7.007774	-15.008646	-7.081947
2868.571000	-7.065477	-7.058654	-6.998923	-7.069963	-7.082047	-7.054027	-7.046430	-7.054128	-7.051325	-7.059241	-7.060674	-7.047205	-7.051500	-7.007790	-15.008720	-7.081960
2874.330000	-7.065483	-7.058648	-6.998917	-7.069956	-7.082053	-7.054018	-7.046431	-7.054142	-7.051333	-7.059256	-7.060697	-7.047199	-7.051513	-7.007801	-15.008638	-7.081957
2880.110000	-7.065494	-7.058650	-6.998933	-7.069930	-7.082027	-7.054022	-7.046433	-7.054133	-7.051353	-7.059255	-7.060693	-7.047218	-7.051511	-7.007789	-15.008806	-7.081966
2885.906000	-7.065493	-7.058662	-6.998919	-7.069948	-7.082037	-7.054026	-7.046416	-7.054127	-7.051309	-7.059266	-7.060691	-7.047206	-7.051509	-7.007791	-15.008816	-7.081945
2891.683000	-7.065493	-7.058646	-6.998910	-7.069967	-7.082040	-7.054028	-7.046435	-7.054122	-7.051315	-7.059263	-7.060680	-7.047219	-7.051509	-7.007790	-15.008776	-7.081969
2897.461000	-7.065517	-7.058640	-6.998926	-7.069942	-7.082027	-7.054046	-7.046434	-7.054100	-7.051324	-7.059266	-7.060712	-7.047217	-7.051490	-7.007785	-15.008759	-7.081964
2903.247000	-7.065498	-7.058653	-6.998911	-7.069948	-7.082047	-7.054031	-7.046425	-7.054131	-7.051319	-7.059270	-7.060696	-7.047221	-7.051489	-7.007777	-15.008703	-7.081956
2909.021000	-7.065511	-7.058672	-6.998921	-7.069943	-7.082049	-7.054047	-7.046426	-7.054118	-7.051309	-7.059246	-7.060694	-7.047219	-7.051488	-7.007779	-15.008708	-7.081977
	-7.065508	-7.058666	-6.998923	-7.069951	-7.082047											
