5.027000	-7.247090	-7.244512	-7.262804	-7.123372	-7.228712	-7.196207	-7.160363	-7.217527	-7.209629	-7.233845	-7.165668	-7.225225	-7.204319	-7.180699	-14.995944	-7.157041
25.047000	-7.247103	-7.244381	-7.262965	-7.122613	-7.228635	-7.195843	-7.159948	-7.217595	-7.209615	-7.233838	-7.165698	-7.225603	-7.204407	-7.180685	-14.995928	-7.156974
45.067000	-7.247060	-7.244392	-7.263098	-7.123338	-7.228652	-7.195886	-7.159876	-7.217200	-7.209538	-7.233868	-7.165632	-7.225130	-7.204259	-7.180534	-14.995895	-7.157111
65.097000	-7.246837	-7.244405	-7.262844	-7.123390	-7.228443	-7.196111	-7.160161	-7.217327	-7.209683	-7.233793	-7.165505	-7.225440	-7.204290	-7.180462	-14.995914	-7.156895
85.127000	-7.247341	-7.244414	-7.263137	-7.123154	-7.228491	-7.196122	-7.159905	-7.217287	-7.209555	-7.233848	-7.165408	-7.225583	-7.204280	-7.180571	-14.995883	-7.156905
105.120000	-7.247468	-7.244498	-7.262699	-7.123382	-7.228619	-7.195741	-7.159980	-7.217174	-7.209580	-7.233872	-7.165536	-7.225219	-7.204231	-7.180532	-14.995946	-7.157187
125.167000	-7.247476	-7.244528	-7.262790	-7.123051	-7.228399	-7.195892	-7.159947	-7.217334	-7.209615	-7.233874	-7.165298	-7.225278	-7.204251	-7.180667	-14.995902	-7.156896
145.237000	-7.247391	-7.244446	-7.263083	-7.123019	-7.228764	-7.196091	-7.159962	-7.217432	-7.209518	-7.233856	-7.165654	-7.225467	-7.204185	-7.180601	-14.995923	-7.156966
165.277000	-7.247023	-7.244319	-7.263128	-7.123145	-7.228460	-7.196014	-7.160133	-7.217300	-7.209546	-7.233859	-7.165332	-7.225444	-7.204185	-7.180593	-14.995911	-7.157075
185.307000	-7.247140	-7.244334	-7.263064	-7.122590	-7.228626	-7.195793	-7.159917	-7.217171	-7.209525	-7.233862	-7.165833	-7.225674	-7.204328	-7.180646	-14.995965	-7.157054
205.347000	-7.247618	-7.244282	-7.262719	-7.122571	-7.228390	-7.196112	-7.160182	-7.217507	-7.209485	-7.233869	-7.165709	-7.225284	-7.204173	-7.180792	-14.995909	-7.156883
225.347000	-7.247369	-7.244226	-7.262884	-7.123382	-7.228650	-7.195943	-7.160112	-7.217583	-7.209517	-7.233875	-7.165748	-7.225185	-7.204234	-7.180725	-14.995897	-7.157123
245.368000	-7.247032	-7.244407	-7.263121	-7.123473	-7.228577	-7.196173	-7.160107	-7.217312	-7.209493	-7.233875	-7.165634	-7.225368	-7.204323	-7.180587	-14.995886	-7.157072
265.387000	-7.247806	-7.244572	-7.263131	-7.123566	-7.228442	-7.195631	-7.159751	-7.217303	-7.209432	-7.233908	-7.165525	-7.226171	-7.204233	-7.180678	-14.995848	-7.156993
285.410000	-7.247525	-7.244318	-7.263517	-7.123348	-7.228106	-7.194206	-7.159819	-7.217190	-7.209222	-7.233885	-7.165590	-7.225763	-7.203826	-7.180393	-14.995923	-7.156789
305.447000	-7.248403	-7.244458	-7.264257	-7.123543	-7.228297	-7.193415	-7.159653	-7.216963	-7.209056	-7.234001	-7.165777	-7.225442	-7.203823	-7.180215	-14.995953	-7.156159
325.477000	-7.248298	-7.244411	-7.263884	-7.123223	-7.228484	-7.192773	-7.159127	-7.216705	-7.208880	-7.234219	-7.166135	-7.225178	-7.203531	-7.180287	-14.995990	-7.156305
345.487000	-7.247894	-7.244230	-7.264911	-7.123448	-7.228249	-7.192318	-7.159270	-7.216541	-7.209017	-7.234577	-7.165853	-7.225389	-7.203411	-7.180241	-14.995971	-7.156085
365.527000	-7.248420	-7.245027	-7.264985	-7.123359	-7.227881	-7.191628	-7.159135	-7.216512	-7.208803	-7.234819	-7.166034	-7.225949	-7.203480	-7.179961	-14.995986	-7.156278
385.587000	-7.247975	-7.244218	-7.265271	-7.123448	-7.227279	-7.191105	-7.158833	-7.216020	-7.208821	-7.235082	-7.166155	-7.225853	-7.203170	-7.180181	-14.996028	-7.156207
405.617000	-7.249006	-7.244667	-7.264574	-7.123301	-7.228085	-7.191862	-7.158779	-7.216154	-7.208653	-7.235320	-7.166307	-7.226284	-7.203193	-7.179936	-14.995975	-7.156356
425.657000	-7.248043	-7.244957	-7.265202	-7.123426	-7.228171	-7.191103	-7.158809	-7.216172	-7.208528	-7.235477	-7.166384	-7.225763	-7.203152	-7.179899	-14.996075	-7.156076
445.647000	-7.248633	-7.244560	-7.264278	-7.123661	-7.227824	-7.191958	-7.158950	-7.216431	-7.208465	-7.235630	-7.166660	-7.226920	-7.203208	-7.179829	-14.996076	-7.155973
465.717000	-7.248474	-7.245043	-7.265308	-7.123267	-7.227322	-7.190891	-7.158494	-7.216053	-7.208446	-7.235675	-7.166809	-7.225465	-7.203084	-7.179830	-14.996030	-7.156061
485.757000	-7.249229	-7.244616	-7.265361	-7.123367	-7.228040	-7.191467	-7.159203	-7.215672	-7.208525	-7.235756	-7.166459	-7.224951	-7.203013	-7.179998	-14.996067	-7.155598
505.787000	-7.249014	-7.244427	-7.265115	-7.122141	-7.227334	-7.191710	-7.158243	-7.215923	-7.208619	-7.235768	-7.166014	-7.225905	-7.202702	-7.180115	-14.996030	-7.156297
525.827000	-7.248680	-7.244743	-7.265909	-7.123380	-7.227825	-7.190849	-7.158772	-7.216028	-7.208410	-7.235833	-7.166243	-7.226556	-7.203040	-7.179913	-14.996005	-7.156564
545.867000	-7.248496	-7.244689	-7.266029	-7.121371	-7.227231	-7.191272	-7.158245	-7.215954	-7.208725	-7.235851	-7.166972	-7.225954	-7.202971	-7.180197	-14.996039	-7.155599
565.917000	-7.246871	-7.244711	-7.265197	-7.123519	-7.227663	-7.191723	-7.158699	-7.215502	-7.208488	-7.235908	-7.166529	-7.225429	-7.202908	-7.179972	-14.996030	-7.156112
585.947000	-7.249080	-7.244521	-7.265476	-7.122707	-7.227286	-7.190595	-7.158739	-7.215742	-7.208282	-7.235926	-7.167862	-7.225049	-7.202853	-7.179915	-14.996022	-7.156071
605.967000	-7.248853	-7.244792	-7.265202	-7.122727	-7.227829	-7.190705	-7.159115	-7.215777	-7.208664	-7.235906	-7.166753	-7.225480	-7.202790	-7.179924	-14.995976	-7.156341
625.998000	-7.249540	-7.244754	-7.265687	-7.121600	-7.228181	-7.191444	-7.158695	-7.215496	-7.208430	-7.235975	-7.166698	-7.225484	-7.203102	-7.179819	-14.996029	-7.156085
646.068000	-7.249051	-7.244777	-7.264775	-7.123109	-7.227857	-7.191784	-7.158346	-7.215531	-7.208480	-7.235932	-7.166733	-7.226269	-7.202901	-7.180064	-14.996016	-7.156166
666.097000	-7.248725	-7.244745	-7.265815	-7.121733	-7.228104	-7.190948	-7.158344	-7.215987	-7.208295	-7.235967	-7.166134	-7.225194	-7.203221	-7.179855	-14.996019	-7.156301
686.117000	-7.249034	-7.244538	-7.266419	-7.122991	-7.227854	-7.190567	-7.158656	-7.216248	-7.208435	-7.235984	-7.166727	-7.224830	-7.203078	-7.180095	-14.996009	-7.155540
706.137000	-7.248839	-7.244833	-7.265820	-7.122074	-7.227932	-7.191457	-7.158514	-7.215665	-7.208218	-7.235983	-7.165969	-7.225601	-7.202991	-7.179907	-14.996034	-7.155945
726.147000	-7.248864	-7.244273	-7.264981	-7.123237	-7.227357	-7.190061	-7.158874	-7.215554	-7.208192	-7.235978	-7.166536	-7.225832	-7.202916	-7.180045	-14.996019	-7.155990
746.187000	-7.248755	-7.245033	-7.265309	-7.123476	-7.227424	-7.190707	-7.158604	-7.215896	-7.208443	-7.235991	-7.167067	-7.226753	-7.202990	-7.179825	-14.995978	-7.156318
766.221000	-7.248345	-7.244086	-7.265616	-7.122749	-7.227927	-7.190143	-7.158463	-7.215692	-7.208470	-7.236004	-7.166660	-7.226187	-7.202949	-7.180249	-14.995988	-7.156016
786.237000	-7.248866	-7.244396	-7.265784	-7.123221	-7.227327	-7.190480	-7.157923	-7.215652	-7.208237	-7.236017	-7.166135	-7.226892	-7.203051	-7.179680	-14.996014	-7.156098
806.287000	-7.248137	-7.244641	-7.266892	-7.123325	-7.227345	-7.190678	-7.158624	-7.216065	-7.208473	-7.236019	-7.166104	-7.226155	-7.202889	-7.180109	-14.996028	-7.156046
826.317000	-7.248772	-7.244833	-7.266103	-7.123328	-7.227437	-7.190535	-7.158658	-7.215678	-7.208645	-7.236006	-7.166614	-7.225454	-7.202921	-7.180048	-14.996029	-7.156282
846.337000	-7.249205	-7.244552	-7.266043	-7.123447	-7.227265	-7.191080	-7.158804	-7.215915	-7.208441	-7.236046	-7.166373	-7.225519	-7.202772	-7.180299	-14.996003	-7.156464
866.367000	-7.248837	-7.244735	-7.265471	-7.122554	-7.227269	-7.190968	-7.158747	-7.215710	-7.208693	-7.236059	-7.166563	-7.225826	-7.203184	-7.179851	-14.996021	-7.155678
886.367000	-7.249009	-7.244491	-7.266244	-7.123741	-7.227857	-7.191025	-7.158499	-7.215924	-7.208705	-7.236045	-7.167078	-7.225684	-7.203115	-7.180024	-14.995960	-7.156285
906.367000	-7.248174	-7.244752	-7.264481	-7.123256	-7.227444	-7.190047	-7.158342	-7.215345	-7.208798	-7.236037	-7.166451	-7.225462	-7.202811	-7.180237	-14.995969	-7.156298
926.407000	-7.249149	-7.244515	-7.265287	-7.123693	-7.226936	-7.191122	-7.158845	-7.215684	-7.208541	-7.236056	-7.166423	-7.225466	-7.203061	-7.179844	-14.995964	-7.156516
946.407000	-7.248071	-7.244566	-7.265131	-7.122593	-7.227298	-7.191038	-7.158707	-7.215367	-7.208737	-7.236080	-7.166579	-7.225521	-7.203033	-7.180025	-14.995986	-7.156536
966.427000	-7.248354	-7.245093	-7.266010	-7.122822	-7.227815	-7.191397	-7.158450	-7.215802	-7.208595	-7.236046	-7.166513	-7.225498	-7.203200	-7.179869	-14.995919	-7.156169
986.417000	-7.248937	-7.244490	-7.266231	-7.122800	-7.227609	-7.190643	-7.158577	-7.215764	-7.208806	-7.236093	-7.166011	-7.225133	-7.202904	-7.179966	-14.995984	-7.156191
1006.427000	-7.248956	-7.244070	-7.265796	-7.123272	-7.227072	-7.190968	-7.158162	-7.215489	-7.208366	-7.236100	-7.166063	-7.225960	-7.202813	-7.179942	-14.996011	-7.155975
1026.417000	-7.248021	-7.244610	-7.266012	-7.122203	-7.228026	-7.190876	-7.157963	-7.215897	-7.208397	-7.236060	-7.167998	-7.225678	-7.202954	-7.179707	-14.995982	-7.155776
1046.420000	-7.249150	-7.244946	-7.265233	-7.122903	-7.227672	-7.190037	-7.158228	-7.215558	-7.208408	-7.236083	-7.166122	-7.226026	-7.202871	-7.180071	-14.995951	-7.156489
1066.437000	-7.248948	-7.244918	-7.266322	-7.123120	-7.227828	-7.190773	-7.158427	-7.215697	-7.208489	-7.236063	-7.166498	-7.226470	-7.202894	-7.179685	-14.996007	-7.155843
1086.477000	-7.248791	-7.244965	-7.265128	-7.123121	-7.227475	-7.190901	-7.158655	-7.216072	-7.208337	-7.236113	-7.166489	-7.225269	-7.202971	-7.180179	-14.995947	-7.156044
1106.467000	-7.248537	-7.244334	-7.265574	-7.122372	-7.227340	-7.190492	-7.158641	-7.216066	-7.208704	-7.236115	-7.166572	-7.225873	-7.203003	-7.180099	-14.995968	-7.155943
1126.457000	-7.249458	-7.244967	-7.265735	-7.124348	-7.227529	-7.191285	-7.158020	-7.215754	-7.208384	-7.236112	-7.167009	-7.225320	-7.203087	-7.180150	-14.995937	-7.156234
1146.437000	-7.247662	-7.244626	-7.264849	-7.122064	-7.227403	-7.190890	-7.158458	-7.215390	-7.208325	-7.236088	-7.166162	-7.226190	-7.202897	-7.179960	-14.995998	-7.155817
1166.427000	-7.248837	-7.244899	-7.265520	-7.122538	-7.228063	-7.191117	-7.158898	-7.215911	-7.208367	-7.236111	-7.166171	-7.224827	-7.203049	-7.180180	-14.995969	-7.156143
1186.437000	-7.248314	-7.244851	-7.266419	-7.123098	-7.227748	-7.190800	-7.158739	-7.215631	-7.208621	-7.236104	-7.166638	-7.226142	-7.202973	-7.179752	-14.995970	-7.155821
1206.477000	-7.248819	-7.244424	-7.265516	-7.121832	-7.227413	-7.190794	-7.158085	-7.215475	-7.208329	-7.236098	-7.166937	-7.226103	-7.202920	-7.180052	-14.995967	-7.156155
1226.493000	-7.248980	-7.244712	-7.265246	-7.122476	-7.227497	-7.190278	-7.158926	-7.215979	-7.208509	-7.236124	-7.166565	-7.226003	-7.203324	-7.179630	-14.995908	-7.155906
1246.507000	-7.247788	-7.244812	-7.265300	-7.122982	-7.227532	-7.190906	-7.158394	-7.215973	-7.208582	-7.236103	-7.166814	-7.226440	-7.202879	-7.179985	-14.995946	-7.155911
1266.555000	-7.249028	-7.244978	-7.265771	-7.123304	-7.227207	-7.191209	-7.157666	-7.215744	-7.208170	-7.236115	-7.166315	-7.225865	-7.202909	-7.179837	-14.995918	-7.155796
1286.557000	-7.248563	-7.244741	-7.266335	-7.122828	-7.227917	-7.190491	-7.158348	-7.215883	-7.208629	-7.236114	-7.166284	-7.226699	-7.202844	-7.179877	-14.995987	-7.156247
1306.607000	-7.248901	-7.244058	-7.265865	-7.122588	-7.227517	-7.190926	-7.158147	-7.215825	-7.208545	-7.236126	-7.166787	-7.225744	-7.203077	-7.180015	-14.995977	-7.156198
1326.647000	-7.248973	-7.244873	-7.265737	-7.123277	-7.227944	-7.190646	-7.158992	-7.215636	-7.208363	-7.236105	-7.167369	-7.225674	-7.203055	-7.179964	-14.996041	-7.156152
1346.687000	-7.249389	-7.244421	-7.265640	-7.122500	-7.227269	-7.191509	-7.158850	-7.215926	-7.208589	-7.236101	-7.166230	-7.226598	-7.203074	-7.179800	-14.995941	-7.156272
1366.687000	-7.248938	-7.244664	-7.266910	-7.122718	-7.227432	-7.190695	-7.158664	-7.216506	-7.208591	-7.236086	-7.167179	-7.226139	-7.202990	-7.179732	-14.995982	-7.155906
1386.687000	-7.247949	-7.244523	-7.266330	-7.122390	-7.227872	-7.191211	-7.158465	-7.216042	-7.208509	-7.236152	-7.165998	-7.226187	-7.202954	-7.180004	-14.995983	-7.155858
1406.687000	-7.249059	-7.244509	-7.265411	-7.122657	-7.227198	-7.191078	-7.158317	-7.215630	-7.208800	-7.236123	-7.166286	-7.225512	-7.202829	-7.180033	-14.996000	-7.155302
1426.717000	-7.248431	-7.244415	-7.266268	-7.123468	-7.227661	-7.191526	-7.158212	-7.215972	-7.208577	-7.236137	-7.166499	-7.225755	-7.202900	-7.179985	-14.995999	-7.155761
1446.727000	-7.249040	-7.244508	-7.266192	-7.122532	-7.227562	-7.190853	-7.158316	-7.215581	-7.208464	-7.236126	-7.166551	-7.225222	-7.203140	-7.179612	-14.995980	-7.156103
1466.747000	-7.248955	-7.244850	-7.265958	-7.122184	-7.227706	-7.191002	-7.157668	-7.215613	-7.208291	-7.236115	-7.166427	-7.226311	-7.202913	-7.179878	-14.995944	-7.156328
1486.727000	-7.249729	-7.244785	-7.265957	-7.122351	-7.227645	-7.191333	-7.158301	-7.215732	-7.208576	-7.236175	-7.166758	-7.225027	-7.202735	-7.180165	-14.995994	-7.156193
1506.747000	-7.248648	-7.244636	-7.266317	-7.121943	-7.227797	-7.191395	-7.157961	-7.215062	-7.208611	-7.236131	-7.165839	-7.225968	-7.202812	-7.180093	-14.995968	-7.156073
1526.727000	-7.247553	-7.244534	-7.264437	-7.123085	-7.228171	-7.193233	-7.158826	-7.216045	-7.208999	-7.234892	-7.166030	-7.225742	-7.203832	-7.180154	-14.995861	-7.156258
1546.737000	-7.247854	-7.244383	-7.263439	-7.122096	-7.227911	-7.194382	-7.159555	-7.216464	-7.209048	-7.234324	-7.165583	-7.225424	-7.203738	-7.180293	-14.995841	-7.156778
1566.777000	-7.247254	-7.244214	-7.263768	-7.121725	-7.228395	-7.195274	-7.159434	-7.217127	-7.209452	-7.234126	-7.165836	-7.225953	-7.204021	-7.180492	-14.995865	-7.156921
1586.807000	-7.246802	-7.244437	-7.263259	-7.122560	-7.227995	-7.195131	-7.159858	-7.217058	-7.209449	-7.234094	-7.165574	-7.225630	-7.203938	-7.180593	-14.995830	-7.157007
1606.857000	-7.247876	-7.244205	-7.263441	-7.123318	-7.228255	-7.195256	-7.159902	-7.217123	-7.209485	-7.234109	-7.165547	-7.225132	-7.203989	-7.180521	-14.995796	-7.156990
1626.917000	-7.246920	-7.243993	-7.263267	-7.123262	-7.228438	-7.195535	-7.159709	-7.217135	-7.209439	-7.234046	-7.165542	-7.225345	-7.204089	-7.180510	-14.995819	-7.156777
1646.957000	-7.247564	-7.244139	-7.263498	-7.122979	-7.228243	-7.195521	-7.159696	-7.217275	-7.209409	-7.234042	-7.165639	-7.225376	-7.204155	-7.180520	-14.995792	-7.157021
1666.997000	-7.247147	-7.244494	-7.263404	-7.122550	-7.228514	-7.195254	-7.160086	-7.217028	-7.209464	-7.234080	-7.165591	-7.225494	-7.204074	-7.180597	-14.995790	-7.157031
1687.037000	-7.246849	-7.244449	-7.262653	-7.123159	-7.228360	-7.195811	-7.159885	-7.217299	-7.209438	-7.234071	-7.165325	-7.225402	-7.204110	-7.180718	-14.995822	-7.156932
1707.057000	-7.247000	-7.244458	-7.262982	-7.123312	-7.228162	-7.195422	-7.159913	-7.217186	-7.209378	-7.234045	-7.165644	-7.225172	-7.204303	-7.180654	-14.995781	-7.157021
1727.057000	-7.247299	-7.244356	-7.263306	-7.123135	-7.228589	-7.195687	-7.159729	-7.217176	-7.209464	-7.234061	-7.165562	-7.225327	-7.204185	-7.180578	-14.995790	-7.156945
1747.077000	-7.246647	-7.244401	-7.262823	-7.122943	-7.228573	-7.195685	-7.159809	-7.217116	-7.209432	-7.234061	-7.165561	-7.225036	-7.204362	-7.180559	-14.995794	-7.157016
1767.138000	-7.246935	-7.244149	-7.262704	-7.123381	-7.228632	-7.195706	-7.159849	-7.217279	-7.209582	-7.234088	-7.165689	-7.225100	-7.204129	-7.180676	-14.995810	-7.156913
1787.157000	-7.247316	-7.244279	-7.263145	-7.122979	-7.228498	-7.195694	-7.160058	-7.217135	-7.209605	-7.234066	-7.166069	-7.225508	-7.204263	-7.180662	-14.995823	-7.156804
1807.188000	-7.247345	-7.244498	-7.263241	-7.122833	-7.228523	-7.195801	-7.159997	-7.217143	-7.209504	-7.234058	-7.165520	-7.225200	-7.204127	-7.180674	-14.995802	-7.157253
1827.247000	-7.246980	-7.244589	-7.262958	-7.122862	-7.228031	-7.195799	-7.159833	-7.217360	-7.209547	-7.234109	-7.165613	-7.225360	-7.204246	-7.180728	-14.995772	-7.157024
1847.257000	-7.247526	-7.244584	-7.262872	-7.122725	-7.228349	-7.195961	-7.159614	-7.217195	-7.209484	-7.234073	-7.165436	-7.225297	-7.204243	-7.180567	-14.995756	-7.157002
1867.277000	-7.246900	-7.244338	-7.263231	-7.122974	-7.228421	-7.196031	-7.159952	-7.217155	-7.209627	-7.234094	-7.165373	-7.225433	-7.204365	-7.180659	-14.995773	-7.157095
1887.349000	-7.247038	-7.244483	-7.262718	-7.122482	-7.228790	-7.195748	-7.159844	-7.217246	-7.209535	-7.234065	-7.165447	-7.225310	-7.204206	-7.180711	-14.995758	-7.157166
1907.397000	-7.246940	-7.244298	-7.262844	-7.123586	-7.228538	-7.195781	-7.159845	-7.217376	-7.209512	-7.234091	-7.165670	-7.225225	-7.204154	-7.180632	-14.995809	-7.156915
1927.427000	-7.246912	-7.244441	-7.263061	-7.122981	-7.228333	-7.195733	-7.159900	-7.217349	-7.209572	-7.234098	-7.165638	-7.225376	-7.204233	-7.180747	-14.995813	-7.156901
1947.467000	-7.247214	-7.244214	-7.263190	-7.123224	-7.228528	-7.195775	-7.159781	-7.217259	-7.209457	-7.234063	-7.165412	-7.225282	-7.204331	-7.180615	-14.995812	-7.157029
1967.487000	-7.247358	-7.244176	-7.262870	-7.122687	-7.228341	-7.195881	-7.159994	-7.217195	-7.209595	-7.234085	-7.165345	-7.225168	-7.204182	-7.180588	-14.995835	-7.157019
1987.487000	-7.247314	-7.244162	-7.262834	-7.123111	-7.228434	-7.196042	-7.159851	-7.217330	-7.209564	-7.234083	-7.165610	-7.225111	-7.204220	-7.180586	-14.995765	-7.157135
2007.527000	-7.246715	-7.244296	-7.261657	-7.122787	-7.228641	-7.197228	-7.160138	-7.217506	-7.209739	-7.233921	-7.165293	-7.225054	-7.204613	-7.180797	-14.995742	-7.157154
2027.557000	-7.246500	-7.244289	-7.261528	-7.123287	-7.228854	-7.198397	-7.160539	-7.218000	-7.210035	-7.234697	-7.165115	-7.225084	-7.204880	-7.180993	-14.995734	-7.157439
2047.617000	-7.246495	-7.244305	-7.261320	-7.123408	-7.229017	-7.198886	-7.160687	-7.218234	-7.210183	-7.235212	-7.165095	-7.225107	-7.205062	-7.181116	-14.995662	-7.157620
2067.677000	-7.246535	-7.244404	-7.261347	-7.123463	-7.229117	-7.199151	-7.160803	-7.218389	-7.210268	-7.235682	-7.165014	-7.225094	-7.205125	-7.181173	-14.995708	-7.157634
2087.717000	-7.246618	-7.244389	-7.261601	-7.123368	-7.229238	-7.199220	-7.160892	-7.218573	-7.210287	-7.235941	-7.164964	-7.225320	-7.205191	-7.181173	-14.995705	-7.157681
2107.757000	-7.246707	-7.244469	-7.261723	-7.123323	-7.229265	-7.199336	-7.160884	-7.218796	-7.210336	-7.236134	-7.164960	-7.225366	-7.205231	-7.181207	-14.995683	-7.157728
2127.807000	-7.246834	-7.244537	-7.261876	-7.123389	-7.229304	-7.199400	-7.160916	-7.218976	-7.210393	-7.236274	-7.164970	-7.225444	-7.205245	-7.181152	-14.995709	-7.157751
2147.867000	-7.246911	-7.244651	-7.261873	-7.123369	-7.229393	-7.199375	-7.160919	-7.219065	-7.210425	-7.236355	-7.164928	-7.225537	-7.205245	-7.181213	-14.995712	-7.157709
2167.917000	-7.247045	-7.244707	-7.261919	-7.123348	-7.229413	-7.199401	-7.160983	-7.219144	-7.210444	-7.236453	-7.164972	-7.225615	-7.205303	-7.181220	-14.995728	-7.157724
2187.947000	-7.247050	-7.244748	-7.262034	-7.123271	-7.229488	-7.199452	-7.161002	-7.219235	-7.210473	-7.236503	-7.164959	-7.225689	-7.205355	-7.181221	-14.995693	-7.157775
2208.007000	-7.247115	-7.244803	-7.262040	-7.123271	-7.229534	-7.199511	-7.161044	-7.219265	-7.210463	-7.236564	-7.164957	-7.225750	-7.205385	-7.181229	-14.995601	-7.157763
2228.017000	-7.247219	-7.244832	-7.262022	-7.123349	-7.229516	-7.199523	-7.161031	-7.219318	-7.210495	-7.236606	-7.164903	-7.225766	-7.205355	-7.181290	-14.995636	-7.157784
2248.027000	-7.247198	-7.244856	-7.262064	-7.123348	-7.229579	-7.199505	-7.161033	-7.219349	-7.210516	-7.236627	-7.164958	-7.225800	-7.205393	-7.181248	-14.995648	-7.157787
2268.057000	-7.247287	-7.244888	-7.262106	-7.123404	-7.229622	-7.199591	-7.161026	-7.219372	-7.210565	-7.236632	-7.164938	-7.225823	-7.205402	-7.181278	-14.995703	-7.157758
2288.067000	-7.247284	-7.244873	-7.262112	-7.123186	-7.229603	-7.199574	-7.161037	-7.219441	-7.210579	-7.236640	-7.164952	-7.225824	-7.205449	-7.181261	-14.995643	-7.157774
2308.097000	-7.247357	-7.244976	-7.262129	-7.123374	-7.229597	-7.199633	-7.161025	-7.219452	-7.210557	-7.236687	-7.164891	-7.225889	-7.205443	-7.181226	-14.995647	-7.157830
2328.137000	-7.247337	-7.244974	-7.262159	-7.123244	-7.229671	-7.199592	-7.161039	-7.219490	-7.210583	-7.236710	-7.164945	-7.225944	-7.205470	-7.181263	-14.995660	-7.157788
2348.177000	-7.247412	-7.244981	-7.262188	-7.123324	-7.229684	-7.199595	-7.161040	-7.219538	-7.210601	-7.236706	-7.164933	-7.225935	-7.205540	-7.181285	-14.995627	-7.157827
2368.227000	-7.247375	-7.245004	-7.262207	-7.123419	-7.229660	-7.199619	-7.161077	-7.219525	-7.210619	-7.236744	-7.164925	-7.225906	-7.205495	-7.181254	-14.995656	-7.157804
2388.217000	-7.247474	-7.245020	-7.262189	-7.123265	-7.229696	-7.199653	-7.161041	-7.219548	-7.210612	-7.236745	-7.164946	-7.225952	-7.205492	-7.181299	-14.995691	-7.157840
2408.267000	-7.247461	-7.245038	-7.262224	-7.123269	-7.229717	-7.199596	-7.161086	-7.219593	-7.210643	-7.236754	-7.164914	-7.225953	-7.205536	-7.181312	-14.995676	-7.157807
2428.287000	-7.247440	-7.245058	-7.262233	-7.123197	-7.229707	-7.199644	-7.161093	-7.219625	-7.210631	-7.236786	-7.164940	-7.225999	-7.205522	-7.181267	-14.995691	-7.157848
2448.337000	-7.247441	-7.245094	-7.262229	-7.123316	-7.229734	-7.199665	-7.161095	-7.219614	-7.210639	-7.236815	-7.164914	-7.225971	-7.205570	-7.181294	-14.995688	-7.157800
2468.397000	-7.247486	-7.245081	-7.262224	-7.123261	-7.229740	-7.199676	-7.161065	-7.219666	-7.210660	-7.236819	-7.164890	-7.226106	-7.205570	-7.181282	-14.995664	-7.157832
2488.407000	-7.247525	-7.245102	-7.262243	-7.123233	-7.229810	-7.199689	-7.161094	-7.219671	-7.210656	-7.236808	-7.164929	-7.226026	-7.205575	-7.181291	-14.995683	-7.157841
2508.457000	-7.247486	-7.245119	-7.262313	-7.123262	-7.229809	-7.199679	-7.161180	-7.219648	-7.210667	-7.236824	-7.164969	-7.226029	-7.205547	-7.181293	-14.995673	-7.157865
2528.497000	-7.247520	-7.245095	-7.262287	-7.123426	-7.229744	-7.199779	-7.161115	-7.219687	-7.210653	-7.236827	-7.164920	-7.226047	-7.205555	-7.181317	-14.995727	-7.157841
2548.507000	-7.247549	-7.245152	-7.262289	-7.123189	-7.229789	-7.199710	-7.161112	-7.219711	-7.210646	-7.236840	-7.164926	-7.226061	-7.205602	-7.181323	-14.995639	-7.157834
2568.557000	-7.247488	-7.245133	-7.262333	-7.123312	-7.229803	-7.199740	-7.161106	-7.219736	-7.210657	-7.236842	-7.164920	-7.226109	-7.205590	-7.181272	-14.995654	-7.157810
2588.557000	-7.247591	-7.245138	-7.262327	-7.123298	-7.229771	-7.199759	-7.161122	-7.219777	-7.210636	-7.236865	-7.164931	-7.226105	-7.205615	-7.181287	-14.995654	-7.157833
2608.577000	-7.247576	-7.245148	-7.262284	-7.123262	-7.229798	-7.199735	-7.161117	-7.219692	-7.210659	-7.236872	-7.164920	-7.226146	-7.205589	-7.181331	-14.995630	-7.157888
2628.577000	-7.247553	-7.245155	-7.262338	-7.123420	-7.229837	-7.199747	-7.161079	-7.219720	-7.210691	-7.236903	-7.164947	-7.226109	-7.205587	-7.181337	-14.995709	-7.157856
2648.637000	-7.247541	-7.245178	-7.262341	-7.123315	-7.229816	-7.199764	-7.161111	-7.219719	-7.210686	-7.236881	-7.164908	-7.226145	-7.205610	-7.181295	-14.995631	-7.157836
2668.637000	-7.247600	-7.245196	-7.262332	-7.123312	-7.229852	-7.199772	-7.161070	-7.219809	-7.210687	-7.236905	-7.164912	-7.226148	-7.205621	-7.181302	-14.995597	-7.157848
2688.657000	-7.247577	-7.245204	-7.262320	-7.123251	-7.229861	-7.199748	-7.161077	-7.219775	-7.210719	-7.236887	-7.164911	-7.226198	-7.205621	-7.181314	-14.995607	-7.157847
2708.687000	-7.247628	-7.245198	-7.262345	-7.123338	-7.229865	-7.199709	-7.161088	-7.219781	-7.210702	-7.236870	-7.164932	-7.226148	-7.205641	-7.181273	-14.995669	-7.157904
2728.747000	-7.247566	-7.245166	-7.262368	-7.123190	-7.229854	-7.199720	-7.161103	-7.219808	-7.210709	-7.236884	-7.164918	-7.226171	-7.205645	-7.181296	-14.995627	-7.157880
2748.817000	-7.247574	-7.245160	-7.262334	-7.123317	-7.229884	-7.199791	-7.161093	-7.219798	-7.210737	-7.236909	-7.164954	-7.226146	-7.205669	-7.181282	-14.995667	-7.157869
2768.838000	-7.247633	-7.245167	-7.262401	-7.123284	-7.229842	-7.199769	-7.161097	-7.219792	-7.210749	-7.236922	-7.164914	-7.226188	-7.205654	-7.181293	-14.995650	-7.157893
2788.847000	-7.247562	-7.245162	-7.262357	-7.123418	-7.229888	-7.199814	-7.161127	-7.219807	-7.210721	-7.236923	-7.164959	-7.226163	-7.205651	-7.181317	-14.995650	-7.157914
2808.847000	-7.247654	-7.245188	-7.262343	-7.123164	-7.229862	-7.199750	-7.161087	-7.219836	-7.210726	-7.236900	-7.164930	-7.226176	-7.205579	-7.181294	-14.995657	-7.157863
2828.867000	-7.247609	-7.245212	-7.262382	-7.123144	-7.229868	-7.199766	-7.161096	-7.219842	-7.210717	-7.236902	-7.164944	-7.226191	-7.205648	-7.181340	-14.995648	-7.157880
2848.907000	-7.247618	-7.245206	-7.262396	-7.123311	-7.229866	-7.199763	-7.161088	-7.219854	-7.210713	-7.236892	-7.164896	-7.226176	-7.205655	-7.181306	-14.995695	-7.157863
2868.917000	-7.247637	-7.245216	-7.262382	-7.123201	-7.229883	-7.199789	-7.161168	-7.219834	-7.210737	-7.236953	-7.164929	-7.226167	-7.205655	-7.181294	-14.995680	-7.157898
2888.927000	-7.247701	-7.245213	-7.262365	-7.123274	-7.229847	-7.199787	-7.161095	-7.219800	-7.210742	-7.236960	-7.164928	-7.226188	-7.205647	-7.181288	-14.995690	-7.157888
2908.957000	-7.247636	-7.245225	-7.262421	-7.123142	-7.229875	-7.199823	-7.161136	-7.219810	-7.210724	-7.236912	-7.164942	-7.226199	-7.205669	-7.181306	-14.995636	-7.157949
2928.968000	-7.247660	-7.245246	-7.262407	-7.123231	-7.229888	-7.199792	-7.161090	-7.219836	-7.210760	-7.236940	-7.164957	-7.226258	-7.205670	-7.181325	-14.995668	-7.157877
2949.037000	-7.247643	-7.245191	-7.262415	-7.123360	-7.229938	-7.199768	-7.161129	-7.219819	-7.210772	-7.236938	-7.164932	-7.226220	-7.205646	-7.181287	-14.995628	-7.157865
2969.067000	-7.247621	-7.245215	-7.262422	-7.123327	-7.229917	-7.199767	-7.161126	-7.219841	-7.210777	-7.236989	-7.164933	-7.226219	-7.205660	-7.181324	-14.995643	-7.157874
2989.097000	-7.247678	-7.245244	-7.262322	-7.123382	-7.229907	-7.199791	-7.161124	-7.219880	-7.210725	-7.237011	-7.164999	-7.226197	-7.205644	-7.181310	-14.995655	-7.157869
3009.077000	-7.247656	-7.245290	-7.262413	-7.123170	-7.229881	-7.199823	-7.161159	-7.219866	-7.210729	-7.236974	-7.164938	-7.226216	-7.205672	-7.181312	-14.995663	-7.157884
3029.118000	-7.247674	-7.245259	-7.262451	-7.123363	-7.229943	-7.199794	-7.161122	-7.219881	-7.210740	-7.236999	-7.164925	-7.226259	-7.205623	-7.181315	-14.995641	-7.157846
3049.177000	-7.247682	-7.245263	-7.262381	-7.123309	-7.229907	-7.199790	-7.161098	-7.219885	-7.210731	-7.237003	-7.164921	-7.226261	-7.205636	-7.181355	-14.995630	-7.157884
3069.207000	-7.247625	-7.245223	-7.262446	-7.123358	-7.229902	-7.199763	-7.161122	-7.219879	-7.210749	-7.237004	-7.164944	-7.226254	-7.205689	-7.181322	-14.995637	-7.157903
3089.237000	-7.247784	-7.245250	-7.262455	-7.123288	-7.229901	-7.199802	-7.161151	-7.219872	-7.210766	-7.236988	-7.164919	-7.226174	-7.205663	-7.181282	-14.995634	-7.157871
3109.247000	-7.247700	-7.245277	-7.262467	-7.123354	-7.229883	-7.199839	-7.161130	-7.219907	-7.210728	-7.237005	-7.164953	-7.226210	-7.205698	-7.181308	-14.995621	-7.157877
3129.267000	-7.247681	-7.245267	-7.262417	-7.123375	-7.229944	-7.199784	-7.161144	-7.219884	-7.210720	-7.237018	-7.164888	-7.226241	-7.205662	-7.181315	-14.995653	-7.157904
3149.307000	-7.247733	-7.245297	-7.262420	-7.123178	-7.229921	-7.199789	-7.161145	-7.219864	-7.210772	-7.236996	-7.164930	-7.226300	-7.205669	-7.181322	-14.995631	-7.157906
3169.328000	-7.247685	-7.245280	-7.262480	-7.123360	-7.229899	-7.199855	-7.161150	-7.219854	-7.210748	-7.237025	-7.164923	-7.226262	-7.205701	-7.181293	-14.995676	-7.157900
3189.327000	-7.247644	-7.244625	-7.262208	-7.123395	-7.229226	-7.198474	-7.160907	-7.218979	-7.210240	-7.236508	-7.165086	-7.225542	-7.204977	-7.181068	-14.995645	-7.157684
3209.367000	-7.246872	-7.244305	-7.261948	-7.123343	-7.228935	-7.197609	-7.160673	-7.218013	-7.209846	-7.235372	-7.165374	-7.225124	-7.204692	-7.180870	-14.995670	-7.157429
3229.388000	-7.246974	-7.244373	-7.262187	-7.123503	-7.228842	-7.197150	-7.160393	-7.217914	-7.209735	-7.234725	-7.165340	-7.225143	-7.204688	-7.180830	-14.995720	-7.157440
3249.427000	-7.246853	-7.244390	-7.262472	-7.122476	-7.228653	-7.196883	-7.160290	-7.217752	-7.209740	-7.234463	-7.165429	-7.225093	-7.204566	-7.180785	-14.995697	-7.157166
3269.437000	-7.247205	-7.244172	-7.262435	-7.122784	-7.228595	-7.196641	-7.160273	-7.217655	-7.209677	-7.234303	-7.165446	-7.225459	-7.204462	-7.180718	-14.995696	-7.157126
3289.447000	-7.246985	-7.244201	-7.262620	-7.123197	-7.228622	-7.196718	-7.160122	-7.217609	-7.209675	-7.234230	-7.165434	-7.225054	-7.204681	-7.180691	-14.995674	-7.157072
3309.508000	-7.247071	-7.244401	-7.262443	-7.123450	-7.228681	-7.196625	-7.159800	-7.217560	-7.209651	-7.234182	-7.165451	-7.225415	-7.204444	-7.180664	-14.995718	-7.157192
3329.497000	-7.247102	-7.244429	-7.262514	-7.123426	-7.228498	-7.196492	-7.160134	-7.217570	-7.209614	-7.234156	-7.165276	-7.225091	-7.204445	-7.180646	-14.995679	-7.157079
3349.517000	-7.247050	-7.244361	-7.262366	-7.123214	-7.228531	-7.196344	-7.159974	-7.217809	-7.209573	-7.234162	-7.165407	-7.225003	-7.204441	-7.180710	-14.995750	-7.157068
3369.568000	-7.247040	-7.244237	-7.262308	-7.123045	-7.228782	-7.196438	-7.160355	-7.217510	-7.209565	-7.234148	-7.165500	-7.225191	-7.204433	-7.180628	-14.995727	-7.157028
3389.617000	-7.247341	-7.244307	-7.262453	-7.123026	-7.228539	-7.196481	-7.160210	-7.217574	-7.209683	-7.234115	-7.165638	-7.225245	-7.204475	-7.180645	-14.995716	-7.157132
3409.628000	-7.247177	-7.244284	-7.262745	-7.122311	-7.228567	-7.196348	-7.159863	-7.217640	-7.209654	-7.234114	-7.165490	-7.225162	-7.204431	-7.180685	-14.995756	-7.157000
3429.679000	-7.246932	-7.244232	-7.262528	-7.123107	-7.228485	-7.196770	-7.160206	-7.217525	-7.209647	-7.234070	-7.165314	-7.225093	-7.204426	-7.180668	-14.995766	-7.157012
3449.697000	-7.246714	-7.244445	-7.262734	-7.123295	-7.228662	-7.196505	-7.160201	-7.217501	-7.209696	-7.234081	-7.165378	-7.225495	-7.204395	-7.180764	-14.995762	-7.157008
3469.770000	-7.246858	-7.244330	-7.262375	-7.122490	-7.228590	-7.196240	-7.160001	-7.217255	-7.209568	-7.234104	-7.165360	-7.225425	-7.204525	-7.180745	-14.995747	-7.157100
3489.787000	-7.247338	-7.244121	-7.262522	-7.123211	-7.228469	-7.196189	-7.160156	-7.217368	-7.209600	-7.234054	-7.165268	-7.225269	-7.204449	-7.180706	-14.995719	-7.157161
3509.837000	-7.247220	-7.244245	-7.262749	-7.122685	-7.228449	-7.196544	-7.159935	-7.217497	-7.209555	-7.234051	-7.165331	-7.225007	-7.204472	-7.180658	-14.995764	-7.157288
3529.867000	-7.247198	-7.244277	-7.262705	-7.123406	-7.228218	-7.196292	-7.160067	-7.217413	-7.209510	-7.234080	-7.165463	-7.225091	-7.204375	-7.180744	-14.995734	-7.157128
3549.897000	-7.247427	-7.244301	-7.262678	-7.123487	-7.228549	-7.196296	-7.159936	-7.217599	-7.209580	-7.234062	-7.165573	-7.225488	-7.204395	-7.180685	-14.995739	-7.157142
3569.957000	-7.247066	-7.244366	-7.262421	-7.122256	-7.228560	-7.196274	-7.160233	-7.217564	-7.209607	-7.234072	-7.165424	-7.225404	-7.204357	-7.180693	-14.995753	-7.157230
3590.007000	-7.247369	-7.244313	-7.262591	-7.122609	-7.228456	-7.196048	-7.160145	-7.217359	-7.209526	-7.234093	-7.165320	-7.225590	-7.204382	-7.180682	-14.995757	-7.157303
3610.017000	-7.246914	-7.244196	-7.262920	-7.123529	-7.228604	-7.196491	-7.160090	-7.217460	-7.209592	-7.234024	-7.165538	-7.225348	-7.204481	-7.180796	-14.995746	-7.157141
3630.077000	-7.247359	-7.244380	-7.262281	-7.122813	-7.228596	-7.196234	-7.160015	-7.217519	-7.209579	-7.234087	-7.165463	-7.225279	-7.204367	-7.180705	-14.995749	-7.157133
3650.077000	-7.246939	-7.244327	-7.262592	-7.122992	-7.228502	-7.196342	-7.159929	-7.217223	-7.209617	-7.234040	-7.165523	-7.225609	-7.204394	-7.180817	-14.995745	-7.156988
3670.107000	-7.247194	-7.244303	-7.262567	-7.122785	-7.228556	-7.196266	-7.160156	-7.217408	-7.209559	-7.234045	-7.165616	-7.225004	-7.204402	-7.180745	-14.995759	-7.157027
3690.128000	-7.246856	-7.244277	-7.262507	-7.123469	-7.228450	-7.196383	-7.159990	-7.217374	-7.209528	-7.234032	-7.165370	-7.225313	-7.204343	-7.180727	-14.995760	-7.157122
3710.123000	-7.247044	-7.244381	-7.263024	-7.122546	-7.228567	-7.196129	-7.159804	-7.217535	-7.209669	-7.234042	-7.165823	-7.225164	-7.204398	-7.180768	-14.995765	-7.156965
3730.117000	-7.246750	-7.244381	-7.262295	-7.122958	-7.228520	-7.196277	-7.159894	-7.217507	-7.209616	-7.234014	-7.165470	-7.225310	-7.204393	-7.180707	-14.995756	-7.157087
3750.107000	-7.246937	-7.244024	-7.262692	-7.123162	-7.228292	-7.196103	-7.159885	-7.217398	-7.209617	-7.234042	-7.165581	-7.225095	-7.204388	-7.180736	-14.995758	-7.157052
3770.097000	-7.246926	-7.244308	-7.262509	-7.123135	-7.228469	-7.196149	-7.159858	-7.217426	-7.209666	-7.234061	-7.165864	-7.225394	-7.204430	-7.180766	-14.995708	-7.157133
3790.127000	-7.247031	-7.244177	-7.262961	-7.123201	-7.228589	-7.196489	-7.159861	-7.217358	-7.209637	-7.234069	-7.165511	-7.225392	-7.204267	-7.180713	-14.995717	-7.157230
3810.178000	-7.246960	-7.244245	-7.262582	-7.122237	-7.228689	-7.196046	-7.160136	-7.217254	-7.209574	-7.234040	-7.165565	-7.225420	-7.204411	-7.180531	-14.995748	-7.157054
3830.228000	-7.247432	-7.244171	-7.262545	-7.123142	-7.228600	-7.196184	-7.159979	-7.217442	-7.209477	-7.234027	-7.165437	-7.225302	-7.204281	-7.180825	-14.995706	-7.156876
3850.267000	-7.246933	-7.244510	-7.262635	-7.122672	-7.228709	-7.196261	-7.160000	-7.217399	-7.209554	-7.234020	-7.165529	-7.225268	-7.204337	-7.180730	-14.995719	-7.157167
3870.317000	-7.247242	-7.244309	-7.262885	-7.122541	-7.228400	-7.196136	-7.160073	-7.217342	-7.209605	-7.234025	-7.165743	-7.225226	-7.204331	-7.180591	-14.995765	-7.157077
3890.367000	-7.247159	-7.244373	-7.262827	-7.122597	-7.228571	-7.195977	-7.159925	-7.217528	-7.209612	-7.234044	-7.165464	-7.225174	-7.204249	-7.180666	-14.995722	-7.157019
3910.418000	-7.247002	-7.244454	-7.262286	-7.123296	-7.228565	-7.196130	-7.160059	-7.217372	-7.209600	-7.234004	-7.165520	-7.225232	-7.204332	-7.180822	-14.995756	-7.157238
3930.478000	-7.246249	-7.244257	-7.260901	-7.123489	-7.229160	-7.199557	-7.160716	-7.218200	-7.210208	-7.234684	-7.164919	-7.224876	-7.205160	-7.181124	-14.995682	-7.157577
3950.497000	-7.246492	-7.244991	-7.262633	-7.123453	-7.229903	-7.200255	-7.161026	-7.219533	-7.210875	-7.236277	-7.164863	-7.226256	-7.205647	-7.181350	-14.995560	-7.157902
3970.527000	-7.247653	-7.246077	-7.263866	-7.123356	-7.230652	-7.200626	-7.161288	-7.220905	-7.211406	-7.237367	-7.164978	-7.227451	-7.206069	-7.181563	-14.995652	-7.158152
3990.567000	-7.248731	-7.246685	-7.264445	-7.123279	-7.231213	-7.200775	-7.161516	-7.221776	-7.211673	-7.238072	-7.165060	-7.228083	-7.206382	-7.181766	-14.995612	-7.158341
4010.628000	-7.249427	-7.247104	-7.264795	-7.123241	-7.231471	-7.200995	-7.161675	-7.222276	-7.211902	-7.238562	-7.165154	-7.228555	-7.206641	-7.181803	-14.995599	-7.158474
4030.648000	-7.249919	-7.247389	-7.264980	-7.123203	-7.231669	-7.201167	-7.161817	-7.222659	-7.212057	-7.238922	-7.165145	-7.228832	-7.206835	-7.181915	-14.995582	-7.158568
4050.697000	-7.250241	-7.247586	-7.265175	-7.123245	-7.231812	-7.201170	-7.161862	-7.222856	-7.212107	-7.239170	-7.165165	-7.229027	-7.207028	-7.181952	-14.995579	-7.158609
4070.727000	-7.250444	-7.247744	-7.265270	-7.123193	-7.231965	-7.201185	-7.161911	-7.223067	-7.212238	-7.239309	-7.165185	-7.229129	-7.207118	-7.182019	-14.995582	-7.158681
4090.770000	-7.250621	-7.247844	-7.265375	-7.123203	-7.232018	-7.201186	-7.161929	-7.223171	-7.212282	-7.239420	-7.165142	-7.229267	-7.207220	-7.182040	-14.995544	-7.158707
4110.817000	-7.250796	-7.247892	-7.265423	-7.123210	-7.232092	-7.201348	-7.162030	-7.223271	-7.212292	-7.239531	-7.165231	-7.229359	-7.207281	-7.182036	-14.995573	-7.158713
4130.827000	-7.250781	-7.248013	-7.265464	-7.123153	-7.232157	-7.201299	-7.161968	-7.223341	-7.212346	-7.239535	-7.165238	-7.229372	-7.207361	-7.182052	-14.995559	-7.158724
4150.817000	-7.250946	-7.248006	-7.265582	-7.123070	-7.232147	-7.201413	-7.162001	-7.223397	-7.212364	-7.239637	-7.165225	-7.229511	-7.207389	-7.182084	-14.995577	-7.158719
4170.857000	-7.251023	-7.248091	-7.265634	-7.123133	-7.232221	-7.201342	-7.162019	-7.223493	-7.212405	-7.239686	-7.165215	-7.229556	-7.207437	-7.182095	-14.995617	-7.158718
4190.897000	-7.251077	-7.248152	-7.265600	-7.123106	-7.232178	-7.201493	-7.162048	-7.223544	-7.212401	-7.239743	-7.165207	-7.229554	-7.207469	-7.182105	-14.995606	-7.158714
4210.927000	-7.251124	-7.248204	-7.265642	-7.123082	-7.232276	-7.201504	-7.162067	-7.223636	-7.212466	-7.239791	-7.165187	-7.229598	-7.207446	-7.182114	-14.995585	-7.158763
4230.937000	-7.251207	-7.248245	-7.265750	-7.123187	-7.232311	-7.201484	-7.162087	-7.223588	-7.212493	-7.239825	-7.165226	-7.229643	-7.207533	-7.182131	-14.995593	-7.158802
4250.957000	-7.251273	-7.248266	-7.265742	-7.123063	-7.232342	-7.201492	-7.162107	-7.223673	-7.212495	-7.239840	-7.165226	-7.229649	-7.207539	-7.182169	-14.995574	-7.158795
4270.977000	-7.251192	-7.248280	-7.265814	-7.123064	-7.232321	-7.201472	-7.162057	-7.223699	-7.212490	-7.239890	-7.165258	-7.229686	-7.207544	-7.182136	-14.995568	-7.158823
4291.028000	-7.251191	-7.248343	-7.265792	-7.123220	-7.232383	-7.201477	-7.162099	-7.223702	-7.212519	-7.239914	-7.165233	-7.229695	-7.207546	-7.182182	-14.995568	-7.158827
4311.078000	-7.251239	-7.248304	-7.265812	-7.123313	-7.232374	-7.201514	-7.162076	-7.223757	-7.212541	-7.239925	-7.165238	-7.229778	-7.207581	-7.182208	-14.995578	-7.158792
4331.108000	-7.251219	-7.248362	-7.265828	-7.123260	-7.232412	-7.201540	-7.162119	-7.223761	-7.212585	-7.239939	-7.165265	-7.229723	-7.207601	-7.182152	-14.995569	-7.158847
4351.137000	-7.251305	-7.248396	-7.265775	-7.123165	-7.232452	-7.201574	-7.162149	-7.223786	-7.212564	-7.239983	-7.165242	-7.229810	-7.207605	-7.182185	-14.995548	-7.158857
4371.197000	-7.251332	-7.248392	-7.265901	-7.123069	-7.232414	-7.201612	-7.162084	-7.223794	-7.212580	-7.239985	-7.165235	-7.229790	-7.207618	-7.182188	-14.995613	-7.158822
4391.238000	-7.251380	-7.248393	-7.265914	-7.123159	-7.232435	-7.201633	-7.162157	-7.223843	-7.212577	-7.239988	-7.165251	-7.229859	-7.207668	-7.182181	-14.995574	-7.158855
4411.227000	-7.251317	-7.248395	-7.265875	-7.123239	-7.232449	-7.201607	-7.162158	-7.223844	-7.212567	-7.240003	-7.165255	-7.229865	-7.207639	-7.182208	-14.995567	-7.158869
4431.198000	-7.251374	-7.248448	-7.265871	-7.123282	-7.232475	-7.201608	-7.162209	-7.223847	-7.212573	-7.240017	-7.165206	-7.229847	-7.207632	-7.182196	-14.995574	-7.158825
4451.207000	-7.251408	-7.248424	-7.265936	-7.123155	-7.232521	-7.201691	-7.162195	-7.223879	-7.212602	-7.240014	-7.165238	-7.229957	-7.207680	-7.182208	-14.995521	-7.158846
4471.237000	-7.251440	-7.248504	-7.265934	-7.123173	-7.232537	-7.201649	-7.162173	-7.223865	-7.212645	-7.240033	-7.165246	-7.229910	-7.207663	-7.182213	-14.995554	-7.158912
4491.277000	-7.251432	-7.248467	-7.265975	-7.123210	-7.232589	-7.201628	-7.162123	-7.223915	-7.212634	-7.240033	-7.165239	-7.229914	-7.207666	-7.182202	-14.995548	-7.158906
4511.297000	-7.251445	-7.248512	-7.265948	-7.123131	-7.232544	-7.201649	-7.162146	-7.223913	-7.212643	-7.240047	-7.165235	-7.229934	-7.207690	-7.182223	-14.995537	-7.158885
4531.327000	-7.251460	-7.248501	-7.266008	-7.123274	-7.232577	-7.201645	-7.162167	-7.223885	-7.212650	-7.240073	-7.165279	-7.229934	-7.207682	-7.182253	-14.995531	-7.158848
4551.357000	-7.251484	-7.248520	-7.265981	-7.123132	-7.232613	-7.201657	-7.162169	-7.223911	-7.212682	-7.240097	-7.165210	-7.229962	-7.207715	-7.182228	-14.995541	-7.158865
4571.377000	-7.251508	-7.248543	-7.265945	-7.123108	-7.232602	-7.201689	-7.162120	-7.223934	-7.212658	-7.240060	-7.165267	-7.229954	-7.207737	-7.182241	-14.995552	-7.158954
4591.408000	-7.251508	-7.248520	-7.265995	-7.123237	-7.232592	-7.201705	-7.162162	-7.223985	-7.212687	-7.240056	-7.165259	-7.230005	-7.207731	-7.182231	-14.995513	-7.158887
4611.447000	-7.251460	-7.248546	-7.265993	-7.123205	-7.232633	-7.201702	-7.162155	-7.223996	-7.212693	-7.240044	-7.165264	-7.229992	-7.207720	-7.182223	-14.995562	-7.158842
4631.477000	-7.251547	-7.248546	-7.266001	-7.123135	-7.232601	-7.201663	-7.162174	-7.223951	-7.212704	-7.240076	-7.165263	-7.230016	-7.207742	-7.182237	-14.995545	-7.158909
4651.527000	-7.251538	-7.248550	-7.265970	-7.123194	-7.232598	-7.201653	-7.162187	-7.223994	-7.212719	-7.240090	-7.165215	-7.229990	-7.207702	-7.182229	-14.995531	-7.158911
4671.577000	-7.251510	-7.248566	-7.265985	-7.123145	-7.232642	-7.201699	-7.162181	-7.224021	-7.212693	-7.240083	-7.165263	-7.230022	-7.207727	-7.182245	-14.995556	-7.158867
4691.610000	-7.251496	-7.248564	-7.265990	-7.123143	-7.232655	-7.201647	-7.162179	-7.224021	-7.212672	-7.240105	-7.165254	-7.229990	-7.207748	-7.182234	-14.995530	-7.158898
4711.637000	-7.251548	-7.248575	-7.266043	-7.123088	-7.232657	-7.201665	-7.162170	-7.224075	-7.212717	-7.240120	-7.165260	-7.230089	-7.207723	-7.182193	-14.995483	-7.158895
4731.627000	-7.251517	-7.248588	-7.266023	-7.123187	-7.232637	-7.201694	-7.162235	-7.224065	-7.212700	-7.240133	-7.165221	-7.230045	-7.207724	-7.182229	-14.995573	-7.158893
4751.677000	-7.251567	-7.248538	-7.266008	-7.123066	-7.232650	-7.201720	-7.162157	-7.224041	-7.212704	-7.240123	-7.165275	-7.230060	-7.207739	-7.182217	-14.995569	-7.158892
4771.687000	-7.251597	-7.248627	-7.266023	-7.123169	-7.232626	-7.201728	-7.162188	-7.224081	-7.212703	-7.240105	-7.165267	-7.230070	-7.207723	-7.182248	-14.995557	-7.158918
4791.727000	-7.251262	-7.247362	-7.265040	-7.122914	-7.231613	-7.199548	-7.161617	-7.222123	-7.211521	-7.238853	-7.165207	-7.228257	-7.206342	-7.181530	-14.995560	-7.158336
4811.778000	-7.248448	-7.244819	-7.261684	-7.123337	-7.229398	-7.198570	-7.161102	-7.219093	-7.210294	-7.236696	-7.164990	-7.225422	-7.205212	-7.181031	-14.995599	-7.157819
4831.827000	-7.247021	-7.244322	-7.261901	-7.123426	-7.228974	-7.197805	-7.160601	-7.218033	-7.209979	-7.235562	-7.165228	-7.225395	-7.204833	-7.180895	-14.995644	-7.157442
4851.847000	-7.247254	-7.244201	-7.261911	-7.123182	-7.228841	-7.197352	-7.160302	-7.217875	-7.209854	-7.234899	-7.165241	-7.224922	-7.204696	-7.180757	-14.995669	-7.157317
4871.877000	-7.247210	-7.244309	-7.262207	-7.123370	-7.228753	-7.197117	-7.160322	-7.217732	-7.209814	-7.234557	-7.165230	-7.225284	-7.204732	-7.180791	-14.995657	-7.157199
4891.917000	-7.247195	-7.244214	-7.262185	-7.122994	-7.228641	-7.197198	-7.160378	-7.217700	-7.209827	-7.234358	-7.165178	-7.225157	-7.204681	-7.180694	-14.995661	-7.157304
4911.960000	-7.246846	-7.244339	-7.262195	-7.123410	-7.228799	-7.197025	-7.160181	-7.217667	-7.209812	-7.234240	-7.165288	-7.225025	-7.204528	-7.180726	-14.995660	-7.157352
4932.007000	-7.247279	-7.244209	-7.262200	-7.122931	-7.228924	-7.196886	-7.160157	-7.217551	-7.209764	-7.234170	-7.165376	-7.225056	-7.204559	-7.180718	-14.995712	-7.157218
4952.007000	-7.246977	-7.244259	-7.262296	-7.123291	-7.228501	-7.196724	-7.160177	-7.217542	-7.209722	-7.234132	-7.165413	-7.225097	-7.204509	-7.180642	-14.995696	-7.157241
4972.037000	-7.246816	-7.244204	-7.262047	-7.123165	-7.228655	-7.196734	-7.160001	-7.217679	-7.209703	-7.234134	-7.165345	-7.225485	-7.204508	-7.180637	-14.995639	-7.157161
4992.068000	-7.246939	-7.244091	-7.262230	-7.123566	-7.228748	-7.196612	-7.159999	-7.217554	-7.209819	-7.234088	-7.165560	-7.225221	-7.204478	-7.180598	-14.995683	-7.157185
5012.057000	-7.247307	-7.244138	-7.262354	-7.122621	-7.228600	-7.196693	-7.159975	-7.217610	-7.209719	-7.234074	-7.165365	-7.225183	-7.204559	-7.180693	-14.995687	-7.157169
5032.018000	-7.246949	-7.244122	-7.262325	-7.123497	-7.228658	-7.196591	-7.160135	-7.217584	-7.209684	-7.234074	-7.165349	-7.225374	-7.204434	-7.180807	-14.995618	-7.157154
5052.037000	-7.247160	-7.244301	-7.262638	-7.122818	-7.228621	-7.196702	-7.159867	-7.217451	-7.209662	-7.234068	-7.165414	-7.225482	-7.204413	-7.180643	-14.995678	-7.157203
5072.057000	-7.247130	-7.244144	-7.262497	-7.122771	-7.228659	-7.196278	-7.160029	-7.217435	-7.209682	-7.234064	-7.165364	-7.225200	-7.204488	-7.180663	-14.995640	-7.157055
5092.067000	-7.247122	-7.244381	-7.262363	-7.123172	-7.228580	-7.196714	-7.159999	-7.217540	-7.209674	-7.233989	-7.165291	-7.225078	-7.204431	-7.180671	-14.995677	-7.157218
5112.047000	-7.247025	-7.244257	-7.262409	-7.123085	-7.228500	-7.196451	-7.160177	-7.217353	-7.209754	-7.234005	-7.165503	-7.225229	-7.204442	-7.180711	-14.995697	-7.157218
5132.047000	-7.247357	-7.244222	-7.262424	-7.123451	-7.228600	-7.196612	-7.160012	-7.217360	-7.209638	-7.233996	-7.165119	-7.225432	-7.204455	-7.180689	-14.995677	-7.157305
5152.047000	-7.247314	-7.244231	-7.262219	-7.123204	-7.228745	-7.196251	-7.159975	-7.217288	-7.209723	-7.233978	-7.165216	-7.225178	-7.204372	-7.180724	-14.995626	-7.157113
5172.087000	-7.247302	-7.244247	-7.262396	-7.123245	-7.228663	-7.196418	-7.159936	-7.217425	-7.209637	-7.233991	-7.165325	-7.225254	-7.204384	-7.180717	-14.995661	-7.157231
5192.147000	-7.247082	-7.244118	-7.262487	-7.122965	-7.228574	-7.196456	-7.159951	-7.217526	-7.209595	-7.233978	-7.165343	-7.225446	-7.204376	-7.180682	-14.995647	-7.157132
5212.197000	-7.247258	-7.244212	-7.262349	-7.122934	-7.228589	-7.196221	-7.160014	-7.217485	-7.209673	-7.233969	-7.165569	-7.225422	-7.204480	-7.180726	-14.995664	-7.157253
5232.207000	-7.247368	-7.243875	-7.262353	-7.123332	-7.228641	-7.196354	-7.159862	-7.217337	-7.209562	-7.233957	-7.165158	-7.225134	-7.204422	-7.180632	-14.995743	-7.157188
	-7.247070	-7.244238	-7.262584	-7.122585	-7.228482	-7.196074	-7.159868	-7.217409	-7.209756	-7.233942	-7.165300	-7.225228	-7.204392	-7.180714	-14.995705	
