5.049000	-7.236523	-7.218215	-7.255716	-7.221448	-7.267935	-7.234766	-7.240393	-7.223086	-7.214021	-7.214050	-7.184224	-7.556596	-7.199648	-7.217822	-14.995024	-7.243923
25.050000	-7.236555	-7.218294	-7.255721	-7.221526	-7.268044	-7.234848	-7.240474	-7.223377	-7.214087	-7.214282	-7.184289	-7.440701	-7.199681	-7.217969	-14.994909	-7.244013
45.009000	-7.236557	-7.218313	-7.255739	-7.221541	-7.268043	-7.234833	-7.240474	-7.223368	-7.214023	-7.214365	-7.184260	-7.243406	-7.199741	-7.217960	-14.994991	-7.244011
65.039000	-7.236581	-7.218309	-7.255738	-7.221557	-7.268037	-7.234825	-7.240468	-7.223363	-7.214008	-7.214330	-7.184250	-7.242817	-7.199716	-7.217983	-14.994962	-7.243981
85.059000	-7.236565	-7.218282	-7.255750	-7.221531	-7.268035	-7.234825	-7.240513	-7.223391	-7.214022	-7.214330	-7.184255	-7.243977	-7.199691	-7.217985	-14.995011	-7.243950
105.061000	-7.236569	-7.218294	-7.255735	-7.221531	-7.268007	-7.234797	-7.240497	-7.223373	-7.214017	-7.214338	-7.184295	-7.264689	-7.199746	-7.217948	-14.994911	-7.243987
125.059000	-7.236567	-7.218319	-7.255714	-7.221516	-7.268019	-7.234801	-7.240499	-7.223406	-7.214048	-7.214306	-7.184268	-7.432676	-7.199775	-7.217957	-14.994986	-7.243980
145.060000	-7.236555	-7.218289	-7.255693	-7.221509	-7.268005	-7.234841	-7.240499	-7.223376	-7.214029	-7.214303	-7.184232	-7.408583	-7.199766	-7.217940	-14.994945	-7.244000
165.070000	-7.236551	-7.218277	-7.255718	-7.221517	-7.268039	-7.234783	-7.240488	-7.223369	-7.214037	-7.214293	-7.184246	-7.374653	-7.199740	-7.217963	-14.994976	-7.243978
185.180000	-7.236554	-7.218310	-7.255749	-7.221529	-7.268031	-7.234780	-7.240457	-7.223348	-7.214016	-7.214270	-7.184263	-7.375931	-7.199742	-7.217922	-14.994940	-7.244008
205.209000	-7.236573	-7.218318	-7.255727	-7.221530	-7.268033	-7.234806	-7.240482	-7.223371	-7.214006	-7.214330	-7.184244	-7.388169	-7.199735	-7.217962	-14.994984	-7.243998
225.249000	-7.236567	-7.218316	-7.255724	-7.221480	-7.268040	-7.234803	-7.240470	-7.223370	-7.214005	-7.214332	-7.184282	-7.403997	-7.199728	-7.217956	-14.994975	-7.243999
245.299000	-7.236516	-7.218311	-7.255740	-7.221509	-7.268031	-7.234795	-7.240520	-7.223367	-7.213959	-7.214320	-7.184255	-7.275632	-7.199706	-7.217935	-14.994953	-7.243960
265.349000	-7.236535	-7.218302	-7.255696	-7.221486	-7.268049	-7.234787	-7.240512	-7.223354	-7.213991	-7.214310	-7.184256	-7.266543	-7.199741	-7.217947	-14.995003	-7.244001
285.359000	-7.236544	-7.218296	-7.255705	-7.221504	-7.268018	-7.234804	-7.240515	-7.223378	-7.213992	-7.214328	-7.184259	-7.266810	-7.199782	-7.217920	-14.994948	-7.243958
305.409000	-7.236557	-7.218304	-7.255705	-7.221523	-7.268017	-7.234837	-7.240502	-7.223348	-7.213980	-7.214311	-7.184277	-7.268468	-7.199729	-7.217902	-14.994982	-7.243959
325.439000	-7.236558	-7.218312	-7.255724	-7.221517	-7.267986	-7.234790	-7.240507	-7.223352	-7.213985	-7.214340	-7.184265	-7.270962	-7.199745	-7.217925	-14.995008	-7.243955
345.449000	-7.236547	-7.218326	-7.255737	-7.221540	-7.268031	-7.234780	-7.240535	-7.223336	-7.213997	-7.214287	-7.184248	-7.273248	-7.199696	-7.217899	-14.994992	-7.243971
365.470000	-7.236556	-7.218297	-7.255744	-7.221514	-7.268052	-7.234812	-7.240520	-7.223336	-7.214001	-7.214302	-7.184251	-7.276657	-7.199705	-7.217955	-14.994969	-7.243958
385.509000	-7.236498	-7.218106	-7.255653	-7.221439	-7.267665	-7.233995	-7.240227	-7.222597	-7.213344	-7.213408	-7.184179	-7.283471	-7.199442	-7.217285	-14.994998	-7.243506
405.523000	-7.236447	-7.217898	-7.255656	-7.221283	-7.267354	-7.233550	-7.240021	-7.221934	-7.213084	-7.212658	-7.184090	-7.245718	-7.199269	-7.216867	-14.995093	-7.243264
425.549000	-7.236421	-7.217750	-7.255656	-7.221109	-7.267133	-7.233352	-7.239870	-7.221531	-7.212915	-7.212159	-7.184078	-7.245335	-7.199140	-7.216568	-14.995098	-7.243128
445.586000	-7.236446	-7.217676	-7.255613	-7.221000	-7.267037	-7.233221	-7.239801	-7.221267	-7.212804	-7.211908	-7.184047	-7.240396	-7.199050	-7.216398	-14.995102	-7.243024
465.609000	-7.236410	-7.217642	-7.255646	-7.220954	-7.266958	-7.233170	-7.239703	-7.221180	-7.212800	-7.211766	-7.184060	-7.591471	-7.199015	-7.216328	-14.995136	-7.242986
485.634000	-7.236406	-7.217612	-7.255633	-7.220921	-7.266937	-7.233163	-7.239735	-7.221121	-7.212782	-7.211680	-7.184027	-7.399620	-7.198983	-7.216290	-14.995132	-7.242967
505.674000	-7.236400	-7.217597	-7.255614	-7.220924	-7.266926	-7.233145	-7.239712	-7.221092	-7.212775	-7.211707	-7.184052	-8.420518	-7.198988	-7.216250	-14.995181	-7.242972
525.699000	-7.236422	-7.217607	-7.255633	-7.220857	-7.266896	-7.233125	-7.239684	-7.221081	-7.212772	-7.211657	-7.184067	-8.382913	-7.198976	-7.216237	-14.995169	-7.242934
545.720000	-7.236422	-7.217615	-7.255631	-7.220885	-7.266902	-7.233169	-7.239704	-7.221073	-7.212754	-7.211606	-7.184066	-8.347312	-7.198950	-7.216215	-14.995163	-7.242898
565.739000	-7.236392	-7.217600	-7.255607	-7.220860	-7.266921	-7.233126	-7.239668	-7.221036	-7.212734	-7.211590	-7.184031	-8.385788	-7.198952	-7.216215	-14.995170	-7.242897
585.739000	-7.236395	-7.217580	-7.255648	-7.220861	-7.266923	-7.233152	-7.239683	-7.221039	-7.212724	-7.211547	-7.184065	-8.387154	-7.198954	-7.216182	-14.995164	-7.242909
605.739000	-7.236402	-7.217558	-7.255625	-7.220868	-7.266878	-7.233141	-7.239683	-7.221035	-7.212735	-7.211565	-7.184067	-8.366125	-7.198930	-7.216213	-14.995148	-7.242911
625.749000	-7.236387	-7.217527	-7.255633	-7.220884	-7.266903	-7.233131	-7.239676	-7.221019	-7.212714	-7.211536	-7.184035	-8.363326	-7.198910	-7.216180	-14.995173	-7.242878
645.763000	-7.236418	-7.217589	-7.255635	-7.220847	-7.266881	-7.233130	-7.239660	-7.221042	-7.212736	-7.211508	-7.184037	-8.384018	-7.198922	-7.216166	-14.995170	-7.242889
665.819000	-7.236383	-7.217553	-7.255636	-7.220870	-7.266868	-7.233095	-7.239689	-7.221025	-7.212712	-7.211530	-7.184047	-8.414252	-7.198901	-7.216146	-14.995130	-7.242864
685.849000	-7.236382	-7.217538	-7.255637	-7.220869	-7.266918	-7.233122	-7.239660	-7.221021	-7.212704	-7.211494	-7.184047	-8.448168	-7.198916	-7.216137	-14.995149	-7.242888
705.869000	-7.236399	-7.217554	-7.255642	-7.220833	-7.266900	-7.233108	-7.239663	-7.221008	-7.212704	-7.211544	-7.184056	-8.409707	-7.198919	-7.216114	-14.995153	-7.242888
725.919000	-7.236412	-7.217566	-7.255615	-7.220874	-7.266883	-7.233081	-7.239650	-7.221003	-7.212728	-7.211516	-7.184047	-8.334514	-7.198923	-7.216130	-14.995189	-7.242883
745.900000	-7.236369	-7.217556	-7.255633	-7.220833	-7.266857	-7.233110	-7.239644	-7.221003	-7.212705	-7.211493	-7.184069	-7.784924	-7.198896	-7.216114	-14.995129	-7.242856
765.909000	-7.236385	-7.217555	-7.255629	-7.220874	-7.266848	-7.233077	-7.239644	-7.221003	-7.212718	-7.211516	-7.184069	-7.799276	-7.198888	-7.216122	-14.995155	-7.242849
785.959000	-7.236403	-7.217570	-7.255640	-7.220859	-7.266886	-7.233124	-7.239643	-7.220989	-7.212713	-7.211489	-7.184075	-8.083963	-7.198922	-7.216138	-14.995162	-7.242873
805.989000	-7.236394	-7.217568	-7.255621	-7.220893	-7.266873	-7.233107	-7.239630	-7.220985	-7.212720	-7.211484	-7.184046	-8.174119	-7.198886	-7.216132	-14.995151	-7.242871
826.002000	-7.236357	-7.217558	-7.255639	-7.220859	-7.266851	-7.233106	-7.239631	-7.220920	-7.212690	-7.211452	-7.184072	-8.188393	-7.198907	-7.216102	-14.995192	-7.242866
846.029000	-7.236389	-7.217580	-7.255640	-7.220866	-7.266842	-7.233070	-7.239633	-7.220964	-7.212758	-7.211441	-7.184047	-8.100108	-7.198914	-7.216090	-14.995162	-7.242872
866.029000	-7.236409	-7.217548	-7.255630	-7.220843	-7.266868	-7.233092	-7.239627	-7.221004	-7.212742	-7.211419	-7.184080	-8.130332	-7.198884	-7.216091	-14.995131	-7.242840
886.069000	-7.236403	-7.217596	-7.255608	-7.220840	-7.266875	-7.233108	-7.239625	-7.220982	-7.212698	-7.211416	-7.184067	-8.133605	-7.198889	-7.216097	-14.995162	-7.242859
906.089000	-7.236409	-7.217587	-7.255607	-7.220880	-7.266875	-7.233084	-7.239641	-7.220964	-7.212751	-7.211419	-7.184058	-8.258660	-7.198909	-7.216095	-14.995143	-7.242822
926.100000	-7.236409	-7.217538	-7.255609	-7.220867	-7.266865	-7.233058	-7.239671	-7.220928	-7.212740	-7.211407	-7.184074	-8.435558	-7.198882	-7.216065	-14.995157	-7.242826
946.109000	-7.236439	-7.217523	-7.255617	-7.220849	-7.266907	-7.233075	-7.239636	-7.220947	-7.212707	-7.211348	-7.184085	-8.448821	-7.198887	-7.216062	-14.995202	-7.242843
966.129000	-7.236411	-7.217538	-7.255607	-7.220850	-7.266865	-7.233062	-7.239636	-7.220944	-7.212737	-7.211412	-7.184100	-9.232770	-7.198900	-7.216083	-14.995232	-7.242861
986.190000	-7.236373	-7.217538	-7.255622	-7.220873	-7.266895	-7.233080	-7.239609	-7.220970	-7.212702	-7.211378	-7.184074	-8.107055	-7.198914	-7.216089	-14.995174	-7.242829
1006.199000	-7.236380	-7.217544	-7.255622	-7.220854	-7.266859	-7.233068	-7.239592	-7.220967	-7.212679	-7.211374	-7.184079	-9.785357	-7.198906	-7.216096	-14.995213	-7.242827
1026.203000	-7.236379	-7.217552	-7.255599	-7.220879	-7.266865	-7.233063	-7.239613	-7.220936	-7.212701	-7.211344	-7.184087	-9.775740	-7.198854	-7.216076	-14.995244	-7.242823
1046.223000	-7.236377	-7.217550	-7.255610	-7.220849	-7.266907	-7.233089	-7.239617	-7.220942	-7.212699	-7.211365	-7.184039	-9.541126	-7.198870	-7.216068	-14.995162	-7.242845
1066.239000	-7.236389	-7.217538	-7.255588	-7.220837	-7.266886	-7.233113	-7.239597	-7.220913	-7.212690	-7.211379	-7.184056	-9.176249	-7.198821	-7.216021	-14.995160	-7.242842
1086.262000	-7.236405	-7.217542	-7.255607	-7.220860	-7.266874	-7.233070	-7.239584	-7.220939	-7.212718	-7.211352	-7.184053	-9.297300	-7.198852	-7.216020	-14.995216	-7.242854
1106.280000	-7.236366	-7.217511	-7.255587	-7.220833	-7.266869	-7.233065	-7.239626	-7.220937	-7.212713	-7.211379	-7.184057	-9.335199	-7.198853	-7.216002	-14.995219	-7.242836
1126.334000	-7.236337	-7.217525	-7.255593	-7.220860	-7.266905	-7.233071	-7.239591	-7.220948	-7.212681	-7.211317	-7.184034	-9.376312	-7.198879	-7.216051	-14.995152	-7.242853
1146.390000	-7.236387	-7.217527	-7.255593	-7.220858	-7.266859	-7.233096	-7.239626	-7.220942	-7.212682	-7.211350	-7.184061	-9.664163	-7.198858	-7.216027	-14.995231	-7.242851
1166.435000	-7.236387	-7.217582	-7.255611	-7.220873	-7.266875	-7.233071	-7.239607	-7.220925	-7.212682	-7.211314	-7.184048	-9.606066	-7.198868	-7.216047	-14.995190	-7.242856
1186.439000	-7.236388	-7.217580	-7.255593	-7.220842	-7.266846	-7.233072	-7.239651	-7.220949	-7.212683	-7.211337	-7.184044	-9.411258	-7.198862	-7.216010	-14.995211	-7.242850
1206.440000	-7.236371	-7.217575	-7.255590	-7.220815	-7.266866	-7.233073	-7.239667	-7.220944	-7.212690	-7.211313	-7.184024	-9.510695	-7.198845	-7.216028	-14.995196	-7.242863
1226.449000	-7.236389	-7.217530	-7.255617	-7.220859	-7.266845	-7.233083	-7.239636	-7.220925	-7.212698	-7.211310	-7.184041	-9.629661	-7.198863	-7.216001	-14.995167	-7.242822
1246.479000	-7.236374	-7.217557	-7.255594	-7.220834	-7.266860	-7.233082	-7.239605	-7.220956	-7.212650	-7.211310	-7.184042	-9.774056	-7.198877	-7.216020	-14.995203	-7.242849
1266.509000	-7.236396	-7.217549	-7.255589	-7.220846	-7.266880	-7.233064	-7.239637	-7.220945	-7.212662	-7.211323	-7.184035	-9.324751	-7.198860	-7.215998	-14.995204	-7.242829
1286.539000	-7.236401	-7.217540	-7.255587	-7.220811	-7.266842	-7.233069	-7.239642	-7.220946	-7.212648	-7.211327	-7.184049	-9.735952	-7.198852	-7.216007	-14.995206	-7.242830
1306.551000	-7.236368	-7.217555	-7.255604	-7.220853	-7.266870	-7.233072	-7.239626	-7.220930	-7.212678	-7.211309	-7.184047	-9.420675	-7.198885	-7.216012	-14.995223	-7.242833
1326.569000	-7.236367	-7.217563	-7.255595	-7.220852	-7.266847	-7.233085	-7.239593	-7.220916	-7.212682	-7.211313	-7.184012	-9.487791	-7.198834	-7.216004	-14.995191	-7.242855
1346.579000	-7.236394	-7.217508	-7.255617	-7.220836	-7.266876	-7.233097	-7.239600	-7.220921	-7.212656	-7.211332	-7.184034	-9.632224	-7.198835	-7.216029	-14.995217	-7.242890
1366.609000	-7.236408	-7.217529	-7.255613	-7.220821	-7.266857	-7.233078	-7.239590	-7.220945	-7.212658	-7.211316	-7.184048	-9.462208	-7.198848	-7.216001	-14.995188	-7.242835
1386.649000	-7.236376	-7.217559	-7.255618	-7.220829	-7.266864	-7.233066	-7.239604	-7.220933	-7.212650	-7.211296	-7.184038	-9.293477	-7.198866	-7.215989	-14.995192	-7.242794
1406.659000	-7.236379	-7.217552	-7.255606	-7.220850	-7.266856	-7.233048	-7.239637	-7.220943	-7.212688	-7.211306	-7.184022	-9.496620	-7.198834	-7.216000	-14.995196	-7.242833
1426.660000	-7.236375	-7.217559	-7.255603	-7.220841	-7.266848	-7.233082	-7.239611	-7.220907	-7.212650	-7.211309	-7.184065	-9.392137	-7.198831	-7.215984	-14.995119	-7.242865
1446.639000	-7.236394	-7.217548	-7.255582	-7.220838	-7.266854	-7.233075	-7.239602	-7.220949	-7.212672	-7.211294	-7.184018	-9.336389	-7.198872	-7.216006	-14.995185	-7.242858
1466.660000	-7.236394	-7.217536	-7.255605	-7.220811	-7.266848	-7.233058	-7.239600	-7.220936	-7.212679	-7.211291	-7.184036	-9.448360	-7.198872	-7.215977	-14.995207	-7.242823
1486.669000	-7.236395	-7.217562	-7.255615	-7.220842	-7.266877	-7.233027	-7.239573	-7.220932	-7.212662	-7.211267	-7.184037	-9.495684	-7.198827	-7.216005	-14.995173	-7.242841
1506.700000	-7.236416	-7.217532	-7.255577	-7.220827	-7.266837	-7.233073	-7.239614	-7.220942	-7.212681	-7.211304	-7.184018	-9.536673	-7.198861	-7.216006	-14.995192	-7.242829
1526.702000	-7.236411	-7.217530	-7.255577	-7.220853	-7.266873	-7.233101	-7.239636	-7.220945	-7.212700	-7.211286	-7.184017	-9.276479	-7.198854	-7.215982	-14.995229	-7.242844
1546.699000	-7.236395	-7.217544	-7.255607	-7.220811	-7.266850	-7.233061	-7.239591	-7.220967	-7.212669	-7.211240	-7.184004	-9.554311	-7.198871	-7.216019	-14.995202	-7.242842
1566.749000	-7.236390	-7.217562	-7.255604	-7.220854	-7.266866	-7.233075	-7.239616	-7.220950	-7.212659	-7.211318	-7.183978	-9.542223	-7.198842	-7.215974	-14.995217	-7.242814
1586.770000	-7.236384	-7.217534	-7.255624	-7.220825	-7.266871	-7.233078	-7.239635	-7.220970	-7.212656	-7.211299	-7.184020	-9.375075	-7.198862	-7.215995	-14.995203	-7.242855
1606.779000	-7.236401	-7.217542	-7.255585	-7.220851	-7.266840	-7.233071	-7.239607	-7.220960	-7.212683	-7.211311	-7.184011	-9.393858	-7.198845	-7.216020	-14.995246	-7.242844
1626.809000	-7.236390	-7.217535	-7.255578	-7.220831	-7.266853	-7.233041	-7.239624	-7.220963	-7.212689	-7.211305	-7.184029	-9.446533	-7.198847	-7.215980	-14.995188	-7.242855
1646.819000	-7.236372	-7.217554	-7.255584	-7.220854	-7.266848	-7.233051	-7.239611	-7.220945	-7.212649	-7.211244	-7.184008	-9.481222	-7.198827	-7.215982	-14.995191	-7.242839
1666.809000	-7.236401	-7.217542	-7.255573	-7.220830	-7.266843	-7.233066	-7.239615	-7.220897	-7.212685	-7.211261	-7.184021	-9.278718	-7.198843	-7.215990	-14.995155	-7.242864
1686.779000	-7.236422	-7.217523	-7.255617	-7.220822	-7.266848	-7.233068	-7.239644	-7.220936	-7.212648	-7.211271	-7.184039	-9.425997	-7.198836	-7.215990	-14.995235	-7.242838
1706.769000	-7.236422	-7.217521	-7.255601	-7.220825	-7.266848	-7.233083	-7.239606	-7.220909	-7.212699	-7.211292	-7.184035	-9.297787	-7.198832	-7.215971	-14.995170	-7.242848
1726.749000	-7.236424	-7.217510	-7.255622	-7.220856	-7.266862	-7.233093	-7.239598	-7.220910	-7.212677	-7.211300	-7.184002	-9.488160	-7.198814	-7.216038	-14.995200	-7.242856
1746.750000	-7.236486	-7.217845	-7.255670	-7.221035	-7.267481	-7.234233	-7.240060	-7.222134	-7.213577	-7.212823	-7.184120	-7.523110	-7.199290	-7.217001	-14.994996	-7.243503
1766.779000	-7.236489	-7.218031	-7.255658	-7.221199	-7.267733	-7.234528	-7.240250	-7.222699	-7.213749	-7.213434	-7.184208	-7.274251	-7.199451	-7.217363	-14.994938	-7.243665
1786.810000	-7.236462	-7.218118	-7.255692	-7.221309	-7.267814	-7.234616	-7.240322	-7.222896	-7.213818	-7.213724	-7.184223	-7.389824	-7.199538	-7.217522	-14.994853	-7.243771
1806.869000	-7.236501	-7.218133	-7.255664	-7.221367	-7.267916	-7.234633	-7.240401	-7.223035	-7.213873	-7.213862	-7.184229	-7.252821	-7.199571	-7.217580	-14.994945	-7.243806
1826.865000	-7.236473	-7.218169	-7.255660	-7.221440	-7.267935	-7.234657	-7.240419	-7.223114	-7.213892	-7.213946	-7.184220	-7.290356	-7.199616	-7.217625	-14.994927	-7.243850
1846.884000	-7.236509	-7.218184	-7.255660	-7.221438	-7.267956	-7.234688	-7.240461	-7.223136	-7.213876	-7.214025	-7.184258	-7.310957	-7.199631	-7.217685	-14.994934	-7.243852
1866.879000	-7.236488	-7.218193	-7.255661	-7.221475	-7.267946	-7.234662	-7.240470	-7.223180	-7.213912	-7.214031	-7.184234	-7.537588	-7.199674	-7.217685	-14.994940	-7.243858
1886.899000	-7.236537	-7.218224	-7.255670	-7.221511	-7.267982	-7.234709	-7.240438	-7.223175	-7.213911	-7.214098	-7.184235	-7.280861	-7.199651	-7.217709	-14.994987	-7.243856
1906.939000	-7.236525	-7.218229	-7.255672	-7.221476	-7.267972	-7.234724	-7.240470	-7.223211	-7.213930	-7.214083	-7.184247	-7.528253	-7.199673	-7.217726	-14.994952	-7.243890
1926.999000	-7.236504	-7.218202	-7.255674	-7.221477	-7.267963	-7.234744	-7.240469	-7.223238	-7.213934	-7.214115	-7.184246	-7.501132	-7.199667	-7.217745	-14.994877	-7.243924
1947.000000	-7.236524	-7.218199	-7.255667	-7.221455	-7.267997	-7.234722	-7.240451	-7.223219	-7.213952	-7.214152	-7.184220	-7.483922	-7.199686	-7.217751	-14.994925	-7.243862
1967.029000	-7.236510	-7.218215	-7.255658	-7.221503	-7.267969	-7.234724	-7.240442	-7.223231	-7.213934	-7.214159	-7.184259	-7.470835	-7.199695	-7.217758	-14.994904	-7.243869
1987.079000	-7.236468	-7.218216	-7.255654	-7.221484	-7.267960	-7.234747	-7.240445	-7.223230	-7.213946	-7.214130	-7.184227	-7.471685	-7.199681	-7.217752	-14.994911	-7.243872
2007.089000	-7.236492	-7.218220	-7.255630	-7.221492	-7.267989	-7.234759	-7.240452	-7.223249	-7.213891	-7.214176	-7.184258	-7.466999	-7.199703	-7.217781	-14.994938	-7.243878
2027.105000	-7.236505	-7.218220	-7.255630	-7.221513	-7.267979	-7.234733	-7.240455	-7.223240	-7.213886	-7.214209	-7.184282	-7.471413	-7.199687	-7.217754	-14.994943	-7.243900
2047.159000	-7.236500	-7.218208	-7.255636	-7.221505	-7.268005	-7.234764	-7.240491	-7.223264	-7.213909	-7.214184	-7.184238	-7.465633	-7.199678	-7.217774	-14.994903	-7.243905
2067.159000	-7.236503	-7.218227	-7.255680	-7.221484	-7.268020	-7.234744	-7.240478	-7.223245	-7.213908	-7.214214	-7.184266	-7.485337	-7.199674	-7.217801	-14.994848	-7.243945
2087.169000	-7.236518	-7.218232	-7.255660	-7.221512	-7.268006	-7.234758	-7.240466	-7.223264	-7.213905	-7.214207	-7.184271	-7.473571	-7.199702	-7.217829	-14.994946	-7.243924
2107.189000	-7.236522	-7.218245	-7.255649	-7.221508	-7.267999	-7.234771	-7.240449	-7.223258	-7.213903	-7.214212	-7.184272	-7.481299	-7.199673	-7.217815	-14.994919	-7.243948
2127.239000	-7.236509	-7.218256	-7.255646	-7.221482	-7.268016	-7.234781	-7.240477	-7.223260	-7.213916	-7.214227	-7.184286	-7.480755	-7.199690	-7.217794	-14.994891	-7.243968
2147.239000	-7.236489	-7.218246	-7.255636	-7.221488	-7.268028	-7.234791	-7.240515	-7.223292	-7.213925	-7.214222	-7.184269	-7.478939	-7.199710	-7.217811	-14.994945	-7.243923
2167.259000	-7.236470	-7.218201	-7.255667	-7.221503	-7.268020	-7.234783	-7.240492	-7.223309	-7.213939	-7.214197	-7.184266	-7.479661	-7.199686	-7.217831	-14.994893	-7.243935
2187.239000	-7.236509	-7.218237	-7.255660	-7.221500	-7.267975	-7.234789	-7.240489	-7.223289	-7.213945	-7.214276	-7.184233	-7.489510	-7.199692	-7.217838	-14.994921	-7.243940
2207.212000	-7.236486	-7.218256	-7.255648	-7.221504	-7.268033	-7.234778	-7.240485	-7.223301	-7.213909	-7.214216	-7.184255	-7.488805	-7.199695	-7.217839	-14.994906	-7.243924
2227.249000	-7.236525	-7.218336	-7.255748	-7.221548	-7.268187	-7.235268	-7.240575	-7.223667	-7.214347	-7.214640	-7.184326	-7.495350	-7.199890	-7.218224	-14.994842	-7.244268
2247.229000	-7.236611	-7.218597	-7.255808	-7.221714	-7.268499	-7.235851	-7.240851	-7.224334	-7.214741	-7.215435	-7.184386	-7.557958	-7.200105	-7.218721	-14.994859	-7.244569
2267.249000	-7.236701	-7.218833	-7.255998	-7.221809	-7.268699	-7.236183	-7.241014	-7.224697	-7.214988	-7.215809	-7.184409	-7.344395	-7.200226	-7.218923	-14.994850	-7.244718
2287.280000	-7.236927	-7.219166	-7.256302	-7.221949	-7.268974	-7.236539	-7.241176	-7.225033	-7.215172	-7.216031	-7.184458	-7.576709	-7.200348	-7.219074	-14.994872	-7.244872
2307.309000	-7.237259	-7.219471	-7.256506	-7.222092	-7.269245	-7.236701	-7.241415	-7.225258	-7.215300	-7.216168	-7.184508	-7.343825	-7.200481	-7.219232	-14.994819	-7.245044
2327.300000	-7.237540	-7.219580	-7.256640	-7.222220	-7.269466	-7.236833	-7.241648	-7.225413	-7.215396	-7.216284	-7.184544	-7.364919	-7.200614	-7.219390	-14.994830	-7.245208
2347.309000	-7.237670	-7.219751	-7.256738	-7.222350	-7.269577	-7.236901	-7.241788	-7.225547	-7.215474	-7.216430	-7.184588	-7.423332	-7.200757	-7.219501	-14.994759	-7.245294
2367.329000	-7.237767	-7.219837	-7.256751	-7.222413	-7.269651	-7.236943	-7.241875	-7.225615	-7.215509	-7.216500	-7.184617	-7.654210	-7.200827	-7.219550	-14.994886	-7.245389
2387.339000	-7.237832	-7.219905	-7.256812	-7.222455	-7.269700	-7.237024	-7.241939	-7.225670	-7.215528	-7.216550	-7.184616	-7.719720	-7.200910	-7.219625	-14.994838	-7.245473
2407.329000	-7.237926	-7.219926	-7.256852	-7.222469	-7.269760	-7.237074	-7.241975	-7.225727	-7.215563	-7.216595	-7.184652	-7.775360	-7.200971	-7.219652	-14.994850	-7.245502
2427.329000	-7.238004	-7.219969	-7.256877	-7.222514	-7.269805	-7.237100	-7.242031	-7.225790	-7.215574	-7.216644	-7.184685	-7.796273	-7.200972	-7.219702	-14.994827	-7.245578
2447.319000	-7.238014	-7.219998	-7.256912	-7.222514	-7.269819	-7.237126	-7.242044	-7.225781	-7.215628	-7.216646	-7.184704	-7.804261	-7.201034	-7.219732	-14.994780	-7.245591
2467.319000	-7.238065	-7.220013	-7.256933	-7.222557	-7.269900	-7.237131	-7.242066	-7.225822	-7.215627	-7.216671	-7.184710	-7.787550	-7.201093	-7.219759	-14.994822	-7.245606
2487.309000	-7.238090	-7.220043	-7.256919	-7.222596	-7.269884	-7.237173	-7.242102	-7.225838	-7.215613	-7.216753	-7.184697	-7.788700	-7.201101	-7.219762	-14.994807	-7.245677
2507.342000	-7.238141	-7.220075	-7.256992	-7.222589	-7.269908	-7.237192	-7.242110	-7.225849	-7.215663	-7.216768	-7.184733	-7.798017	-7.201136	-7.219811	-14.994868	-7.245692
2527.339000	-7.238151	-7.220087	-7.257000	-7.222619	-7.269919	-7.237220	-7.242141	-7.225861	-7.215659	-7.216762	-7.184719	-7.835737	-7.201149	-7.219791	-14.994843	-7.245720
2547.349000	-7.238157	-7.220111	-7.257002	-7.222595	-7.269955	-7.237224	-7.242176	-7.225876	-7.215714	-7.216789	-7.184716	-7.831796	-7.201190	-7.219815	-14.994835	-7.245752
2567.339000	-7.238171	-7.220113	-7.257032	-7.222614	-7.269979	-7.237238	-7.242199	-7.225893	-7.215699	-7.216810	-7.184725	-7.822694	-7.201162	-7.219826	-14.994793	-7.245745
2587.329000	-7.238185	-7.220116	-7.257037	-7.222631	-7.269944	-7.237279	-7.242191	-7.225888	-7.215719	-7.216744	-7.184756	-7.824924	-7.201207	-7.219835	-14.994817	-7.245774
2607.329000	-7.238227	-7.220109	-7.257024	-7.222691	-7.269987	-7.237299	-7.242193	-7.225902	-7.215742	-7.216833	-7.184727	-7.839748	-7.201207	-7.219836	-14.994847	-7.245807
2627.349000	-7.238242	-7.220160	-7.257066	-7.222648	-7.270019	-7.237284	-7.242199	-7.225921	-7.215754	-7.216819	-7.184770	-7.870940	-7.201232	-7.219888	-14.994847	-7.245836
2647.369000	-7.238247	-7.220128	-7.257063	-7.222657	-7.270023	-7.237295	-7.242224	-7.225927	-7.215742	-7.216811	-7.184752	-7.814212	-7.201232	-7.219869	-14.994849	-7.245832
2667.409000	-7.238291	-7.220151	-7.257059	-7.222680	-7.270023	-7.237281	-7.242224	-7.225940	-7.215789	-7.216837	-7.184773	-7.851377	-7.201259	-7.219888	-14.994852	-7.245847
2687.419000	-7.238288	-7.220171	-7.257101	-7.222668	-7.270023	-7.237313	-7.242232	-7.225934	-7.215759	-7.216845	-7.184771	-7.834208	-7.201270	-7.219888	-14.994832	-7.245852
2707.420000	-7.238310	-7.220193	-7.257102	-7.222675	-7.270045	-7.237299	-7.242240	-7.225936	-7.215764	-7.216848	-7.184782	-7.885633	-7.201316	-7.219917	-14.994873	-7.245879
2727.429000	-7.238289	-7.220190	-7.257111	-7.222706	-7.270059	-7.237341	-7.242261	-7.225963	-7.215778	-7.216823	-7.184750	-7.896607	-7.201310	-7.219931	-14.994840	-7.245854
2747.429000	-7.238299	-7.220210	-7.257103	-7.222753	-7.270038	-7.237361	-7.242249	-7.225979	-7.215773	-7.216863	-7.184796	-7.880475	-7.201320	-7.219946	-14.994867	-7.245882
2767.439000	-7.238326	-7.220188	-7.257104	-7.222707	-7.270077	-7.237314	-7.242279	-7.225992	-7.215830	-7.216854	-7.184795	-7.855923	-7.201311	-7.219945	-14.994858	-7.245924
2787.440000	-7.238330	-7.220240	-7.257126	-7.222726	-7.270091	-7.237312	-7.242285	-7.225966	-7.215803	-7.216853	-7.184785	-7.865015	-7.201337	-7.219927	-14.994827	-7.245927
2807.430000	-7.238343	-7.220210	-7.257131	-7.222700	-7.270063	-7.237323	-7.242297	-7.225986	-7.215795	-7.216870	-7.184824	-7.856660	-7.201385	-7.219947	-14.994886	-7.245914
2827.429000	-7.238350	-7.220223	-7.257132	-7.222710	-7.270086	-7.237355	-7.242348	-7.225985	-7.215838	-7.216869	-7.184805	-7.872245	-7.201362	-7.219938	-14.994811	-7.245924
2847.429000	-7.238327	-7.220253	-7.257136	-7.222744	-7.270137	-7.237370	-7.242333	-7.225992	-7.215854	-7.216897	-7.184802	-7.857628	-7.201383	-7.219975	-14.994857	-7.245904
2867.449000	-7.238352	-7.220204	-7.257140	-7.222757	-7.270117	-7.237373	-7.242351	-7.226013	-7.215861	-7.216930	-7.184757	-7.858086	-7.201380	-7.219977	-14.994853	-7.245934
2887.483000	-7.238349	-7.220222	-7.257145	-7.222787	-7.270150	-7.237402	-7.242288	-7.226022	-7.215854	-7.216891	-7.184776	-7.868029	-7.201343	-7.219998	-14.994827	-7.245942
2907.509000	-7.238341	-7.220247	-7.257141	-7.222745	-7.270156	-7.237403	-7.242313	-7.226049	-7.215862	-7.216912	-7.184784	-7.859655	-7.201384	-7.219985	-14.994822	-7.245961
2927.539000	-7.238346	-7.220224	-7.257139	-7.222724	-7.270120	-7.237409	-7.242324	-7.226044	-7.215817	-7.216929	-7.184790	-7.872279	-7.201392	-7.219969	-14.994847	-7.245999
2947.529000	-7.238361	-7.220247	-7.257130	-7.222751	-7.270144	-7.237416	-7.242332	-7.226035	-7.215847	-7.216931	-7.184789	-7.885682	-7.201368	-7.220001	-14.994846	-7.245970
2967.539000	-7.238343	-7.220239	-7.257184	-7.222754	-7.270148	-7.237424	-7.242354	-7.226035	-7.215826	-7.216952	-7.184791	-7.880954	-7.201376	-7.219997	-14.994846	-7.245987
2987.549000	-7.238367	-7.220256	-7.257184	-7.222762	-7.270132	-7.237410	-7.242340	-7.226050	-7.215851	-7.216956	-7.184797	-7.870508	-7.201385	-7.220001	-14.994824	-7.245994
3007.599000	-7.238354	-7.220270	-7.257173	-7.222709	-7.270135	-7.237431	-7.242360	-7.226083	-7.215814	-7.216995	-7.184786	-7.837204	-7.201401	-7.220014	-14.994812	-7.245999
3027.609000	-7.238354	-7.220269	-7.257196	-7.222764	-7.270190	-7.237430	-7.242378	-7.226051	-7.215872	-7.216959	-7.184800	-7.829438	-7.201406	-7.219984	-14.994817	-7.246011
3047.599000	-7.238380	-7.220276	-7.257194	-7.222785	-7.270181	-7.237424	-7.242411	-7.226051	-7.215863	-7.216993	-7.184811	-7.883226	-7.201416	-7.220040	-14.994858	-7.245998
3067.609000	-7.238403	-7.220278	-7.257215	-7.222755	-7.270174	-7.237419	-7.242400	-7.226049	-7.215868	-7.216974	-7.184839	-7.793328	-7.201461	-7.220020	-14.994845	-7.246018
3087.599000	-7.238401	-7.220262	-7.257230	-7.222759	-7.270172	-7.237426	-7.242398	-7.226074	-7.215813	-7.216996	-7.184813	-7.782623	-7.201412	-7.220031	-14.994862	-7.246016
3107.589000	-7.238394	-7.220274	-7.257249	-7.222757	-7.270167	-7.237429	-7.242389	-7.226078	-7.215837	-7.216970	-7.184802	-7.798092	-7.201428	-7.220043	-14.994838	-7.246008
3127.619000	-7.238402	-7.220252	-7.257233	-7.222783	-7.270165	-7.237445	-7.242366	-7.226067	-7.215892	-7.217028	-7.184807	-7.812160	-7.201447	-7.220046	-14.994852	-7.246018
3147.649000	-7.238424	-7.220308	-7.257197	-7.222761	-7.270195	-7.237445	-7.242390	-7.226072	-7.215884	-7.217004	-7.184813	-7.814643	-7.201423	-7.220043	-14.994808	-7.246036
3167.629000	-7.238428	-7.220314	-7.257206	-7.222786	-7.270223	-7.237473	-7.242400	-7.226074	-7.215862	-7.217011	-7.184785	-7.778860	-7.201434	-7.220052	-14.994823	-7.246078
3187.639000	-7.238421	-7.220307	-7.257210	-7.222763	-7.270197	-7.237477	-7.242398	-7.226084	-7.215885	-7.216967	-7.184829	-7.716546	-7.201440	-7.220051	-14.994858	-7.246027
3207.659000	-7.238430	-7.220299	-7.257223	-7.222791	-7.270206	-7.237485	-7.242382	-7.226086	-7.215887	-7.216985	-7.184821	-7.702233	-7.201484	-7.220061	-14.994853	-7.246026
3227.689000	-7.238432	-7.220296	-7.257214	-7.222773	-7.270183	-7.237480	-7.242390	-7.226077	-7.215898	-7.216993	-7.184844	-7.553129	-7.201478	-7.220059	-14.994826	-7.246046
3247.689000	-7.238442	-7.220329	-7.257214	-7.222827	-7.270220	-7.237472	-7.242377	-7.226111	-7.215882	-7.216992	-7.184870	-7.553575	-7.201488	-7.220067	-14.994774	-7.246046
3267.699000	-7.238458	-7.220314	-7.257226	-7.222804	-7.270220	-7.237451	-7.242369	-7.226111	-7.215892	-7.216976	-7.184782	-7.558612	-7.201483	-7.220041	-14.994806	-7.246046
3287.679000	-7.238469	-7.220337	-7.257254	-7.222776	-7.270200	-7.237483	-7.242389	-7.226096	-7.215885	-7.217009	-7.184849	-7.557862	-7.201465	-7.220047	-14.994816	-7.246079
3307.680000	-7.238435	-7.220339	-7.257230	-7.222807	-7.270190	-7.237479	-7.242405	-7.226139	-7.215887	-7.216988	-7.184843	-7.561693	-7.201490	-7.220063	-14.994838	-7.246069
3327.719000	-7.238444	-7.220318	-7.257207	-7.222786	-7.270199	-7.237475	-7.242370	-7.226108	-7.215920	-7.217017	-7.184847	-7.562747	-7.201514	-7.220051	-14.994874	-7.246071
3347.709000	-7.238438	-7.220301	-7.257245	-7.222810	-7.270224	-7.237486	-7.242390	-7.226135	-7.215913	-7.217018	-7.184828	-7.594978	-7.201508	-7.220059	-14.994815	-7.246085
3367.719000	-7.238440	-7.220315	-7.257214	-7.222822	-7.270213	-7.237482	-7.242415	-7.226118	-7.215895	-7.217018	-7.184835	-8.992404	-7.201501	-7.220056	-14.994896	-7.246090
3387.769000	-7.238421	-7.220315	-7.257239	-7.222770	-7.270219	-7.237516	-7.242383	-7.226098	-7.215904	-7.217011	-7.184823	-9.001903	-7.201492	-7.220080	-14.994919	-7.246067
3407.769000	-7.238408	-7.220311	-7.257202	-7.222798	-7.270214	-7.237485	-7.242395	-7.226121	-7.215926	-7.217031	-7.184838	-9.018652	-7.201482	-7.220074	-14.994876	-7.246093
3427.759000	-7.237470	-7.219469	-7.255760	-7.222265	-7.269103	-7.235451	-7.241370	-7.224899	-7.214501	-7.216083	-7.184430	-7.262654	-7.200446	-7.218935	-14.994834	-7.244516
3447.739000	-7.236547	-7.218514	-7.255724	-7.221764	-7.268394	-7.235068	-7.240756	-7.223989	-7.214272	-7.215208	-7.184314	-7.247542	-7.200048	-7.218384	-14.994873	-7.244221
3467.747000	-7.236542	-7.218399	-7.255710	-7.221647	-7.268242	-7.234956	-7.240618	-7.223672	-7.214167	-7.214932	-7.184282	-7.247146	-7.199978	-7.218247	-14.994893	-7.244157
3487.742000	-7.236541	-7.218355	-7.255674	-7.221606	-7.268168	-7.234928	-7.240595	-7.223593	-7.214110	-7.214741	-7.184290	-7.270598	-7.199883	-7.218118	-14.994860	-7.244126
3507.749000	-7.236524	-7.218333	-7.255675	-7.221555	-7.268153	-7.234900	-7.240559	-7.223522	-7.214108	-7.214632	-7.184256	-7.343132	-7.199869	-7.218110	-14.994896	-7.244082
3527.729000	-7.236528	-7.218313	-7.255691	-7.221553	-7.268112	-7.234917	-7.240527	-7.223493	-7.214108	-7.214583	-7.184256	-7.245733	-7.199872	-7.218085	-14.994914	-7.244074
3547.739000	-7.236507	-7.218305	-7.255667	-7.221535	-7.268132	-7.234899	-7.240517	-7.223475	-7.214047	-7.214560	-7.184231	-7.242975	-7.199849	-7.218042	-14.994884	-7.244064
3567.749000	-7.236489	-7.218271	-7.255665	-7.221551	-7.268091	-7.234836	-7.240516	-7.223434	-7.214073	-7.214513	-7.184250	-7.243348	-7.199833	-7.218051	-14.994884	-7.244047
3587.769000	-7.236524	-7.218304	-7.255665	-7.221521	-7.268092	-7.234867	-7.240506	-7.223476	-7.214074	-7.214518	-7.184271	-7.244879	-7.199828	-7.218038	-14.994930	-7.244033
3607.749000	-7.236498	-7.218254	-7.255674	-7.221518	-7.268072	-7.234881	-7.240506	-7.223446	-7.214024	-7.214514	-7.184235	-7.247857	-7.199841	-7.218021	-14.994897	-7.244028
3627.749000	-7.236494	-7.218266	-7.255694	-7.221518	-7.268085	-7.234912	-7.240519	-7.223460	-7.214055	-7.214519	-7.184255	-7.252550	-7.199789	-7.218005	-14.994892	-7.244035
3647.749000	-7.236503	-7.218289	-7.255663	-7.221515	-7.268080	-7.234881	-7.240525	-7.223466	-7.214051	-7.214522	-7.184245	-7.256185	-7.199800	-7.218008	-14.994917	-7.244027
3667.759000	-7.236504	-7.218298	-7.255670	-7.221521	-7.268081	-7.234866	-7.240509	-7.223469	-7.214036	-7.214520	-7.184218	-7.262377	-7.199801	-7.218006	-14.994925	-7.244055
3687.759000	-7.236498	-7.218283	-7.255688	-7.221523	-7.268112	-7.234854	-7.240503	-7.223430	-7.214020	-7.214504	-7.184209	-7.292687	-7.199801	-7.217975	-14.994908	-7.244022
3707.739000	-7.236509	-7.218292	-7.255677	-7.221534	-7.268073	-7.234899	-7.240502	-7.223384	-7.214014	-7.214441	-7.184262	-7.434073	-7.199778	-7.217993	-14.994901	-7.244032
3727.710000	-7.236483	-7.218281	-7.255650	-7.221543	-7.268097	-7.234869	-7.240503	-7.223429	-7.214058	-7.214455	-7.184229	-7.504088	-7.199777	-7.217978	-14.994921	-7.244008
3747.709000	-7.236498	-7.218297	-7.255659	-7.221508	-7.268064	-7.234856	-7.240488	-7.223455	-7.214066	-7.214445	-7.184255	-7.497369	-7.199798	-7.218000	-14.994889	-7.244004
3767.679000	-7.236489	-7.218263	-7.255675	-7.221472	-7.268075	-7.234865	-7.240524	-7.223434	-7.214040	-7.214432	-7.184230	-7.486937	-7.199803	-7.218004	-14.994889	-7.244031
3787.679000	-7.236491	-7.218285	-7.255661	-7.221462	-7.268088	-7.234854	-7.240514	-7.223435	-7.214043	-7.214445	-7.184233	-7.467430	-7.199791	-7.217964	-14.994892	-7.244006
3807.679000	-7.236484	-7.218291	-7.255689	-7.221499	-7.268086	-7.234882	-7.240487	-7.223418	-7.214070	-7.214428	-7.184223	-7.464654	-7.199755	-7.217967	-14.994834	-7.244008
3827.689000	-7.236483	-7.218251	-7.255677	-7.221479	-7.268088	-7.234829	-7.240495	-7.223407	-7.214094	-7.214426	-7.184231	-7.448505	-7.199770	-7.217947	-14.994872	-7.244018
3847.739000	-7.236467	-7.218244	-7.255652	-7.221465	-7.268069	-7.234836	-7.240490	-7.223410	-7.214052	-7.214444	-7.184196	-7.452705	-7.199788	-7.217955	-14.994884	-7.243994
3867.730000	-7.236486	-7.218222	-7.255669	-7.221461	-7.268074	-7.234900	-7.240468	-7.223420	-7.214073	-7.214454	-7.184212	-7.450366	-7.199746	-7.217978	-14.994928	-7.244016
3887.739000	-7.236496	-7.218235	-7.255662	-7.221457	-7.268059	-7.234827	-7.240495	-7.223422	-7.214031	-7.214416	-7.184224	-7.457383	-7.199760	-7.217963	-14.994936	-7.244011
3907.759000	-7.236569	-7.218382	-7.255823	-7.221617	-7.268411	-7.235754	-7.240705	-7.224006	-7.214782	-7.215157	-7.184273	-7.241056	-7.200049	-7.218630	-14.994816	-7.244582
3927.749000	-7.237343	-7.219430	-7.257427	-7.221982	-7.269398	-7.238475	-7.241394	-7.225551	-7.216597	-7.216359	-7.184648	-7.308400	-7.200823	-7.219814	-14.994733	-7.246097
3947.789000	-7.238793	-7.220858	-7.259036	-7.222826	-7.270971	-7.240201	-7.242844	-7.227111	-7.217644	-7.217430	-7.185131	-7.245824	-7.201865	-7.220818	-14.994757	-7.247425
3967.779000	-7.239916	-7.221815	-7.259882	-7.223546	-7.272079	-7.240943	-7.243964	-7.228087	-7.218125	-7.218273	-7.185530	-7.245314	-7.202639	-7.221466	-14.994701	-7.248246
3987.789000	-7.240635	-7.222361	-7.260264	-7.224040	-7.272711	-7.241302	-7.244695	-7.228626	-7.218370	-7.218841	-7.185836	-7.245680	-7.203146	-7.221872	-14.994770	-7.248785
4007.789000	-7.241071	-7.222733	-7.260469	-7.224392	-7.273091	-7.241521	-7.245115	-7.228975	-7.218551	-7.219236	-7.186003	-7.247879	-7.203538	-7.222167	-14.994757	-7.249065
4027.799000	-7.241381	-7.222950	-7.260636	-7.224606	-7.273346	-7.241628	-7.245436	-7.229204	-7.218634	-7.219476	-7.186109	-7.252502	-7.203759	-7.222320	-14.994761	-7.249290
4047.779000	-7.241602	-7.223106	-7.260702	-7.224753	-7.273490	-7.241765	-7.245631	-7.229322	-7.218719	-7.219647	-7.186175	-7.254272	-7.203983	-7.222470	-14.994736	-7.249461
4067.791000	-7.241750	-7.223216	-7.260796	-7.224828	-7.273623	-7.241802	-7.245738	-7.229406	-7.218754	-7.219739	-7.186219	-7.257999	-7.204096	-7.222549	-14.994751	-7.249545
4087.749000	-7.241868	-7.223296	-7.260842	-7.224909	-7.273708	-7.241897	-7.245855	-7.229501	-7.218814	-7.219807	-7.186251	-7.260352	-7.204199	-7.222617	-14.994711	-7.249626
4107.739000	-7.241955	-7.223337	-7.260848	-7.224957	-7.273764	-7.241935	-7.245899	-7.229532	-7.218824	-7.219831	-7.186304	-7.262030	-7.204240	-7.222691	-14.994736	-7.249695
4127.749000	-7.242000	-7.223409	-7.260936	-7.225008	-7.273789	-7.241932	-7.245921	-7.229552	-7.218858	-7.219894	-7.186320	-7.263320	-7.204316	-7.222725	-14.994725	-7.249783
4147.763000	-7.242036	-7.223399	-7.260937	-7.225049	-7.273784	-7.241964	-7.245990	-7.229625	-7.218907	-7.219969	-7.186323	-7.264616	-7.204356	-7.222765	-14.994694	-7.249787
4167.789000	-7.242081	-7.223466	-7.260952	-7.225075	-7.273847	-7.242017	-7.246055	-7.229612	-7.218919	-7.219981	-7.186352	-7.265564	-7.204386	-7.222804	-14.994719	-7.249867
4187.770000	-7.242103	-7.223485	-7.261006	-7.225085	-7.273866	-7.242038	-7.246050	-7.229647	-7.218971	-7.220014	-7.186372	-7.266176	-7.204443	-7.222809	-14.994734	-7.249890
4207.739000	-7.242144	-7.223494	-7.261016	-7.225094	-7.273888	-7.242076	-7.246075	-7.229685	-7.218955	-7.220049	-7.186376	-7.266530	-7.204495	-7.222843	-14.994767	-7.249924
4227.749000	-7.242203	-7.223522	-7.261046	-7.225119	-7.273907	-7.242121	-7.246079	-7.229670	-7.218960	-7.220058	-7.186372	-7.266710	-7.204517	-7.222883	-14.994746	-7.249932
4247.820000	-7.242214	-7.223518	-7.261040	-7.225135	-7.273960	-7.242095	-7.246131	-7.229691	-7.218993	-7.220079	-7.186417	-7.267103	-7.204584	-7.222875	-14.994766	-7.249999
4267.830000	-7.242228	-7.223537	-7.261070	-7.225165	-7.273966	-7.242142	-7.246159	-7.229724	-7.218988	-7.220105	-7.186404	-7.267816	-7.204566	-7.222892	-14.994724	-7.250014
4287.819000	-7.242264	-7.223551	-7.261099	-7.225167	-7.273978	-7.242142	-7.246173	-7.229761	-7.219019	-7.220174	-7.186430	-7.268006	-7.204624	-7.222925	-14.994752	-7.250032
4307.860000	-7.242285	-7.223560	-7.261081	-7.225191	-7.274007	-7.242147	-7.246190	-7.229798	-7.219017	-7.220153	-7.186440	-7.268510	-7.204609	-7.222930	-14.994682	-7.250068
4327.880000	-7.242283	-7.223585	-7.261102	-7.225171	-7.274024	-7.242196	-7.246215	-7.229805	-7.218997	-7.220144	-7.186472	-7.268924	-7.204595	-7.222936	-14.994764	-7.250083
4347.879000	-7.242319	-7.223604	-7.261117	-7.225191	-7.274043	-7.242192	-7.246179	-7.229796	-7.218996	-7.220166	-7.186458	-7.269574	-7.204602	-7.222945	-14.994765	-7.250102
4367.919000	-7.242313	-7.223624	-7.261165	-7.225204	-7.274049	-7.242181	-7.246194	-7.229816	-7.219032	-7.220186	-7.186482	-7.269497	-7.204637	-7.222967	-14.994754	-7.250142
4387.929000	-7.242299	-7.223622	-7.261129	-7.225213	-7.274085	-7.242218	-7.246218	-7.229810	-7.219063	-7.220179	-7.186464	-7.269661	-7.204678	-7.222971	-14.994730	-7.250123
4407.969000	-7.242335	-7.223653	-7.261120	-7.225209	-7.274111	-7.242223	-7.246217	-7.229802	-7.219040	-7.220206	-7.186500	-7.270779	-7.204678	-7.223001	-14.994695	-7.250151
4427.989000	-7.242360	-7.223617	-7.261152	-7.225230	-7.274107	-7.242245	-7.246269	-7.229811	-7.219074	-7.220191	-7.186501	-7.270644	-7.204665	-7.222994	-14.994772	-7.250163
4448.049000	-7.242382	-7.223659	-7.261153	-7.225232	-7.274109	-7.242264	-7.246276	-7.229847	-7.219074	-7.220228	-7.186496	-7.270802	-7.204688	-7.223023	-14.994710	-7.250161
4468.089000	-7.242389	-7.223640	-7.261177	-7.225247	-7.274102	-7.242262	-7.246287	-7.229864	-7.219078	-7.220250	-7.186488	-7.271055	-7.204684	-7.223028	-14.994720	-7.250174
4488.099000	-7.242392	-7.223668	-7.261214	-7.225257	-7.274106	-7.242250	-7.246291	-7.229841	-7.219079	-7.220280	-7.186462	-7.271431	-7.204695	-7.223031	-14.994653	-7.250194
4508.119000	-7.242400	-7.223649	-7.261181	-7.225224	-7.274104	-7.242231	-7.246289	-7.229891	-7.219094	-7.220253	-7.186468	-7.271432	-7.204708	-7.223028	-14.994776	-7.250227
4528.119000	-7.242394	-7.223690	-7.261180	-7.225244	-7.274138	-7.242244	-7.246307	-7.229899	-7.219120	-7.220258	-7.186471	-7.271440	-7.204738	-7.223042	-14.994733	-7.250220
4548.109000	-7.242447	-7.223682	-7.261201	-7.225250	-7.274137	-7.242268	-7.246303	-7.229868	-7.219116	-7.220260	-7.186506	-7.271635	-7.204714	-7.223064	-14.994747	-7.250203
4568.109000	-7.242453	-7.223705	-7.261204	-7.225283	-7.274149	-7.242291	-7.246317	-7.229877	-7.219106	-7.220230	-7.186463	-7.271761	-7.204727	-7.223039	-14.994670	-7.250218
4588.170000	-7.242424	-7.223680	-7.261238	-7.225290	-7.274168	-7.242294	-7.246339	-7.229890	-7.219128	-7.220268	-7.186517	-7.271904	-7.204736	-7.223067	-14.994677	-7.250243
4608.229000	-7.242481	-7.223704	-7.261210	-7.225297	-7.274140	-7.242290	-7.246296	-7.229906	-7.219127	-7.220288	-7.186519	-7.272055	-7.204747	-7.223054	-14.994700	-7.250255
4628.259000	-7.242444	-7.223698	-7.261234	-7.225313	-7.274183	-7.242306	-7.246327	-7.229907	-7.219112	-7.220288	-7.186522	-7.272097	-7.204744	-7.223071	-14.994737	-7.250270
4648.260000	-7.242503	-7.223716	-7.261251	-7.225269	-7.274184	-7.242269	-7.246348	-7.229902	-7.219090	-7.220307	-7.186492	-7.272436	-7.204728	-7.223053	-14.994685	-7.250277
4668.270000	-7.242461	-7.223705	-7.261236	-7.225309	-7.274164	-7.242296	-7.246362	-7.229892	-7.219132	-7.220348	-7.186508	-7.272689	-7.204745	-7.223070	-14.994728	-7.250247
4688.249000	-7.242486	-7.223699	-7.261210	-7.225308	-7.274181	-7.242263	-7.246370	-7.229886	-7.219156	-7.220334	-7.186512	-7.273021	-7.204750	-7.223050	-14.994728	-7.250274
4708.269000	-7.242504	-7.223698	-7.261250	-7.225331	-7.274196	-7.242305	-7.246335	-7.229890	-7.219138	-7.220330	-7.186510	-7.273062	-7.204756	-7.223080	-14.994718	-7.250259
4728.249000	-7.242496	-7.223741	-7.261260	-7.225296	-7.274176	-7.242310	-7.246390	-7.229915	-7.219155	-7.220343	-7.186544	-7.273116	-7.204772	-7.223113	-14.994711	-7.250299
4748.239000	-7.242493	-7.223727	-7.261255	-7.225350	-7.274189	-7.242311	-7.246377	-7.229935	-7.219148	-7.220337	-7.186516	-7.273565	-7.204771	-7.223104	-14.994758	-7.250305
4768.239000	-7.242491	-7.223732	-7.261260	-7.225322	-7.274211	-7.242281	-7.246383	-7.229907	-7.219173	-7.220295	-7.186499	-7.273516	-7.204739	-7.223102	-14.994674	-7.250293
4788.220000	-7.242487	-7.223724	-7.261265	-7.225363	-7.274211	-7.242285	-7.246358	-7.229921	-7.219138	-7.220335	-7.186489	-7.273670	-7.204776	-7.223120	-14.994736	-7.250329
4808.189000	-7.242502	-7.223749	-7.261277	-7.225328	-7.274221	-7.242336	-7.246364	-7.229935	-7.219163	-7.220336	-7.186522	-7.273882	-7.204787	-7.223109	-14.994704	-7.250356
4828.189000	-7.242487	-7.223730	-7.261252	-7.225292	-7.274255	-7.242299	-7.246364	-7.229939	-7.219158	-7.220356	-7.186483	-7.274039	-7.204823	-7.223105	-14.994729	-7.250309
4848.190000	-7.242542	-7.223746	-7.261270	-7.225329	-7.274193	-7.242303	-7.246356	-7.229926	-7.219164	-7.220347	-7.186504	-7.274355	-7.204799	-7.223123	-14.994686	-7.250340
4868.199000	-7.242542	-7.223764	-7.261265	-7.225318	-7.274199	-7.242309	-7.246379	-7.229945	-7.219212	-7.220359	-7.186531	-7.274262	-7.204806	-7.223154	-14.994692	-7.250348
4888.179000	-7.242532	-7.223734	-7.261265	-7.225318	-7.274235	-7.242332	-7.246373	-7.229932	-7.219199	-7.220340	-7.186546	-7.274308	-7.204777	-7.223157	-14.994716	-7.250367
4908.169000	-7.242531	-7.223761	-7.261229	-7.225343	-7.274217	-7.242318	-7.246381	-7.229935	-7.219219	-7.220393	-7.186511	-7.274285	-7.204785	-7.223136	-14.994709	-7.250332
4928.179000	-7.242564	-7.223740	-7.261282	-7.225358	-7.274181	-7.242320	-7.246397	-7.229916	-7.219178	-7.220337	-7.186537	-7.274451	-7.204820	-7.223157	-14.994723	-7.250350
4948.159000	-7.242299	-7.223555	-7.260637	-7.225177	-7.273777	-7.241071	-7.245977	-7.229459	-7.218190	-7.219922	-7.186293	-7.286437	-7.204210	-7.222508	-14.994785	-7.249143
4968.189000	-7.239134	-7.220879	-7.256037	-7.223449	-7.270734	-7.235563	-7.243155	-7.226299	-7.214563	-7.217429	-7.184944	-7.246586	-7.201743	-7.219998	-14.994812	-7.245549
4988.179000	-7.237014	-7.218923	-7.255668	-7.222160	-7.268602	-7.235104	-7.241010	-7.224341	-7.214288	-7.215749	-7.184344	-7.246033	-7.200306	-7.218717	-14.994858	-7.244433
5008.159000	-7.236507	-7.218485	-7.255650	-7.221734	-7.268321	-7.235021	-7.240730	-7.223870	-7.214196	-7.215114	-7.184316	-7.245228	-7.200064	-7.218389	-14.994823	-7.244323
5028.189000	-7.236515	-7.218384	-7.255656	-7.221616	-7.268215	-7.234968	-7.240631	-7.223718	-7.214161	-7.214903	-7.184287	-7.243690	-7.200009	-7.218280	-14.994899	-7.244287
5048.169000	-7.236494	-7.218345	-7.255619	-7.221607	-7.268220	-7.234924	-7.240567	-7.223647	-7.214156	-7.214754	-7.184281	-7.244285	-7.199958	-7.218198	-14.994882	-7.244243
5068.193000	-7.236495	-7.218319	-7.255657	-7.221564	-7.268182	-7.234913	-7.240595	-7.223590	-7.214118	-7.214680	-7.184262	-7.245080	-7.199905	-7.218157	-14.994874	-7.244215
5088.229000	-7.236473	-7.218316	-7.255659	-7.221531	-7.268166	-7.234859	-7.240553	-7.223524	-7.214089	-7.214631	-7.184291	-7.245064	-7.199894	-7.218159	-14.994860	-7.244163
5108.249000	-7.236481	-7.218277	-7.255639	-7.221528	-7.268121	-7.234889	-7.240553	-7.223542	-7.214109	-7.214604	-7.184299	-7.245106	-7.199861	-7.218136	-14.994837	-7.244167
5128.239000	-7.236459	-7.218324	-7.255661	-7.221515	-7.268121	-7.234840	-7.240531	-7.223510	-7.214107	-7.214560	-7.184275	-7.245119	-7.199820	-7.218088	-14.994861	-7.244136
5148.259000	-7.236481	-7.218308	-7.255658	-7.221511	-7.268125	-7.234848	-7.240549	-7.223518	-7.214091	-7.214549	-7.184278	-7.245119	-7.199840	-7.218096	-14.994872	-7.244157
5168.299000	-7.236480	-7.218286	-7.255663	-7.221524	-7.268121	-7.234856	-7.240548	-7.223501	-7.214108	-7.214499	-7.184283	-7.245167	-7.199821	-7.218080	-14.994885	-7.244132
5188.319000	-7.236467	-7.218291	-7.255676	-7.221506	-7.268122	-7.234848	-7.240556	-7.223484	-7.214068	-7.214489	-7.184277	-7.245352	-7.199848	-7.218067	-14.994870	-7.244130
5208.319000	-7.236443	-7.218290	-7.255651	-7.221498	-7.268129	-7.234841	-7.240538	-7.223463	-7.214078	-7.214463	-7.184265	-7.245750	-7.199829	-7.218055	-14.994844	-7.244114
5228.319000	-7.236463	-7.218281	-7.255621	-7.221491	-7.268129	-7.234817	-7.240558	-7.223482	-7.214061	-7.214490	-7.184278	-7.246281	-7.199838	-7.218058	-14.994785	-7.244078
5248.339000	-7.236437	-7.218298	-7.255654	-7.221474	-7.268125	-7.234826	-7.240506	-7.223460	-7.214076	-7.214459	-7.184278	-7.246776	-7.199820	-7.218037	-14.994865	-7.244073
5268.379000	-7.236440	-7.218293	-7.255642	-7.221466	-7.268119	-7.234834	-7.240529	-7.223447	-7.214055	-7.214457	-7.184268	-7.247550	-7.199849	-7.218027	-14.994792	-7.244057
5288.369000	-7.236485	-7.218292	-7.255646	-7.221495	-7.268115	-7.234818	-7.240499	-7.223448	-7.214038	-7.214444	-7.184275	-7.248989	-7.199810	-7.218050	-14.994850	-7.244074
5308.359000	-7.236459	-7.218279	-7.255642	-7.221489	-7.268103	-7.234797	-7.240507	-7.223416	-7.214083	-7.214442	-7.184252	-7.253746	-7.199808	-7.217996	-14.994869	-7.244087
5328.369000	-7.236454	-7.218291	-7.255666	-7.221490	-7.268115	-7.234834	-7.240493	-7.223426	-7.214069	-7.214402	-7.184285	-7.375635	-7.199833	-7.218010	-14.994846	-7.244078
5348.399000	-7.236452	-7.218256	-7.255644	-7.221486	-7.268077	-7.234816	-7.240514	-7.223432	-7.214071	-7.214430	-7.184286	-7.284376	-7.199824	-7.218026	-14.994862	-7.244075
5368.419000	-7.236457	-7.218283	-7.255654	-7.221465	-7.268090	-7.234799	-7.240539	-7.223413	-7.214070	-7.214395	-7.184277	-7.280815	-7.199812	-7.218003	-14.994863	-7.244055
5388.439000	-7.236455	-7.218263	-7.255642	-7.221470	-7.268076	-7.234835	-7.240507	-7.223414	-7.214065	-7.214411	-7.184286	-7.282137	-7.199806	-7.217972	-14.994881	-7.244054
5408.479000	-7.236484	-7.218262	-7.255636	-7.221486	-7.268083	-7.234788	-7.240512	-7.223400	-7.214060	-7.214392	-7.184222	-7.292665	-7.199826	-7.217980	-14.994861	-7.244072
5428.461000	-7.236496	-7.218255	-7.255622	-7.221465	-7.268089	-7.234800	-7.240533	-7.223400	-7.214029	-7.214386	-7.184243	-7.268761	-7.199814	-7.217992	-14.994847	-7.244041
	-7.236480															
