8.206000	-7.063316	-6.923630	-6.939971	-6.916623	-7.158367	-7.191528	-7.171520	-7.153004	-7.134451	-7.195847	-7.153176	-7.140086	-7.181998	-7.178031	-15.153816	-7.159617
20.414000	-7.063304	-6.923687	-6.939970	-6.916709	-7.158412	-7.191607	-7.171544	-7.153049	-7.134489	-7.195965	-7.153189	-7.140107	-7.182075	-7.178062	-15.154263	-7.159666
32.623000	-7.063290	-6.923714	-6.939974	-6.916741	-7.158448	-7.191625	-7.171530	-7.153075	-7.134517	-7.196020	-7.153206	-7.140120	-7.182121	-7.178083	-15.154701	-7.159658
44.817000	-7.063299	-6.923746	-6.939964	-6.916753	-7.158462	-7.191634	-7.171541	-7.153082	-7.134533	-7.196048	-7.153213	-7.140109	-7.182160	-7.178088	-15.155017	-7.159675
57.002000	-7.063275	-6.923764	-6.939989	-6.916749	-7.158474	-7.191633	-7.171558	-7.153104	-7.134533	-7.196076	-7.153217	-7.140120	-7.182162	-7.178107	-15.155409	-7.159672
69.204000	-7.063285	-6.923754	-6.939988	-6.916760	-7.158460	-7.191650	-7.171556	-7.153117	-7.134538	-7.196088	-7.153224	-7.140118	-7.182171	-7.178107	-15.155592	-7.159693
81.385000	-7.063281	-6.923751	-6.939931	-6.916790	-7.158449	-7.191595	-7.171557	-7.153137	-7.134450	-7.196050	-7.153185	-7.140138	-7.182200	-7.178130	-15.155810	-7.159727
93.575000	-7.063274	-6.923661	-6.939883	-6.916766	-7.158394	-7.191494	-7.171535	-7.153058	-7.134276	-7.195882	-7.153127	-7.140070	-7.182124	-7.178041	-15.155968	-7.159669
105.781000	-7.063317	-6.923562	-6.939845	-6.916700	-7.158297	-7.191344	-7.171479	-7.152898	-7.134082	-7.195641	-7.153040	-7.139960	-7.181979	-7.177877	-15.156097	-7.159545
117.966000	-7.063352	-6.923431	-6.939816	-6.916619	-7.158175	-7.191188	-7.171407	-7.152697	-7.133861	-7.195364	-7.152949	-7.139843	-7.181781	-7.177708	-15.156407	-7.159429
130.181000	-7.063473	-6.923302	-6.939765	-6.916503	-7.158029	-7.191018	-7.171339	-7.152471	-7.133677	-7.195076	-7.152866	-7.139756	-7.181573	-7.177535	-15.156514	-7.159294
142.380000	-7.063619	-6.923185	-6.939749	-6.916384	-7.157892	-7.190853	-7.171262	-7.152256	-7.133503	-7.194805	-7.152807	-7.139645	-7.181372	-7.177360	-15.156612	-7.159162
154.580000	-7.063861	-6.923039	-6.939687	-6.916267	-7.157753	-7.190696	-7.171160	-7.152044	-7.133339	-7.194552	-7.152729	-7.139576	-7.181159	-7.177218	-15.156698	-7.159070
166.787000	-7.064201	-6.922919	-6.939636	-6.916126	-7.157605	-7.190559	-7.171074	-7.151868	-7.133183	-7.194311	-7.152669	-7.139480	-7.180956	-7.177059	-15.156703	-7.158967
178.971000	-7.064609	-6.922793	-6.939599	-6.915998	-7.157472	-7.190405	-7.171020	-7.151717	-7.133049	-7.194105	-7.152607	-7.139426	-7.180763	-7.176926	-15.156852	-7.158859
191.197000	-7.065052	-6.922700	-6.939568	-6.915866	-7.157354	-7.190279	-7.170957	-7.151575	-7.132966	-7.193914	-7.152569	-7.139362	-7.180600	-7.176783	-15.156862	-7.158791
203.423000	-7.065545	-6.922612	-6.939553	-6.915759	-7.157255	-7.190166	-7.170894	-7.151468	-7.132886	-7.193746	-7.152518	-7.139319	-7.180454	-7.176659	-15.157056	-7.158712
215.597000	-7.066039	-6.922528	-6.939545	-6.915633	-7.157173	-7.190079	-7.170851	-7.151388	-7.132828	-7.193612	-7.152490	-7.139278	-7.180344	-7.176574	-15.157137	-7.158656
227.797000	-7.066481	-6.922462	-6.939535	-6.915549	-7.157097	-7.190035	-7.170813	-7.151316	-7.132793	-7.193509	-7.152486	-7.139254	-7.180240	-7.176502	-15.157200	-7.158622
240.000000	-7.066923	-6.922427	-6.939522	-6.915479	-7.157050	-7.189992	-7.170786	-7.151266	-7.132777	-7.193458	-7.152468	-7.139240	-7.180155	-7.176457	-15.157131	-7.158631
252.232000	-7.067291	-6.922384	-6.939518	-6.915424	-7.156990	-7.189957	-7.170765	-7.151249	-7.132734	-7.193410	-7.152461	-7.139220	-7.180103	-7.176426	-15.157163	-7.158595
264.434000	-7.067624	-6.922357	-6.939496	-6.915380	-7.156966	-7.189941	-7.170742	-7.151205	-7.132723	-7.193356	-7.152456	-7.139192	-7.180072	-7.176383	-15.157097	-7.158598
276.649000	-7.067919	-6.922330	-6.939500	-6.915354	-7.156940	-7.189914	-7.170723	-7.151191	-7.132717	-7.193346	-7.152430	-7.139197	-7.180029	-7.176359	-15.157034	-7.158567
288.860000	-7.068147	-6.922329	-6.939490	-6.915325	-7.156930	-7.189902	-7.170710	-7.151180	-7.132704	-7.193309	-7.152431	-7.139194	-7.180011	-7.176348	-15.157308	-7.158558
301.101000	-7.068355	-6.922292	-6.939501	-6.915305	-7.156910	-7.189873	-7.170712	-7.151160	-7.132692	-7.193305	-7.152425	-7.139204	-7.179983	-7.176333	-15.157366	-7.158535
313.317000	-7.068528	-6.922304	-6.939479	-6.915291	-7.156901	-7.189869	-7.170711	-7.151143	-7.132678	-7.193278	-7.152436	-7.139188	-7.179958	-7.176316	-15.157387	-7.158539
325.521000	-7.068678	-6.922293	-6.939501	-6.915256	-7.156878	-7.189861	-7.170699	-7.151148	-7.132672	-7.193282	-7.152418	-7.139192	-7.179958	-7.176293	-15.157421	-7.158524
337.730000	-7.068806	-6.922283	-6.939486	-6.915258	-7.156887	-7.189862	-7.170676	-7.151125	-7.132651	-7.193250	-7.152418	-7.139177	-7.179945	-7.176305	-15.157542	-7.158505
349.947000	-7.068910	-6.922267	-6.939489	-6.915236	-7.156886	-7.189840	-7.170690	-7.151118	-7.132644	-7.193254	-7.152415	-7.139179	-7.179936	-7.176312	-15.157825	-7.158523
362.159000	-7.068985	-6.922257	-6.939485	-6.915241	-7.156859	-7.189834	-7.170694	-7.151121	-7.132644	-7.193263	-7.152405	-7.139189	-7.179936	-7.176282	-15.157681	-7.158506
374.360000	-7.069085	-6.922273	-6.939491	-6.915226	-7.156852	-7.189836	-7.170685	-7.151120	-7.132643	-7.193253	-7.152407	-7.139178	-7.179907	-7.176272	-15.157932	-7.158511
386.550000	-7.069155	-6.922248	-6.939487	-6.915219	-7.156855	-7.189825	-7.170677	-7.151105	-7.132634	-7.193257	-7.152396	-7.139189	-7.179909	-7.176276	-15.157645	-7.158489
398.755000	-7.069219	-6.922249	-6.939494	-6.915217	-7.156855	-7.189814	-7.170677	-7.151113	-7.132638	-7.193250	-7.152401	-7.139176	-7.179920	-7.176278	-15.157742	-7.158482
410.931000	-7.069279	-6.922254	-6.939498	-6.915215	-7.156856	-7.189824	-7.170668	-7.151103	-7.132645	-7.193236	-7.152415	-7.139165	-7.179903	-7.176264	-15.157716	-7.158495
423.158000	-7.069311	-6.922234	-6.939477	-6.915220	-7.156848	-7.189811	-7.170666	-7.151116	-7.132633	-7.193244	-7.152392	-7.139175	-7.179908	-7.176254	-15.157643	-7.158495
435.386000	-7.069363	-6.922237	-6.939488	-6.915207	-7.156850	-7.189824	-7.170671	-7.151112	-7.132626	-7.193227	-7.152396	-7.139170	-7.179891	-7.176261	-15.157788	-7.158481
447.585000	-7.069397	-6.922243	-6.939470	-6.915211	-7.156845	-7.189807	-7.170669	-7.151110	-7.132630	-7.193240	-7.152401	-7.139174	-7.179884	-7.176271	-15.157828	-7.158474
459.805000	-7.069425	-6.922237	-6.939478	-6.915198	-7.156847	-7.189808	-7.170680	-7.151099	-7.132616	-7.193220	-7.152397	-7.139168	-7.179894	-7.176251	-15.157953	-7.158490
472.011000	-7.069454	-6.922225	-6.939469	-6.915183	-7.156837	-7.189790	-7.170664	-7.151084	-7.132617	-7.193238	-7.152388	-7.139173	-7.179888	-7.176230	-15.157813	-7.158471
484.192000	-7.069478	-6.922232	-6.939468	-6.915167	-7.156838	-7.189804	-7.170663	-7.151077	-7.132621	-7.193212	-7.152383	-7.139166	-7.179880	-7.176221	-15.157665	-7.158476
496.404000	-7.069520	-6.922222	-6.939475	-6.915199	-7.156842	-7.189800	-7.170651	-7.151098	-7.132617	-7.193206	-7.152390	-7.139176	-7.179887	-7.176241	-15.157808	-7.158473
508.618000	-7.069529	-6.922228	-6.939479	-6.915197	-7.156822	-7.189782	-7.170653	-7.151086	-7.132608	-7.193215	-7.152394	-7.139183	-7.179874	-7.176230	-15.157787	-7.158471
520.824000	-7.069539	-6.922219	-6.939470	-6.915176	-7.156830	-7.189783	-7.170652	-7.151087	-7.132620	-7.193212	-7.152393	-7.139168	-7.179876	-7.176245	-15.157546	-7.158456
533.015000	-7.069574	-6.922225	-6.939464	-6.915172	-7.156821	-7.189791	-7.170680	-7.151087	-7.132627	-7.193214	-7.152391	-7.139171	-7.179867	-7.176221	-15.157496	-7.158467
545.226000	-7.069576	-6.922227	-6.939460	-6.915180	-7.156834	-7.189803	-7.170664	-7.151089	-7.132618	-7.193205	-7.152387	-7.139157	-7.179861	-7.176230	-15.157589	-7.158456
557.412000	-7.069591	-6.922226	-6.939470	-6.915182	-7.156826	-7.189783	-7.170658	-7.151103	-7.132606	-7.193204	-7.152392	-7.139162	-7.179851	-7.176228	-15.157775	-7.158457
569.611000	-7.069640	-6.922215	-6.939451	-6.915171	-7.156823	-7.189796	-7.170657	-7.151083	-7.132601	-7.193203	-7.152389	-7.139163	-7.179853	-7.176220	-15.158014	-7.158450
581.809000	-7.069650	-6.922214	-6.939447	-6.915187	-7.156810	-7.189792	-7.170666	-7.151090	-7.132618	-7.193194	-7.152389	-7.139169	-7.179872	-7.176222	-15.157794	-7.158429
594.016000	-7.069678	-6.922205	-6.939462	-6.915173	-7.156819	-7.189805	-7.170642	-7.151080	-7.132615	-7.193192	-7.152378	-7.139164	-7.179850	-7.176211	-15.157901	-7.158457
606.202000	-7.069655	-6.922206	-6.939467	-6.915162	-7.156828	-7.189786	-7.170647	-7.151088	-7.132609	-7.193183	-7.152388	-7.139152	-7.179843	-7.176207	-15.157769	-7.158454
618.399000	-7.069697	-6.922198	-6.939452	-6.915156	-7.156825	-7.189791	-7.170639	-7.151099	-7.132591	-7.193191	-7.152375	-7.139157	-7.179849	-7.176212	-15.157776	-7.158447
630.617000	-7.069688	-6.922193	-6.939463	-6.915163	-7.156802	-7.189784	-7.170654	-7.151092	-7.132589	-7.193193	-7.152375	-7.139172	-7.179834	-7.176215	-15.157774	-7.158459
642.826000	-7.069709	-6.922203	-6.939474	-6.915158	-7.156800	-7.189787	-7.170663	-7.151085	-7.132594	-7.193188	-7.152375	-7.139138	-7.179837	-7.176217	-15.157780	-7.158482
655.020000	-7.069727	-6.922201	-6.939458	-6.915160	-7.156804	-7.189797	-7.170656	-7.151067	-7.132586	-7.193202	-7.152373	-7.139140	-7.179858	-7.176206	-15.157865	-7.158474
667.221000	-7.069713	-6.922197	-6.939459	-6.915170	-7.156824	-7.189802	-7.170653	-7.151081	-7.132574	-7.193197	-7.152376	-7.139134	-7.179851	-7.176187	-15.157745	-7.158437
679.422000	-7.069756	-6.922176	-6.939471	-6.915152	-7.156812	-7.189795	-7.170660	-7.151073	-7.132572	-7.193182	-7.152367	-7.139141	-7.179845	-7.176193	-15.157620	-7.158446
691.626000	-7.069742	-6.922197	-6.939455	-6.915149	-7.156817	-7.189778	-7.170657	-7.151077	-7.132580	-7.193179	-7.152378	-7.139140	-7.179846	-7.176196	-15.157767	-7.158443
703.833000	-7.069761	-6.922177	-6.939462	-6.915136	-7.156811	-7.189773	-7.170657	-7.151067	-7.132584	-7.193176	-7.152376	-7.139145	-7.179856	-7.176207	-15.157412	-7.158442
716.026000	-7.069777	-6.922186	-6.939447	-6.915146	-7.156810	-7.189778	-7.170657	-7.151068	-7.132583	-7.193180	-7.152386	-7.139132	-7.179853	-7.176207	-15.157468	-7.158454
728.233000	-7.069789	-6.922172	-6.939449	-6.915137	-7.156813	-7.189766	-7.170659	-7.151060	-7.132586	-7.193181	-7.152388	-7.139136	-7.179848	-7.176185	-15.157840	-7.158441
740.441000	-7.069782	-6.922181	-6.939466	-6.915139	-7.156803	-7.189770	-7.170635	-7.151063	-7.132588	-7.193180	-7.152380	-7.139155	-7.179854	-7.176191	-15.157567	-7.158428
752.629000	-7.069809	-6.922181	-6.939472	-6.915142	-7.156799	-7.189764	-7.170650	-7.151070	-7.132591	-7.193182	-7.152389	-7.139143	-7.179816	-7.176192	-15.157744	-7.158437
764.841000	-7.069823	-6.922175	-6.939447	-6.915141	-7.156810	-7.189773	-7.170664	-7.151055	-7.132605	-7.193166	-7.152375	-7.139144	-7.179821	-7.176184	-15.157786	-7.158432
777.029000	-7.069841	-6.922185	-6.939464	-6.915145	-7.156804	-7.189759	-7.170638	-7.151073	-7.132596	-7.193174	-7.152391	-7.139140	-7.179818	-7.176178	-15.157770	-7.158441
789.217000	-7.069848	-6.922161	-6.939464	-6.915129	-7.156810	-7.189768	-7.170639	-7.151071	-7.132583	-7.193161	-7.152375	-7.139140	-7.179817	-7.176185	-15.157816	-7.158450
801.433000	-7.069833	-6.922171	-6.939449	-6.915130	-7.156805	-7.189771	-7.170621	-7.151056	-7.132588	-7.193174	-7.152370	-7.139145	-7.179820	-7.176181	-15.157739	-7.158436
813.641000	-7.069839	-6.922187	-6.939446	-6.915130	-7.156815	-7.189769	-7.170644	-7.151068	-7.132584	-7.193142	-7.152373	-7.139157	-7.179815	-7.176172	-15.157801	-7.158448
825.843000	-7.069841	-6.922174	-6.939466	-6.915141	-7.156805	-7.189773	-7.170656	-7.151065	-7.132595	-7.193162	-7.152388	-7.139141	-7.179835	-7.176195	-15.157726	-7.158447
838.058000	-7.069874	-6.922178	-6.939464	-6.915135	-7.156807	-7.189771	-7.170658	-7.151059	-7.132598	-7.193155	-7.152374	-7.139130	-7.179826	-7.176196	-15.157831	-7.158439
850.251000	-7.069868	-6.922188	-6.939460	-6.915130	-7.156811	-7.189772	-7.170647	-7.151084	-7.132599	-7.193182	-7.152372	-7.139122	-7.179825	-7.176182	-15.157781	-7.158438
862.477000	-7.069884	-6.922171	-6.939456	-6.915142	-7.156811	-7.189771	-7.170649	-7.151071	-7.132592	-7.193151	-7.152375	-7.139133	-7.179817	-7.176191	-15.157835	-7.158456
874.685000	-7.069898	-6.922184	-6.939454	-6.915149	-7.156800	-7.189779	-7.170630	-7.151071	-7.132599	-7.193161	-7.152364	-7.139145	-7.179805	-7.176179	-15.157740	-7.158450
886.920000	-7.069874	-6.922186	-6.939460	-6.915129	-7.156803	-7.189780	-7.170637	-7.151056	-7.132596	-7.193154	-7.152357	-7.139154	-7.179802	-7.176184	-15.157672	-7.158440
899.125000	-7.069887	-6.922177	-6.939459	-6.915145	-7.156804	-7.189784	-7.170645	-7.151054	-7.132597	-7.193161	-7.152351	-7.139148	-7.179807	-7.176169	-15.157828	-7.158437
911.318000	-7.069893	-6.922169	-6.939457	-6.915133	-7.156809	-7.189765	-7.170636	-7.151061	-7.132580	-7.193155	-7.152373	-7.139148	-7.179818	-7.176162	-15.158117	-7.158416
923.537000	-7.069887	-6.922175	-6.939461	-6.915142	-7.156780	-7.189763	-7.170631	-7.151062	-7.132580	-7.193153	-7.152360	-7.139139	-7.179809	-7.176158	-15.157886	-7.158406
935.714000	-7.069911	-6.922156	-6.939459	-6.915143	-7.156799	-7.189778	-7.170624	-7.151054	-7.132579	-7.193147	-7.152350	-7.139135	-7.179812	-7.176165	-15.157897	-7.158431
947.949000	-7.069890	-6.922173	-6.939457	-6.915144	-7.156796	-7.189768	-7.170643	-7.151048	-7.132583	-7.193140	-7.152364	-7.139141	-7.179801	-7.176171	-15.157745	-7.158423
960.169000	-7.069932	-6.922177	-6.939446	-6.915140	-7.156798	-7.189779	-7.170631	-7.151055	-7.132582	-7.193137	-7.152378	-7.139124	-7.179829	-7.176172	-15.157793	-7.158422
972.384000	-7.069909	-6.922178	-6.939438	-6.915124	-7.156787	-7.189764	-7.170638	-7.151058	-7.132576	-7.193139	-7.152368	-7.139147	-7.179813	-7.176171	-15.157660	-7.158423
984.570000	-7.069944	-6.922169	-6.939453	-6.915130	-7.156794	-7.189769	-7.170647	-7.151037	-7.132579	-7.193138	-7.152369	-7.139127	-7.179821	-7.176166	-15.157727	-7.158429
996.775000	-7.069949	-6.922170	-6.939433	-6.915138	-7.156806	-7.189761	-7.170645	-7.151051	-7.132573	-7.193152	-7.152349	-7.139136	-7.179812	-7.176172	-15.157705	-7.158412
1008.977000	-7.069937	-6.922181	-6.939450	-6.915147	-7.156781	-7.189777	-7.170645	-7.151048	-7.132583	-7.193139	-7.152358	-7.139131	-7.179811	-7.176174	-15.157705	-7.158410
1021.158000	-7.069970	-6.922160	-6.939453	-6.915131	-7.156794	-7.189771	-7.170641	-7.151045	-7.132583	-7.193133	-7.152347	-7.139137	-7.179810	-7.176186	-15.157741	-7.158432
1033.371000	-7.069960	-6.922178	-6.939454	-6.915132	-7.156776	-7.189760	-7.170640	-7.151031	-7.132572	-7.193128	-7.152355	-7.139115	-7.179804	-7.176173	-15.157575	-7.158412
1045.570000	-7.069967	-6.922168	-6.939440	-6.915127	-7.156790	-7.189760	-7.170631	-7.151049	-7.132582	-7.193134	-7.152362	-7.139135	-7.179808	-7.176158	-15.157822	-7.158427
1057.775000	-7.069976	-6.922172	-6.939448	-6.915150	-7.156781	-7.189757	-7.170631	-7.151040	-7.132566	-7.193136	-7.152351	-7.139130	-7.179806	-7.176174	-15.157885	-7.158416
1069.956000	-7.069967	-6.922157	-6.939439	-6.915133	-7.156786	-7.189756	-7.170627	-7.151035	-7.132569	-7.193134	-7.152339	-7.139124	-7.179809	-7.176167	-15.157914	-7.158416
1082.141000	-7.069985	-6.922160	-6.939448	-6.915137	-7.156793	-7.189750	-7.170635	-7.151050	-7.132554	-7.193133	-7.152347	-7.139119	-7.179823	-7.176165	-15.157794	-7.158407
1094.344000	-7.069963	-6.922169	-6.939446	-6.915141	-7.156804	-7.189747	-7.170640	-7.151049	-7.132565	-7.193121	-7.152348	-7.139119	-7.179817	-7.176171	-15.157650	-7.158417
1106.539000	-7.069964	-6.922157	-6.939442	-6.915149	-7.156789	-7.189752	-7.170636	-7.151051	-7.132568	-7.193139	-7.152348	-7.139132	-7.179801	-7.176161	-15.157690	-7.158400
1118.741000	-7.069981	-6.922164	-6.939453	-6.915132	-7.156789	-7.189753	-7.170635	-7.151054	-7.132566	-7.193138	-7.152354	-7.139130	-7.179811	-7.176166	-15.157786	-7.158401
1130.926000	-7.069985	-6.922171	-6.939440	-6.915129	-7.156786	-7.189755	-7.170633	-7.151054	-7.132583	-7.193142	-7.152348	-7.139137	-7.179805	-7.176171	-15.157864	-7.158406
1143.141000	-7.069984	-6.922173	-6.939448	-6.915139	-7.156781	-7.189752	-7.170624	-7.151058	-7.132570	-7.193135	-7.152363	-7.139114	-7.179799	-7.176155	-15.157670	-7.158411
1155.335000	-7.069977	-6.922168	-6.939447	-6.915126	-7.156792	-7.189748	-7.170630	-7.151060	-7.132561	-7.193140	-7.152367	-7.139138	-7.179823	-7.176146	-15.157614	-7.158416
1167.528000	-7.069992	-6.922174	-6.939454	-6.915134	-7.156785	-7.189746	-7.170620	-7.151047	-7.132573	-7.193145	-7.152360	-7.139134	-7.179816	-7.176161	-15.157658	-7.158413
1179.736000	-7.070007	-6.922170	-6.939437	-6.915121	-7.156782	-7.189738	-7.170627	-7.151059	-7.132589	-7.193147	-7.152365	-7.139128	-7.179836	-7.176158	-15.157788	-7.158420
1191.928000	-7.070011	-6.922163	-6.939450	-6.915128	-7.156774	-7.189741	-7.170634	-7.151048	-7.132585	-7.193137	-7.152354	-7.139110	-7.179810	-7.176169	-15.157670	-7.158407
1204.118000	-7.070019	-6.922181	-6.939445	-6.915119	-7.156796	-7.189740	-7.170645	-7.151041	-7.132577	-7.193132	-7.152357	-7.139130	-7.179819	-7.176164	-15.157597	-7.158413
1216.305000	-7.070033	-6.922165	-6.939448	-6.915133	-7.156788	-7.189755	-7.170635	-7.151040	-7.132561	-7.193134	-7.152359	-7.139122	-7.179813	-7.176146	-15.157618	-7.158413
1228.536000	-7.070042	-6.922156	-6.939436	-6.915139	-7.156787	-7.189764	-7.170622	-7.151047	-7.132572	-7.193109	-7.152365	-7.139113	-7.179803	-7.176162	-15.157623	-7.158434
1240.712000	-7.070036	-6.922174	-6.939441	-6.915125	-7.156787	-7.189757	-7.170625	-7.151055	-7.132574	-7.193115	-7.152365	-7.139113	-7.179806	-7.176154	-15.157417	-7.158420
1252.927000	-7.070038	-6.922164	-6.939459	-6.915128	-7.156769	-7.189754	-7.170632	-7.151050	-7.132577	-7.193111	-7.152361	-7.139113	-7.179816	-7.176153	-15.157509	-7.158406
1265.126000	-7.070033	-6.922159	-6.939456	-6.915128	-7.156771	-7.189743	-7.170617	-7.151051	-7.132576	-7.193111	-7.152371	-7.139116	-7.179818	-7.176154	-15.157578	-7.158421
1277.315000	-7.070041	-6.922156	-6.939448	-6.915126	-7.156772	-7.189733	-7.170620	-7.151051	-7.132574	-7.193113	-7.152360	-7.139112	-7.179816	-7.176176	-15.157464	-7.158423
1289.544000	-7.070049	-6.922160	-6.939455	-6.915099	-7.156771	-7.189744	-7.170610	-7.151050	-7.132578	-7.193127	-7.152363	-7.139119	-7.179806	-7.176161	-15.157550	-7.158392
1301.725000	-7.070072	-6.922390	-6.939748	-6.915173	-7.157021	-7.190050	-7.170629	-7.151092	-7.133061	-7.193412	-7.152549	-7.139189	-7.179936	-7.176239	-15.157390	-7.158400
1313.928000	-7.069442	-6.922684	-6.939816	-6.915347	-7.157252	-7.190426	-7.170775	-7.151561	-7.133614	-7.194155	-7.152805	-7.139541	-7.180392	-7.176763	-15.157441	-7.158784
1326.134000	-7.068146	-6.922996	-6.939887	-6.915698	-7.157584	-7.190859	-7.170995	-7.152116	-7.134137	-7.194957	-7.153012	-7.139821	-7.180923	-7.177233	-15.157343	-7.159159
1338.331000	-7.066719	-6.923283	-6.939951	-6.916034	-7.157943	-7.191250	-7.171210	-7.152582	-7.134531	-7.195657	-7.153205	-7.140067	-7.181413	-7.177617	-15.157519	-7.159423
1350.523000	-7.065441	-6.923560	-6.940012	-6.916350	-7.158211	-7.191573	-7.171397	-7.152990	-7.134854	-7.196232	-7.153338	-7.140238	-7.181817	-7.177918	-15.157314	-7.159652
1362.718000	-7.064439	-6.923791	-6.940063	-6.916604	-7.158476	-7.191824	-7.171554	-7.153287	-7.135051	-7.196675	-7.153442	-7.140364	-7.182165	-7.178187	-15.157299	-7.159800
1374.892000	-7.063823	-6.923953	-6.940104	-6.916847	-7.158680	-7.192018	-7.171673	-7.153559	-7.135219	-7.197018	-7.153514	-7.140471	-7.182475	-7.178404	-15.157373	-7.159941
1387.090000	-7.063510	-6.924105	-6.940152	-6.917041	-7.158864	-7.192177	-7.171773	-7.153774	-7.135354	-7.197275	-7.153594	-7.140544	-7.182728	-7.178568	-15.157404	-7.160050
1399.292000	-7.063387	-6.924239	-6.940182	-6.917192	-7.159001	-7.192290	-7.171870	-7.153912	-7.135453	-7.197451	-7.153628	-7.140595	-7.182911	-7.178716	-15.157335	-7.160116
1411.479000	-7.063366	-6.924324	-6.940203	-6.917348	-7.159131	-7.192421	-7.171928	-7.154048	-7.135523	-7.197598	-7.153672	-7.140633	-7.183077	-7.178832	-15.157387	-7.160189
1423.662000	-7.063405	-6.924404	-6.940227	-6.917457	-7.159212	-7.192498	-7.171975	-7.154120	-7.135593	-7.197713	-7.153687	-7.140675	-7.183187	-7.178925	-15.157371	-7.160225
1435.874000	-7.063530	-6.924463	-6.940263	-6.917545	-7.159283	-7.192558	-7.172029	-7.154199	-7.135625	-7.197806	-7.153693	-7.140687	-7.183278	-7.178977	-15.157671	-7.160250
1448.095000	-7.063625	-6.924520	-6.940293	-6.917614	-7.159329	-7.192608	-7.172041	-7.154264	-7.135670	-7.197872	-7.153711	-7.140716	-7.183376	-7.179042	-15.157381	-7.160296
1460.291000	-7.063753	-6.924542	-6.940294	-6.917682	-7.159372	-7.192630	-7.172068	-7.154296	-7.135677	-7.197940	-7.153734	-7.140715	-7.183448	-7.179077	-15.157403	-7.160320
1472.503000	-7.063890	-6.924588	-6.940301	-6.917754	-7.159415	-7.192665	-7.172082	-7.154345	-7.135711	-7.197991	-7.153755	-7.140719	-7.183489	-7.179091	-15.157433	-7.160330
1484.701000	-7.063995	-6.924594	-6.940313	-6.917790	-7.159455	-7.192702	-7.172088	-7.154377	-7.135730	-7.198011	-7.153763	-7.140728	-7.183552	-7.179130	-15.157465	-7.160354
1496.895000	-7.064092	-6.924639	-6.940322	-6.917826	-7.159482	-7.192731	-7.172084	-7.154392	-7.135747	-7.198051	-7.153758	-7.140746	-7.183582	-7.179166	-15.157659	-7.160377
1509.072000	-7.064189	-6.924634	-6.940323	-6.917902	-7.159515	-7.192775	-7.172089	-7.154412	-7.135775	-7.198069	-7.153765	-7.140753	-7.183593	-7.179187	-15.157388	-7.160381
1521.266000	-7.064266	-6.924651	-6.940350	-6.917939	-7.159526	-7.192790	-7.172112	-7.154453	-7.135783	-7.198096	-7.153773	-7.140752	-7.183625	-7.179204	-15.157470	-7.160380
1533.457000	-7.064337	-6.924663	-6.940389	-6.917983	-7.159540	-7.192820	-7.172120	-7.154480	-7.135785	-7.198142	-7.153762	-7.140748	-7.183647	-7.179234	-15.157570	-7.160387
1545.659000	-7.064391	-6.924650	-6.940379	-6.918042	-7.159566	-7.192823	-7.172130	-7.154481	-7.135789	-7.198137	-7.153779	-7.140773	-7.183681	-7.179257	-15.157343	-7.160411
1557.861000	-7.064440	-6.924637	-6.940396	-6.918072	-7.159561	-7.192825	-7.172114	-7.154524	-7.135813	-7.198185	-7.153768	-7.140760	-7.183675	-7.179258	-15.157409	-7.160420
1570.064000	-7.064495	-6.924644	-6.940407	-6.918105	-7.159596	-7.192858	-7.172118	-7.154554	-7.135820	-7.198212	-7.153766	-7.140766	-7.183699	-7.179261	-15.157280	-7.160413
1582.244000	-7.064532	-6.924661	-6.940427	-6.918151	-7.159615	-7.192875	-7.172116	-7.154568	-7.135829	-7.198236	-7.153779	-7.140755	-7.183715	-7.179279	-15.157328	-7.160425
1594.441000	-7.064580	-6.924649	-6.940437	-6.918181	-7.159612	-7.192877	-7.172125	-7.154594	-7.135835	-7.198248	-7.153784	-7.140763	-7.183735	-7.179292	-15.157418	-7.160416
1606.636000	-7.064614	-6.924656	-6.940437	-6.918213	-7.159637	-7.192893	-7.172131	-7.154615	-7.135838	-7.198248	-7.153781	-7.140770	-7.183732	-7.179319	-15.157221	-7.160434
1618.841000	-7.064628	-6.924662	-6.940445	-6.918239	-7.159652	-7.192912	-7.172116	-7.154626	-7.135838	-7.198286	-7.153783	-7.140770	-7.183757	-7.179316	-15.157313	-7.160436
1631.040000	-7.064656	-6.924646	-6.940450	-6.918269	-7.159661	-7.192923	-7.172129	-7.154644	-7.135857	-7.198289	-7.153786	-7.140792	-7.183761	-7.179349	-15.157217	-7.160444
1643.275000	-7.064692	-6.924659	-6.940466	-6.918286	-7.159654	-7.192942	-7.172124	-7.154652	-7.135859	-7.198295	-7.153779	-7.140769	-7.183781	-7.179361	-15.157398	-7.160450
1655.490000	-7.064695	-6.924651	-6.940474	-6.918306	-7.159690	-7.192958	-7.172125	-7.154650	-7.135860	-7.198311	-7.153791	-7.140762	-7.183777	-7.179337	-15.157271	-7.160466
1667.685000	-7.064728	-6.924658	-6.940475	-6.918320	-7.159701	-7.192987	-7.172140	-7.154664	-7.135860	-7.198322	-7.153787	-7.140773	-7.183768	-7.179370	-15.157418	-7.160467
1679.879000	-7.064753	-6.924650	-6.940486	-6.918331	-7.159719	-7.193008	-7.172125	-7.154657	-7.135862	-7.198329	-7.153770	-7.140773	-7.183788	-7.179371	-15.157543	-7.160459
1692.102000	-7.064768	-6.924672	-6.940490	-6.918342	-7.159735	-7.193019	-7.172129	-7.154671	-7.135856	-7.198342	-7.153773	-7.140770	-7.183805	-7.179365	-15.157644	-7.160469
1704.290000	-7.064768	-6.924654	-6.940500	-6.918351	-7.159747	-7.193030	-7.172139	-7.154692	-7.135863	-7.198364	-7.153770	-7.140766	-7.183804	-7.179381	-15.157572	-7.160465
1716.482000	-7.064812	-6.924669	-6.940518	-6.918386	-7.159749	-7.193036	-7.172149	-7.154687	-7.135872	-7.198373	-7.153773	-7.140773	-7.183829	-7.179390	-15.157460	-7.160467
1728.676000	-7.064840	-6.924661	-6.940522	-6.918390	-7.159766	-7.193050	-7.172136	-7.154723	-7.135895	-7.198398	-7.153788	-7.140774	-7.183829	-7.179390	-15.157392	-7.160473
1740.856000	-7.064826	-6.924665	-6.940529	-6.918400	-7.159787	-7.193079	-7.172130	-7.154706	-7.135888	-7.198400	-7.153789	-7.140774	-7.183841	-7.179380	-15.157545	-7.160459
1753.067000	-7.064839	-6.924663	-6.940528	-6.918417	-7.159792	-7.193085	-7.172133	-7.154727	-7.135893	-7.198409	-7.153791	-7.140776	-7.183848	-7.179401	-15.157458	-7.160474
1765.235000	-7.064858	-6.924662	-6.940534	-6.918426	-7.159791	-7.193113	-7.172139	-7.154723	-7.135889	-7.198417	-7.153787	-7.140789	-7.183857	-7.179416	-15.157400	-7.160474
1777.435000	-7.064881	-6.924646	-6.940542	-6.918430	-7.159820	-7.193131	-7.172136	-7.154724	-7.135891	-7.198417	-7.153784	-7.140780	-7.183839	-7.179421	-15.157111	-7.160480
1789.625000	-7.064889	-6.924662	-6.940545	-6.918439	-7.159822	-7.193139	-7.172142	-7.154745	-7.135901	-7.198441	-7.153786	-7.140777	-7.183866	-7.179424	-15.157281	-7.160483
1801.819000	-7.064888	-6.924666	-6.940545	-6.918443	-7.159836	-7.193156	-7.172153	-7.154755	-7.135900	-7.198438	-7.153794	-7.140779	-7.183878	-7.179432	-15.157505	-7.160475
1814.014000	-7.064890	-6.924674	-6.940538	-6.918464	-7.159841	-7.193157	-7.172154	-7.154759	-7.135911	-7.198441	-7.153788	-7.140765	-7.183880	-7.179428	-15.157587	-7.160484
1826.213000	-7.064902	-6.924674	-6.940564	-6.918473	-7.159847	-7.193165	-7.172141	-7.154757	-7.135902	-7.198456	-7.153783	-7.140777	-7.183900	-7.179441	-15.157511	-7.160492
1838.422000	-7.064910	-6.924658	-6.940563	-6.918461	-7.159861	-7.193183	-7.172166	-7.154775	-7.135924	-7.198451	-7.153786	-7.140781	-7.183891	-7.179443	-15.157474	-7.160476
1850.593000	-7.064929	-6.924661	-6.940575	-6.918499	-7.159868	-7.193185	-7.172160	-7.154767	-7.135898	-7.198459	-7.153777	-7.140776	-7.183908	-7.179456	-15.157513	-7.160485
1862.801000	-7.064931	-6.924667	-6.940553	-6.918494	-7.159861	-7.193188	-7.172144	-7.154774	-7.135922	-7.198455	-7.153784	-7.140778	-7.183915	-7.179455	-15.157489	-7.160475
1875.002000	-7.064924	-6.924683	-6.940564	-6.918500	-7.159874	-7.193190	-7.172158	-7.154775	-7.135929	-7.198467	-7.153799	-7.140789	-7.183915	-7.179462	-15.157429	-7.160473
1887.195000	-7.064944	-6.924667	-6.940571	-6.918514	-7.159870	-7.193198	-7.172136	-7.154792	-7.135932	-7.198479	-7.153781	-7.140771	-7.183922	-7.179463	-15.157316	-7.160466
1899.396000	-7.064945	-6.924664	-6.940583	-6.918516	-7.159882	-7.193211	-7.172147	-7.154799	-7.135939	-7.198478	-7.153783	-7.140787	-7.183923	-7.179455	-15.157498	-7.160448
1911.612000	-7.064946	-6.924680	-6.940573	-6.918514	-7.159900	-7.193207	-7.172159	-7.154796	-7.135925	-7.198493	-7.153768	-7.140793	-7.183930	-7.179458	-15.157469	-7.160475
1923.810000	-7.064965	-6.924673	-6.940576	-6.918536	-7.159925	-7.193222	-7.172161	-7.154794	-7.135938	-7.198497	-7.153766	-7.140781	-7.183916	-7.179472	-15.157495	-7.160472
1935.991000	-7.064956	-6.924676	-6.940588	-6.918543	-7.159910	-7.193238	-7.172150	-7.154808	-7.135927	-7.198496	-7.153786	-7.140784	-7.183918	-7.179465	-15.157295	-7.160478
1948.182000	-7.064972	-6.924654	-6.940575	-6.918536	-7.159909	-7.193227	-7.172139	-7.154812	-7.135936	-7.198506	-7.153776	-7.140783	-7.183937	-7.179468	-15.157406	-7.160469
1960.352000	-7.064967	-6.924675	-6.940587	-6.918545	-7.159917	-7.193246	-7.172153	-7.154828	-7.135926	-7.198522	-7.153776	-7.140795	-7.183938	-7.179466	-15.157441	-7.160482
1972.550000	-7.064962	-6.924658	-6.940578	-6.918548	-7.159910	-7.193253	-7.172156	-7.154821	-7.135946	-7.198521	-7.153762	-7.140781	-7.183951	-7.179476	-15.157210	-7.160475
1984.744000	-7.064976	-6.924659	-6.940574	-6.918555	-7.159915	-7.193245	-7.172153	-7.154819	-7.135947	-7.198512	-7.153777	-7.140774	-7.183946	-7.179488	-15.157378	-7.160475
1996.938000	-7.064986	-6.924649	-6.940592	-6.918550	-7.159920	-7.193262	-7.172161	-7.154819	-7.135939	-7.198500	-7.153794	-7.140772	-7.183959	-7.179471	-15.157372	-7.160468
2009.135000	-7.064987	-6.924655	-6.940583	-6.918556	-7.159932	-7.193266	-7.172157	-7.154826	-7.135934	-7.198515	-7.153772	-7.140778	-7.183965	-7.179478	-15.157215	-7.160486
2021.351000	-7.064997	-6.924664	-6.940603	-6.918563	-7.159959	-7.193269	-7.172149	-7.154830	-7.135946	-7.198517	-7.153759	-7.140788	-7.183961	-7.179495	-15.157368	-7.160480
2033.534000	-7.065006	-6.924669	-6.940594	-6.918574	-7.159961	-7.193277	-7.172149	-7.154849	-7.135943	-7.198510	-7.153776	-7.140773	-7.183973	-7.179487	-15.157316	-7.160486
2045.736000	-7.064988	-6.924672	-6.940591	-6.918573	-7.159969	-7.193287	-7.172160	-7.154843	-7.135951	-7.198529	-7.153775	-7.140782	-7.183961	-7.179491	-15.157410	-7.160471
2057.958000	-7.065002	-6.924675	-6.940607	-6.918589	-7.159958	-7.193291	-7.172150	-7.154846	-7.135941	-7.198543	-7.153783	-7.140784	-7.183971	-7.179492	-15.157492	-7.160489
2070.146000	-7.065004	-6.924662	-6.940616	-6.918593	-7.159963	-7.193291	-7.172150	-7.154857	-7.135953	-7.198536	-7.153778	-7.140807	-7.183970	-7.179498	-15.157461	-7.160485
2082.338000	-7.065012	-6.924665	-6.940615	-6.918583	-7.159974	-7.193281	-7.172148	-7.154854	-7.135957	-7.198526	-7.153785	-7.140791	-7.183988	-7.179495	-15.157487	-7.160481
2094.517000	-7.064997	-6.924671	-6.940627	-6.918586	-7.159980	-7.193300	-7.172144	-7.154874	-7.135954	-7.198554	-7.153780	-7.140777	-7.183980	-7.179510	-15.157534	-7.160480
2106.710000	-7.065015	-6.924670	-6.940621	-6.918604	-7.159998	-7.193306	-7.172155	-7.154860	-7.135967	-7.198545	-7.153767	-7.140766	-7.183992	-7.179501	-15.157580	-7.160489
2118.912000	-7.065016	-6.924665	-6.940618	-6.918593	-7.159989	-7.193310	-7.172146	-7.154854	-7.135956	-7.198553	-7.153782	-7.140782	-7.183996	-7.179515	-15.157601	-7.160498
2131.105000	-7.065025	-6.924674	-6.940626	-6.918603	-7.159988	-7.193298	-7.172168	-7.154853	-7.135956	-7.198558	-7.153767	-7.140783	-7.183998	-7.179518	-15.157591	-7.160470
2143.303000	-7.065027	-6.924674	-6.940631	-6.918601	-7.159980	-7.193325	-7.172168	-7.154863	-7.135969	-7.198546	-7.153767	-7.140784	-7.184002	-7.179537	-15.157448	-7.160484
2155.486000	-7.065025	-6.924680	-6.940618	-6.918617	-7.159979	-7.193317	-7.172162	-7.154869	-7.135959	-7.198555	-7.153754	-7.140795	-7.184001	-7.179527	-15.157667	-7.160487
2167.679000	-7.065026	-6.924673	-6.940629	-6.918607	-7.159988	-7.193322	-7.172146	-7.154873	-7.135973	-7.198563	-7.153760	-7.140778	-7.184014	-7.179527	-15.157547	-7.160474
2179.863000	-7.065027	-6.924662	-6.940621	-6.918616	-7.159991	-7.193333	-7.172147	-7.154880	-7.135966	-7.198561	-7.153755	-7.140776	-7.184000	-7.179526	-15.157597	-7.160464
2192.055000	-7.065040	-6.924660	-6.940628	-6.918612	-7.159989	-7.193326	-7.172154	-7.154865	-7.135976	-7.198568	-7.153760	-7.140786	-7.184002	-7.179537	-15.157584	-7.160449
2204.227000	-7.065038	-6.924683	-6.940614	-6.918619	-7.159992	-7.193335	-7.172151	-7.154887	-7.135976	-7.198565	-7.153772	-7.140785	-7.184018	-7.179528	-15.157422	-7.160464
2216.412000	-7.065050	-6.924669	-6.940641	-6.918618	-7.159984	-7.193340	-7.172143	-7.154876	-7.135974	-7.198577	-7.153773	-7.140782	-7.184010	-7.179543	-15.157614	-7.160451
2228.615000	-7.065041	-6.924675	-6.940631	-6.918627	-7.159987	-7.193353	-7.172153	-7.154867	-7.135976	-7.198584	-7.153764	-7.140786	-7.184000	-7.179519	-15.157557	-7.160475
2240.795000	-7.065045	-6.924663	-6.940626	-6.918614	-7.159999	-7.193356	-7.172155	-7.154874	-7.135964	-7.198582	-7.153771	-7.140786	-7.184020	-7.179520	-15.157655	-7.160462
2252.998000	-7.065055	-6.924658	-6.940628	-6.918621	-7.160006	-7.193352	-7.172163	-7.154869	-7.135961	-7.198596	-7.153780	-7.140778	-7.184019	-7.179553	-15.157512	-7.160480
2265.187000	-7.065048	-6.924652	-6.940621	-6.918633	-7.159995	-7.193346	-7.172147	-7.154882	-7.135978	-7.198588	-7.153773	-7.140791	-7.184032	-7.179538	-15.157576	-7.160487
2277.400000	-7.065066	-6.924669	-6.940635	-6.918635	-7.159989	-7.193365	-7.172155	-7.154890	-7.135971	-7.198597	-7.153773	-7.140808	-7.184021	-7.179555	-15.157415	-7.160474
2289.600000	-7.065076	-6.924679	-6.940642	-6.918625	-7.159996	-7.193373	-7.172147	-7.154894	-7.135977	-7.198595	-7.153786	-7.140793	-7.184019	-7.179544	-15.157628	-7.160464
2301.793000	-7.065082	-6.924673	-6.940654	-6.918643	-7.160007	-7.193373	-7.172170	-7.154905	-7.135974	-7.198591	-7.153777	-7.140787	-7.184018	-7.179548	-15.157231	-7.160474
2313.983000	-7.065080	-6.924682	-6.940637	-6.918638	-7.160003	-7.193386	-7.172161	-7.154890	-7.135975	-7.198595	-7.153792	-7.140803	-7.184024	-7.179572	-15.157095	-7.160480
2326.187000	-7.065067	-6.924690	-6.940650	-6.918645	-7.159991	-7.193385	-7.172147	-7.154891	-7.135977	-7.198588	-7.153793	-7.140793	-7.184033	-7.179560	-15.157237	-7.160477
2338.386000	-7.065068	-6.924675	-6.940643	-6.918635	-7.160018	-7.193375	-7.172160	-7.154890	-7.135971	-7.198585	-7.153768	-7.140798	-7.184028	-7.179552	-15.157272	-7.160458
2350.586000	-7.065068	-6.924688	-6.940659	-6.918644	-7.160016	-7.193381	-7.172161	-7.154898	-7.135988	-7.198601	-7.153766	-7.140789	-7.184028	-7.179550	-15.157367	-7.160471
2362.778000	-7.065084	-6.924676	-6.940658	-6.918643	-7.160011	-7.193396	-7.172157	-7.154891	-7.135986	-7.198605	-7.153774	-7.140789	-7.184035	-7.179561	-15.157449	-7.160465
2374.964000	-7.065083	-6.924669	-6.940646	-6.918647	-7.160021	-7.193394	-7.172149	-7.154891	-7.135977	-7.198605	-7.153766	-7.140792	-7.184047	-7.179548	-15.157285	-7.160467
2387.160000	-7.065084	-6.924671	-6.940651	-6.918626	-7.160036	-7.193398	-7.172153	-7.154900	-7.135972	-7.198615	-7.153775	-7.140780	-7.184050	-7.179549	-15.157334	-7.160475
2399.364000	-7.065073	-6.924680	-6.940648	-6.918631	-7.160031	-7.193395	-7.172156	-7.154903	-7.135976	-7.198617	-7.153786	-7.140801	-7.184057	-7.179567	-15.157324	-7.160475
2411.569000	-7.065067	-6.924663	-6.940650	-6.918650	-7.160027	-7.193403	-7.172154	-7.154905	-7.135976	-7.198613	-7.153776	-7.140801	-7.184045	-7.179563	-15.157263	-7.160448
2423.753000	-7.065085	-6.924668	-6.940657	-6.918655	-7.160031	-7.193404	-7.172151	-7.154907	-7.135978	-7.198593	-7.153781	-7.140782	-7.184046	-7.179578	-15.157217	-7.160466
2435.942000	-7.065078	-6.924670	-6.940653	-6.918639	-7.160020	-7.193411	-7.172161	-7.154904	-7.135980	-7.198610	-7.153772	-7.140810	-7.184045	-7.179562	-15.157177	-7.160470
2448.114000	-7.065095	-6.924682	-6.940654	-6.918668	-7.160049	-7.193407	-7.172165	-7.154891	-7.135975	-7.198619	-7.153779	-7.140796	-7.184054	-7.179577	-15.157365	-7.160479
2460.311000	-7.065092	-6.924691	-6.940661	-6.918666	-7.160050	-7.193418	-7.172164	-7.154915	-7.135982	-7.198616	-7.153780	-7.140801	-7.184051	-7.179579	-15.157420	-7.160478
2472.520000	-7.065103	-6.924685	-6.940661	-6.918657	-7.160035	-7.193421	-7.172152	-7.154896	-7.135983	-7.198629	-7.153778	-7.140795	-7.184052	-7.179568	-15.157640	-7.160482
2484.725000	-7.065104	-6.924672	-6.940648	-6.918663	-7.160040	-7.193413	-7.172163	-7.154900	-7.135974	-7.198619	-7.153765	-7.140813	-7.184059	-7.179567	-15.157170	-7.160478
2496.919000	-7.065105	-6.924684	-6.940649	-6.918655	-7.160046	-7.193419	-7.172151	-7.154908	-7.135969	-7.198616	-7.153777	-7.140825	-7.184034	-7.179593	-15.157251	-7.160460
2509.103000	-7.065108	-6.924674	-6.940638	-6.918658	-7.160056	-7.193417	-7.172162	-7.154911	-7.135975	-7.198622	-7.153768	-7.140825	-7.184062	-7.179590	-15.157547	-7.160461
2521.302000	-7.065110	-6.924690	-6.940642	-6.918657	-7.160049	-7.193413	-7.172168	-7.154908	-7.135983	-7.198621	-7.153762	-7.140812	-7.184071	-7.179587	-15.157448	-7.160468
2533.506000	-7.065105	-6.924686	-6.940656	-6.918664	-7.160045	-7.193421	-7.172178	-7.154915	-7.135963	-7.198620	-7.153762	-7.140811	-7.184071	-7.179583	-15.157453	-7.160464
2545.717000	-7.065088	-6.924669	-6.940653	-6.918674	-7.160042	-7.193431	-7.172164	-7.154914	-7.135985	-7.198621	-7.153764	-7.140817	-7.184074	-7.179579	-15.157402	-7.160478
2557.912000	-7.065112	-6.924670	-6.940670	-6.918671	-7.160048	-7.193421	-7.172175	-7.154919	-7.135986	-7.198630	-7.153764	-7.140796	-7.184084	-7.179583	-15.157460	-7.160481
2570.132000	-7.065114	-6.924661	-6.940653	-6.918660	-7.160048	-7.193409	-7.172172	-7.154904	-7.135987	-7.198630	-7.153767	-7.140806	-7.184087	-7.179583	-15.157260	-7.160474
2582.305000	-7.065112	-6.924683	-6.940665	-6.918676	-7.160038	-7.193430	-7.172181	-7.154909	-7.136004	-7.198635	-7.153766	-7.140815	-7.184083	-7.179571	-15.157572	-7.160474
2594.490000	-7.065103	-6.924670	-6.940647	-6.918683	-7.160046	-7.193432	-7.172166	-7.154907	-7.136010	-7.198648	-7.153762	-7.140811	-7.184099	-7.179577	-15.157300	-7.160466
2606.671000	-7.065125	-6.924696	-6.940651	-6.918680	-7.160059	-7.193429	-7.172169	-7.154911	-7.135980	-7.198625	-7.153766	-7.140818	-7.184095	-7.179565	-15.157520	-7.160486
2618.867000	-7.065133	-6.924670	-6.940649	-6.918679	-7.160066	-7.193433	-7.172167	-7.154903	-7.135995	-7.198651	-7.153764	-7.140800	-7.184099	-7.179573	-15.157378	-7.160483
2631.081000	-7.065111	-6.924687	-6.940663	-6.918685	-7.160057	-7.193429	-7.172167	-7.154931	-7.135999	-7.198644	-7.153757	-7.140795	-7.184096	-7.179585	-15.157634	-7.160474
2643.263000	-7.065102	-6.924689	-6.940660	-6.918674	-7.160062	-7.193439	-7.172179	-7.154917	-7.136002	-7.198650	-7.153769	-7.140815	-7.184110	-7.179593	-15.157336	-7.160467
2655.450000	-7.065106	-6.924689	-6.940673	-6.918675	-7.160068	-7.193442	-7.172178	-7.154904	-7.135999	-7.198655	-7.153759	-7.140820	-7.184096	-7.179595	-15.157350	-7.160472
2667.632000	-7.065116	-6.924683	-6.940669	-6.918666	-7.160062	-7.193448	-7.172177	-7.154923	-7.135986	-7.198641	-7.153758	-7.140819	-7.184113	-7.179622	-15.157362	-7.160465
2679.852000	-7.065133	-6.924689	-6.940663	-6.918670	-7.160072	-7.193444	-7.172171	-7.154921	-7.135986	-7.198655	-7.153772	-7.140820	-7.184100	-7.179619	-15.157203	-7.160469
2692.043000	-7.065142	-6.924683	-6.940669	-6.918674	-7.160066	-7.193455	-7.172164	-7.154923	-7.135993	-7.198641	-7.153760	-7.140814	-7.184097	-7.179606	-15.157329	-7.160461
2704.271000	-7.065122	-6.924683	-6.940668	-6.918681	-7.160058	-7.193439	-7.172170	-7.154917	-7.136009	-7.198648	-7.153757	-7.140810	-7.184105	-7.179620	-15.157107	-7.160455
2716.468000	-7.065127	-6.924677	-6.940671	-6.918677	-7.160085	-7.193441	-7.172173	-7.154918	-7.136006	-7.198649	-7.153759	-7.140795	-7.184094	-7.179594	-15.157044	-7.160475
2728.677000	-7.065142	-6.924671	-6.940676	-6.918680	-7.160079	-7.193451	-7.172173	-7.154917	-7.136017	-7.198650	-7.153778	-7.140808	-7.184080	-7.179602	-15.157186	-7.160480
2740.872000	-7.065123	-6.924678	-6.940658	-6.918667	-7.160062	-7.193454	-7.172177	-7.154916	-7.136007	-7.198650	-7.153762	-7.140806	-7.184086	-7.179610	-15.157208	-7.160482
2753.066000	-7.065120	-6.924666	-6.940676	-6.918678	-7.160074	-7.193447	-7.172171	-7.154936	-7.135991	-7.198665	-7.153769	-7.140803	-7.184099	-7.179618	-15.157235	-7.160471
2765.284000	-7.065129	-6.924660	-6.940678	-6.918688	-7.160070	-7.193468	-7.172169	-7.154941	-7.135999	-7.198663	-7.153757	-7.140802	-7.184095	-7.179619	-15.157256	-7.160457
2777.487000	-7.065118	-6.924667	-6.940661	-6.918698	-7.160074	-7.193460	-7.172165	-7.154928	-7.135992	-7.198654	-7.153757	-7.140795	-7.184098	-7.179602	-15.157161	-7.160471
2789.679000	-7.065138	-6.924679	-6.940669	-6.918698	-7.160065	-7.193462	-7.172165	-7.154936	-7.136009	-7.198666	-7.153754	-7.140800	-7.184110	-7.179619	-15.157216	-7.160457
2801.872000	-7.065128	-6.924683	-6.940678	-6.918699	-7.160084	-7.193470	-7.172163	-7.154916	-7.135998	-7.198668	-7.153752	-7.140800	-7.184091	-7.179605	-15.157248	-7.160455
2814.048000	-7.065117	-6.924695	-6.940672	-6.918695	-7.160081	-7.193460	-7.172166	-7.154926	-7.136014	-7.198665	-7.153757	-7.140805	-7.184102	-7.179609	-15.157156	-7.160461
2826.247000	-7.065125	-6.924680	-6.940667	-6.918692	-7.160073	-7.193448	-7.172173	-7.154948	-7.136009	-7.198663	-7.153760	-7.140797	-7.184096	-7.179610	-15.157177	-7.160465
2838.456000	-7.065133	-6.924686	-6.940682	-6.918702	-7.160095	-7.193444	-7.172180	-7.154939	-7.136007	-7.198664	-7.153762	-7.140799	-7.184106	-7.179606	-15.157148	-7.160464
2850.645000	-7.065114	-6.924695	-6.940677	-6.918712	-7.160077	-7.193477	-7.172180	-7.154933	-7.136007	-7.198663	-7.153763	-7.140800	-7.184098	-7.179610	-15.157302	-7.160461
2862.828000	-7.065144	-6.924695	-6.940673	-6.918718	-7.160076	-7.193457	-7.172177	-7.154935	-7.136014	-7.198681	-7.153752	-7.140817	-7.184122	-7.179597	-15.157333	-7.160491
2875.028000	-7.065137	-6.924685	-6.940665	-6.918713	-7.160075	-7.193470	-7.172172	-7.154930	-7.136014	-7.198686	-7.153770	-7.140818	-7.184105	-7.179601	-15.157328	-7.160470
2887.204000	-7.065136	-6.924687	-6.940672	-6.918717	-7.160087	-7.193471	-7.172171	-7.154943	-7.136002	-7.198679	-7.153764	-7.140807	-7.184111	-7.179598	-15.157212	-7.160465
2899.392000	-7.065128	-6.924683	-6.940671	-6.918714	-7.160081	-7.193464	-7.172157	-7.154935	-7.136018	-7.198673	-7.153759	-7.140818	-7.184110	-7.179618	-15.157288	-7.160468
2911.579000	-7.065138	-6.924680	-6.940662	-6.918722	-7.160087	-7.193467	-7.172161	-7.154926	-7.136009	-7.198673	-7.153769	-7.140816	-7.184099	-7.179607	-15.157345	-7.160454
2923.766000	-7.065137	-6.924675	-6.940687	-6.918703	-7.160087	-7.193461	-7.172169	-7.154938	-7.136007	-7.198677	-7.153764	-7.140825	-7.184099	-7.179612	-15.157406	-7.160473
2935.961000	-7.065121	-6.924678	-6.940679	-6.918724	-7.160086	-7.193459	-7.172175	-7.154938	-7.135969	-7.198668	-7.153756	-7.140839	-7.184099	-7.179639	-15.157168	-7.160497
2948.155000	-7.065088	-6.924623	-6.940567	-6.918688	-7.159976	-7.193319	-7.172172	-7.154911	-7.135811	-7.198473	-7.153719	-7.140809	-7.184043	-7.179517	-15.157197	-7.160517
2960.344000	-7.064971	-6.924605	-6.940458	-6.918519	-7.159730	-7.192974	-7.172152	-7.154640	-7.135542	-7.198029	-7.153674	-7.140750	-7.183807	-7.179286	-15.157617	-7.160422
2972.548000	-7.064784	-6.924593	-6.940300	-6.918236	-7.159431	-7.192599	-7.172111	-7.154261	-7.135298	-7.197515	-7.153579	-7.140621	-7.183503	-7.179058	-15.157455	-7.160263
2984.718000	-7.064524	-6.924554	-6.940204	-6.917870	-7.159232	-7.192397	-7.172016	-7.153992	-7.135128	-7.197165	-7.153493	-7.140503	-7.183244	-7.178857	-15.157487	-7.160152
2996.910000	-7.064240	-6.924406	-6.940148	-6.917585	-7.159091	-7.192245	-7.171916	-7.153790	-7.135010	-7.196899	-7.153426	-7.140421	-7.183039	-7.178720	-15.157518	-7.160029
3009.075000	-7.064003	-6.924276	-6.940117	-6.917414	-7.158964	-7.192119	-7.171833	-7.153619	-7.134906	-7.196712	-7.153383	-7.140350	-7.182880	-7.178618	-15.157605	-7.159959
3021.260000	-7.063779	-6.924171	-6.940088	-6.917290	-7.158855	-7.192028	-7.171773	-7.153527	-7.134845	-7.196567	-7.153334	-7.140320	-7.182739	-7.178527	-15.157690	-7.159918
3033.481000	-7.063638	-6.924092	-6.940077	-6.917182	-7.158796	-7.191963	-7.171737	-7.153445	-7.134793	-7.196477	-7.153319	-7.140274	-7.182636	-7.178443	-15.157506	-7.159886
3045.677000	-7.063516	-6.924045	-6.940055	-6.917120	-7.158750	-7.191913	-7.171693	-7.153391	-7.134767	-7.196395	-7.153308	-7.140257	-7.182568	-7.178391	-15.157378	-7.159843
3057.899000	-7.063451	-6.923998	-6.940046	-6.917059	-7.158695	-7.191886	-7.171671	-7.153357	-7.134728	-7.196335	-7.153312	-7.140243	-7.182513	-7.178359	-15.157324	-7.159825
3070.085000	-7.063390	-6.923967	-6.940056	-6.917036	-7.158676	-7.191850	-7.171656	-7.153314	-7.134726	-7.196298	-7.153305	-7.140259	-7.182466	-7.178323	-15.157516	-7.159790
3082.258000	-7.063353	-6.923951	-6.940053	-6.916983	-7.158638	-7.191842	-7.171640	-7.153294	-7.134699	-7.196271	-7.153296	-7.140247	-7.182439	-7.178312	-15.157569	-7.159782
3094.456000	-7.063323	-6.923920	-6.940029	-6.916964	-7.158604	-7.191821	-7.171616	-7.153268	-7.134698	-7.196255	-7.153276	-7.140224	-7.182405	-7.178281	-15.157499	-7.159769
3106.630000	-7.063300	-6.923921	-6.940043	-6.916958	-7.158597	-7.191803	-7.171619	-7.153260	-7.134677	-7.196216	-7.153287	-7.140234	-7.182376	-7.178281	-15.157611	-7.159767
3118.817000	-7.063290	-6.923889	-6.940036	-6.916933	-7.158587	-7.191810	-7.171610	-7.153257	-7.134661	-7.196209	-7.153264	-7.140226	-7.182375	-7.178269	-15.157430	-7.159757
3131.014000	-7.063288	-6.923887	-6.940027	-6.916909	-7.158565	-7.191781	-7.171604	-7.153237	-7.134666	-7.196197	-7.153264	-7.140209	-7.182336	-7.178263	-15.157562	-7.159754
3143.226000	-7.063297	-6.923880	-6.940041	-6.916892	-7.158566	-7.191780	-7.171610	-7.153227	-7.134671	-7.196195	-7.153261	-7.140201	-7.182329	-7.178231	-15.157470	-7.159745
3155.429000	-7.063273	-6.923876	-6.940023	-6.916916	-7.158556	-7.191770	-7.171612	-7.153221	-7.134665	-7.196183	-7.153260	-7.140200	-7.182322	-7.178251	-15.157598	-7.159744
3167.632000	-7.063280	-6.923864	-6.940028	-6.916890	-7.158554	-7.191756	-7.171594	-7.153224	-7.134663	-7.196172	-7.153259	-7.140204	-7.182320	-7.178234	-15.157515	-7.159745
3179.841000	-7.063289	-6.923870	-6.940027	-6.916902	-7.158543	-7.191755	-7.171600	-7.153206	-7.134650	-7.196179	-7.153266	-7.140200	-7.182305	-7.178252	-15.157528	-7.159746
3192.045000	-7.063279	-6.923873	-6.940022	-6.916890	-7.158539	-7.191754	-7.171608	-7.153208	-7.134655	-7.196179	-7.153260	-7.140194	-7.182324	-7.178228	-15.157476	-7.159746
3204.273000	-7.063281	-6.923858	-6.940030	-6.916883	-7.158556	-7.191748	-7.171602	-7.153196	-7.134648	-7.196163	-7.153268	-7.140205	-7.182290	-7.178243	-15.157351	-7.159735
3216.465000	-7.063279	-6.923860	-6.940011	-6.916863	-7.158555	-7.191745	-7.171601	-7.153192	-7.134660	-7.196160	-7.153267	-7.140183	-7.182293	-7.178234	-15.157539	-7.159743
3228.655000	-7.063291	-6.923854	-6.940030	-6.916856	-7.158528	-7.191742	-7.171598	-7.153203	-7.134629	-7.196165	-7.153264	-7.140200	-7.182306	-7.178217	-15.157535	-7.159737
3240.874000	-7.063305	-6.923858	-6.940019	-6.916862	-7.158557	-7.191735	-7.171584	-7.153196	-7.134624	-7.196158	-7.153240	-7.140191	-7.182304	-7.178210	-15.157482	-7.159741
3253.081000	-7.063302	-6.923844	-6.940022	-6.916849	-7.158531	-7.191739	-7.171593	-7.153189	-7.134633	-7.196148	-7.153254	-7.140173	-7.182301	-7.178226	-15.157371	-7.159734
3265.291000	-7.063300	-6.923843	-6.940012	-6.916862	-7.158539	-7.191743	-7.171598	-7.153186	-7.134638	-7.196145	-7.153251	-7.140166	-7.182275	-7.178238	-15.157506	-7.159733
3277.513000	-7.063306	-6.923855	-6.940014	-6.916841	-7.158551	-7.191752	-7.171587	-7.153187	-7.134631	-7.196153	-7.153250	-7.140190	-7.182276	-7.178219	-15.157524	-7.159729
3289.698000	-7.063309	-6.923838	-6.940022	-6.916850	-7.158549	-7.191746	-7.171587	-7.153189	-7.134632	-7.196144	-7.153246	-7.140190	-7.182286	-7.178195	-15.157530	-7.159721
3301.897000	-7.063299	-6.923826	-6.940012	-6.916848	-7.158542	-7.191746	-7.171583	-7.153196	-7.134625	-7.196149	-7.153251	-7.140196	-7.182285	-7.178189	-15.157678	-7.159712
3314.099000	-7.063303	-6.923849	-6.940016	-6.916851	-7.158530	-7.191738	-7.171574	-7.153183	-7.134630	-7.196137	-7.153257	-7.140207	-7.182279	-7.178219	-15.157816	-7.159728
3326.294000	-7.063298	-6.923837	-6.939997	-6.916852	-7.158519	-7.191728	-7.171585	-7.153185	-7.134633	-7.196132	-7.153256	-7.140185	-7.182299	-7.178212	-15.157988	-7.159708
3338.480000	-7.063310	-6.923839	-6.940004	-6.916862	-7.158535	-7.191737	-7.171574	-7.153191	-7.134619	-7.196138	-7.153258	-7.140203	-7.182276	-7.178201	-15.157959	-7.159703
3350.687000	-7.063293	-6.923825	-6.940013	-6.916852	-7.158525	-7.191730	-7.171582	-7.153185	-7.134606	-7.196146	-7.153255	-7.140191	-7.182272	-7.178190	-15.157918	-7.159719
3362.906000	-7.063295	-6.923842	-6.940024	-6.916844	-7.158516	-7.191727	-7.171600	-7.153177	-7.134605	-7.196131	-7.153256	-7.140178	-7.182272	-7.178181	-15.157764	-7.159712
3375.106000	-7.063291	-6.923829	-6.940001	-6.916851	-7.158532	-7.191719	-7.171583	-7.153190	-7.134612	-7.196137	-7.153247	-7.140185	-7.182276	-7.178178	-15.157816	-7.159689
3387.301000	-7.063299	-6.923820	-6.940002	-6.916864	-7.158525	-7.191722	-7.171600	-7.153166	-7.134622	-7.196139	-7.153240	-7.140179	-7.182265	-7.178189	-15.158011	-7.159686
3399.476000	-7.063302	-6.923841	-6.939994	-6.916843	-7.158521	-7.191709	-7.171594	-7.153173	-7.134621	-7.196137	-7.153225	-7.140173	-7.182271	-7.178181	-15.157922	-7.159696
3411.694000	-7.063284	-6.923846	-6.940005	-6.916836	-7.158507	-7.191701	-7.171593	-7.153167	-7.134625	-7.196132	-7.153242	-7.140169	-7.182263	-7.178188	-15.157750	-7.159699
3423.873000	-7.063303	-6.923826	-6.940015	-6.916859	-7.158506	-7.191702	-7.171596	-7.153146	-7.134595	-7.196124	-7.153247	-7.140169	-7.182274	-7.178178	-15.157754	-7.159687
3436.061000	-7.063298	-6.923831	-6.940003	-6.916831	-7.158509	-7.191714	-7.171591	-7.153165	-7.134607	-7.196127	-7.153238	-7.140169	-7.182254	-7.178186	-15.157725	-7.159688
3448.253000	-7.063313	-6.923839	-6.940003	-6.916828	-7.158500	-7.191720	-7.171574	-7.153167	-7.134605	-7.196130	-7.153229	-7.140184	-7.182263	-7.178180	-15.157681	-7.159686
3460.463000	-7.063292	-6.923835	-6.940005	-6.916829	-7.158522	-7.191717	-7.171585	-7.153167	-7.134607	-7.196129	-7.153225	-7.140174	-7.182262	-7.178181	-15.157730	-7.159684
3472.660000	-7.063287	-6.923829	-6.940005	-6.916831	-7.158499	-7.191710	-7.171610	-7.153157	-7.134614	-7.196121	-7.153235	-7.140151	-7.182252	-7.178182	-15.157632	-7.159677
3484.872000	-7.063295	-6.923837	-6.939994	-6.916822	-7.158507	-7.191697	-7.171588	-7.153152	-7.134614	-7.196107	-7.153239	-7.140177	-7.182243	-7.178184	-15.157600	-7.159683
3497.077000	-7.063298	-6.923836	-6.940002	-6.916829	-7.158528	-7.191707	-7.171577	-7.153161	-7.134603	-7.196122	-7.153236	-7.140157	-7.182234	-7.178183	-15.157625	-7.159667
3509.255000	-7.063300	-6.923836	-6.939995	-6.916835	-7.158517	-7.191703	-7.171578	-7.153159	-7.134610	-7.196127	-7.153250	-7.140162	-7.182251	-7.178177	-15.157698	-7.159678
3521.439000	-7.063293	-6.923838	-6.939996	-6.916833	-7.158528	-7.191692	-7.171585	-7.153164	-7.134591	-7.196118	-7.153245	-7.140143	-7.182240	-7.178186	-15.157577	-7.159677
3533.648000	-7.063295	-6.923834	-6.939998	-6.916846	-7.158515	-7.191700	-7.171587	-7.153162	-7.134615	-7.196122	-7.153222	-7.140157	-7.182246	-7.178178	-15.157630	-7.159674
3545.849000	-7.063306	-6.923841	-6.940005	-6.916835	-7.158496	-7.191711	-7.171582	-7.153148	-7.134594	-7.196107	-7.153229	-7.140158	-7.182230	-7.178170	-15.157602	-7.159679
3558.036000	-7.063302	-6.923842	-6.940006	-6.916813	-7.158488	-7.191704	-7.171582	-7.153142	-7.134588	-7.196110	-7.153235	-7.140178	-7.182236	-7.178163	-15.157722	-7.159662
3570.243000	-7.063294	-6.923833	-6.940018	-6.916835	-7.158502	-7.191701	-7.171579	-7.153148	-7.134596	-7.196128	-7.153240	-7.140158	-7.182236	-7.178160	-15.157700	-7.159671
3582.425000	-7.063293	-6.923838	-6.940003	-6.916835	-7.158509	-7.191697	-7.171572	-7.153157	-7.134584	-7.196120	-7.153230	-7.140148	-7.182229	-7.178161	-15.157558	-7.159677
3594.616000	-7.063300	-6.923839	-6.940006	-6.916830	-7.158495	-7.191710	-7.171578	-7.153139	-7.134593	-7.196108	-7.153246	-7.140155	-7.182220	-7.178171	-15.157472	-7.159691
3606.832000	-7.063298	-6.923828	-6.940000	-6.916826	-7.158510	-7.191691	-7.171574	-7.153152	-7.134600	-7.196122	-7.153247	-7.140169	-7.182237	-7.178173	-15.157732	-7.159691
3619.027000	-7.063285	-6.923835	-6.940016	-6.916815	-7.158524	-7.191692	-7.171575	-7.153153	-7.134599	-7.196111	-7.153237	-7.140173	-7.182232	-7.178171	-15.157629	-7.159694
3631.232000	-7.063275	-6.923828	-6.940017	-6.916829	-7.158508	-7.191697	-7.171577	-7.153167	-7.134605	-7.196127	-7.153233	-7.140161	-7.182233	-7.178182	-15.157758	-7.159686
3643.423000	-7.063297	-6.923825	-6.940008	-6.916826	-7.158504	-7.191683	-7.171578	-7.153182	-7.134619	-7.196133	-7.153229	-7.140157	-7.182226	-7.178167	-15.157516	-7.159677
	-7.063295															
