8.191000	-6.949272	-6.992750	-6.991965	-6.998109	-7.010404	-6.987000	-7.021187	-6.996915	-6.994758	-7.016320	-6.983133	-7.033381	-6.959514	-7.009895	-15.153598	-7.004480
20.390000	-6.949422	-6.992826	-6.992046	-6.998316	-7.010552	-6.987112	-7.021282	-6.997043	-6.994791	-7.016477	-6.983256	-7.033506	-6.959594	-7.009970	-15.154141	-7.004553
32.578000	-6.949534	-6.992893	-6.992097	-6.998448	-7.010626	-6.987160	-7.021341	-6.997078	-6.994834	-7.016532	-6.983304	-7.033560	-6.959559	-7.009997	-15.154573	-7.004579
44.766000	-6.949559	-6.992910	-6.992126	-6.998497	-7.010669	-6.987160	-7.021361	-6.997073	-6.994809	-7.016562	-6.983326	-7.033563	-6.959616	-7.010022	-15.155025	-7.004584
56.965000	-6.949513	-6.992844	-6.992094	-6.998449	-7.010617	-6.987107	-7.021304	-6.996991	-6.994738	-7.016525	-6.983246	-7.033497	-6.959498	-7.009949	-15.155449	-7.004504
69.152000	-6.949528	-6.992800	-6.992092	-6.998436	-7.010585	-6.987073	-7.021287	-6.996990	-6.994727	-7.016520	-6.983253	-7.033479	-6.959437	-7.009955	-15.155615	-7.004515
81.362000	-6.949535	-6.992807	-6.992088	-6.998457	-7.010593	-6.987082	-7.021286	-6.997010	-6.994744	-7.016549	-6.983249	-7.033491	-6.959447	-7.009972	-15.155717	-7.004522
93.550000	-6.949543	-6.992805	-6.992091	-6.998480	-7.010598	-6.987082	-7.021305	-6.997015	-6.994730	-7.016554	-6.983257	-7.033481	-6.959424	-7.009965	-15.156007	-7.004519
105.757000	-6.949545	-6.992801	-6.992090	-6.998495	-7.010619	-6.987085	-7.021295	-6.997002	-6.994731	-7.016567	-6.983250	-7.033488	-6.959425	-7.009977	-15.156204	-7.004531
117.931000	-6.949544	-6.992810	-6.992092	-6.998499	-7.010613	-6.987097	-7.021309	-6.996996	-6.994739	-7.016563	-6.983261	-7.033483	-6.959448	-7.009981	-15.156341	-7.004520
130.116000	-6.949533	-6.992795	-6.992103	-6.998510	-7.010630	-6.987095	-7.021313	-6.996977	-6.994729	-7.016575	-6.983272	-7.033516	-6.959431	-7.009981	-15.156588	-7.004543
142.304000	-6.949553	-6.992808	-6.992106	-6.998502	-7.010641	-6.987098	-7.021330	-6.997003	-6.994735	-7.016583	-6.983257	-7.033517	-6.959482	-7.009979	-15.156675	-7.004520
154.486000	-6.949549	-6.992795	-6.992101	-6.998510	-7.010640	-6.987101	-7.021313	-6.996997	-6.994737	-7.016586	-6.983259	-7.033501	-6.959472	-7.009984	-15.156608	-7.004553
166.665000	-6.949548	-6.992816	-6.992088	-6.998490	-7.010630	-6.987099	-7.021325	-6.996994	-6.994753	-7.016592	-6.983250	-7.033503	-6.959406	-7.009998	-15.156878	-7.004543
178.860000	-6.949558	-6.992808	-6.992100	-6.998508	-7.010634	-6.987132	-7.021316	-6.997002	-6.994754	-7.016570	-6.983266	-7.033501	-6.959456	-7.009990	-15.157045	-7.004538
191.058000	-6.949550	-6.992825	-6.992095	-6.998519	-7.010622	-6.987119	-7.021324	-6.996997	-6.994760	-7.016590	-6.983268	-7.033500	-6.959454	-7.009987	-15.157019	-7.004534
203.242000	-6.949567	-6.992825	-6.992096	-6.998506	-7.010630	-6.987102	-7.021324	-6.996997	-6.994753	-7.016586	-6.983244	-7.033499	-6.959390	-7.009985	-15.157148	-7.004545
215.420000	-6.949572	-6.992814	-6.992082	-6.998501	-7.010614	-6.987102	-7.021322	-6.996998	-6.994745	-7.016580	-6.983261	-7.033499	-6.959459	-7.009996	-15.157281	-7.004545
227.601000	-6.949565	-6.992808	-6.992102	-6.998510	-7.010642	-6.987102	-7.021317	-6.997021	-6.994749	-7.016574	-6.983244	-7.033497	-6.959484	-7.009968	-15.157278	-7.004547
239.785000	-6.949556	-6.992808	-6.992086	-6.998508	-7.010632	-6.987091	-7.021338	-6.997011	-6.994747	-7.016589	-6.983254	-7.033500	-6.959413	-7.009988	-15.157354	-7.004544
251.958000	-6.949561	-6.992803	-6.992098	-6.998502	-7.010641	-6.987096	-7.021326	-6.997016	-6.994739	-7.016560	-6.983259	-7.033494	-6.959478	-7.009987	-15.157320	-7.004548
264.156000	-6.949576	-6.992800	-6.992103	-6.998512	-7.010643	-6.987123	-7.021316	-6.997009	-6.994734	-7.016585	-6.983256	-7.033507	-6.959437	-7.009983	-15.157438	-7.004544
276.334000	-6.949570	-6.992814	-6.992108	-6.998500	-7.010638	-6.987111	-7.021301	-6.996998	-6.994722	-7.016597	-6.983261	-7.033514	-6.959336	-7.009994	-15.157494	-7.004555
288.531000	-6.949562	-6.992814	-6.992111	-6.998517	-7.010637	-6.987112	-7.021323	-6.997010	-6.994731	-7.016584	-6.983273	-7.033515	-6.959405	-7.010000	-15.157512	-7.004556
300.712000	-6.949554	-6.992801	-6.992100	-6.998497	-7.010619	-6.987091	-7.021312	-6.997025	-6.994742	-7.016575	-6.983265	-7.033510	-6.959389	-7.009982	-15.157479	-7.004542
312.912000	-6.949547	-6.992805	-6.992121	-6.998511	-7.010637	-6.987100	-7.021306	-6.997007	-6.994718	-7.016578	-6.983274	-7.033521	-6.959392	-7.009989	-15.157406	-7.004546
325.109000	-6.949550	-6.992788	-6.992124	-6.998499	-7.010625	-6.987093	-7.021332	-6.997012	-6.994739	-7.016596	-6.983280	-7.033531	-6.959424	-7.009982	-15.157703	-7.004540
337.346000	-6.949548	-6.992797	-6.992102	-6.998512	-7.010624	-6.987103	-7.021325	-6.997015	-6.994738	-7.016608	-6.983261	-7.033512	-6.959370	-7.009970	-15.157666	-7.004538
349.563000	-6.949563	-6.992803	-6.992107	-6.998524	-7.010650	-6.987108	-7.021320	-6.997004	-6.994732	-7.016590	-6.983282	-7.033521	-6.959431	-7.009985	-15.157797	-7.004549
361.745000	-6.949555	-6.992800	-6.992118	-6.998529	-7.010647	-6.987109	-7.021334	-6.997007	-6.994734	-7.016594	-6.983273	-7.033532	-6.959379	-7.009997	-15.157702	-7.004531
373.933000	-6.949523	-6.992830	-6.992108	-6.998532	-7.010634	-6.987103	-7.021339	-6.996997	-6.994737	-7.016580	-6.983284	-7.033538	-6.959402	-7.010000	-15.157659	-7.004525
386.112000	-6.949526	-6.992810	-6.992099	-6.998525	-7.010631	-6.987112	-7.021320	-6.997013	-6.994720	-7.016595	-6.983272	-7.033526	-6.959392	-7.009986	-15.157671	-7.004519
398.278000	-6.949540	-6.992807	-6.992106	-6.998529	-7.010625	-6.987097	-7.021309	-6.996998	-6.994713	-7.016595	-6.983278	-7.033530	-6.959388	-7.010006	-15.157538	-7.004538
410.476000	-6.949530	-6.992794	-6.992077	-6.998512	-7.010622	-6.987089	-7.021317	-6.997003	-6.994689	-7.016572	-6.983234	-7.033466	-6.959438	-7.009976	-15.157823	-7.004537
422.680000	-6.949497	-6.992749	-6.991876	-6.998486	-7.010580	-6.986931	-7.021282	-6.996998	-6.994608	-7.016456	-6.983056	-7.033273	-6.959399	-7.009924	-15.157708	-7.004428
434.887000	-6.949403	-6.992667	-6.991690	-6.998374	-7.010443	-6.986698	-7.021248	-6.996934	-6.994513	-7.016259	-6.982838	-7.032987	-6.959320	-7.009844	-15.157777	-7.004329
447.084000	-6.949279	-6.992575	-6.991470	-6.998234	-7.010308	-6.986482	-7.021154	-6.996820	-6.994379	-7.016085	-6.982609	-7.032703	-6.959255	-7.009721	-15.157951	-7.004214
459.310000	-6.949186	-6.992458	-6.991302	-6.998063	-7.010133	-6.986278	-7.021062	-6.996698	-6.994278	-7.015898	-6.982375	-7.032445	-6.959182	-7.009627	-15.157956	-7.004091
471.567000	-6.949079	-6.992372	-6.991154	-6.997874	-7.009964	-6.986103	-7.020992	-6.996583	-6.994192	-7.015715	-6.982174	-7.032241	-6.959089	-7.009503	-15.157676	-7.003991
483.756000	-6.948997	-6.992295	-6.991014	-6.997698	-7.009821	-6.985937	-7.020883	-6.996457	-6.994104	-7.015550	-6.981991	-7.032057	-6.959023	-7.009402	-15.157643	-7.003897
495.958000	-6.948917	-6.992210	-6.990896	-6.997500	-7.009648	-6.985818	-7.020810	-6.996361	-6.994048	-7.015402	-6.981859	-7.031911	-6.958965	-7.009297	-15.157800	-7.003813
508.157000	-6.948837	-6.992165	-6.990833	-6.997360	-7.009505	-6.985744	-7.020731	-6.996270	-6.994028	-7.015273	-6.981748	-7.031821	-6.958971	-7.009226	-15.158030	-7.003752
520.348000	-6.948763	-6.992123	-6.990786	-6.997207	-7.009406	-6.985696	-7.020646	-6.996202	-6.994001	-7.015149	-6.981674	-7.031755	-6.958907	-7.009146	-15.157740	-7.003708
532.521000	-6.948730	-6.992098	-6.990757	-6.997084	-7.009311	-6.985635	-7.020583	-6.996154	-6.993971	-7.015049	-6.981617	-7.031685	-6.958858	-7.009105	-15.157878	-7.003678
544.732000	-6.948689	-6.992038	-6.990729	-6.996999	-7.009228	-6.985620	-7.020528	-6.996107	-6.993953	-7.014968	-6.981573	-7.031670	-6.958831	-7.009051	-15.157892	-7.003668
556.970000	-6.948652	-6.992035	-6.990694	-6.996890	-7.009186	-6.985590	-7.020489	-6.996093	-6.993949	-7.014886	-6.981536	-7.031648	-6.958845	-7.009030	-15.157909	-7.003655
569.170000	-6.948628	-6.992039	-6.990684	-6.996824	-7.009140	-6.985584	-7.020455	-6.996068	-6.993948	-7.014841	-6.981514	-7.031633	-6.958808	-7.009016	-15.157975	-7.003617
581.347000	-6.948603	-6.992025	-6.990672	-6.996771	-7.009100	-6.985587	-7.020443	-6.996038	-6.993934	-7.014809	-6.981517	-7.031633	-6.958837	-7.008988	-15.158031	-7.003623
593.544000	-6.948595	-6.992019	-6.990645	-6.996728	-7.009083	-6.985558	-7.020405	-6.996026	-6.993923	-7.014771	-6.981498	-7.031618	-6.958775	-7.008975	-15.157945	-7.003601
605.748000	-6.948602	-6.992024	-6.990644	-6.996677	-7.009045	-6.985548	-7.020393	-6.996032	-6.993933	-7.014735	-6.981469	-7.031603	-6.958690	-7.008951	-15.157983	-7.003590
617.917000	-6.948578	-6.992004	-6.990639	-6.996667	-7.009021	-6.985549	-7.020379	-6.996025	-6.993919	-7.014722	-6.981478	-7.031593	-6.958710	-7.008949	-15.158044	-7.003590
630.125000	-6.948575	-6.992012	-6.990636	-6.996642	-7.009005	-6.985552	-7.020380	-6.996019	-6.993929	-7.014717	-6.981451	-7.031582	-6.958693	-7.008949	-15.158172	-7.003586
642.329000	-6.948563	-6.991997	-6.990641	-6.996625	-7.008981	-6.985538	-7.020351	-6.996014	-6.993909	-7.014680	-6.981449	-7.031586	-6.958684	-7.008938	-15.158104	-7.003584
654.532000	-6.948573	-6.991999	-6.990631	-6.996597	-7.008996	-6.985526	-7.020342	-6.996014	-6.993908	-7.014657	-6.981448	-7.031592	-6.958753	-7.008932	-15.158194	-7.003603
666.728000	-6.948564	-6.991981	-6.990626	-6.996574	-7.008984	-6.985527	-7.020358	-6.995994	-6.993913	-7.014653	-6.981444	-7.031576	-6.958712	-7.008930	-15.158156	-7.003596
678.898000	-6.948562	-6.991984	-6.990614	-6.996572	-7.008975	-6.985501	-7.020346	-6.995980	-6.993901	-7.014654	-6.981430	-7.031580	-6.958767	-7.008903	-15.157884	-7.003594
691.121000	-6.948531	-6.991999	-6.990611	-6.996585	-7.008968	-6.985509	-7.020323	-6.995993	-6.993910	-7.014652	-6.981450	-7.031591	-6.958705	-7.008921	-15.157876	-7.003568
703.321000	-6.948545	-6.991987	-6.990621	-6.996553	-7.008959	-6.985519	-7.020326	-6.995994	-6.993915	-7.014637	-6.981441	-7.031571	-6.958665	-7.008904	-15.158134	-7.003568
715.544000	-6.948515	-6.992000	-6.990614	-6.996560	-7.008960	-6.985500	-7.020319	-6.995976	-6.993920	-7.014626	-6.981437	-7.031584	-6.958629	-7.008917	-15.158099	-7.003566
727.734000	-6.948525	-6.991997	-6.990612	-6.996541	-7.008934	-6.985503	-7.020324	-6.995986	-6.993906	-7.014617	-6.981442	-7.031594	-6.958642	-7.008923	-15.158157	-7.003561
739.927000	-6.948529	-6.991969	-6.990611	-6.996521	-7.008935	-6.985499	-7.020317	-6.995992	-6.993911	-7.014611	-6.981442	-7.031577	-6.958731	-7.008907	-15.158066	-7.003569
752.103000	-6.948526	-6.991985	-6.990595	-6.996532	-7.008935	-6.985495	-7.020335	-6.995975	-6.993906	-7.014613	-6.981441	-7.031567	-6.958654	-7.008904	-15.158119	-7.003558
764.316000	-6.948530	-6.991972	-6.990586	-6.996521	-7.008943	-6.985481	-7.020329	-6.995978	-6.993909	-7.014594	-6.981440	-7.031558	-6.958669	-7.008898	-15.158070	-7.003558
776.508000	-6.948544	-6.991990	-6.990592	-6.996534	-7.008923	-6.985497	-7.020327	-6.995985	-6.993900	-7.014581	-6.981438	-7.031555	-6.958651	-7.008901	-15.158102	-7.003579
788.700000	-6.948537	-6.991970	-6.990583	-6.996515	-7.008924	-6.985492	-7.020323	-6.995991	-6.993900	-7.014586	-6.981432	-7.031553	-6.958697	-7.008892	-15.157929	-7.003556
800.891000	-6.948532	-6.991978	-6.990577	-6.996507	-7.008924	-6.985497	-7.020310	-6.995976	-6.993891	-7.014597	-6.981430	-7.031545	-6.958641	-7.008891	-15.158082	-7.003549
813.073000	-6.948539	-6.991959	-6.990589	-6.996504	-7.008921	-6.985495	-7.020322	-6.995981	-6.993913	-7.014594	-6.981434	-7.031562	-6.958650	-7.008901	-15.157933	-7.003549
825.252000	-6.948523	-6.991954	-6.990574	-6.996494	-7.008905	-6.985497	-7.020291	-6.995975	-6.993902	-7.014582	-6.981429	-7.031565	-6.958657	-7.008903	-15.157919	-7.003555
837.453000	-6.948518	-6.991968	-6.990590	-6.996477	-7.008916	-6.985500	-7.020297	-6.995984	-6.993895	-7.014586	-6.981428	-7.031540	-6.958594	-7.008895	-15.158064	-7.003549
849.659000	-6.948510	-6.991985	-6.990581	-6.996502	-7.008916	-6.985494	-7.020313	-6.995975	-6.993886	-7.014589	-6.981426	-7.031555	-6.958615	-7.008904	-15.158136	-7.003554
861.850000	-6.948524	-6.991951	-6.990590	-6.996470	-7.008907	-6.985480	-7.020315	-6.995963	-6.993899	-7.014569	-6.981413	-7.031548	-6.958557	-7.008891	-15.158132	-7.003553
874.044000	-6.948525	-6.991964	-6.990579	-6.996490	-7.008902	-6.985474	-7.020304	-6.995961	-6.993899	-7.014572	-6.981409	-7.031541	-6.958543	-7.008909	-15.158107	-7.003539
886.227000	-6.948522	-6.991971	-6.990574	-6.996485	-7.008906	-6.985468	-7.020310	-6.995976	-6.993894	-7.014573	-6.981430	-7.031535	-6.958580	-7.008884	-15.158122	-7.003551
898.409000	-6.948510	-6.991958	-6.990566	-6.996486	-7.008926	-6.985475	-7.020302	-6.995957	-6.993914	-7.014573	-6.981425	-7.031545	-6.958609	-7.008898	-15.158279	-7.003550
910.586000	-6.948505	-6.991968	-6.990567	-6.996477	-7.008916	-6.985455	-7.020294	-6.995946	-6.993885	-7.014559	-6.981423	-7.031541	-6.958612	-7.008882	-15.158225	-7.003557
922.820000	-6.948521	-6.991963	-6.990558	-6.996471	-7.008910	-6.985463	-7.020298	-6.995962	-6.993897	-7.014547	-6.981406	-7.031557	-6.958620	-7.008903	-15.158232	-7.003557
935.004000	-6.948506	-6.991971	-6.990568	-6.996468	-7.008909	-6.985462	-7.020289	-6.995974	-6.993890	-7.014560	-6.981423	-7.031542	-6.958569	-7.008923	-15.158061	-7.003546
947.170000	-6.948508	-6.991958	-6.990555	-6.996484	-7.008910	-6.985478	-7.020286	-6.995962	-6.993890	-7.014548	-6.981422	-7.031559	-6.958567	-7.008897	-15.158121	-7.003570
959.370000	-6.948508	-6.991940	-6.990578	-6.996494	-7.008889	-6.985477	-7.020309	-6.995965	-6.993912	-7.014559	-6.981410	-7.031537	-6.958543	-7.008889	-15.158176	-7.003547
971.573000	-6.948520	-6.991961	-6.990559	-6.996468	-7.008890	-6.985479	-7.020296	-6.995969	-6.993898	-7.014550	-6.981432	-7.031544	-6.958556	-7.008887	-15.157987	-7.003548
983.753000	-6.948511	-6.991968	-6.990558	-6.996478	-7.008898	-6.985480	-7.020287	-6.995973	-6.993894	-7.014558	-6.981407	-7.031553	-6.958561	-7.008894	-15.158212	-7.003537
995.963000	-6.948501	-6.991962	-6.990553	-6.996485	-7.008904	-6.985461	-7.020306	-6.995982	-6.993890	-7.014548	-6.981394	-7.031539	-6.958491	-7.008878	-15.157975	-7.003530
1008.186000	-6.948503	-6.991964	-6.990549	-6.996480	-7.008901	-6.985475	-7.020286	-6.995971	-6.993890	-7.014555	-6.981399	-7.031533	-6.958586	-7.008882	-15.158055	-7.003541
1020.403000	-6.948501	-6.991954	-6.990559	-6.996490	-7.008905	-6.985473	-7.020288	-6.995955	-6.993907	-7.014544	-6.981413	-7.031535	-6.958584	-7.008887	-15.158012	-7.003533
1032.590000	-6.948490	-6.991951	-6.990548	-6.996487	-7.008897	-6.985475	-7.020302	-6.995965	-6.993906	-7.014537	-6.981414	-7.031550	-6.958577	-7.008882	-15.158197	-7.003541
1044.785000	-6.948499	-6.991936	-6.990552	-6.996474	-7.008907	-6.985465	-7.020288	-6.995978	-6.993915	-7.014555	-6.981404	-7.031545	-6.958505	-7.008871	-15.158366	-7.003545
1056.974000	-6.948499	-6.991938	-6.990572	-6.996463	-7.008889	-6.985460	-7.020277	-6.995965	-6.993899	-7.014531	-6.981415	-7.031558	-6.958518	-7.008884	-15.158275	-7.003545
1069.178000	-6.948483	-6.991957	-6.990558	-6.996468	-7.008892	-6.985463	-7.020297	-6.995959	-6.993893	-7.014530	-6.981419	-7.031562	-6.958543	-7.008890	-15.158256	-7.003543
1081.367000	-6.948472	-6.991938	-6.990555	-6.996450	-7.008897	-6.985468	-7.020294	-6.995957	-6.993892	-7.014518	-6.981418	-7.031540	-6.958566	-7.008889	-15.158193	-7.003537
1093.564000	-6.948494	-6.991964	-6.990559	-6.996447	-7.008898	-6.985466	-7.020275	-6.995974	-6.993893	-7.014540	-6.981412	-7.031520	-6.958529	-7.008885	-15.158248	-7.003537
1105.774000	-6.948482	-6.991952	-6.990581	-6.996457	-7.008879	-6.985464	-7.020291	-6.995965	-6.993896	-7.014522	-6.981400	-7.031525	-6.958560	-7.008878	-15.157895	-7.003549
1117.966000	-6.948496	-6.991961	-6.990572	-6.996465	-7.008886	-6.985464	-7.020287	-6.995965	-6.993912	-7.014526	-6.981396	-7.031527	-6.958476	-7.008875	-15.158149	-7.003542
1130.158000	-6.948473	-6.991963	-6.990554	-6.996458	-7.008901	-6.985457	-7.020279	-6.995959	-6.993895	-7.014547	-6.981409	-7.031524	-6.958507	-7.008874	-15.158044	-7.003548
1142.345000	-6.948481	-6.991973	-6.990544	-6.996469	-7.008897	-6.985462	-7.020273	-6.995961	-6.993889	-7.014527	-6.981397	-7.031525	-6.958497	-7.008869	-15.158100	-7.003537
1154.570000	-6.948490	-6.991963	-6.990557	-6.996457	-7.008895	-6.985456	-7.020265	-6.995961	-6.993904	-7.014551	-6.981411	-7.031527	-6.958483	-7.008881	-15.158267	-7.003542
1166.786000	-6.948470	-6.991955	-6.990547	-6.996458	-7.008918	-6.985470	-7.020273	-6.995964	-6.993898	-7.014547	-6.981408	-7.031520	-6.958563	-7.008892	-15.158283	-7.003540
1179.017000	-6.948463	-6.991964	-6.990565	-6.996450	-7.008869	-6.985470	-7.020283	-6.995982	-6.993883	-7.014523	-6.981395	-7.031522	-6.958544	-7.008872	-15.158209	-7.003527
1191.223000	-6.948471	-6.991959	-6.990558	-6.996458	-7.008867	-6.985449	-7.020268	-6.995978	-6.993899	-7.014530	-6.981407	-7.031516	-6.958483	-7.008866	-15.158201	-7.003549
1203.443000	-6.948472	-6.991933	-6.990542	-6.996454	-7.008877	-6.985451	-7.020275	-6.995952	-6.993881	-7.014502	-6.981413	-7.031526	-6.958600	-7.008892	-15.158105	-7.003550
1215.625000	-6.948468	-6.991933	-6.990554	-6.996460	-7.008875	-6.985471	-7.020279	-6.995955	-6.993889	-7.014519	-6.981407	-7.031515	-6.958489	-7.008883	-15.158356	-7.003529
1227.806000	-6.948476	-6.991950	-6.990557	-6.996457	-7.008859	-6.985458	-7.020261	-6.995966	-6.993894	-7.014510	-6.981404	-7.031529	-6.958585	-7.008872	-15.158114	-7.003523
1239.986000	-6.948487	-6.991943	-6.990555	-6.996436	-7.008885	-6.985472	-7.020272	-6.995961	-6.993891	-7.014517	-6.981408	-7.031530	-6.958557	-7.008879	-15.157986	-7.003540
1252.166000	-6.948484	-6.991971	-6.990565	-6.996442	-7.008890	-6.985452	-7.020275	-6.995966	-6.993896	-7.014529	-6.981408	-7.031514	-6.958525	-7.008865	-15.158032	-7.003539
1264.368000	-6.948458	-6.991944	-6.990551	-6.996445	-7.008891	-6.985466	-7.020280	-6.995953	-6.993889	-7.014518	-6.981401	-7.031511	-6.958509	-7.008868	-15.158024	-7.003530
1276.551000	-6.948479	-6.991945	-6.990559	-6.996436	-7.008891	-6.985454	-7.020274	-6.995970	-6.993880	-7.014529	-6.981402	-7.031517	-6.958478	-7.008854	-15.157970	-7.003552
1288.801000	-6.948469	-6.991941	-6.990557	-6.996444	-7.008902	-6.985465	-7.020296	-6.995955	-6.993873	-7.014539	-6.981399	-7.031519	-6.958458	-7.008859	-15.158127	-7.003540
1300.984000	-6.948462	-6.991938	-6.990561	-6.996440	-7.008898	-6.985463	-7.020277	-6.995936	-6.993884	-7.014505	-6.981388	-7.031508	-6.958482	-7.008858	-15.158165	-7.003532
1313.174000	-6.948477	-6.991933	-6.990544	-6.996443	-7.008904	-6.985463	-7.020269	-6.995968	-6.993893	-7.014510	-6.981394	-7.031506	-6.958454	-7.008867	-15.158274	-7.003537
1325.361000	-6.948467	-6.991939	-6.990551	-6.996447	-7.008899	-6.985439	-7.020270	-6.995949	-6.993883	-7.014519	-6.981396	-7.031506	-6.958483	-7.008856	-15.158114	-7.003544
1337.539000	-6.948482	-6.991952	-6.990545	-6.996440	-7.008904	-6.985450	-7.020289	-6.995965	-6.993895	-7.014524	-6.981387	-7.031509	-6.958434	-7.008859	-15.158050	-7.003551
1349.728000	-6.948475	-6.991939	-6.990558	-6.996432	-7.008875	-6.985461	-7.020280	-6.995955	-6.993890	-7.014519	-6.981405	-7.031498	-6.958463	-7.008865	-15.158044	-7.003531
1361.898000	-6.948453	-6.991948	-6.990561	-6.996431	-7.008893	-6.985466	-7.020277	-6.995968	-6.993901	-7.014524	-6.981411	-7.031513	-6.958477	-7.008891	-15.158093	-7.003536
1374.079000	-6.948472	-6.991935	-6.990558	-6.996442	-7.008897	-6.985468	-7.020276	-6.995953	-6.993897	-7.014524	-6.981388	-7.031512	-6.958447	-7.008881	-15.158102	-7.003535
1386.257000	-6.948476	-6.991948	-6.990536	-6.996442	-7.008899	-6.985464	-7.020279	-6.995955	-6.993891	-7.014507	-6.981399	-7.031509	-6.958504	-7.008869	-15.158016	-7.003501
1398.439000	-6.948539	-6.992006	-6.990836	-6.996457	-7.008985	-6.985598	-7.020312	-6.995891	-6.994053	-7.014707	-6.981734	-7.031937	-6.958400	-7.008949	-15.157944	-7.003607
1410.610000	-6.948639	-6.992130	-6.991302	-6.996673	-7.009232	-6.986207	-7.020431	-6.996048	-6.994313	-7.015131	-6.982302	-7.032620	-6.958539	-7.009189	-15.157980	-7.003935
1422.775000	-6.948834	-6.992328	-6.991738	-6.996991	-7.009545	-6.986688	-7.020601	-6.996322	-6.994563	-7.015556	-6.982817	-7.033169	-6.958692	-7.009417	-15.157920	-7.004226
1434.962000	-6.949018	-6.992514	-6.992088	-6.997356	-7.009887	-6.987092	-7.020801	-6.996583	-6.994737	-7.015881	-6.983203	-7.033598	-6.958734	-7.009635	-15.157970	-7.004446
1447.130000	-6.949198	-6.992651	-6.992348	-6.997683	-7.010175	-6.987348	-7.020986	-6.996798	-6.994856	-7.016177	-6.983503	-7.033894	-6.958799	-7.009807	-15.157811	-7.004606
1459.319000	-6.949361	-6.992804	-6.992541	-6.997959	-7.010420	-6.987553	-7.021138	-6.997005	-6.994979	-7.016414	-6.983728	-7.034097	-6.958891	-7.009938	-15.157864	-7.004726
1471.495000	-6.949509	-6.992917	-6.992633	-6.998200	-7.010635	-6.987678	-7.021269	-6.997170	-6.995048	-7.016646	-6.983889	-7.034258	-6.958992	-7.010044	-15.157914	-7.004819
1483.678000	-6.949625	-6.992993	-6.992734	-6.998435	-7.010812	-6.987774	-7.021368	-6.997270	-6.995079	-7.016853	-6.983987	-7.034351	-6.959019	-7.010171	-15.157878	-7.004885
1495.854000	-6.949724	-6.993072	-6.992815	-6.998633	-7.010935	-6.987845	-7.021471	-6.997355	-6.995121	-7.017035	-6.984084	-7.034425	-6.959143	-7.010231	-15.157826	-7.004928
1508.050000	-6.949793	-6.993134	-6.992838	-6.998830	-7.011057	-6.987888	-7.021540	-6.997434	-6.995147	-7.017171	-6.984147	-7.034488	-6.959224	-7.010311	-15.157817	-7.004976
1520.241000	-6.949876	-6.993171	-6.992872	-6.998961	-7.011183	-6.987927	-7.021593	-6.997481	-6.995172	-7.017271	-6.984209	-7.034529	-6.959225	-7.010353	-15.157959	-7.005011
1532.423000	-6.949926	-6.993212	-6.992881	-6.999104	-7.011256	-6.987961	-7.021664	-6.997531	-6.995194	-7.017367	-6.984249	-7.034566	-6.959234	-7.010413	-15.157914	-7.005042
1544.597000	-6.949962	-6.993227	-6.992916	-6.999217	-7.011334	-6.987987	-7.021704	-6.997560	-6.995214	-7.017425	-6.984278	-7.034594	-6.959304	-7.010441	-15.157964	-7.005052
1556.776000	-6.950011	-6.993255	-6.992913	-6.999285	-7.011373	-6.987992	-7.021741	-6.997559	-6.995208	-7.017475	-6.984303	-7.034609	-6.959344	-7.010458	-15.157781	-7.005081
1568.958000	-6.950045	-6.993261	-6.992941	-6.999365	-7.011414	-6.988013	-7.021787	-6.997557	-6.995219	-7.017530	-6.984341	-7.034651	-6.959343	-7.010484	-15.157731	-7.005091
1581.149000	-6.950082	-6.993289	-6.992938	-6.999404	-7.011433	-6.988016	-7.021817	-6.997557	-6.995229	-7.017546	-6.984340	-7.034668	-6.959416	-7.010522	-15.157836	-7.005108
1593.314000	-6.950091	-6.993284	-6.992952	-6.999458	-7.011448	-6.988024	-7.021831	-6.997537	-6.995246	-7.017566	-6.984352	-7.034674	-6.959403	-7.010529	-15.157809	-7.005106
1605.494000	-6.950116	-6.993294	-6.992937	-6.999491	-7.011439	-6.988016	-7.021853	-6.997532	-6.995246	-7.017572	-6.984367	-7.034704	-6.959483	-7.010545	-15.157963	-7.005105
1617.690000	-6.950113	-6.993297	-6.992925	-6.999538	-7.011437	-6.988018	-7.021890	-6.997534	-6.995238	-7.017593	-6.984358	-7.034708	-6.959447	-7.010552	-15.157968	-7.005135
1629.869000	-6.950152	-6.993316	-6.992933	-6.999590	-7.011427	-6.988021	-7.021888	-6.997519	-6.995238	-7.017611	-6.984388	-7.034716	-6.959437	-7.010567	-15.157769	-7.005134
1642.042000	-6.950151	-6.993305	-6.992890	-6.999622	-7.011402	-6.988040	-7.021914	-6.997505	-6.995247	-7.017571	-6.984381	-7.034716	-6.959440	-7.010580	-15.157836	-7.005144
1654.223000	-6.950169	-6.993321	-6.992868	-6.999636	-7.011375	-6.988046	-7.021917	-6.997501	-6.995245	-7.017577	-6.984403	-7.034730	-6.959505	-7.010586	-15.157765	-7.005150
1666.396000	-6.950163	-6.993319	-6.992865	-6.999666	-7.011367	-6.988038	-7.021918	-6.997503	-6.995248	-7.017565	-6.984386	-7.034772	-6.959451	-7.010602	-15.157842	-7.005150
1678.554000	-6.950176	-6.993314	-6.992835	-6.999667	-7.011352	-6.988058	-7.021927	-6.997493	-6.995250	-7.017582	-6.984397	-7.034767	-6.959474	-7.010617	-15.158004	-7.005156
1690.736000	-6.950179	-6.993336	-6.992817	-6.999685	-7.011314	-6.988051	-7.021937	-6.997504	-6.995246	-7.017565	-6.984406	-7.034763	-6.959477	-7.010622	-15.157880	-7.005147
1702.902000	-6.950192	-6.993347	-6.992808	-6.999716	-7.011326	-6.988034	-7.021934	-6.997495	-6.995250	-7.017550	-6.984400	-7.034782	-6.959472	-7.010603	-15.157924	-7.005145
1715.082000	-6.950201	-6.993335	-6.992782	-6.999725	-7.011301	-6.988046	-7.021939	-6.997484	-6.995244	-7.017540	-6.984388	-7.034802	-6.959478	-7.010611	-15.157888	-7.005139
1727.271000	-6.950200	-6.993362	-6.992775	-6.999728	-7.011277	-6.988052	-7.021952	-6.997485	-6.995246	-7.017548	-6.984381	-7.034809	-6.959410	-7.010619	-15.157652	-7.005147
1739.481000	-6.950210	-6.993356	-6.992746	-6.999752	-7.011282	-6.988067	-7.021945	-6.997500	-6.995251	-7.017545	-6.984387	-7.034819	-6.959461	-7.010624	-15.157799	-7.005159
1751.652000	-6.950225	-6.993355	-6.992720	-6.999761	-7.011264	-6.988064	-7.021958	-6.997485	-6.995232	-7.017541	-6.984391	-7.034808	-6.959452	-7.010636	-15.157822	-7.005162
1763.821000	-6.950228	-6.993360	-6.992709	-6.999785	-7.011244	-6.988056	-7.021969	-6.997475	-6.995231	-7.017539	-6.984389	-7.034828	-6.959427	-7.010652	-15.157788	-7.005172
1775.994000	-6.950228	-6.993374	-6.992688	-6.999776	-7.011231	-6.988083	-7.021978	-6.997472	-6.995222	-7.017534	-6.984395	-7.034829	-6.959508	-7.010644	-15.157909	-7.005157
1788.175000	-6.950242	-6.993365	-6.992677	-6.999797	-7.011230	-6.988063	-7.021983	-6.997473	-6.995245	-7.017534	-6.984377	-7.034829	-6.959489	-7.010644	-15.157890	-7.005173
1800.358000	-6.950249	-6.993375	-6.992655	-6.999792	-7.011228	-6.988081	-7.021999	-6.997488	-6.995242	-7.017533	-6.984382	-7.034819	-6.959480	-7.010645	-15.157895	-7.005152
1812.526000	-6.950270	-6.993375	-6.992623	-6.999804	-7.011210	-6.988079	-7.021988	-6.997471	-6.995230	-7.017530	-6.984373	-7.034852	-6.959530	-7.010662	-15.157770	-7.005159
1824.692000	-6.950260	-6.993376	-6.992612	-6.999784	-7.011214	-6.988106	-7.021995	-6.997473	-6.995218	-7.017533	-6.984384	-7.034843	-6.959521	-7.010660	-15.157915	-7.005167
1836.891000	-6.950253	-6.993384	-6.992605	-6.999793	-7.011221	-6.988092	-7.021993	-6.997465	-6.995208	-7.017528	-6.984378	-7.034839	-6.959472	-7.010656	-15.157824	-7.005177
1849.065000	-6.950262	-6.993370	-6.992583	-6.999803	-7.011209	-6.988097	-7.021993	-6.997457	-6.995201	-7.017549	-6.984369	-7.034862	-6.959479	-7.010667	-15.157765	-7.005161
1861.247000	-6.950270	-6.993389	-6.992579	-6.999800	-7.011198	-6.988074	-7.021992	-6.997452	-6.995216	-7.017533	-6.984360	-7.034849	-6.959468	-7.010661	-15.157716	-7.005166
1873.441000	-6.950277	-6.993367	-6.992571	-6.999803	-7.011215	-6.988073	-7.022004	-6.997458	-6.995210	-7.017529	-6.984366	-7.034864	-6.959461	-7.010666	-15.157872	-7.005200
1885.607000	-6.950293	-6.993371	-6.992565	-6.999799	-7.011226	-6.988083	-7.021999	-6.997463	-6.995196	-7.017514	-6.984363	-7.034862	-6.959490	-7.010680	-15.157976	-7.005189
1897.782000	-6.950288	-6.993386	-6.992546	-6.999831	-7.011207	-6.988085	-7.022008	-6.997449	-6.995185	-7.017513	-6.984375	-7.034865	-6.959463	-7.010668	-15.157867	-7.005202
1909.965000	-6.950279	-6.993387	-6.992561	-6.999831	-7.011215	-6.988075	-7.022010	-6.997450	-6.995178	-7.017513	-6.984362	-7.034873	-6.959512	-7.010657	-15.157769	-7.005195
1922.146000	-6.950312	-6.993370	-6.992553	-6.999843	-7.011218	-6.988097	-7.022030	-6.997440	-6.995187	-7.017521	-6.984353	-7.034896	-6.959439	-7.010664	-15.157857	-7.005191
1934.326000	-6.950305	-6.993382	-6.992536	-6.999827	-7.011199	-6.988089	-7.021998	-6.997433	-6.995187	-7.017497	-6.984371	-7.034887	-6.959458	-7.010669	-15.157962	-7.005180
1946.512000	-6.950300	-6.993397	-6.992531	-6.999825	-7.011203	-6.988088	-7.022013	-6.997431	-6.995189	-7.017512	-6.984368	-7.034890	-6.959374	-7.010668	-15.157961	-7.005198
1958.681000	-6.950296	-6.993385	-6.992523	-6.999827	-7.011192	-6.988095	-7.022010	-6.997440	-6.995198	-7.017501	-6.984348	-7.034889	-6.959387	-7.010668	-15.157802	-7.005195
1970.857000	-6.950285	-6.993390	-6.992525	-6.999827	-7.011195	-6.988112	-7.022009	-6.997419	-6.995190	-7.017513	-6.984369	-7.034892	-6.959400	-7.010678	-15.157912	-7.005188
1983.051000	-6.950286	-6.993380	-6.992504	-6.999833	-7.011191	-6.988106	-7.022015	-6.997429	-6.995197	-7.017506	-6.984348	-7.034898	-6.959405	-7.010690	-15.157746	-7.005201
1995.228000	-6.950283	-6.993382	-6.992498	-6.999831	-7.011182	-6.988091	-7.022017	-6.997436	-6.995187	-7.017511	-6.984339	-7.034909	-6.959422	-7.010663	-15.157591	-7.005195
2007.410000	-6.950305	-6.993378	-6.992494	-6.999844	-7.011185	-6.988105	-7.022027	-6.997422	-6.995187	-7.017508	-6.984338	-7.034891	-6.959494	-7.010667	-15.157709	-7.005206
2019.606000	-6.950292	-6.993364	-6.992489	-6.999880	-7.011165	-6.988098	-7.022023	-6.997431	-6.995196	-7.017505	-6.984348	-7.034899	-6.959443	-7.010673	-15.157728	-7.005198
2031.808000	-6.950318	-6.993364	-6.992465	-6.999861	-7.011178	-6.988100	-7.022033	-6.997443	-6.995178	-7.017497	-6.984352	-7.034901	-6.959438	-7.010662	-15.157813	-7.005205
2044.005000	-6.950313	-6.993355	-6.992468	-6.999877	-7.011167	-6.988107	-7.022027	-6.997430	-6.995178	-7.017499	-6.984347	-7.034895	-6.959386	-7.010658	-15.157568	-7.005216
2056.198000	-6.950320	-6.993360	-6.992473	-6.999875	-7.011178	-6.988089	-7.022023	-6.997428	-6.995168	-7.017509	-6.984346	-7.034915	-6.959356	-7.010658	-15.157721	-7.005212
2068.371000	-6.950302	-6.993365	-6.992452	-6.999884	-7.011163	-6.988097	-7.022041	-6.997436	-6.995183	-7.017512	-6.984331	-7.034905	-6.959302	-7.010645	-15.157687	-7.005218
2080.554000	-6.950296	-6.993376	-6.992465	-6.999857	-7.011182	-6.988100	-7.022040	-6.997431	-6.995189	-7.017498	-6.984333	-7.034903	-6.959323	-7.010660	-15.157652	-7.005218
2092.721000	-6.950294	-6.993373	-6.992459	-6.999869	-7.011156	-6.988101	-7.022039	-6.997455	-6.995186	-7.017519	-6.984317	-7.034902	-6.959379	-7.010656	-15.157774	-7.005215
2104.902000	-6.950312	-6.993369	-6.992444	-6.999875	-7.011174	-6.988108	-7.022055	-6.997438	-6.995179	-7.017504	-6.984323	-7.034904	-6.959459	-7.010655	-15.157726	-7.005213
2117.081000	-6.950319	-6.993370	-6.992461	-6.999867	-7.011167	-6.988089	-7.022037	-6.997453	-6.995176	-7.017478	-6.984328	-7.034898	-6.959401	-7.010661	-15.157653	-7.005217
2129.258000	-6.950298	-6.993364	-6.992448	-6.999864	-7.011166	-6.988096	-7.022040	-6.997440	-6.995184	-7.017483	-6.984324	-7.034898	-6.959343	-7.010653	-15.157807	-7.005194
2141.436000	-6.950290	-6.993364	-6.992436	-6.999872	-7.011149	-6.988105	-7.022060	-6.997430	-6.995188	-7.017498	-6.984325	-7.034908	-6.959403	-7.010644	-15.157638	-7.005213
2153.616000	-6.950307	-6.993347	-6.992440	-6.999893	-7.011161	-6.988104	-7.022055	-6.997416	-6.995182	-7.017483	-6.984327	-7.034907	-6.959315	-7.010651	-15.157482	-7.005216
2165.793000	-6.950299	-6.993364	-6.992436	-6.999882	-7.011140	-6.988100	-7.022054	-6.997414	-6.995180	-7.017486	-6.984322	-7.034901	-6.959290	-7.010668	-15.157517	-7.005220
2177.969000	-6.950306	-6.993362	-6.992427	-6.999878	-7.011140	-6.988096	-7.022053	-6.997430	-6.995160	-7.017475	-6.984312	-7.034916	-6.959324	-7.010663	-15.157841	-7.005205
2190.144000	-6.950317	-6.993344	-6.992420	-6.999890	-7.011149	-6.988104	-7.022060	-6.997419	-6.995173	-7.017479	-6.984304	-7.034911	-6.959332	-7.010658	-15.157604	-7.005215
2202.332000	-6.950314	-6.993343	-6.992401	-6.999875	-7.011136	-6.988118	-7.022052	-6.997418	-6.995170	-7.017506	-6.984310	-7.034917	-6.959294	-7.010656	-15.157867	-7.005234
2214.514000	-6.950308	-6.993337	-6.992404	-6.999885	-7.011171	-6.988120	-7.022060	-6.997422	-6.995174	-7.017505	-6.984313	-7.034903	-6.959286	-7.010646	-15.157769	-7.005228
2226.694000	-6.950320	-6.993345	-6.992391	-6.999887	-7.011150	-6.988121	-7.022054	-6.997417	-6.995177	-7.017517	-6.984306	-7.034914	-6.959253	-7.010655	-15.157776	-7.005234
2238.881000	-6.950311	-6.993347	-6.992393	-6.999886	-7.011140	-6.988101	-7.022070	-6.997420	-6.995158	-7.017510	-6.984297	-7.034918	-6.959253	-7.010644	-15.157807	-7.005226
2251.065000	-6.950322	-6.993336	-6.992401	-6.999885	-7.011159	-6.988102	-7.022055	-6.997426	-6.995159	-7.017507	-6.984297	-7.034909	-6.959315	-7.010649	-15.157633	-7.005229
2263.244000	-6.950312	-6.993373	-6.992406	-6.999885	-7.011153	-6.988103	-7.022073	-6.997427	-6.995159	-7.017510	-6.984313	-7.034916	-6.959250	-7.010654	-15.157770	-7.005225
2275.415000	-6.950321	-6.993355	-6.992382	-6.999888	-7.011171	-6.988119	-7.022072	-6.997416	-6.995167	-7.017500	-6.984305	-7.034899	-6.959278	-7.010659	-15.157641	-7.005234
2287.588000	-6.950312	-6.993352	-6.992370	-6.999895	-7.011165	-6.988106	-7.022069	-6.997417	-6.995159	-7.017492	-6.984322	-7.034923	-6.959337	-7.010642	-15.157824	-7.005221
2299.780000	-6.950312	-6.993359	-6.992383	-6.999900	-7.011158	-6.988107	-7.022070	-6.997406	-6.995156	-7.017478	-6.984294	-7.034905	-6.959250	-7.010641	-15.157899	-7.005221
2311.965000	-6.950328	-6.993351	-6.992392	-6.999893	-7.011151	-6.988102	-7.022080	-6.997410	-6.995161	-7.017489	-6.984304	-7.034915	-6.959226	-7.010639	-15.157725	-7.005223
2324.159000	-6.950313	-6.993336	-6.992377	-6.999904	-7.011165	-6.988103	-7.022057	-6.997423	-6.995166	-7.017495	-6.984311	-7.034922	-6.959287	-7.010643	-15.157588	-7.005220
2336.338000	-6.950316	-6.993354	-6.992363	-6.999893	-7.011165	-6.988118	-7.022061	-6.997411	-6.995165	-7.017517	-6.984297	-7.034923	-6.959232	-7.010631	-15.157706	-7.005214
2348.497000	-6.950331	-6.993357	-6.992365	-6.999911	-7.011150	-6.988110	-7.022060	-6.997416	-6.995163	-7.017481	-6.984301	-7.034905	-6.959235	-7.010648	-15.157508	-7.005218
2360.668000	-6.950326	-6.993353	-6.992365	-6.999899	-7.011165	-6.988113	-7.022065	-6.997423	-6.995164	-7.017507	-6.984302	-7.034926	-6.959248	-7.010636	-15.157959	-7.005222
2372.851000	-6.950326	-6.993365	-6.992355	-6.999887	-7.011142	-6.988097	-7.022059	-6.997421	-6.995174	-7.017508	-6.984298	-7.034909	-6.959243	-7.010655	-15.157721	-7.005219
2385.030000	-6.950321	-6.993350	-6.992393	-6.999898	-7.011146	-6.988092	-7.022037	-6.997452	-6.995165	-7.017491	-6.984294	-7.034873	-6.959303	-7.010671	-15.157889	-7.005210
2397.209000	-6.950298	-6.993359	-6.992853	-6.999881	-7.011147	-6.988011	-7.022021	-6.997515	-6.995236	-7.017461	-6.984343	-7.034679	-6.959385	-7.010667	-15.157860	-7.005118
2409.402000	-6.950230	-6.993330	-6.992791	-6.999834	-7.011179	-6.987843	-7.021984	-6.997582	-6.995113	-7.017464	-6.984146	-7.034360	-6.959397	-7.010613	-15.157646	-7.005024
2421.574000	-6.950138	-6.993258	-6.992624	-6.999765	-7.011274	-6.987625	-7.021897	-6.997594	-6.995016	-7.017474	-6.983933	-7.034127	-6.959420	-7.010544	-15.157752	-7.004919
2433.747000	-6.950047	-6.993166	-6.992486	-6.999632	-7.011401	-6.987455	-7.021803	-6.997467	-6.994935	-7.017434	-6.983790	-7.033952	-6.959296	-7.010447	-15.157698	-7.004837
2445.934000	-6.949987	-6.993119	-6.992391	-6.999459	-7.011288	-6.987373	-7.021742	-6.997357	-6.994881	-7.017282	-6.983664	-7.033817	-6.959222	-7.010375	-15.157811	-7.004768
2458.108000	-6.949936	-6.993060	-6.992333	-6.999315	-7.011162	-6.987271	-7.021672	-6.997282	-6.994842	-7.017148	-6.983575	-7.033752	-6.959214	-7.010309	-15.157836	-7.004728
2470.287000	-6.949876	-6.993019	-6.992293	-6.999190	-7.011089	-6.987226	-7.021605	-6.997224	-6.994822	-7.017038	-6.983502	-7.033682	-6.959208	-7.010282	-15.158043	-7.004692
2482.461000	-6.949841	-6.993001	-6.992251	-6.999107	-7.011004	-6.987206	-7.021576	-6.997167	-6.994812	-7.016969	-6.983469	-7.033656	-6.959170	-7.010230	-15.157797	-7.004664
2494.672000	-6.949800	-6.992973	-6.992229	-6.999011	-7.010947	-6.987181	-7.021538	-6.997133	-6.994796	-7.016919	-6.983410	-7.033628	-6.959149	-7.010199	-15.157675	-7.004657
2506.864000	-6.949768	-6.992959	-6.992222	-6.998947	-7.010897	-6.987170	-7.021509	-6.997098	-6.994786	-7.016875	-6.983391	-7.033608	-6.959129	-7.010152	-15.157815	-7.004639
2519.062000	-6.949764	-6.992932	-6.992205	-6.998888	-7.010845	-6.987154	-7.021476	-6.997090	-6.994781	-7.016824	-6.983372	-7.033576	-6.959048	-7.010147	-15.157762	-7.004631
2531.245000	-6.949741	-6.992929	-6.992172	-6.998848	-7.010819	-6.987155	-7.021467	-6.997075	-6.994765	-7.016786	-6.983366	-7.033570	-6.959111	-7.010134	-15.157911	-7.004629
2543.426000	-6.949719	-6.992932	-6.992202	-6.998819	-7.010805	-6.987145	-7.021435	-6.997062	-6.994787	-7.016739	-6.983337	-7.033556	-6.959119	-7.010108	-15.157804	-7.004615
2555.585000	-6.949698	-6.992904	-6.992183	-6.998766	-7.010789	-6.987138	-7.021425	-6.997076	-6.994785	-7.016729	-6.983340	-7.033546	-6.959060	-7.010094	-15.157861	-7.004606
2567.781000	-6.949691	-6.992914	-6.992178	-6.998749	-7.010757	-6.987137	-7.021407	-6.997060	-6.994762	-7.016726	-6.983331	-7.033550	-6.959092	-7.010094	-15.157821	-7.004588
2579.953000	-6.949670	-6.992897	-6.992160	-6.998725	-7.010748	-6.987108	-7.021409	-6.997053	-6.994758	-7.016715	-6.983300	-7.033532	-6.959008	-7.010101	-15.157959	-7.004607
2592.123000	-6.949670	-6.992891	-6.992142	-6.998689	-7.010731	-6.987117	-7.021376	-6.997042	-6.994759	-7.016698	-6.983301	-7.033530	-6.959024	-7.010079	-15.157887	-7.004609
2604.305000	-6.949658	-6.992896	-6.992152	-6.998700	-7.010717	-6.987103	-7.021392	-6.997063	-6.994769	-7.016686	-6.983298	-7.033525	-6.959023	-7.010067	-15.157953	-7.004591
2616.507000	-6.949643	-6.992889	-6.992146	-6.998668	-7.010700	-6.987125	-7.021385	-6.997026	-6.994753	-7.016681	-6.983305	-7.033526	-6.959071	-7.010079	-15.157883	-7.004597
2628.679000	-6.949627	-6.992882	-6.992146	-6.998655	-7.010695	-6.987123	-7.021386	-6.997034	-6.994770	-7.016656	-6.983294	-7.033524	-6.958977	-7.010065	-15.157843	-7.004589
2640.845000	-6.949628	-6.992890	-6.992145	-6.998646	-7.010687	-6.987115	-7.021386	-6.997030	-6.994763	-7.016651	-6.983318	-7.033507	-6.958911	-7.010044	-15.157726	-7.004585
2653.030000	-6.949636	-6.992890	-6.992136	-6.998619	-7.010692	-6.987106	-7.021362	-6.997042	-6.994754	-7.016651	-6.983290	-7.033514	-6.958991	-7.010058	-15.157766	-7.004586
2665.201000	-6.949607	-6.992883	-6.992149	-6.998619	-7.010685	-6.987103	-7.021349	-6.997038	-6.994752	-7.016646	-6.983283	-7.033519	-6.958981	-7.010046	-15.157752	-7.004584
2677.390000	-6.949627	-6.992890	-6.992160	-6.998609	-7.010665	-6.987097	-7.021347	-6.997025	-6.994759	-7.016636	-6.983275	-7.033500	-6.959001	-7.010041	-15.157688	-7.004577
2689.565000	-6.949633	-6.992884	-6.992144	-6.998619	-7.010660	-6.987111	-7.021339	-6.997022	-6.994747	-7.016649	-6.983270	-7.033525	-6.958995	-7.010050	-15.157773	-7.004585
2701.746000	-6.949621	-6.992876	-6.992146	-6.998596	-7.010663	-6.987091	-7.021354	-6.997020	-6.994749	-7.016648	-6.983283	-7.033514	-6.958941	-7.010032	-15.158069	-7.004583
2713.912000	-6.949607	-6.992877	-6.992147	-6.998609	-7.010669	-6.987098	-7.021334	-6.997024	-6.994757	-7.016642	-6.983284	-7.033523	-6.958961	-7.010052	-15.157902	-7.004567
2726.086000	-6.949625	-6.992866	-6.992145	-6.998598	-7.010665	-6.987097	-7.021345	-6.997029	-6.994751	-7.016639	-6.983292	-7.033508	-6.958953	-7.010045	-15.157817	-7.004557
2738.264000	-6.949630	-6.992864	-6.992132	-6.998587	-7.010650	-6.987081	-7.021350	-6.997018	-6.994754	-7.016629	-6.983262	-7.033504	-6.958920	-7.010048	-15.157888	-7.004571
2750.444000	-6.949628	-6.992882	-6.992128	-6.998579	-7.010652	-6.987075	-7.021361	-6.997013	-6.994766	-7.016629	-6.983281	-7.033509	-6.958979	-7.010043	-15.157877	-7.004571
2762.619000	-6.949626	-6.992860	-6.992144	-6.998579	-7.010655	-6.987086	-7.021361	-6.997036	-6.994761	-7.016616	-6.983288	-7.033506	-6.958905	-7.010030	-15.158007	-7.004587
2774.786000	-6.949618	-6.992887	-6.992123	-6.998590	-7.010633	-6.987087	-7.021347	-6.997016	-6.994758	-7.016624	-6.983284	-7.033518	-6.958965	-7.010034	-15.157938	-7.004576
2786.965000	-6.949617	-6.992880	-6.992137	-6.998569	-7.010636	-6.987086	-7.021342	-6.997008	-6.994752	-7.016608	-6.983277	-7.033504	-6.958929	-7.010023	-15.157970	-7.004588
2799.141000	-6.949599	-6.992870	-6.992122	-6.998579	-7.010637	-6.987101	-7.021342	-6.997000	-6.994747	-7.016621	-6.983275	-7.033501	-6.958934	-7.010054	-15.157967	-7.004576
2811.320000	-6.949605	-6.992867	-6.992118	-6.998563	-7.010641	-6.987089	-7.021346	-6.996987	-6.994751	-7.016632	-6.983255	-7.033507	-6.958919	-7.010020	-15.157856	-7.004569
2823.506000	-6.949610	-6.992851	-6.992138	-6.998575	-7.010655	-6.987087	-7.021337	-6.997003	-6.994751	-7.016617	-6.983256	-7.033511	-6.958975	-7.010029	-15.157818	-7.004577
2835.662000	-6.949607	-6.992876	-6.992130	-6.998566	-7.010641	-6.987074	-7.021330	-6.997002	-6.994749	-7.016615	-6.983256	-7.033509	-6.959002	-7.010032	-15.158008	-7.004583
2847.831000	-6.949608	-6.992854	-6.992132	-6.998571	-7.010657	-6.987093	-7.021355	-6.997000	-6.994751	-7.016610	-6.983252	-7.033504	-6.958992	-7.010034	-15.157805	-7.004580
2860.010000	-6.949600	-6.992853	-6.992124	-6.998548	-7.010646	-6.987092	-7.021358	-6.997007	-6.994741	-7.016587	-6.983243	-7.033509	-6.958944	-7.010028	-15.157882	-7.004571
2872.204000	-6.949607	-6.992863	-6.992113	-6.998562	-7.010638	-6.987088	-7.021356	-6.997008	-6.994741	-7.016598	-6.983257	-7.033504	-6.958965	-7.010041	-15.157791	-7.004568
2884.394000	-6.949583	-6.992860	-6.992135	-6.998560	-7.010645	-6.987100	-7.021351	-6.997015	-6.994742	-7.016608	-6.983256	-7.033503	-6.958978	-7.010038	-15.157749	-7.004571
2896.571000	-6.949587	-6.992860	-6.992124	-6.998564	-7.010656	-6.987080	-7.021341	-6.997008	-6.994734	-7.016604	-6.983257	-7.033508	-6.958973	-7.010017	-15.157810	-7.004561
2908.753000	-6.949602	-6.992865	-6.992119	-6.998578	-7.010662	-6.987090	-7.021351	-6.996987	-6.994745	-7.016599	-6.983272	-7.033513	-6.959004	-7.010037	-15.157964	-7.004569
2920.935000	-6.949600	-6.992845	-6.992127	-6.998558	-7.010655	-6.987073	-7.021355	-6.996997	-6.994749	-7.016599	-6.983272	-7.033504	-6.958969	-7.010048	-15.157863	-7.004564
2933.130000	-6.949581	-6.992860	-6.992137	-6.998560	-7.010639	-6.987070	-7.021345	-6.997002	-6.994753	-7.016587	-6.983261	-7.033502	-6.958961	-7.010036	-15.157868	-7.004576
2945.307000	-6.949606	-6.992843	-6.992122	-6.998551	-7.010643	-6.987070	-7.021344	-6.996998	-6.994757	-7.016600	-6.983270	-7.033504	-6.958907	-7.010014	-15.157804	-7.004556
2957.494000	-6.949563	-6.992853	-6.992126	-6.998549	-7.010625	-6.987070	-7.021355	-6.997008	-6.994749	-7.016609	-6.983251	-7.033511	-6.958986	-7.010018	-15.157969	-7.004586
2969.666000	-6.949573	-6.992851	-6.992112	-6.998567	-7.010622	-6.987084	-7.021341	-6.996996	-6.994748	-7.016586	-6.983260	-7.033520	-6.959012	-7.010025	-15.157817	-7.004568
2981.843000	-6.949590	-6.992861	-6.992115	-6.998549	-7.010637	-6.987071	-7.021339	-6.997005	-6.994752	-7.016582	-6.983251	-7.033503	-6.958894	-7.010031	-15.157816	-7.004572
2994.020000	-6.949587	-6.992862	-6.992108	-6.998534	-7.010652	-6.987070	-7.021342	-6.997004	-6.994759	-7.016590	-6.983261	-7.033495	-6.958915	-7.010019	-15.157932	-7.004573
3006.188000	-6.949583	-6.992859	-6.992107	-6.998544	-7.010635	-6.987083	-7.021345	-6.996991	-6.994752	-7.016591	-6.983263	-7.033500	-6.958947	-7.010009	-15.157899	-7.004581
3018.359000	-6.949591	-6.992856	-6.992123	-6.998562	-7.010641	-6.987065	-7.021335	-6.997011	-6.994744	-7.016597	-6.983249	-7.033503	-6.958910	-7.010016	-15.157768	-7.004568
3030.552000	-6.949579	-6.992848	-6.992121	-6.998523	-7.010643	-6.987072	-7.021323	-6.997023	-6.994748	-7.016593	-6.983237	-7.033515	-6.958918	-7.010025	-15.157867	-7.004577
3042.730000	-6.949578	-6.992852	-6.992126	-6.998545	-7.010644	-6.987077	-7.021328	-6.996993	-6.994755	-7.016582	-6.983239	-7.033512	-6.958886	-7.010013	-15.157929	-7.004566
3054.923000	-6.949578	-6.992839	-6.992136	-6.998538	-7.010643	-6.987058	-7.021345	-6.997008	-6.994742	-7.016598	-6.983255	-7.033516	-6.958860	-7.010019	-15.157971	-7.004574
3067.106000	-6.949585	-6.992831	-6.992099	-6.998550	-7.010639	-6.987065	-7.021339	-6.996996	-6.994742	-7.016608	-6.983276	-7.033506	-6.958912	-7.010012	-15.157918	-7.004590
3079.298000	-6.949586	-6.992842	-6.992122	-6.998541	-7.010623	-6.987078	-7.021330	-6.996997	-6.994758	-7.016594	-6.983252	-7.033503	-6.958906	-7.010016	-15.158082	-7.004592
3091.479000	-6.949568	-6.992833	-6.992113	-6.998550	-7.010647	-6.987065	-7.021345	-6.996999	-6.994740	-7.016582	-6.983257	-7.033515	-6.958908	-7.010030	-15.158050	-7.004601
3103.655000	-6.949591	-6.992849	-6.992121	-6.998527	-7.010650	-6.987062	-7.021330	-6.997011	-6.994745	-7.016577	-6.983256	-7.033509	-6.958946	-7.010022	-15.157942	-7.004592
3115.829000	-6.949583	-6.992847	-6.992121	-6.998552	-7.010641	-6.987065	-7.021332	-6.997003	-6.994747	-7.016573	-6.983271	-7.033513	-6.958906	-7.010013	-15.157953	-7.004594
3128.005000	-6.949564	-6.992850	-6.992130	-6.998540	-7.010642	-6.987065	-7.021323	-6.997002	-6.994749	-7.016587	-6.983272	-7.033530	-6.958902	-7.010029	-15.157811	-7.004591
3140.191000	-6.949572	-6.992848	-6.992120	-6.998554	-7.010639	-6.987080	-7.021317	-6.997016	-6.994759	-7.016569	-6.983278	-7.033501	-6.958884	-7.010020	-15.157848	-7.004587
3152.356000	-6.949589	-6.992839	-6.992099	-6.998526	-7.010644	-6.987053	-7.021337	-6.997011	-6.994760	-7.016582	-6.983269	-7.033512	-6.958887	-7.010018	-15.157994	-7.004583
3164.529000	-6.949576	-6.992846	-6.992113	-6.998547	-7.010642	-6.987052	-7.021324	-6.997018	-6.994760	-7.016594	-6.983266	-7.033509	-6.958901	-7.010009	-15.157871	-7.004580
3176.696000	-6.949578	-6.992837	-6.992118	-6.998539	-7.010640	-6.987070	-7.021337	-6.997005	-6.994758	-7.016588	-6.983263	-7.033523	-6.958910	-7.010014	-15.157936	-7.004567
3188.875000	-6.949588	-6.992852	-6.992123	-6.998524	-7.010620	-6.987053	-7.021342	-6.997018	-6.994757	-7.016572	-6.983263	-7.033516	-6.958969	-7.010011	-15.157914	-7.004564
3201.068000	-6.949580	-6.992833	-6.992096	-6.998537	-7.010634	-6.987039	-7.021324	-6.997004	-6.994756	-7.016579	-6.983269	-7.033490	-6.958887	-7.010014	-15.158002	-7.004578
3213.249000	-6.949576	-6.992852	-6.992109	-6.998540	-7.010642	-6.987061	-7.021335	-6.996995	-6.994757	-7.016581	-6.983247	-7.033485	-6.958926	-7.010026	-15.157871	-7.004572
3225.431000	-6.949581	-6.992835	-6.992108	-6.998536	-7.010632	-6.987084	-7.021338	-6.996998	-6.994735	-7.016592	-6.983261	-7.033491	-6.958880	-7.010026	-15.157814	-7.004569
	-6.949573															
