8.200000	-6.989064	-7.033459	-7.033082	-7.027621	-7.018918	-7.048755	-7.009825	-7.026250	-6.998049	-7.004669	-6.985659	-7.006443	-6.999920	-7.002950	-15.153375	-6.939410
20.399000	-6.989104	-7.033512	-7.033128	-7.027647	-7.018963	-7.048782	-7.009866	-7.026260	-6.998073	-7.004700	-6.985664	-7.006479	-6.999933	-7.002955	-15.153952	-6.939445
32.601000	-6.989138	-7.033537	-7.033147	-7.027689	-7.018995	-7.048784	-7.009890	-7.026284	-6.998097	-7.004735	-6.985697	-7.006497	-6.999975	-7.002983	-15.154328	-6.939453
44.799000	-6.989162	-7.033564	-7.033162	-7.027701	-7.018989	-7.048793	-7.009885	-7.026298	-6.998080	-7.004753	-6.985694	-7.006492	-6.999971	-7.002987	-15.154708	-6.939443
57.007000	-6.989165	-7.033590	-7.033176	-7.027722	-7.018991	-7.048783	-7.009901	-7.026322	-6.998086	-7.004740	-6.985695	-7.006516	-6.999987	-7.003006	-15.155044	-6.939446
69.213000	-6.989155	-7.033602	-7.033187	-7.027724	-7.019009	-7.048806	-7.009938	-7.026306	-6.998106	-7.004754	-6.985689	-7.006516	-7.000004	-7.002997	-15.155416	-6.939465
81.428000	-6.989152	-7.033579	-7.033171	-7.027736	-7.018999	-7.048760	-7.009952	-7.026338	-6.998103	-7.004749	-6.985682	-7.006515	-7.000005	-7.003040	-15.155603	-6.939466
93.616000	-6.989160	-7.033547	-7.033093	-7.027737	-7.018974	-7.048707	-7.009957	-7.026317	-6.998060	-7.004714	-6.985656	-7.006476	-6.999977	-7.002991	-15.155578	-6.939416
105.798000	-6.989111	-7.033491	-7.033000	-7.027718	-7.018953	-7.048642	-7.009945	-7.026255	-6.998007	-7.004668	-6.985593	-7.006381	-6.999908	-7.002934	-15.155851	-6.939316
117.992000	-6.989073	-7.033402	-7.032913	-7.027651	-7.018905	-7.048596	-7.009875	-7.026181	-6.997946	-7.004599	-6.985554	-7.006299	-6.999847	-7.002877	-15.156047	-6.939195
130.178000	-6.989005	-7.033317	-7.032764	-7.027578	-7.018843	-7.048497	-7.009835	-7.026085	-6.997876	-7.004499	-6.985500	-7.006209	-6.999805	-7.002815	-15.156097	-6.939089
142.361000	-6.988943	-7.033239	-7.032660	-7.027507	-7.018777	-7.048428	-7.009760	-7.026019	-6.997823	-7.004442	-6.985468	-7.006144	-6.999712	-7.002751	-15.156335	-6.938964
154.567000	-6.988862	-7.033123	-7.032541	-7.027408	-7.018738	-7.048379	-7.009694	-7.025942	-6.997774	-7.004378	-6.985422	-7.006042	-6.999649	-7.002680	-15.156735	-6.938843
166.758000	-6.988784	-7.033047	-7.032444	-7.027342	-7.018681	-7.048287	-7.009612	-7.025876	-6.997742	-7.004288	-6.985401	-7.005976	-6.999585	-7.002623	-15.156759	-6.938767
178.937000	-6.988686	-7.032957	-7.032334	-7.027260	-7.018645	-7.048223	-7.009554	-7.025821	-6.997679	-7.004214	-6.985373	-7.005904	-6.999513	-7.002557	-15.156827	-6.938659
191.135000	-6.988628	-7.032868	-7.032252	-7.027164	-7.018620	-7.048182	-7.009492	-7.025760	-6.997662	-7.004159	-6.985338	-7.005874	-6.999423	-7.002500	-15.157119	-6.938607
203.352000	-6.988563	-7.032784	-7.032163	-7.027098	-7.018578	-7.048162	-7.009429	-7.025728	-6.997652	-7.004097	-6.985331	-7.005814	-6.999406	-7.002472	-15.157127	-6.938554
215.569000	-6.988475	-7.032717	-7.032124	-7.027042	-7.018551	-7.048123	-7.009396	-7.025675	-6.997627	-7.004055	-6.985306	-7.005785	-6.999364	-7.002436	-15.157276	-6.938491
227.758000	-6.988443	-7.032672	-7.032076	-7.026983	-7.018532	-7.048083	-7.009354	-7.025649	-6.997612	-7.004012	-6.985292	-7.005750	-6.999318	-7.002400	-15.157404	-6.938455
239.973000	-6.988398	-7.032643	-7.032030	-7.026931	-7.018508	-7.048071	-7.009307	-7.025617	-6.997584	-7.003966	-6.985291	-7.005724	-6.999279	-7.002365	-15.157188	-6.938413
252.190000	-6.988360	-7.032612	-7.031998	-7.026887	-7.018490	-7.048073	-7.009281	-7.025599	-6.997573	-7.003947	-6.985278	-7.005698	-6.999250	-7.002348	-15.157180	-6.938375
264.403000	-6.988311	-7.032587	-7.031969	-7.026852	-7.018471	-7.048056	-7.009248	-7.025589	-6.997568	-7.003921	-6.985267	-7.005715	-6.999244	-7.002338	-15.157239	-6.938385
276.608000	-6.988300	-7.032565	-7.031966	-7.026827	-7.018465	-7.048044	-7.009257	-7.025599	-6.997589	-7.003920	-6.985275	-7.005686	-6.999229	-7.002328	-15.157504	-6.938375
288.816000	-6.988288	-7.032558	-7.031964	-7.026820	-7.018480	-7.048028	-7.009258	-7.025593	-6.997578	-7.003918	-6.985266	-7.005681	-6.999208	-7.002330	-15.157482	-6.938355
301.007000	-6.988261	-7.032541	-7.031958	-7.026808	-7.018445	-7.048022	-7.009235	-7.025581	-6.997582	-7.003907	-6.985244	-7.005683	-6.999203	-7.002307	-15.157548	-6.938347
313.209000	-6.988269	-7.032530	-7.031959	-7.026788	-7.018456	-7.048009	-7.009238	-7.025592	-6.997577	-7.003911	-6.985255	-7.005657	-6.999186	-7.002310	-15.157695	-6.938321
325.402000	-6.988258	-7.032501	-7.031938	-7.026780	-7.018463	-7.048017	-7.009228	-7.025571	-6.997570	-7.003884	-6.985249	-7.005663	-6.999193	-7.002294	-15.157531	-6.938330
337.591000	-6.988266	-7.032508	-7.031955	-7.026775	-7.018454	-7.048016	-7.009213	-7.025577	-6.997577	-7.003886	-6.985246	-7.005633	-6.999187	-7.002289	-15.157514	-6.938343
349.784000	-6.988227	-7.032517	-7.031915	-7.026788	-7.018449	-7.047986	-7.009206	-7.025566	-6.997580	-7.003888	-6.985249	-7.005637	-6.999169	-7.002273	-15.157618	-6.938328
361.969000	-6.988239	-7.032513	-7.031924	-7.026771	-7.018451	-7.048007	-7.009198	-7.025562	-6.997580	-7.003883	-6.985269	-7.005644	-6.999172	-7.002281	-15.157589	-6.938308
374.201000	-6.988241	-7.032498	-7.031910	-7.026787	-7.018429	-7.048009	-7.009210	-7.025564	-6.997571	-7.003885	-6.985254	-7.005638	-6.999181	-7.002272	-15.157585	-6.938310
386.399000	-6.988222	-7.032498	-7.031897	-7.026772	-7.018431	-7.048010	-7.009203	-7.025568	-6.997577	-7.003866	-6.985249	-7.005627	-6.999163	-7.002265	-15.157494	-6.938290
398.606000	-6.988223	-7.032500	-7.031922	-7.026792	-7.018449	-7.048001	-7.009203	-7.025560	-6.997584	-7.003876	-6.985235	-7.005623	-6.999161	-7.002277	-15.157651	-6.938304
410.796000	-6.988215	-7.032487	-7.031914	-7.026750	-7.018430	-7.048018	-7.009199	-7.025559	-6.997572	-7.003875	-6.985250	-7.005614	-6.999187	-7.002261	-15.157803	-6.938300
422.982000	-6.988207	-7.032493	-7.031919	-7.026750	-7.018442	-7.048006	-7.009202	-7.025542	-6.997557	-7.003876	-6.985244	-7.005633	-6.999167	-7.002280	-15.157729	-6.938295
435.202000	-6.988216	-7.032487	-7.031918	-7.026755	-7.018436	-7.048004	-7.009192	-7.025565	-6.997552	-7.003859	-6.985242	-7.005612	-6.999134	-7.002287	-15.157804	-6.938295
447.404000	-6.988220	-7.032487	-7.031895	-7.026755	-7.018434	-7.047985	-7.009199	-7.025561	-6.997552	-7.003857	-6.985246	-7.005621	-6.999154	-7.002270	-15.157863	-6.938294
459.613000	-6.988217	-7.032472	-7.031899	-7.026742	-7.018437	-7.048002	-7.009185	-7.025567	-6.997566	-7.003849	-6.985247	-7.005613	-6.999161	-7.002273	-15.157623	-6.938286
471.804000	-6.988217	-7.032510	-7.031888	-7.026769	-7.018427	-7.047999	-7.009192	-7.025559	-6.997572	-7.003852	-6.985237	-7.005622	-6.999167	-7.002287	-15.157977	-6.938307
484.001000	-6.988202	-7.032488	-7.031912	-7.026741	-7.018425	-7.047973	-7.009186	-7.025558	-6.997551	-7.003856	-6.985249	-7.005616	-6.999162	-7.002282	-15.158097	-6.938294
496.191000	-6.988214	-7.032510	-7.031895	-7.026759	-7.018428	-7.047984	-7.009204	-7.025571	-6.997572	-7.003864	-6.985236	-7.005625	-6.999158	-7.002271	-15.158051	-6.938302
508.367000	-6.988215	-7.032497	-7.031908	-7.026755	-7.018444	-7.047997	-7.009205	-7.025571	-6.997544	-7.003866	-6.985239	-7.005634	-6.999147	-7.002254	-15.158195	-6.938306
520.554000	-6.988207	-7.032475	-7.031892	-7.026743	-7.018431	-7.047965	-7.009202	-7.025569	-6.997571	-7.003876	-6.985221	-7.005624	-6.999156	-7.002266	-15.157754	-6.938304
532.762000	-6.988198	-7.032490	-7.031897	-7.026767	-7.018418	-7.047990	-7.009197	-7.025575	-6.997556	-7.003871	-6.985242	-7.005610	-6.999149	-7.002255	-15.157772	-6.938299
544.937000	-6.988198	-7.032479	-7.031867	-7.026756	-7.018420	-7.048005	-7.009203	-7.025559	-6.997558	-7.003868	-6.985243	-7.005627	-6.999145	-7.002279	-15.157969	-6.938292
557.153000	-6.988219	-7.032490	-7.031882	-7.026757	-7.018436	-7.047984	-7.009194	-7.025580	-6.997557	-7.003852	-6.985251	-7.005614	-6.999160	-7.002288	-15.157919	-6.938293
569.357000	-6.988207	-7.032499	-7.031867	-7.026748	-7.018445	-7.047980	-7.009202	-7.025562	-6.997581	-7.003846	-6.985246	-7.005612	-6.999167	-7.002256	-15.158028	-6.938290
581.546000	-6.988206	-7.032496	-7.031884	-7.026740	-7.018443	-7.047991	-7.009206	-7.025572	-6.997573	-7.003844	-6.985245	-7.005612	-6.999163	-7.002264	-15.157825	-6.938291
593.752000	-6.988196	-7.032484	-7.031880	-7.026746	-7.018440	-7.047986	-7.009208	-7.025579	-6.997571	-7.003875	-6.985240	-7.005611	-6.999155	-7.002258	-15.157890	-6.938296
605.971000	-6.988197	-7.032486	-7.031881	-7.026729	-7.018446	-7.047965	-7.009204	-7.025554	-6.997570	-7.003844	-6.985245	-7.005617	-6.999165	-7.002269	-15.157860	-6.938288
618.166000	-6.988177	-7.032464	-7.031884	-7.026747	-7.018459	-7.047972	-7.009212	-7.025570	-6.997588	-7.003848	-6.985247	-7.005609	-6.999145	-7.002254	-15.158101	-6.938301
630.360000	-6.988189	-7.032465	-7.031865	-7.026759	-7.018444	-7.047985	-7.009204	-7.025562	-6.997577	-7.003857	-6.985238	-7.005622	-6.999152	-7.002251	-15.158075	-6.938296
642.564000	-6.988171	-7.032464	-7.031866	-7.026744	-7.018428	-7.047978	-7.009197	-7.025559	-6.997579	-7.003864	-6.985245	-7.005599	-6.999143	-7.002265	-15.157991	-6.938284
654.755000	-6.988178	-7.032468	-7.031871	-7.026747	-7.018439	-7.047984	-7.009198	-7.025548	-6.997566	-7.003848	-6.985235	-7.005587	-6.999153	-7.002264	-15.158000	-6.938290
666.948000	-6.988183	-7.032466	-7.031872	-7.026764	-7.018442	-7.047969	-7.009204	-7.025545	-6.997561	-7.003863	-6.985235	-7.005606	-6.999137	-7.002254	-15.158036	-6.938287
679.131000	-6.988212	-7.032454	-7.031853	-7.026749	-7.018443	-7.047978	-7.009198	-7.025556	-6.997551	-7.003861	-6.985230	-7.005599	-6.999146	-7.002260	-15.158152	-6.938299
691.325000	-6.988211	-7.032457	-7.031865	-7.026752	-7.018412	-7.047963	-7.009179	-7.025558	-6.997538	-7.003880	-6.985232	-7.005604	-6.999152	-7.002259	-15.157918	-6.938265
703.509000	-6.988205	-7.032455	-7.031837	-7.026746	-7.018428	-7.047950	-7.009189	-7.025546	-6.997537	-7.003856	-6.985235	-7.005598	-6.999145	-7.002259	-15.157823	-6.938288
715.701000	-6.988201	-7.032465	-7.031871	-7.026748	-7.018421	-7.047964	-7.009193	-7.025551	-6.997576	-7.003857	-6.985249	-7.005603	-6.999153	-7.002263	-15.158041	-6.938265
727.882000	-6.988202	-7.032466	-7.031862	-7.026750	-7.018422	-7.047959	-7.009185	-7.025549	-6.997536	-7.003860	-6.985238	-7.005602	-6.999142	-7.002271	-15.157852	-6.938278
740.070000	-6.988180	-7.032475	-7.031861	-7.026720	-7.018409	-7.047950	-7.009201	-7.025543	-6.997541	-7.003875	-6.985214	-7.005595	-6.999143	-7.002261	-15.157819	-6.938282
752.254000	-6.988189	-7.032467	-7.031852	-7.026742	-7.018422	-7.047957	-7.009213	-7.025521	-6.997548	-7.003858	-6.985231	-7.005593	-6.999144	-7.002245	-15.157966	-6.938282
764.450000	-6.988181	-7.032474	-7.031870	-7.026734	-7.018442	-7.047970	-7.009205	-7.025554	-6.997529	-7.003860	-6.985217	-7.005602	-6.999148	-7.002243	-15.157988	-6.938273
776.638000	-6.988171	-7.032470	-7.031858	-7.026725	-7.018436	-7.047976	-7.009218	-7.025548	-6.997536	-7.003861	-6.985203	-7.005605	-6.999137	-7.002244	-15.158005	-6.938274
788.831000	-6.988180	-7.032486	-7.031867	-7.026734	-7.018419	-7.047975	-7.009196	-7.025540	-6.997530	-7.003859	-6.985208	-7.005619	-6.999142	-7.002236	-15.158026	-6.938279
801.034000	-6.988176	-7.032468	-7.031853	-7.026729	-7.018430	-7.047981	-7.009202	-7.025554	-6.997534	-7.003847	-6.985207	-7.005614	-6.999126	-7.002245	-15.158122	-6.938281
813.247000	-6.988192	-7.032461	-7.031852	-7.026731	-7.018438	-7.047975	-7.009196	-7.025539	-6.997548	-7.003847	-6.985198	-7.005609	-6.999131	-7.002243	-15.158030	-6.938279
825.453000	-6.988189	-7.032472	-7.031848	-7.026720	-7.018445	-7.047965	-7.009193	-7.025543	-6.997534	-7.003875	-6.985216	-7.005604	-6.999120	-7.002259	-15.157954	-6.938258
837.642000	-6.988192	-7.032462	-7.031862	-7.026724	-7.018442	-7.047981	-7.009193	-7.025551	-6.997541	-7.003848	-6.985211	-7.005609	-6.999144	-7.002251	-15.158095	-6.938273
849.849000	-6.988166	-7.032472	-7.031861	-7.026739	-7.018432	-7.047972	-7.009200	-7.025553	-6.997536	-7.003854	-6.985226	-7.005613	-6.999140	-7.002258	-15.158057	-6.938276
862.053000	-6.988170	-7.032468	-7.031863	-7.026724	-7.018424	-7.047963	-7.009205	-7.025536	-6.997540	-7.003852	-6.985197	-7.005629	-6.999122	-7.002255	-15.158377	-6.938280
874.257000	-6.988172	-7.032458	-7.031864	-7.026717	-7.018440	-7.047981	-7.009200	-7.025539	-6.997539	-7.003856	-6.985213	-7.005624	-6.999144	-7.002249	-15.158095	-6.938267
886.458000	-6.988191	-7.032460	-7.031864	-7.026701	-7.018432	-7.047979	-7.009173	-7.025544	-6.997534	-7.003849	-6.985198	-7.005601	-6.999148	-7.002251	-15.158110	-6.938272
898.646000	-6.988188	-7.032452	-7.031867	-7.026730	-7.018418	-7.047976	-7.009192	-7.025553	-6.997539	-7.003849	-6.985212	-7.005604	-6.999125	-7.002251	-15.158125	-6.938267
910.858000	-6.988178	-7.032457	-7.031851	-7.026720	-7.018450	-7.047976	-7.009196	-7.025543	-6.997536	-7.003862	-6.985223	-7.005605	-6.999127	-7.002257	-15.158193	-6.938289
923.046000	-6.988185	-7.032451	-7.031858	-7.026716	-7.018444	-7.047969	-7.009187	-7.025564	-6.997528	-7.003870	-6.985217	-7.005589	-6.999127	-7.002259	-15.158097	-6.938265
935.235000	-6.988187	-7.032455	-7.031866	-7.026732	-7.018434	-7.047987	-7.009201	-7.025556	-6.997546	-7.003878	-6.985215	-7.005601	-6.999137	-7.002238	-15.158011	-6.938256
947.450000	-6.988168	-7.032443	-7.031864	-7.026738	-7.018448	-7.047984	-7.009186	-7.025545	-6.997540	-7.003881	-6.985202	-7.005593	-6.999129	-7.002245	-15.157914	-6.938275
959.613000	-6.988190	-7.032448	-7.031856	-7.026721	-7.018438	-7.047983	-7.009182	-7.025547	-6.997550	-7.003870	-6.985238	-7.005598	-6.999147	-7.002232	-15.158034	-6.938281
971.808000	-6.988181	-7.032457	-7.031868	-7.026735	-7.018436	-7.047975	-7.009195	-7.025537	-6.997542	-7.003860	-6.985219	-7.005588	-6.999153	-7.002240	-15.157925	-6.938259
983.988000	-6.988189	-7.032461	-7.031864	-7.026722	-7.018433	-7.047968	-7.009184	-7.025558	-6.997551	-7.003872	-6.985222	-7.005597	-6.999144	-7.002267	-15.157896	-6.938258
996.197000	-6.988182	-7.032456	-7.031857	-7.026695	-7.018450	-7.047973	-7.009196	-7.025548	-6.997545	-7.003869	-6.985210	-7.005586	-6.999150	-7.002250	-15.157793	-6.938265
1008.384000	-6.988170	-7.032481	-7.031854	-7.026721	-7.018442	-7.047975	-7.009188	-7.025553	-6.997546	-7.003867	-6.985220	-7.005588	-6.999132	-7.002262	-15.157977	-6.938262
1020.561000	-6.988181	-7.032475	-7.031854	-7.026733	-7.018441	-7.047963	-7.009196	-7.025550	-6.997540	-7.003882	-6.985220	-7.005590	-6.999140	-7.002251	-15.158145	-6.938258
1032.762000	-6.988188	-7.032464	-7.031864	-7.026734	-7.018425	-7.047969	-7.009197	-7.025531	-6.997557	-7.003844	-6.985208	-7.005591	-6.999167	-7.002259	-15.157790	-6.938269
1044.968000	-6.988166	-7.032480	-7.031845	-7.026714	-7.018428	-7.047963	-7.009198	-7.025529	-6.997541	-7.003862	-6.985231	-7.005575	-6.999157	-7.002250	-15.158034	-6.938261
1057.191000	-6.988175	-7.032467	-7.031861	-7.026724	-7.018442	-7.047957	-7.009200	-7.025535	-6.997533	-7.003855	-6.985217	-7.005598	-6.999161	-7.002250	-15.158220	-6.938257
1069.371000	-6.988183	-7.032459	-7.031858	-7.026735	-7.018439	-7.047943	-7.009194	-7.025550	-6.997567	-7.003851	-6.985221	-7.005578	-6.999166	-7.002258	-15.158108	-6.938254
1081.563000	-6.988179	-7.032472	-7.031870	-7.026736	-7.018428	-7.047953	-7.009178	-7.025543	-6.997552	-7.003852	-6.985216	-7.005587	-6.999155	-7.002259	-15.158293	-6.938251
1093.781000	-6.988182	-7.032472	-7.031845	-7.026738	-7.018451	-7.047960	-7.009195	-7.025533	-6.997551	-7.003864	-6.985222	-7.005523	-6.999128	-7.002123	-15.158211	-6.938074
1105.986000	-6.988288	-7.032782	-7.032248	-7.026751	-7.018592	-7.048277	-7.009140	-7.025554	-6.997637	-7.004013	-6.985324	-7.005723	-6.999184	-7.002233	-15.157954	-6.938378
1118.175000	-6.988398	-7.032945	-7.032469	-7.026889	-7.018676	-7.048475	-7.009220	-7.025730	-6.997800	-7.004220	-6.985449	-7.006085	-6.999409	-7.002519	-15.157900	-6.938772
1130.354000	-6.988562	-7.033138	-7.032762	-7.027107	-7.018792	-7.048662	-7.009412	-7.025974	-6.997998	-7.004459	-6.985578	-7.006322	-6.999611	-7.002722	-15.158049	-6.939096
1142.542000	-6.988750	-7.033345	-7.033021	-7.027312	-7.018909	-7.048870	-7.009581	-7.026170	-6.998125	-7.004669	-6.985674	-7.006507	-6.999798	-7.002881	-15.157674	-6.939344
1154.755000	-6.988908	-7.033536	-7.033241	-7.027493	-7.019027	-7.048975	-7.009754	-7.026338	-6.998218	-7.004830	-6.985736	-7.006647	-6.999944	-7.002999	-15.157971	-6.939532
1166.960000	-6.989039	-7.033677	-7.033415	-7.027647	-7.019103	-7.049075	-7.009883	-7.026441	-6.998317	-7.004933	-6.985787	-7.006761	-7.000030	-7.003079	-15.157884	-6.939659
1179.143000	-6.989136	-7.033807	-7.033554	-7.027762	-7.019129	-7.049136	-7.010008	-7.026533	-6.998327	-7.005036	-6.985822	-7.006796	-7.000112	-7.003142	-15.157782	-6.939768
1191.336000	-6.989288	-7.033915	-7.033642	-7.027870	-7.019223	-7.049212	-7.010072	-7.026588	-6.998375	-7.005098	-6.985851	-7.006868	-7.000199	-7.003222	-15.157762	-6.939865
1203.539000	-6.989376	-7.034027	-7.033746	-7.027981	-7.019272	-7.049272	-7.010183	-7.026640	-6.998417	-7.005154	-6.985891	-7.006917	-7.000286	-7.003279	-15.157761	-6.939947
1215.713000	-6.989479	-7.034132	-7.033804	-7.028095	-7.019316	-7.049317	-7.010257	-7.026696	-6.998461	-7.005215	-6.985933	-7.006961	-7.000328	-7.003357	-15.157856	-6.940009
1227.910000	-6.989564	-7.034210	-7.033857	-7.028176	-7.019366	-7.049369	-7.010314	-7.026721	-6.998493	-7.005266	-6.985968	-7.006980	-7.000373	-7.003390	-15.157837	-6.940032
1240.098000	-6.989636	-7.034261	-7.033913	-7.028234	-7.019372	-7.049382	-7.010336	-7.026746	-6.998492	-7.005288	-6.985982	-7.007020	-7.000423	-7.003411	-15.157657	-6.940076
1252.293000	-6.989676	-7.034309	-7.033943	-7.028282	-7.019387	-7.049399	-7.010361	-7.026736	-6.998504	-7.005296	-6.985982	-7.007022	-7.000452	-7.003429	-15.157772	-6.940074
1264.504000	-6.989714	-7.034330	-7.033944	-7.028303	-7.019414	-7.049398	-7.010367	-7.026737	-6.998506	-7.005286	-6.985978	-7.007039	-7.000470	-7.003420	-15.157715	-6.940077
1276.722000	-6.989733	-7.034333	-7.033963	-7.028340	-7.019412	-7.049407	-7.010377	-7.026695	-6.998515	-7.005313	-6.985982	-7.007067	-7.000493	-7.003447	-15.157774	-6.940092
1288.910000	-6.989765	-7.034354	-7.033976	-7.028371	-7.019420	-7.049437	-7.010384	-7.026673	-6.998490	-7.005317	-6.985986	-7.007057	-7.000491	-7.003460	-15.157650	-6.940087
1301.092000	-6.989791	-7.034382	-7.033971	-7.028370	-7.019419	-7.049415	-7.010407	-7.026629	-6.998508	-7.005297	-6.985986	-7.007086	-7.000525	-7.003474	-15.157800	-6.940085
1313.293000	-6.989814	-7.034387	-7.033982	-7.028406	-7.019430	-7.049439	-7.010385	-7.026599	-6.998496	-7.005306	-6.985991	-7.007084	-7.000517	-7.003468	-15.157684	-6.940068
1325.508000	-6.989799	-7.034412	-7.033976	-7.028408	-7.019423	-7.049447	-7.010414	-7.026584	-6.998486	-7.005301	-6.986010	-7.007094	-7.000520	-7.003484	-15.157925	-6.940045
1337.707000	-6.989817	-7.034393	-7.033984	-7.028408	-7.019420	-7.049443	-7.010413	-7.026552	-6.998490	-7.005304	-6.985995	-7.007088	-7.000530	-7.003505	-15.157848	-6.940021
1349.901000	-6.989833	-7.034413	-7.033977	-7.028427	-7.019411	-7.049448	-7.010419	-7.026515	-6.998487	-7.005291	-6.985995	-7.007107	-7.000533	-7.003505	-15.158118	-6.939996
1362.093000	-6.989823	-7.034412	-7.033969	-7.028429	-7.019441	-7.049432	-7.010406	-7.026495	-6.998470	-7.005271	-6.985994	-7.007123	-7.000570	-7.003503	-15.158090	-6.940002
1374.302000	-6.989831	-7.034408	-7.033951	-7.028431	-7.019442	-7.049428	-7.010396	-7.026476	-6.998486	-7.005275	-6.985984	-7.007119	-7.000560	-7.003501	-15.158080	-6.939970
1386.489000	-6.989823	-7.034415	-7.033939	-7.028423	-7.019442	-7.049435	-7.010377	-7.026447	-6.998466	-7.005257	-6.985987	-7.007115	-7.000531	-7.003510	-15.158018	-6.939952
1398.700000	-6.989826	-7.034428	-7.033934	-7.028429	-7.019415	-7.049426	-7.010376	-7.026457	-6.998468	-7.005247	-6.986005	-7.007124	-7.000557	-7.003521	-15.158100	-6.939947
1410.881000	-6.989838	-7.034420	-7.033917	-7.028438	-7.019425	-7.049418	-7.010376	-7.026427	-6.998476	-7.005224	-6.985991	-7.007142	-7.000545	-7.003536	-15.157984	-6.939913
1423.104000	-6.989828	-7.034417	-7.033902	-7.028426	-7.019416	-7.049446	-7.010379	-7.026417	-6.998467	-7.005220	-6.985988	-7.007133	-7.000539	-7.003526	-15.158036	-6.939902
1435.319000	-6.989829	-7.034418	-7.033889	-7.028441	-7.019423	-7.049431	-7.010367	-7.026412	-6.998480	-7.005201	-6.985997	-7.007116	-7.000547	-7.003537	-15.158077	-6.939899
1447.544000	-6.989822	-7.034430	-7.033894	-7.028447	-7.019420	-7.049432	-7.010367	-7.026399	-6.998462	-7.005189	-6.985984	-7.007115	-7.000553	-7.003545	-15.157914	-6.939894
1459.723000	-6.989817	-7.034432	-7.033891	-7.028441	-7.019421	-7.049417	-7.010362	-7.026410	-6.998460	-7.005164	-6.985973	-7.007126	-7.000565	-7.003541	-15.157872	-6.939888
1471.927000	-6.989811	-7.034427	-7.033872	-7.028441	-7.019425	-7.049425	-7.010341	-7.026386	-6.998445	-7.005150	-6.985967	-7.007137	-7.000556	-7.003566	-15.157793	-6.939886
1484.116000	-6.989801	-7.034424	-7.033867	-7.028436	-7.019422	-7.049413	-7.010347	-7.026376	-6.998431	-7.005136	-6.985982	-7.007130	-7.000563	-7.003553	-15.157772	-6.939863
1496.324000	-6.989772	-7.034405	-7.033848	-7.028449	-7.019422	-7.049418	-7.010334	-7.026368	-6.998450	-7.005133	-6.985968	-7.007135	-7.000562	-7.003551	-15.157893	-6.939855
1508.542000	-6.989770	-7.034438	-7.033868	-7.028436	-7.019408	-7.049423	-7.010318	-7.026358	-6.998430	-7.005109	-6.985983	-7.007136	-7.000573	-7.003566	-15.157803	-6.939846
1520.743000	-6.989772	-7.034434	-7.033835	-7.028435	-7.019403	-7.049418	-7.010298	-7.026363	-6.998419	-7.005106	-6.985972	-7.007149	-7.000579	-7.003562	-15.157933	-6.939815
1532.928000	-6.989760	-7.034437	-7.033842	-7.028426	-7.019381	-7.049426	-7.010294	-7.026355	-6.998401	-7.005088	-6.985969	-7.007149	-7.000563	-7.003569	-15.157915	-6.939842
1545.124000	-6.989748	-7.034418	-7.033834	-7.028427	-7.019382	-7.049406	-7.010281	-7.026338	-6.998398	-7.005056	-6.985967	-7.007139	-7.000565	-7.003571	-15.157821	-6.939834
1557.335000	-6.989730	-7.034442	-7.033842	-7.028442	-7.019386	-7.049400	-7.010270	-7.026325	-6.998387	-7.005037	-6.985950	-7.007137	-7.000563	-7.003581	-15.157983	-6.939832
1569.548000	-6.989732	-7.034431	-7.033814	-7.028442	-7.019390	-7.049406	-7.010258	-7.026315	-6.998371	-7.005027	-6.985946	-7.007151	-7.000559	-7.003582	-15.157924	-6.939827
1581.745000	-6.989721	-7.034434	-7.033815	-7.028442	-7.019362	-7.049377	-7.010268	-7.026320	-6.998375	-7.005014	-6.985932	-7.007142	-7.000551	-7.003578	-15.157938	-6.939821
1593.932000	-6.989714	-7.034414	-7.033801	-7.028433	-7.019360	-7.049401	-7.010256	-7.026319	-6.998355	-7.005022	-6.985933	-7.007139	-7.000564	-7.003583	-15.157836	-6.939812
1606.127000	-6.989707	-7.034408	-7.033800	-7.028437	-7.019348	-7.049395	-7.010256	-7.026318	-6.998371	-7.005005	-6.985932	-7.007151	-7.000574	-7.003575	-15.157752	-6.939801
1618.323000	-6.989699	-7.034416	-7.033805	-7.028422	-7.019349	-7.049392	-7.010249	-7.026312	-6.998360	-7.005012	-6.985921	-7.007157	-7.000559	-7.003588	-15.157807	-6.939799
1630.529000	-6.989702	-7.034407	-7.033801	-7.028432	-7.019352	-7.049375	-7.010234	-7.026296	-6.998342	-7.005005	-6.985929	-7.007162	-7.000576	-7.003563	-15.157773	-6.939781
1642.739000	-6.989697	-7.034421	-7.033802	-7.028441	-7.019343	-7.049397	-7.010220	-7.026289	-6.998336	-7.004977	-6.985912	-7.007158	-7.000589	-7.003584	-15.157600	-6.939776
1654.932000	-6.989686	-7.034405	-7.033781	-7.028427	-7.019356	-7.049399	-7.010220	-7.026295	-6.998332	-7.005000	-6.985935	-7.007153	-7.000570	-7.003596	-15.157776	-6.939780
1667.114000	-6.989683	-7.034403	-7.033767	-7.028442	-7.019337	-7.049398	-7.010224	-7.026287	-6.998335	-7.004980	-6.985943	-7.007150	-7.000582	-7.003587	-15.157756	-6.939788
1679.316000	-6.989660	-7.034386	-7.033771	-7.028421	-7.019327	-7.049405	-7.010213	-7.026276	-6.998322	-7.004966	-6.985926	-7.007154	-7.000558	-7.003610	-15.157729	-6.939781
1691.542000	-6.989661	-7.034387	-7.033790	-7.028439	-7.019347	-7.049395	-7.010220	-7.026270	-6.998335	-7.004963	-6.985941	-7.007166	-7.000582	-7.003613	-15.157784	-6.939769
1703.758000	-6.989642	-7.034380	-7.033778	-7.028433	-7.019327	-7.049404	-7.010221	-7.026279	-6.998309	-7.004974	-6.985942	-7.007166	-7.000584	-7.003607	-15.157917	-6.939764
1715.975000	-6.989636	-7.034369	-7.033774	-7.028441	-7.019339	-7.049400	-7.010211	-7.026273	-6.998307	-7.004963	-6.985939	-7.007175	-7.000573	-7.003611	-15.157923	-6.939770
1728.173000	-6.989633	-7.034375	-7.033770	-7.028441	-7.019335	-7.049423	-7.010219	-7.026278	-6.998311	-7.004933	-6.985947	-7.007147	-7.000583	-7.003617	-15.157918	-6.939765
1740.374000	-6.989614	-7.034380	-7.033773	-7.028440	-7.019320	-7.049421	-7.010185	-7.026276	-6.998313	-7.004943	-6.985947	-7.007179	-7.000586	-7.003617	-15.157933	-6.939779
1752.548000	-6.989597	-7.034379	-7.033752	-7.028437	-7.019316	-7.049416	-7.010195	-7.026277	-6.998293	-7.004942	-6.985927	-7.007173	-7.000561	-7.003610	-15.157912	-6.939766
1764.745000	-6.989623	-7.034383	-7.033765	-7.028433	-7.019325	-7.049405	-7.010186	-7.026282	-6.998272	-7.004925	-6.985944	-7.007161	-7.000570	-7.003603	-15.157939	-6.939754
1776.939000	-6.989614	-7.034385	-7.033766	-7.028421	-7.019315	-7.049400	-7.010172	-7.026282	-6.998283	-7.004942	-6.985933	-7.007166	-7.000563	-7.003616	-15.157747	-6.939756
1789.115000	-6.989618	-7.034384	-7.033747	-7.028430	-7.019312	-7.049395	-7.010164	-7.026279	-6.998298	-7.004936	-6.985927	-7.007169	-7.000555	-7.003633	-15.157654	-6.939743
1801.323000	-6.989621	-7.034360	-7.033756	-7.028431	-7.019318	-7.049396	-7.010182	-7.026276	-6.998275	-7.004917	-6.985905	-7.007157	-7.000564	-7.003606	-15.157706	-6.939737
1813.519000	-6.989600	-7.034358	-7.033736	-7.028439	-7.019327	-7.049379	-7.010167	-7.026252	-6.998275	-7.004889	-6.985907	-7.007156	-7.000564	-7.003609	-15.158019	-6.939766
1825.737000	-6.989600	-7.034371	-7.033743	-7.028413	-7.019309	-7.049417	-7.010174	-7.026271	-6.998279	-7.004902	-6.985908	-7.007183	-7.000561	-7.003602	-15.157826	-6.939747
1837.925000	-6.989596	-7.034373	-7.033737	-7.028438	-7.019301	-7.049413	-7.010161	-7.026259	-6.998279	-7.004905	-6.985913	-7.007157	-7.000566	-7.003620	-15.157918	-6.939734
1850.123000	-6.989596	-7.034365	-7.033727	-7.028430	-7.019293	-7.049420	-7.010164	-7.026271	-6.998254	-7.004915	-6.985913	-7.007159	-7.000576	-7.003626	-15.157962	-6.939731
1862.303000	-6.989577	-7.034349	-7.033716	-7.028416	-7.019303	-7.049402	-7.010151	-7.026248	-6.998245	-7.004897	-6.985914	-7.007171	-7.000555	-7.003636	-15.157843	-6.939727
1874.495000	-6.989585	-7.034336	-7.033719	-7.028421	-7.019316	-7.049402	-7.010158	-7.026257	-6.998269	-7.004887	-6.985904	-7.007170	-7.000585	-7.003630	-15.157812	-6.939724
1886.717000	-6.989573	-7.034327	-7.033729	-7.028432	-7.019297	-7.049399	-7.010126	-7.026246	-6.998265	-7.004889	-6.985900	-7.007160	-7.000575	-7.003629	-15.157825	-6.939706
1898.921000	-6.989568	-7.034330	-7.033720	-7.028446	-7.019288	-7.049411	-7.010120	-7.026239	-6.998257	-7.004893	-6.985913	-7.007174	-7.000562	-7.003627	-15.158009	-6.939726
1911.183000	-6.989569	-7.034327	-7.033695	-7.028432	-7.019301	-7.049373	-7.010133	-7.026260	-6.998257	-7.004884	-6.985886	-7.007160	-7.000567	-7.003634	-15.157889	-6.939716
1923.376000	-6.989560	-7.034328	-7.033711	-7.028433	-7.019302	-7.049409	-7.010126	-7.026255	-6.998249	-7.004877	-6.985906	-7.007182	-7.000559	-7.003635	-15.157865	-6.939724
1935.586000	-6.989560	-7.034343	-7.033706	-7.028436	-7.019296	-7.049395	-7.010126	-7.026249	-6.998228	-7.004870	-6.985913	-7.007165	-7.000574	-7.003634	-15.157858	-6.939701
1947.764000	-6.989564	-7.034348	-7.033705	-7.028453	-7.019304	-7.049411	-7.010123	-7.026240	-6.998225	-7.004878	-6.985906	-7.007167	-7.000571	-7.003640	-15.157733	-6.939714
1959.960000	-6.989556	-7.034328	-7.033731	-7.028434	-7.019274	-7.049408	-7.010119	-7.026245	-6.998225	-7.004892	-6.985893	-7.007154	-7.000570	-7.003628	-15.157722	-6.939723
1972.162000	-6.989545	-7.034325	-7.033697	-7.028441	-7.019286	-7.049392	-7.010123	-7.026239	-6.998217	-7.004862	-6.985897	-7.007170	-7.000560	-7.003656	-15.157642	-6.939714
1984.374000	-6.989556	-7.034326	-7.033719	-7.028447	-7.019277	-7.049386	-7.010113	-7.026226	-6.998227	-7.004849	-6.985901	-7.007157	-7.000575	-7.003619	-15.157561	-6.939704
1996.592000	-6.989536	-7.034332	-7.033729	-7.028431	-7.019269	-7.049401	-7.010110	-7.026238	-6.998221	-7.004866	-6.985899	-7.007166	-7.000558	-7.003635	-15.157905	-6.939717
2008.767000	-6.989543	-7.034340	-7.033709	-7.028438	-7.019266	-7.049398	-7.010126	-7.026223	-6.998205	-7.004847	-6.985899	-7.007163	-7.000554	-7.003632	-15.157747	-6.939707
2020.964000	-6.989536	-7.034337	-7.033702	-7.028428	-7.019278	-7.049394	-7.010115	-7.026211	-6.998192	-7.004846	-6.985906	-7.007154	-7.000553	-7.003628	-15.157535	-6.939681
2033.151000	-6.989530	-7.034348	-7.033701	-7.028434	-7.019279	-7.049404	-7.010124	-7.026228	-6.998207	-7.004840	-6.985908	-7.007161	-7.000580	-7.003628	-15.157533	-6.939697
2045.367000	-6.989526	-7.034344	-7.033700	-7.028449	-7.019280	-7.049414	-7.010107	-7.026225	-6.998185	-7.004841	-6.985905	-7.007168	-7.000584	-7.003631	-15.157430	-6.939703
2057.584000	-6.989522	-7.034331	-7.033688	-7.028447	-7.019266	-7.049397	-7.010104	-7.026210	-6.998193	-7.004841	-6.985884	-7.007159	-7.000570	-7.003649	-15.157632	-6.939677
2069.798000	-6.989537	-7.034323	-7.033689	-7.028430	-7.019283	-7.049384	-7.010117	-7.026220	-6.998199	-7.004828	-6.985891	-7.007171	-7.000536	-7.003643	-15.157532	-6.939693
2081.995000	-6.989525	-7.034322	-7.033693	-7.028434	-7.019275	-7.049391	-7.010106	-7.026209	-6.998182	-7.004823	-6.985897	-7.007180	-7.000551	-7.003645	-15.157761	-6.939691
2094.214000	-6.989527	-7.034321	-7.033680	-7.028436	-7.019272	-7.049409	-7.010102	-7.026218	-6.998182	-7.004826	-6.985867	-7.007185	-7.000553	-7.003645	-15.157564	-6.939677
2106.407000	-6.989511	-7.034303	-7.033636	-7.028432	-7.019239	-7.049318	-7.010109	-7.026239	-6.998219	-7.004852	-6.985885	-7.007195	-7.000584	-7.003695	-15.157796	-6.939752
2118.585000	-6.989541	-7.034322	-7.033709	-7.028436	-7.019295	-7.049339	-7.010259	-7.026372	-6.998505	-7.005019	-6.985932	-7.007110	-7.000586	-7.003604	-15.157796	-6.939898
2130.788000	-6.989689	-7.034377	-7.033913	-7.028450	-7.019390	-7.049334	-7.010457	-7.026680	-6.998449	-7.005242	-6.985893	-7.006947	-7.000521	-7.003457	-15.157852	-6.940094
2143.013000	-6.989794	-7.034301	-7.033822	-7.028398	-7.019324	-7.049230	-7.010429	-7.026713	-6.998347	-7.005205	-6.985856	-7.006859	-7.000453	-7.003353	-15.157863	-6.939976
2155.213000	-6.989717	-7.034185	-7.033685	-7.028316	-7.019266	-7.049129	-7.010347	-7.026608	-6.998276	-7.005099	-6.985808	-7.006750	-7.000350	-7.003241	-15.157771	-6.939833
2167.408000	-6.989622	-7.034067	-7.033563	-7.028195	-7.019188	-7.049037	-7.010267	-7.026516	-6.998192	-7.005000	-6.985735	-7.006677	-7.000287	-7.003175	-15.157879	-6.939737
2179.617000	-6.989520	-7.033979	-7.033478	-7.028115	-7.019146	-7.048994	-7.010178	-7.026463	-6.998172	-7.004945	-6.985710	-7.006657	-7.000211	-7.003120	-15.158126	-6.939661
2191.810000	-6.989442	-7.033951	-7.033440	-7.028070	-7.019138	-7.048977	-7.010142	-7.026415	-6.998155	-7.004922	-6.985685	-7.006629	-7.000174	-7.003113	-15.158219	-6.939620
2204.016000	-6.989426	-7.033891	-7.033402	-7.028019	-7.019108	-7.048954	-7.010100	-7.026390	-6.998161	-7.004895	-6.985704	-7.006633	-7.000158	-7.003083	-15.158121	-6.939602
2216.236000	-6.989379	-7.033860	-7.033377	-7.027977	-7.019098	-7.048941	-7.010066	-7.026394	-6.998132	-7.004874	-6.985700	-7.006614	-7.000153	-7.003081	-15.158026	-6.939569
2228.441000	-6.989360	-7.033821	-7.033352	-7.027952	-7.019070	-7.048915	-7.010048	-7.026371	-6.998131	-7.004825	-6.985681	-7.006614	-7.000118	-7.003061	-15.157673	-6.939569
2240.653000	-6.989344	-7.033804	-7.033359	-7.027923	-7.019047	-7.048922	-7.010028	-7.026354	-6.998125	-7.004838	-6.985665	-7.006576	-7.000131	-7.003060	-15.157888	-6.939574
2252.886000	-6.989314	-7.033801	-7.033334	-7.027920	-7.019040	-7.048899	-7.010016	-7.026340	-6.998136	-7.004844	-6.985678	-7.006594	-7.000103	-7.003043	-15.157877	-6.939550
2265.070000	-6.989319	-7.033783	-7.033336	-7.027913	-7.019046	-7.048902	-7.010002	-7.026325	-6.998151	-7.004846	-6.985663	-7.006567	-7.000110	-7.003043	-15.158040	-6.939564
2277.280000	-6.989286	-7.033780	-7.033304	-7.027888	-7.019057	-7.048911	-7.009989	-7.026328	-6.998146	-7.004833	-6.985684	-7.006556	-7.000096	-7.003042	-15.157968	-6.939547
2289.485000	-6.989282	-7.033778	-7.033330	-7.027878	-7.019032	-7.048903	-7.009972	-7.026324	-6.998141	-7.004816	-6.985676	-7.006565	-7.000087	-7.003024	-15.157918	-6.939561
2301.691000	-6.989276	-7.033762	-7.033310	-7.027882	-7.019026	-7.048910	-7.009988	-7.026329	-6.998118	-7.004834	-6.985670	-7.006564	-7.000084	-7.003052	-15.158022	-6.939544
2313.884000	-6.989269	-7.033755	-7.033325	-7.027880	-7.019038	-7.048895	-7.009977	-7.026333	-6.998143	-7.004817	-6.985666	-7.006552	-7.000066	-7.003041	-15.157952	-6.939550
2326.086000	-6.989250	-7.033742	-7.033318	-7.027859	-7.019018	-7.048901	-7.009980	-7.026341	-6.998133	-7.004840	-6.985687	-7.006537	-7.000089	-7.003050	-15.157891	-6.939548
2338.276000	-6.989247	-7.033746	-7.033318	-7.027854	-7.019043	-7.048884	-7.009973	-7.026324	-6.998126	-7.004817	-6.985668	-7.006560	-7.000056	-7.003038	-15.157839	-6.939519
2350.456000	-6.989259	-7.033748	-7.033294	-7.027870	-7.019046	-7.048904	-7.009997	-7.026320	-6.998136	-7.004809	-6.985660	-7.006562	-7.000080	-7.003031	-15.157950	-6.939507
2362.655000	-6.989248	-7.033732	-7.033305	-7.027857	-7.019033	-7.048884	-7.009973	-7.026334	-6.998137	-7.004805	-6.985667	-7.006555	-7.000057	-7.003037	-15.157846	-6.939525
2374.869000	-6.989240	-7.033753	-7.033290	-7.027836	-7.019026	-7.048884	-7.009984	-7.026330	-6.998143	-7.004808	-6.985669	-7.006550	-7.000063	-7.003044	-15.157784	-6.939531
2387.078000	-6.989241	-7.033726	-7.033298	-7.027859	-7.019019	-7.048892	-7.009979	-7.026333	-6.998118	-7.004819	-6.985671	-7.006558	-7.000053	-7.003027	-15.158026	-6.939531
2399.290000	-6.989257	-7.033736	-7.033294	-7.027848	-7.019042	-7.048879	-7.009972	-7.026323	-6.998122	-7.004809	-6.985669	-7.006541	-7.000068	-7.003045	-15.158075	-6.939515
2411.535000	-6.989253	-7.033723	-7.033309	-7.027843	-7.019027	-7.048880	-7.009974	-7.026303	-6.998113	-7.004798	-6.985673	-7.006539	-7.000051	-7.003026	-15.158051	-6.939513
2423.741000	-6.989229	-7.033738	-7.033299	-7.027848	-7.019028	-7.048878	-7.009974	-7.026318	-6.998106	-7.004806	-6.985658	-7.006531	-7.000074	-7.003038	-15.157843	-6.939503
2435.950000	-6.989223	-7.033723	-7.033301	-7.027842	-7.019031	-7.048895	-7.009975	-7.026313	-6.998129	-7.004815	-6.985663	-7.006548	-7.000059	-7.003034	-15.157870	-6.939508
2448.164000	-6.989231	-7.033729	-7.033295	-7.027851	-7.019025	-7.048885	-7.009969	-7.026319	-6.998124	-7.004815	-6.985658	-7.006525	-7.000050	-7.003042	-15.158003	-6.939490
2460.370000	-6.989224	-7.033723	-7.033297	-7.027833	-7.019024	-7.048878	-7.009958	-7.026304	-6.998117	-7.004812	-6.985645	-7.006548	-7.000034	-7.003033	-15.157783	-6.939511
2472.565000	-6.989229	-7.033716	-7.033294	-7.027842	-7.019013	-7.048900	-7.009961	-7.026328	-6.998120	-7.004827	-6.985674	-7.006557	-7.000042	-7.003017	-15.157966	-6.939516
2484.754000	-6.989245	-7.033715	-7.033278	-7.027821	-7.019021	-7.048900	-7.009977	-7.026300	-6.998121	-7.004820	-6.985673	-7.006533	-7.000050	-7.003023	-15.158016	-6.939517
2496.953000	-6.989224	-7.033721	-7.033291	-7.027837	-7.019028	-7.048899	-7.009981	-7.026301	-6.998101	-7.004809	-6.985672	-7.006518	-7.000031	-7.003036	-15.157906	-6.939513
2509.141000	-6.989214	-7.033710	-7.033283	-7.027844	-7.019010	-7.048903	-7.009963	-7.026316	-6.998112	-7.004802	-6.985661	-7.006530	-7.000024	-7.003030	-15.157805	-6.939511
2521.339000	-6.989218	-7.033725	-7.033279	-7.027824	-7.019011	-7.048893	-7.009968	-7.026314	-6.998127	-7.004819	-6.985662	-7.006534	-7.000037	-7.003039	-15.158063	-6.939519
2533.530000	-6.989200	-7.033727	-7.033280	-7.027846	-7.019017	-7.048904	-7.009955	-7.026333	-6.998128	-7.004813	-6.985680	-7.006517	-7.000044	-7.003039	-15.157938	-6.939514
2545.717000	-6.989209	-7.033732	-7.033302	-7.027837	-7.019016	-7.048928	-7.009953	-7.026328	-6.998127	-7.004808	-6.985675	-7.006528	-7.000036	-7.003009	-15.157898	-6.939521
2557.937000	-6.989209	-7.033727	-7.033277	-7.027840	-7.019017	-7.048898	-7.009960	-7.026338	-6.998126	-7.004811	-6.985669	-7.006528	-7.000049	-7.003027	-15.157960	-6.939516
2570.151000	-6.989218	-7.033721	-7.033298	-7.027836	-7.019008	-7.048912	-7.009964	-7.026309	-6.998120	-7.004817	-6.985671	-7.006531	-7.000040	-7.003018	-15.158059	-6.939496
2582.368000	-6.989212	-7.033738	-7.033295	-7.027829	-7.019003	-7.048912	-7.009961	-7.026337	-6.998122	-7.004802	-6.985668	-7.006532	-7.000044	-7.003024	-15.157928	-6.939506
2594.576000	-6.989236	-7.033751	-7.033284	-7.027841	-7.019014	-7.048894	-7.009971	-7.026319	-6.998125	-7.004794	-6.985663	-7.006525	-7.000030	-7.003014	-15.158002	-6.939488
2606.754000	-6.989195	-7.033746	-7.033294	-7.027808	-7.019018	-7.048905	-7.009955	-7.026335	-6.998129	-7.004788	-6.985661	-7.006534	-7.000031	-7.003016	-15.157936	-6.939520
2618.962000	-6.989204	-7.033748	-7.033292	-7.027822	-7.019020	-7.048896	-7.009967	-7.026305	-6.998119	-7.004816	-6.985659	-7.006498	-7.000032	-7.003022	-15.157943	-6.939494
2631.156000	-6.989214	-7.033735	-7.033268	-7.027834	-7.019010	-7.048884	-7.009974	-7.026319	-6.998129	-7.004807	-6.985657	-7.006514	-7.000040	-7.003017	-15.158002	-6.939498
2643.329000	-6.989224	-7.033736	-7.033282	-7.027848	-7.019019	-7.048903	-7.009980	-7.026315	-6.998132	-7.004817	-6.985661	-7.006507	-7.000045	-7.003032	-15.158034	-6.939504
2655.540000	-6.989236	-7.033720	-7.033278	-7.027840	-7.019014	-7.048881	-7.009968	-7.026329	-6.998116	-7.004807	-6.985673	-7.006529	-7.000030	-7.003043	-15.157889	-6.939497
2667.746000	-6.989220	-7.033722	-7.033295	-7.027842	-7.019016	-7.048884	-7.009960	-7.026319	-6.998141	-7.004788	-6.985661	-7.006520	-7.000043	-7.003036	-15.158031	-6.939506
2679.942000	-6.989230	-7.033714	-7.033279	-7.027822	-7.019025	-7.048886	-7.009954	-7.026328	-6.998131	-7.004811	-6.985674	-7.006533	-7.000051	-7.003019	-15.157994	-6.939505
2692.135000	-6.989206	-7.033720	-7.033289	-7.027833	-7.019027	-7.048893	-7.009983	-7.026320	-6.998136	-7.004812	-6.985669	-7.006534	-7.000023	-7.003027	-15.158030	-6.939499
2704.321000	-6.989210	-7.033707	-7.033262	-7.027811	-7.019037	-7.048897	-7.009975	-7.026319	-6.998141	-7.004805	-6.985666	-7.006518	-7.000021	-7.003026	-15.158091	-6.939502
2716.528000	-6.989210	-7.033717	-7.033262	-7.027818	-7.019013	-7.048898	-7.009974	-7.026304	-6.998141	-7.004801	-6.985654	-7.006497	-7.000044	-7.003037	-15.157953	-6.939498
2728.725000	-6.989214	-7.033725	-7.033282	-7.027828	-7.019008	-7.048906	-7.009975	-7.026315	-6.998116	-7.004804	-6.985653	-7.006519	-7.000018	-7.003041	-15.158029	-6.939507
2740.939000	-6.989224	-7.033715	-7.033253	-7.027847	-7.019015	-7.048914	-7.009970	-7.026315	-6.998119	-7.004799	-6.985665	-7.006504	-7.000032	-7.003018	-15.158226	-6.939514
2753.149000	-6.989207	-7.033724	-7.033268	-7.027805	-7.019009	-7.048903	-7.009979	-7.026318	-6.998127	-7.004786	-6.985662	-7.006497	-7.000031	-7.003035	-15.158026	-6.939503
2765.369000	-6.989222	-7.033728	-7.033256	-7.027818	-7.019027	-7.048903	-7.009978	-7.026320	-6.998121	-7.004782	-6.985659	-7.006492	-7.000035	-7.003031	-15.157746	-6.939516
2777.564000	-6.989216	-7.033724	-7.033254	-7.027823	-7.019032	-7.048901	-7.009980	-7.026307	-6.998137	-7.004809	-6.985668	-7.006509	-7.000044	-7.003031	-15.157506	-6.939514
2789.767000	-6.989210	-7.033721	-7.033265	-7.027820	-7.019035	-7.048904	-7.009969	-7.026310	-6.998138	-7.004795	-6.985651	-7.006520	-7.000039	-7.003011	-15.157716	-6.939515
2801.953000	-6.989202	-7.033704	-7.033264	-7.027824	-7.019023	-7.048881	-7.009987	-7.026321	-6.998132	-7.004821	-6.985656	-7.006502	-7.000033	-7.003015	-15.157797	-6.939506
2814.151000	-6.989231	-7.033716	-7.033263	-7.027840	-7.019028	-7.048891	-7.009971	-7.026331	-6.998132	-7.004799	-6.985656	-7.006484	-7.000049	-7.003015	-15.157841	-6.939510
2826.347000	-6.989233	-7.033714	-7.033264	-7.027839	-7.019019	-7.048875	-7.009958	-7.026337	-6.998141	-7.004814	-6.985665	-7.006508	-7.000041	-7.003020	-15.157715	-6.939510
2838.545000	-6.989224	-7.033731	-7.033255	-7.027832	-7.019016	-7.048894	-7.009968	-7.026336	-6.998122	-7.004795	-6.985640	-7.006509	-7.000029	-7.003009	-15.157860	-6.939495
2850.747000	-6.989217	-7.033731	-7.033266	-7.027849	-7.019029	-7.048891	-7.009980	-7.026322	-6.998118	-7.004800	-6.985642	-7.006509	-7.000043	-7.003011	-15.158055	-6.939480
2862.931000	-6.989213	-7.033733	-7.033258	-7.027824	-7.019013	-7.048882	-7.009978	-7.026337	-6.998120	-7.004801	-6.985648	-7.006508	-7.000038	-7.003009	-15.158010	-6.939483
2875.114000	-6.989196	-7.033732	-7.033263	-7.027838	-7.019026	-7.048884	-7.009954	-7.026304	-6.998129	-7.004781	-6.985636	-7.006503	-7.000040	-7.003017	-15.158051	-6.939488
2887.312000	-6.989218	-7.033716	-7.033270	-7.027842	-7.019007	-7.048897	-7.009973	-7.026328	-6.998121	-7.004808	-6.985650	-7.006491	-7.000032	-7.003021	-15.158159	-6.939488
2899.497000	-6.989220	-7.033717	-7.033259	-7.027835	-7.019032	-7.048881	-7.009965	-7.026333	-6.998126	-7.004806	-6.985658	-7.006506	-7.000044	-7.003018	-15.158044	-6.939487
2911.691000	-6.989231	-7.033709	-7.033271	-7.027835	-7.019009	-7.048900	-7.009971	-7.026341	-6.998115	-7.004791	-6.985670	-7.006508	-7.000048	-7.003011	-15.157941	-6.939499
2923.902000	-6.989222	-7.033708	-7.033273	-7.027832	-7.019023	-7.048897	-7.009975	-7.026322	-6.998106	-7.004808	-6.985660	-7.006514	-7.000055	-7.003009	-15.158057	-6.939500
2936.092000	-6.989218	-7.033702	-7.033275	-7.027827	-7.019016	-7.048878	-7.009975	-7.026322	-6.998104	-7.004822	-6.985658	-7.006513	-7.000062	-7.003008	-15.158041	-6.939499
2948.308000	-6.989217	-7.033712	-7.033268	-7.027818	-7.019031	-7.048899	-7.009976	-7.026320	-6.998110	-7.004803	-6.985641	-7.006539	-7.000046	-7.003013	-15.158044	-6.939491
	-6.989207															
