8.210000	-6.981517	-7.013866	-7.022978	-7.004532	-6.967445	-7.005800	-7.006937	-6.980617	-7.003970	-7.008842	-7.011408	-7.003105	-6.981443	-6.991336	-15.153661	-6.946398
20.385000	-6.981538	-7.013861	-7.022998	-7.004555	-6.967450	-7.005790	-7.006944	-6.980625	-7.003950	-7.008816	-7.011407	-7.003111	-6.981420	-6.991325	-15.153859	-6.946397
32.577000	-6.981529	-7.013861	-7.022980	-7.004539	-6.967454	-7.005799	-7.006945	-6.980609	-7.003966	-7.008811	-7.011401	-7.003114	-6.981426	-6.991330	-15.154186	-6.946377
44.749000	-6.981527	-7.013851	-7.022967	-7.004525	-6.967437	-7.005791	-7.006929	-6.980610	-7.003963	-7.008807	-7.011399	-7.003094	-6.981431	-6.991317	-15.154359	-6.946361
56.935000	-6.981531	-7.013854	-7.022972	-7.004534	-6.967464	-7.005810	-7.006928	-6.980619	-7.003948	-7.008821	-7.011394	-7.003086	-6.981435	-6.991324	-15.154514	-6.946380
69.141000	-6.981534	-7.013864	-7.022975	-7.004543	-6.967451	-7.005795	-7.006932	-6.980628	-7.003970	-7.008824	-7.011402	-7.003071	-6.981437	-6.991308	-15.154699	-6.946383
81.344000	-6.983421	-7.014161	-7.025565	-7.007103	-6.969247	-7.007412	-7.009466	-6.981904	-7.004037	-7.009509	-7.011577	-7.003696	-6.983219	-6.992229	-15.154737	-6.945102
93.539000	-6.983765	-7.014475	-7.025775	-7.007406	-6.969367	-7.007715	-7.009709	-6.982115	-7.004242	-7.009688	-7.011764	-7.003865	-6.983390	-6.992416	-15.154921	-6.945216
105.734000	-6.983884	-7.014597	-7.025845	-7.007509	-6.969411	-7.007793	-7.009803	-6.982200	-7.004327	-7.009747	-7.011836	-7.003930	-6.983430	-6.992483	-15.154972	-6.945273
117.930000	-6.983933	-7.014646	-7.025863	-7.007575	-6.969435	-7.007821	-7.009819	-6.982247	-7.004367	-7.009790	-7.011867	-7.003978	-6.983472	-6.992517	-15.155340	-6.945287
130.157000	-6.983973	-7.014666	-7.025878	-7.007603	-6.969444	-7.007858	-7.009863	-6.982276	-7.004374	-7.009812	-7.011891	-7.003987	-6.983484	-6.992542	-15.155232	-6.945318
142.370000	-6.983979	-7.014697	-7.025897	-7.007610	-6.969457	-7.007869	-7.009862	-6.982295	-7.004400	-7.009823	-7.011897	-7.004000	-6.983487	-6.992538	-15.155099	-6.945324
154.555000	-6.983988	-7.014716	-7.025897	-7.007628	-6.969444	-7.007869	-7.009868	-6.982291	-7.004394	-7.009826	-7.011916	-7.004014	-6.983497	-6.992570	-15.155528	-6.945322
166.753000	-6.984002	-7.014711	-7.025895	-7.007631	-6.969456	-7.007874	-7.009876	-6.982295	-7.004422	-7.009817	-7.011921	-7.004014	-6.983501	-6.992563	-15.155546	-6.945325
178.960000	-6.984031	-7.014707	-7.025904	-7.007647	-6.969453	-7.007901	-7.009866	-6.982322	-7.004404	-7.009830	-7.011936	-7.004026	-6.983520	-6.992582	-15.155563	-6.945307
191.159000	-6.984031	-7.014714	-7.025909	-7.007671	-6.969473	-7.007891	-7.009893	-6.982309	-7.004428	-7.009819	-7.011936	-7.004016	-6.983513	-6.992588	-15.155704	-6.945342
203.342000	-6.984026	-7.014687	-7.025843	-7.007663	-6.969472	-7.007848	-7.009864	-6.982305	-7.004386	-7.009829	-7.011952	-7.004062	-6.983537	-6.992604	-15.155842	-6.945400
215.533000	-6.984001	-7.014587	-7.025746	-7.007658	-6.969460	-7.007721	-7.009833	-6.982271	-7.004308	-7.009784	-7.011920	-7.004000	-6.983536	-6.992575	-15.155893	-6.945397
227.721000	-6.983961	-7.014512	-7.025673	-7.007582	-6.969406	-7.007565	-7.009742	-6.982205	-7.004225	-7.009726	-7.011848	-7.003908	-6.983503	-6.992496	-15.155849	-6.945348
239.925000	-6.983881	-7.014406	-7.025576	-7.007473	-6.969334	-7.007409	-7.009668	-6.982137	-7.004117	-7.009636	-7.011756	-7.003768	-6.983439	-6.992415	-15.156139	-6.945269
252.107000	-6.983794	-7.014296	-7.025498	-7.007339	-6.969282	-7.007255	-7.009584	-6.982060	-7.004003	-7.009534	-7.011637	-7.003649	-6.983378	-6.992292	-15.156054	-6.945173
264.299000	-6.983718	-7.014176	-7.025411	-7.007191	-6.969173	-7.007107	-7.009497	-6.981962	-7.003905	-7.009463	-7.011519	-7.003512	-6.983318	-6.992201	-15.156324	-6.945075
276.501000	-6.983591	-7.014079	-7.025331	-7.007056	-6.969106	-7.006979	-7.009421	-6.981869	-7.003803	-7.009390	-7.011419	-7.003392	-6.983268	-6.992100	-15.156140	-6.944992
288.688000	-6.983506	-7.013969	-7.025249	-7.006932	-6.969046	-7.006879	-7.009331	-6.981778	-7.003726	-7.009316	-7.011312	-7.003271	-6.983207	-6.991988	-15.156484	-6.944898
300.893000	-6.983400	-7.013863	-7.025187	-7.006818	-6.968978	-7.006794	-7.009260	-6.981716	-7.003627	-7.009249	-7.011241	-7.003171	-6.983136	-6.991884	-15.156485	-6.944836
313.081000	-6.983342	-7.013794	-7.025126	-7.006704	-6.968947	-7.006739	-7.009199	-6.981657	-7.003547	-7.009194	-7.011143	-7.003091	-6.983093	-6.991783	-15.156546	-6.944784
325.278000	-6.983253	-7.013710	-7.025094	-7.006621	-6.968893	-7.006697	-7.009139	-6.981595	-7.003503	-7.009147	-7.011079	-7.003018	-6.983033	-6.991731	-15.156722	-6.944704
337.484000	-6.983207	-7.013649	-7.025074	-7.006528	-6.968862	-7.006642	-7.009110	-6.981551	-7.003470	-7.009099	-7.011001	-7.002966	-6.982974	-6.991680	-15.156717	-6.944661
349.677000	-6.983163	-7.013608	-7.025039	-7.006480	-6.968852	-7.006624	-7.009048	-6.981508	-7.003445	-7.009061	-7.010965	-7.002927	-6.982943	-6.991636	-15.156483	-6.944628
361.868000	-6.983125	-7.013586	-7.025047	-7.006441	-6.968831	-7.006616	-7.009023	-6.981492	-7.003411	-7.009026	-7.010912	-7.002908	-6.982897	-6.991609	-15.156716	-6.944600
374.058000	-6.983089	-7.013557	-7.025018	-7.006408	-6.968803	-7.006598	-7.009004	-6.981478	-7.003389	-7.009009	-7.010885	-7.002886	-6.982888	-6.991584	-15.156658	-6.944601
386.254000	-6.983072	-7.013534	-7.025027	-7.006382	-6.968811	-7.006574	-7.008985	-6.981457	-7.003405	-7.008982	-7.010862	-7.002875	-6.982860	-6.991548	-15.156644	-6.944575
398.438000	-6.983057	-7.013540	-7.025030	-7.006355	-6.968802	-7.006584	-7.008974	-6.981446	-7.003387	-7.008977	-7.010839	-7.002854	-6.982854	-6.991551	-15.156655	-6.944567
410.624000	-6.983050	-7.013521	-7.025007	-7.006339	-6.968794	-7.006596	-7.008973	-6.981426	-7.003383	-7.008958	-7.010850	-7.002862	-6.982849	-6.991535	-15.156644	-6.944570
422.806000	-6.983038	-7.013506	-7.025000	-7.006330	-6.968790	-7.006599	-7.008957	-6.981422	-7.003376	-7.008947	-7.010840	-7.002847	-6.982828	-6.991518	-15.156915	-6.944570
435.006000	-6.983031	-7.013493	-7.025000	-7.006308	-6.968792	-7.006588	-7.008963	-6.981412	-7.003373	-7.008945	-7.010831	-7.002832	-6.982826	-6.991493	-15.156796	-6.944564
447.237000	-6.983019	-7.013507	-7.024996	-7.006302	-6.968797	-7.006581	-7.008952	-6.981408	-7.003365	-7.008942	-7.010820	-7.002831	-6.982822	-6.991484	-15.156660	-6.944569
459.405000	-6.983008	-7.013485	-7.024996	-7.006310	-6.968785	-7.006560	-7.008958	-6.981405	-7.003359	-7.008944	-7.010809	-7.002834	-6.982800	-6.991489	-15.156746	-6.944557
471.597000	-6.983011	-7.013479	-7.025006	-7.006293	-6.968771	-7.006577	-7.008945	-6.981398	-7.003368	-7.008938	-7.010817	-7.002827	-6.982799	-6.991487	-15.156847	-6.944554
483.812000	-6.982990	-7.013473	-7.025000	-7.006299	-6.968784	-7.006543	-7.008943	-6.981387	-7.003352	-7.008931	-7.010805	-7.002831	-6.982790	-6.991485	-15.156851	-6.944557
496.006000	-6.982999	-7.013473	-7.024991	-7.006289	-6.968800	-7.006571	-7.008928	-6.981399	-7.003354	-7.008935	-7.010804	-7.002815	-6.982792	-6.991479	-15.156664	-6.944545
508.197000	-6.982989	-7.013482	-7.025008	-7.006286	-6.968778	-7.006580	-7.008931	-6.981392	-7.003345	-7.008930	-7.010796	-7.002813	-6.982787	-6.991478	-15.156679	-6.944528
520.393000	-6.982972	-7.013473	-7.024995	-7.006278	-6.968780	-7.006574	-7.008914	-6.981379	-7.003352	-7.008927	-7.010804	-7.002819	-6.982781	-6.991487	-15.156737	-6.944553
532.590000	-6.982989	-7.013472	-7.024984	-7.006277	-6.968780	-7.006581	-7.008936	-6.981397	-7.003354	-7.008941	-7.010801	-7.002818	-6.982779	-6.991478	-15.156891	-6.944540
544.777000	-6.982993	-7.013450	-7.024992	-7.006266	-6.968766	-7.006573	-7.008924	-6.981412	-7.003359	-7.008929	-7.010793	-7.002814	-6.982775	-6.991474	-15.156805	-6.944531
556.974000	-6.982978	-7.013468	-7.025002	-7.006257	-6.968785	-7.006562	-7.008928	-6.981412	-7.003349	-7.008940	-7.010811	-7.002815	-6.982791	-6.991475	-15.156919	-6.944535
569.164000	-6.982988	-7.013455	-7.024992	-7.006263	-6.968789	-7.006588	-7.008933	-6.981407	-7.003357	-7.008943	-7.010801	-7.002797	-6.982780	-6.991463	-15.156978	-6.944539
581.369000	-6.982970	-7.013466	-7.024986	-7.006247	-6.968777	-7.006560	-7.008930	-6.981430	-7.003350	-7.008949	-7.010796	-7.002794	-6.982779	-6.991474	-15.157080	-6.944528
593.537000	-6.982968	-7.013459	-7.024972	-7.006256	-6.968774	-7.006577	-7.008928	-6.981400	-7.003360	-7.008937	-7.010802	-7.002798	-6.982775	-6.991477	-15.156844	-6.944545
605.742000	-6.982968	-7.013450	-7.024980	-7.006262	-6.968752	-7.006571	-7.008928	-6.981406	-7.003355	-7.008946	-7.010804	-7.002797	-6.982782	-6.991472	-15.157115	-6.944537
617.935000	-6.982979	-7.013451	-7.024977	-7.006260	-6.968765	-7.006569	-7.008913	-6.981394	-7.003361	-7.008938	-7.010795	-7.002797	-6.982782	-6.991481	-15.157270	-6.944520
630.130000	-6.982972	-7.013445	-7.024980	-7.006252	-6.968761	-7.006587	-7.008925	-6.981393	-7.003341	-7.008957	-7.010788	-7.002793	-6.982773	-6.991485	-15.157006	-6.944531
642.312000	-6.982977	-7.013441	-7.024991	-7.006261	-6.968757	-7.006582	-7.008927	-6.981377	-7.003339	-7.008932	-7.010792	-7.002789	-6.982781	-6.991478	-15.157017	-6.944516
654.504000	-6.982982	-7.013453	-7.024989	-7.006278	-6.968754	-7.006575	-7.008927	-6.981377	-7.003341	-7.008929	-7.010789	-7.002784	-6.982772	-6.991483	-15.157037	-6.944512
666.692000	-6.982969	-7.013450	-7.024965	-7.006245	-6.968757	-7.006574	-7.008938	-6.981397	-7.003332	-7.008943	-7.010794	-7.002796	-6.982766	-6.991479	-15.156956	-6.944518
678.885000	-6.982953	-7.013429	-7.024970	-7.006253	-6.968770	-7.006567	-7.008926	-6.981378	-7.003332	-7.008931	-7.010791	-7.002797	-6.982771	-6.991478	-15.156978	-6.944525
691.090000	-6.982970	-7.013456	-7.024984	-7.006252	-6.968776	-7.006550	-7.008918	-6.981379	-7.003331	-7.008942	-7.010786	-7.002794	-6.982776	-6.991474	-15.156998	-6.944510
703.278000	-6.982969	-7.013441	-7.024965	-7.006254	-6.968786	-7.006561	-7.008937	-6.981390	-7.003327	-7.008940	-7.010780	-7.002790	-6.982767	-6.991468	-15.157080	-6.944515
715.477000	-6.982976	-7.013440	-7.024974	-7.006258	-6.968783	-7.006553	-7.008929	-6.981387	-7.003324	-7.008937	-7.010784	-7.002784	-6.982771	-6.991468	-15.156921	-6.944530
727.661000	-6.982954	-7.013439	-7.024974	-7.006248	-6.968771	-7.006558	-7.008923	-6.981380	-7.003314	-7.008927	-7.010774	-7.002795	-6.982778	-6.991469	-15.156942	-6.944520
739.862000	-6.982961	-7.013444	-7.024961	-7.006249	-6.968765	-7.006564	-7.008907	-6.981376	-7.003336	-7.008932	-7.010776	-7.002782	-6.982761	-6.991468	-15.157058	-6.944527
752.115000	-6.982951	-7.013437	-7.024954	-7.006240	-6.968767	-7.006549	-7.008921	-6.981377	-7.003334	-7.008924	-7.010772	-7.002796	-6.982758	-6.991472	-15.156992	-6.944508
764.311000	-6.982955	-7.013443	-7.024974	-7.006243	-6.968769	-7.006557	-7.008909	-6.981396	-7.003335	-7.008931	-7.010778	-7.002781	-6.982767	-6.991483	-15.157131	-6.944522
776.486000	-6.982958	-7.013427	-7.024958	-7.006264	-6.968773	-7.006544	-7.008927	-6.981382	-7.003352	-7.008924	-7.010765	-7.002790	-6.982775	-6.991464	-15.157011	-6.944518
788.685000	-6.982971	-7.013439	-7.024954	-7.006252	-6.968764	-7.006561	-7.008939	-6.981379	-7.003339	-7.008912	-7.010772	-7.002765	-6.982775	-6.991457	-15.157163	-6.944515
800.893000	-6.982958	-7.013426	-7.024964	-7.006241	-6.968764	-7.006549	-7.008912	-6.981390	-7.003350	-7.008905	-7.010766	-7.002773	-6.982748	-6.991467	-15.157207	-6.944531
813.084000	-6.982955	-7.013419	-7.024962	-7.006247	-6.968754	-7.006553	-7.008923	-6.981374	-7.003332	-7.008906	-7.010777	-7.002780	-6.982762	-6.991476	-15.157010	-6.944523
825.298000	-6.982970	-7.013431	-7.024947	-7.006248	-6.968751	-7.006546	-7.008925	-6.981377	-7.003338	-7.008897	-7.010775	-7.002785	-6.982762	-6.991466	-15.157026	-6.944520
837.497000	-6.982969	-7.013429	-7.024959	-7.006238	-6.968760	-7.006579	-7.008934	-6.981383	-7.003341	-7.008912	-7.010771	-7.002772	-6.982767	-6.991460	-15.157008	-6.944527
849.711000	-6.982959	-7.013429	-7.024949	-7.006239	-6.968763	-7.006545	-7.008921	-6.981374	-7.003334	-7.008903	-7.010776	-7.002769	-6.982750	-6.991454	-15.157071	-6.944505
861.906000	-6.982970	-7.013415	-7.024950	-7.006246	-6.968749	-7.006561	-7.008929	-6.981378	-7.003334	-7.008921	-7.010773	-7.002783	-6.982760	-6.991455	-15.157052	-6.944511
874.102000	-6.982962	-7.013427	-7.024965	-7.006248	-6.968762	-7.006537	-7.008917	-6.981393	-7.003340	-7.008907	-7.010782	-7.002768	-6.982765	-6.991454	-15.156994	-6.944511
886.304000	-6.982980	-7.013429	-7.024958	-7.006238	-6.968765	-7.006543	-7.008914	-6.981368	-7.003314	-7.008914	-7.010758	-7.002782	-6.982758	-6.991450	-15.157037	-6.944519
898.495000	-6.982973	-7.013427	-7.024964	-7.006254	-6.968763	-7.006544	-7.008940	-6.981378	-7.003329	-7.008906	-7.010769	-7.002775	-6.982750	-6.991457	-15.157146	-6.944508
910.691000	-6.982958	-7.013415	-7.024963	-7.006253	-6.968765	-7.006535	-7.008925	-6.981373	-7.003328	-7.008901	-7.010766	-7.002782	-6.982760	-6.991449	-15.157129	-6.944510
922.879000	-6.982962	-7.013403	-7.024947	-7.006248	-6.968763	-7.006536	-7.008925	-6.981384	-7.003324	-7.008902	-7.010764	-7.002782	-6.982757	-6.991461	-15.157113	-6.944506
935.073000	-6.982955	-7.013409	-7.024945	-7.006244	-6.968761	-7.006539	-7.008934	-6.981373	-7.003335	-7.008900	-7.010770	-7.002759	-6.982747	-6.991471	-15.157051	-6.944498
947.264000	-6.982964	-7.013417	-7.024943	-7.006233	-6.968775	-7.006539	-7.008929	-6.981378	-7.003325	-7.008893	-7.010768	-7.002767	-6.982760	-6.991446	-15.157181	-6.944495
959.459000	-6.982938	-7.013420	-7.024938	-7.006247	-6.968758	-7.006547	-7.008912	-6.981370	-7.003321	-7.008902	-7.010770	-7.002758	-6.982740	-6.991461	-15.157120	-6.944496
971.661000	-6.982946	-7.013409	-7.024950	-7.006243	-6.968758	-7.006542	-7.008925	-6.981381	-7.003317	-7.008897	-7.010772	-7.002774	-6.982758	-6.991454	-15.157129	-6.944504
983.906000	-6.982950	-7.013396	-7.024934	-7.006223	-6.968764	-7.006537	-7.008916	-6.981395	-7.003330	-7.008913	-7.010775	-7.002780	-6.982760	-6.991457	-15.157065	-6.944495
996.119000	-6.982945	-7.013417	-7.024942	-7.006237	-6.968759	-7.006563	-7.008922	-6.981380	-7.003331	-7.008908	-7.010779	-7.002775	-6.982771	-6.991441	-15.157165	-6.944492
1008.327000	-6.982938	-7.013419	-7.024943	-7.006244	-6.968779	-7.006550	-7.008935	-6.981376	-7.003333	-7.008908	-7.010758	-7.002776	-6.982759	-6.991448	-15.157061	-6.944508
1020.519000	-6.982955	-7.013413	-7.024942	-7.006246	-6.968769	-7.006547	-7.008928	-6.981378	-7.003321	-7.008909	-7.010773	-7.002767	-6.982760	-6.991451	-15.157149	-6.944507
1032.709000	-6.982944	-7.013404	-7.024942	-7.006241	-6.968761	-7.006545	-7.008945	-6.981375	-7.003330	-7.008916	-7.010769	-7.002765	-6.982764	-6.991442	-15.156905	-6.944501
1044.912000	-6.982947	-7.013414	-7.024937	-7.006231	-6.968739	-7.006536	-7.008924	-6.981378	-7.003343	-7.008913	-7.010766	-7.002787	-6.982764	-6.991453	-15.157228	-6.944498
1057.108000	-6.982943	-7.013409	-7.024947	-7.006231	-6.968753	-7.006548	-7.008925	-6.981391	-7.003336	-7.008913	-7.010770	-7.002763	-6.982762	-6.991438	-15.156846	-6.944500
1069.308000	-6.982959	-7.013408	-7.024945	-7.006233	-6.968753	-7.006542	-7.008917	-6.981389	-7.003334	-7.008915	-7.010780	-7.002762	-6.982755	-6.991451	-15.156958	-6.944508
1081.504000	-6.982942	-7.013421	-7.024945	-7.006230	-6.968766	-7.006559	-7.008931	-6.981388	-7.003324	-7.008912	-7.010784	-7.002773	-6.982754	-6.991450	-15.156882	-6.944483
1093.699000	-6.982948	-7.013417	-7.024931	-7.006238	-6.968753	-7.006540	-7.008925	-6.981380	-7.003315	-7.008905	-7.010781	-7.002763	-6.982754	-6.991447	-15.156800	-6.944505
1105.901000	-6.982960	-7.013411	-7.024946	-7.006243	-6.968755	-7.006558	-7.008943	-6.981381	-7.003316	-7.008906	-7.010788	-7.002771	-6.982755	-6.991442	-15.156934	-6.944496
1118.084000	-6.982963	-7.013415	-7.024953	-7.006219	-6.968761	-7.006543	-7.008928	-6.981379	-7.003320	-7.008921	-7.010774	-7.002794	-6.982749	-6.991443	-15.156991	-6.944489
1130.275000	-6.982944	-7.013406	-7.024934	-7.006224	-6.968755	-7.006539	-7.008912	-6.981391	-7.003320	-7.008905	-7.010761	-7.002783	-6.982762	-6.991458	-15.156960	-6.944500
1142.459000	-6.982952	-7.013411	-7.024944	-7.006230	-6.968757	-7.006554	-7.008940	-6.981379	-7.003330	-7.008912	-7.010775	-7.002777	-6.982761	-6.991446	-15.157039	-6.944516
1154.649000	-6.982967	-7.013401	-7.024938	-7.006215	-6.968762	-7.006563	-7.008914	-6.981372	-7.003318	-7.008902	-7.010775	-7.002765	-6.982761	-6.991462	-15.157032	-6.944507
1166.846000	-6.982935	-7.013403	-7.024925	-7.006227	-6.968759	-7.006550	-7.008904	-6.981373	-7.003337	-7.008898	-7.010775	-7.002770	-6.982767	-6.991468	-15.156904	-6.944521
1179.029000	-6.982954	-7.013399	-7.024943	-7.006231	-6.968751	-7.006560	-7.008912	-6.981371	-7.003336	-7.008915	-7.010762	-7.002776	-6.982751	-6.991467	-15.156968	-6.944513
1191.199000	-6.982937	-7.013394	-7.024935	-7.006218	-6.968755	-7.006561	-7.008905	-6.981373	-7.003338	-7.008893	-7.010764	-7.002768	-6.982746	-6.991473	-15.157016	-6.944506
1203.404000	-6.982935	-7.013396	-7.024945	-7.006222	-6.968766	-7.006544	-7.008901	-6.981375	-7.003338	-7.008909	-7.010755	-7.002771	-6.982762	-6.991463	-15.156902	-6.944503
1215.593000	-6.982937	-7.013414	-7.024938	-7.006217	-6.968757	-7.006528	-7.008903	-6.981384	-7.003335	-7.008902	-7.010771	-7.002767	-6.982758	-6.991469	-15.157035	-6.944399
1227.789000	-6.983060	-7.013867	-7.025429	-7.006201	-6.968819	-7.006929	-7.009116	-6.981454	-7.003601	-7.009030	-7.010708	-7.002783	-6.982684	-6.991481	-15.156802	-6.944238
1239.991000	-6.983221	-7.014049	-7.025552	-7.006429	-6.968980	-7.007417	-7.009341	-6.981658	-7.003905	-7.009242	-7.011001	-7.003161	-6.982806	-6.991743	-15.156573	-6.944577
1252.186000	-6.983446	-7.014279	-7.025742	-7.006790	-6.969176	-7.007778	-7.009566	-6.981880	-7.004185	-7.009472	-7.011333	-7.003542	-6.982980	-6.992018	-15.156806	-6.944856
1264.416000	-6.983661	-7.014493	-7.025912	-7.007115	-6.969350	-7.008049	-7.009747	-6.982079	-7.004390	-7.009660	-7.011575	-7.003845	-6.983129	-6.992232	-15.156803	-6.945069
1276.651000	-6.983870	-7.014678	-7.026056	-7.007405	-6.969484	-7.008251	-7.009902	-6.982255	-7.004551	-7.009795	-7.011786	-7.004057	-6.983256	-6.992396	-15.156735	-6.945238
1288.847000	-6.983977	-7.014828	-7.026139	-7.007605	-6.969575	-7.008356	-7.010021	-6.982356	-7.004666	-7.009895	-7.011928	-7.004222	-6.983356	-6.992549	-15.156721	-6.945348
1301.051000	-6.984114	-7.014924	-7.026206	-7.007800	-6.969626	-7.008398	-7.010100	-6.982455	-7.004742	-7.009975	-7.012065	-7.004327	-6.983440	-6.992671	-15.156498	-6.945431
1313.260000	-6.984206	-7.015019	-7.026253	-7.007954	-6.969695	-7.008450	-7.010183	-6.982526	-7.004803	-7.010058	-7.012179	-7.004416	-6.983532	-6.992761	-15.156546	-6.945504
1325.446000	-6.984319	-7.015125	-7.026309	-7.008080	-6.969753	-7.008514	-7.010258	-6.982616	-7.004855	-7.010137	-7.012299	-7.004497	-6.983627	-6.992861	-15.156604	-6.945583
1337.637000	-6.984392	-7.015204	-7.026371	-7.008192	-6.969812	-7.008592	-7.010319	-6.982692	-7.004915	-7.010201	-7.012372	-7.004559	-6.983704	-6.992954	-15.156630	-6.945635
1349.841000	-6.984454	-7.015283	-7.026415	-7.008274	-6.969863	-7.008610	-7.010379	-6.982753	-7.004934	-7.010237	-7.012408	-7.004601	-6.983746	-6.993023	-15.156590	-6.945669
1362.053000	-6.984521	-7.015323	-7.026444	-7.008358	-6.969874	-7.008646	-7.010397	-6.982788	-7.004973	-7.010275	-7.012474	-7.004647	-6.983826	-6.993069	-15.156867	-6.945699
1374.239000	-6.984542	-7.015371	-7.026456	-7.008415	-6.969904	-7.008666	-7.010449	-6.982821	-7.004989	-7.010307	-7.012520	-7.004676	-6.983862	-6.993118	-15.156797	-6.945703
1386.447000	-6.984583	-7.015393	-7.026490	-7.008450	-6.969917	-7.008665	-7.010462	-6.982849	-7.005017	-7.010336	-7.012557	-7.004693	-6.983857	-6.993155	-15.156742	-6.945731
1398.618000	-6.984591	-7.015408	-7.026492	-7.008484	-6.969923	-7.008682	-7.010475	-6.982849	-7.005022	-7.010341	-7.012575	-7.004702	-6.983890	-6.993167	-15.156756	-6.945742
1410.809000	-6.984609	-7.015436	-7.026506	-7.008507	-6.969932	-7.008689	-7.010491	-6.982872	-7.005052	-7.010345	-7.012576	-7.004712	-6.983907	-6.993189	-15.156835	-6.945745
1423.026000	-6.984611	-7.015448	-7.026520	-7.008552	-6.969944	-7.008709	-7.010517	-6.982897	-7.005074	-7.010367	-7.012610	-7.004747	-6.983932	-6.993238	-15.156902	-6.945772
1435.206000	-6.984647	-7.015468	-7.026507	-7.008566	-6.969950	-7.008726	-7.010535	-6.982898	-7.005064	-7.010356	-7.012621	-7.004737	-6.983949	-6.993240	-15.156711	-6.945781
1447.404000	-6.984639	-7.015492	-7.026519	-7.008580	-6.969953	-7.008728	-7.010543	-6.982895	-7.005050	-7.010370	-7.012620	-7.004783	-6.983943	-6.993232	-15.156689	-6.945766
1459.578000	-6.984650	-7.015504	-7.026522	-7.008592	-6.969959	-7.008723	-7.010588	-6.982905	-7.005060	-7.010362	-7.012636	-7.004775	-6.983976	-6.993251	-15.156872	-6.945796
1471.755000	-6.984679	-7.015509	-7.026533	-7.008604	-6.969964	-7.008711	-7.010578	-6.982915	-7.005088	-7.010376	-7.012649	-7.004785	-6.983968	-6.993261	-15.156787	-6.945795
1483.945000	-6.984674	-7.015511	-7.026546	-7.008614	-6.969969	-7.008725	-7.010622	-6.982944	-7.005084	-7.010385	-7.012671	-7.004785	-6.983991	-6.993260	-15.156767	-6.945790
1496.152000	-6.984684	-7.015523	-7.026552	-7.008627	-6.969977	-7.008730	-7.010656	-6.982958	-7.005091	-7.010393	-7.012673	-7.004793	-6.983973	-6.993265	-15.156866	-6.945805
1508.369000	-6.984687	-7.015519	-7.026561	-7.008649	-6.969999	-7.008759	-7.010668	-6.982965	-7.005103	-7.010401	-7.012683	-7.004796	-6.983994	-6.993286	-15.156962	-6.945807
1520.579000	-6.984707	-7.015569	-7.026565	-7.008664	-6.969991	-7.008751	-7.010703	-6.982974	-7.005088	-7.010387	-7.012693	-7.004797	-6.983992	-6.993292	-15.156923	-6.945806
1532.766000	-6.984699	-7.015542	-7.026562	-7.008678	-6.969996	-7.008735	-7.010718	-6.982979	-7.005108	-7.010398	-7.012705	-7.004827	-6.984010	-6.993283	-15.156861	-6.945807
1544.943000	-6.984709	-7.015547	-7.026577	-7.008666	-6.969984	-7.008739	-7.010721	-6.982957	-7.005101	-7.010392	-7.012687	-7.004824	-6.983998	-6.993291	-15.156868	-6.945817
1557.133000	-6.984711	-7.015552	-7.026572	-7.008695	-6.970013	-7.008743	-7.010748	-6.982988	-7.005133	-7.010416	-7.012709	-7.004838	-6.984024	-6.993298	-15.156776	-6.945828
1569.316000	-6.984711	-7.015568	-7.026568	-7.008679	-6.970017	-7.008763	-7.010760	-6.982987	-7.005126	-7.010400	-7.012713	-7.004834	-6.984029	-6.993312	-15.156917	-6.945827
1581.519000	-6.984696	-7.015553	-7.026582	-7.008700	-6.970022	-7.008756	-7.010777	-6.982998	-7.005118	-7.010416	-7.012720	-7.004825	-6.984035	-6.993314	-15.156890	-6.945829
1593.730000	-6.984699	-7.015556	-7.026568	-7.008707	-6.970034	-7.008760	-7.010802	-6.982982	-7.005120	-7.010399	-7.012727	-7.004845	-6.984027	-6.993323	-15.156742	-6.945819
1605.952000	-6.984705	-7.015563	-7.026595	-7.008709	-6.970033	-7.008762	-7.010808	-6.983007	-7.005114	-7.010409	-7.012732	-7.004841	-6.984042	-6.993326	-15.156864	-6.945833
1618.135000	-6.984720	-7.015565	-7.026587	-7.008732	-6.970038	-7.008777	-7.010825	-6.983013	-7.005138	-7.010425	-7.012758	-7.004861	-6.984070	-6.993344	-15.157087	-6.945833
1630.374000	-6.984740	-7.015586	-7.026590	-7.008764	-6.970059	-7.008787	-7.010842	-6.983027	-7.005127	-7.010437	-7.012765	-7.004872	-6.984066	-6.993357	-15.156842	-6.945844
1642.565000	-6.984737	-7.015590	-7.026597	-7.008768	-6.970059	-7.008781	-7.010864	-6.983048	-7.005161	-7.010443	-7.012774	-7.004876	-6.984067	-6.993347	-15.156946	-6.945865
1654.769000	-6.984748	-7.015612	-7.026602	-7.008782	-6.970062	-7.008792	-7.010851	-6.983058	-7.005157	-7.010440	-7.012790	-7.004888	-6.984072	-6.993376	-15.156888	-6.945851
1666.984000	-6.984753	-7.015609	-7.026612	-7.008783	-6.970070	-7.008788	-7.010855	-6.983066	-7.005169	-7.010451	-7.012781	-7.004874	-6.984076	-6.993365	-15.156686	-6.945847
1679.186000	-6.984760	-7.015617	-7.026618	-7.008797	-6.970078	-7.008797	-7.010881	-6.983078	-7.005160	-7.010448	-7.012785	-7.004881	-6.984069	-6.993355	-15.156826	-6.945867
1691.387000	-6.984757	-7.015623	-7.026628	-7.008789	-6.970081	-7.008792	-7.010879	-6.983089	-7.005167	-7.010442	-7.012792	-7.004893	-6.984085	-6.993368	-15.156996	-6.945878
1703.591000	-6.984777	-7.015612	-7.026619	-7.008813	-6.970072	-7.008787	-7.010892	-6.983100	-7.005181	-7.010451	-7.012821	-7.004902	-6.984091	-6.993366	-15.157062	-6.945856
1715.781000	-6.984777	-7.015621	-7.026615	-7.008841	-6.970091	-7.008804	-7.010913	-6.983116	-7.005173	-7.010473	-7.012816	-7.004902	-6.984081	-6.993378	-15.157119	-6.945868
1727.982000	-6.984796	-7.015643	-7.026610	-7.008825	-6.970085	-7.008805	-7.010896	-6.983109	-7.005180	-7.010453	-7.012819	-7.004904	-6.984081	-6.993388	-15.157010	-6.945857
1740.186000	-6.984798	-7.015636	-7.026631	-7.008840	-6.970093	-7.008824	-7.010912	-6.983108	-7.005185	-7.010446	-7.012818	-7.004902	-6.984084	-6.993394	-15.157002	-6.945867
1752.385000	-6.984780	-7.015634	-7.026634	-7.008847	-6.970115	-7.008824	-7.010927	-6.983110	-7.005200	-7.010444	-7.012831	-7.004903	-6.984093	-6.993381	-15.157305	-6.945865
1764.615000	-6.984785	-7.015647	-7.026643	-7.008849	-6.970095	-7.008813	-7.010931	-6.983118	-7.005179	-7.010459	-7.012841	-7.004896	-6.984067	-6.993371	-15.157009	-6.945856
1776.816000	-6.984774	-7.015638	-7.026613	-7.008874	-6.970097	-7.008821	-7.010931	-6.983124	-7.005183	-7.010451	-7.012848	-7.004907	-6.984074	-6.993380	-15.157096	-6.945867
1789.026000	-6.984789	-7.015643	-7.026628	-7.008871	-6.970118	-7.008832	-7.010953	-6.983130	-7.005175	-7.010451	-7.012843	-7.004913	-6.984091	-6.993384	-15.157166	-6.945880
1801.224000	-6.984784	-7.015656	-7.026639	-7.008863	-6.970128	-7.008819	-7.010940	-6.983139	-7.005188	-7.010462	-7.012834	-7.004916	-6.984075	-6.993395	-15.156992	-6.945871
1813.416000	-6.984782	-7.015672	-7.026641	-7.008878	-6.970130	-7.008836	-7.010924	-6.983143	-7.005183	-7.010459	-7.012845	-7.004929	-6.984086	-6.993403	-15.156934	-6.945856
1825.592000	-6.984794	-7.015671	-7.026646	-7.008897	-6.970121	-7.008826	-7.010943	-6.983142	-7.005180	-7.010465	-7.012840	-7.004909	-6.984093	-6.993404	-15.156979	-6.945866
1837.791000	-6.984787	-7.015677	-7.026652	-7.008900	-6.970128	-7.008849	-7.010951	-6.983155	-7.005179	-7.010464	-7.012844	-7.004912	-6.984084	-6.993407	-15.156995	-6.945871
1850.000000	-6.984784	-7.015679	-7.026656	-7.008905	-6.970135	-7.008849	-7.010968	-6.983165	-7.005183	-7.010462	-7.012834	-7.004938	-6.984080	-6.993395	-15.156921	-6.945875
1862.199000	-6.984805	-7.015680	-7.026655	-7.008915	-6.970133	-7.008843	-7.010956	-6.983174	-7.005195	-7.010453	-7.012854	-7.004925	-6.984088	-6.993401	-15.156849	-6.945869
1874.398000	-6.984803	-7.015691	-7.026651	-7.008929	-6.970135	-7.008849	-7.010961	-6.983156	-7.005190	-7.010456	-7.012856	-7.004927	-6.984097	-6.993407	-15.156943	-6.945874
1886.583000	-6.984807	-7.015683	-7.026666	-7.008928	-6.970134	-7.008826	-7.010966	-6.983163	-7.005188	-7.010452	-7.012862	-7.004921	-6.984088	-6.993407	-15.156889	-6.945861
1898.805000	-6.984805	-7.015667	-7.026660	-7.008935	-6.970167	-7.008834	-7.010974	-6.983179	-7.005205	-7.010466	-7.012865	-7.004930	-6.984093	-6.993420	-15.156960	-6.945867
1911.013000	-6.984803	-7.015691	-7.026659	-7.008950	-6.970149	-7.008833	-7.010969	-6.983183	-7.005209	-7.010459	-7.012881	-7.004943	-6.984090	-6.993420	-15.156674	-6.945871
1923.232000	-6.984797	-7.015671	-7.026653	-7.008945	-6.970162	-7.008835	-7.010980	-6.983185	-7.005204	-7.010455	-7.012887	-7.004939	-6.984096	-6.993431	-15.157011	-6.945871
1935.442000	-6.984804	-7.015680	-7.026665	-7.008952	-6.970159	-7.008837	-7.010981	-6.983196	-7.005197	-7.010456	-7.012894	-7.004944	-6.984111	-6.993439	-15.157002	-6.945876
1947.643000	-6.984794	-7.015685	-7.026664	-7.008965	-6.970171	-7.008839	-7.010987	-6.983183	-7.005205	-7.010471	-7.012871	-7.004938	-6.984091	-6.993432	-15.156990	-6.945863
1959.843000	-6.984804	-7.015673	-7.026669	-7.008968	-6.970171	-7.008830	-7.010985	-6.983200	-7.005224	-7.010457	-7.012891	-7.004944	-6.984114	-6.993421	-15.157235	-6.945873
1972.070000	-6.984799	-7.015677	-7.026689	-7.008973	-6.970156	-7.008860	-7.010987	-6.983188	-7.005205	-7.010470	-7.012885	-7.004949	-6.984099	-6.993405	-15.156915	-6.945863
1984.257000	-6.984811	-7.015684	-7.026680	-7.008952	-6.970168	-7.008839	-7.010985	-6.983190	-7.005209	-7.010462	-7.012888	-7.004961	-6.984110	-6.993424	-15.157032	-6.945870
1996.446000	-6.984802	-7.015674	-7.026697	-7.008976	-6.970160	-7.008844	-7.011013	-6.983202	-7.005213	-7.010469	-7.012891	-7.004941	-6.984112	-6.993441	-15.157011	-6.945859
2008.643000	-6.984804	-7.015687	-7.026683	-7.008972	-6.970156	-7.008841	-7.010991	-6.983216	-7.005193	-7.010465	-7.012890	-7.004964	-6.984123	-6.993427	-15.157111	-6.945879
2020.838000	-6.984814	-7.015690	-7.026684	-7.008977	-6.970149	-7.008836	-7.011002	-6.983205	-7.005218	-7.010454	-7.012894	-7.004950	-6.984119	-6.993427	-15.157072	-6.945881
2033.023000	-6.984821	-7.015682	-7.026685	-7.008969	-6.970155	-7.008852	-7.011013	-6.983207	-7.005201	-7.010473	-7.012896	-7.004946	-6.984112	-6.993428	-15.157069	-6.945866
2045.208000	-6.984823	-7.015695	-7.026699	-7.008988	-6.970145	-7.008861	-7.011013	-6.983214	-7.005203	-7.010469	-7.012913	-7.004970	-6.984123	-6.993438	-15.156940	-6.945892
2057.408000	-6.984810	-7.015686	-7.026683	-7.008995	-6.970148	-7.008867	-7.011019	-6.983210	-7.005222	-7.010463	-7.012905	-7.004962	-6.984123	-6.993450	-15.157035	-6.945871
2069.602000	-6.984808	-7.015713	-7.026704	-7.008997	-6.970157	-7.008852	-7.011012	-6.983211	-7.005210	-7.010469	-7.012899	-7.004957	-6.984111	-6.993435	-15.156941	-6.945873
2081.773000	-6.984802	-7.015690	-7.026700	-7.008993	-6.970172	-7.008866	-7.011017	-6.983229	-7.005231	-7.010472	-7.012904	-7.004946	-6.984130	-6.993427	-15.156967	-6.945881
2093.984000	-6.984806	-7.015701	-7.026689	-7.008997	-6.970168	-7.008849	-7.011023	-6.983214	-7.005208	-7.010473	-7.012911	-7.004965	-6.984112	-6.993445	-15.156884	-6.945876
2106.173000	-6.984820	-7.015704	-7.026715	-7.008989	-6.970174	-7.008862	-7.011010	-6.983213	-7.005192	-7.010475	-7.012909	-7.004968	-6.984117	-6.993427	-15.157011	-6.945872
2118.365000	-6.984812	-7.015703	-7.026700	-7.009010	-6.970173	-7.008841	-7.011030	-6.983225	-7.005214	-7.010478	-7.012905	-7.004957	-6.984125	-6.993434	-15.156976	-6.945876
2130.546000	-6.984834	-7.015694	-7.026714	-7.009013	-6.970171	-7.008842	-7.011036	-6.983206	-7.005213	-7.010475	-7.012915	-7.004953	-6.984121	-6.993438	-15.156912	-6.945885
2142.749000	-6.984819	-7.015661	-7.026612	-7.009018	-6.970158	-7.008780	-7.010991	-6.983191	-7.005158	-7.010463	-7.012907	-7.004970	-6.984136	-6.993433	-15.156981	-6.945968
2154.940000	-6.984775	-7.015572	-7.026441	-7.008924	-6.970059	-7.008586	-7.010841	-6.983077	-7.005058	-7.010395	-7.012783	-7.004871	-6.984092	-6.993330	-15.157058	-6.945930
2167.132000	-6.984697	-7.015432	-7.026319	-7.008678	-6.969900	-7.008397	-7.010528	-6.982879	-7.004944	-7.010309	-7.012616	-7.004697	-6.984026	-6.993215	-15.156947	-6.945837
2179.313000	-6.984600	-7.015302	-7.026217	-7.008473	-6.969789	-7.008254	-7.010306	-6.982755	-7.004827	-7.010212	-7.012475	-7.004536	-6.983932	-6.993093	-15.156909	-6.945715
2191.520000	-6.984494	-7.015177	-7.026122	-7.008284	-6.969698	-7.008143	-7.010193	-6.982640	-7.004716	-7.010116	-7.012349	-7.004408	-6.983853	-6.992983	-15.157229	-6.945606
2203.717000	-6.984381	-7.015075	-7.026047	-7.008155	-6.969633	-7.008061	-7.010078	-6.982532	-7.004639	-7.010043	-7.012254	-7.004304	-6.983761	-6.992900	-15.157006	-6.945525
2215.911000	-6.984311	-7.014990	-7.025999	-7.008022	-6.969600	-7.008003	-7.010050	-6.982487	-7.004584	-7.009998	-7.012195	-7.004227	-6.983720	-6.992835	-15.156989	-6.945475
2228.125000	-6.984263	-7.014951	-7.025968	-7.007947	-6.969572	-7.007977	-7.010000	-6.982441	-7.004560	-7.009964	-7.012148	-7.004187	-6.983670	-6.992785	-15.157172	-6.945437
2240.334000	-6.984218	-7.014921	-7.025958	-7.007886	-6.969532	-7.007956	-7.009980	-6.982417	-7.004546	-7.009947	-7.012088	-7.004162	-6.983645	-6.992736	-15.157180	-6.945417
2252.520000	-6.984216	-7.014899	-7.025961	-7.007848	-6.969531	-7.007948	-7.009953	-6.982392	-7.004524	-7.009914	-7.012064	-7.004127	-6.983622	-6.992716	-15.157057	-6.945401
2264.718000	-6.984168	-7.014853	-7.025941	-7.007800	-6.969531	-7.007953	-7.009944	-6.982368	-7.004531	-7.009883	-7.012054	-7.004123	-6.983590	-6.992689	-15.156998	-6.945400
2276.906000	-6.984155	-7.014849	-7.025937	-7.007785	-6.969521	-7.007966	-7.009935	-6.982359	-7.004514	-7.009869	-7.012039	-7.004092	-6.983580	-6.992672	-15.156945	-6.945370
2289.096000	-6.984138	-7.014852	-7.025945	-7.007771	-6.969509	-7.007944	-7.009921	-6.982356	-7.004517	-7.009888	-7.012027	-7.004095	-6.983572	-6.992661	-15.156967	-6.945368
2301.283000	-6.984149	-7.014838	-7.025935	-7.007737	-6.969516	-7.007940	-7.009927	-6.982341	-7.004506	-7.009877	-7.012008	-7.004083	-6.983555	-6.992646	-15.157074	-6.945361
2313.462000	-6.984125	-7.014817	-7.025938	-7.007716	-6.969509	-7.007939	-7.009925	-6.982333	-7.004492	-7.009870	-7.012020	-7.004094	-6.983547	-6.992641	-15.156905	-6.945358
2325.660000	-6.984137	-7.014817	-7.025950	-7.007710	-6.969496	-7.007925	-7.009900	-6.982342	-7.004485	-7.009887	-7.011999	-7.004079	-6.983538	-6.992639	-15.156964	-6.945359
2337.858000	-6.984110	-7.014808	-7.025925	-7.007718	-6.969511	-7.007930	-7.009908	-6.982336	-7.004494	-7.009874	-7.011998	-7.004075	-6.983541	-6.992627	-15.157071	-6.945347
2350.061000	-6.984108	-7.014800	-7.025933	-7.007693	-6.969493	-7.007938	-7.009904	-6.982352	-7.004473	-7.009857	-7.011999	-7.004066	-6.983533	-6.992634	-15.156797	-6.945356
2362.243000	-6.984100	-7.014796	-7.025924	-7.007691	-6.969485	-7.007941	-7.009913	-6.982329	-7.004462	-7.009851	-7.011989	-7.004064	-6.983542	-6.992608	-15.156966	-6.945353
2374.457000	-6.984098	-7.014794	-7.025938	-7.007701	-6.969491	-7.007944	-7.009910	-6.982322	-7.004478	-7.009853	-7.011986	-7.004070	-6.983546	-6.992601	-15.157048	-6.945349
2386.697000	-6.984100	-7.014788	-7.025922	-7.007701	-6.969483	-7.007928	-7.009907	-6.982316	-7.004470	-7.009848	-7.011988	-7.004069	-6.983530	-6.992614	-15.157442	-6.945334
2398.896000	-6.984080	-7.014790	-7.025913	-7.007687	-6.969491	-7.007929	-7.009921	-6.982324	-7.004473	-7.009861	-7.011976	-7.004067	-6.983533	-6.992601	-15.157343	-6.945341
2411.083000	-6.984087	-7.014772	-7.025913	-7.007687	-6.969504	-7.007933	-7.009903	-6.982330	-7.004455	-7.009852	-7.011983	-7.004057	-6.983531	-6.992591	-15.157273	-6.945317
2423.279000	-6.984086	-7.014774	-7.025932	-7.007686	-6.969483	-7.007938	-7.009904	-6.982322	-7.004462	-7.009856	-7.011976	-7.004062	-6.983534	-6.992593	-15.157126	-6.945339
2435.505000	-6.984079	-7.014787	-7.025933	-7.007698	-6.969488	-7.007936	-7.009912	-6.982322	-7.004479	-7.009826	-7.011964	-7.004059	-6.983520	-6.992601	-15.157216	-6.945336
2447.704000	-6.984078	-7.014784	-7.025925	-7.007688	-6.969502	-7.007928	-7.009899	-6.982315	-7.004478	-7.009854	-7.011963	-7.004054	-6.983521	-6.992597	-15.156977	-6.945340
2459.895000	-6.984084	-7.014764	-7.025934	-7.007695	-6.969484	-7.007929	-7.009916	-6.982324	-7.004477	-7.009850	-7.011960	-7.004033	-6.983516	-6.992596	-15.157009	-6.945318
2472.083000	-6.984081	-7.014766	-7.025920	-7.007704	-6.969495	-7.007931	-7.009887	-6.982305	-7.004456	-7.009850	-7.011969	-7.004046	-6.983512	-6.992597	-15.157110	-6.945343
2484.266000	-6.984077	-7.014762	-7.025929	-7.007694	-6.969488	-7.007897	-7.009896	-6.982301	-7.004467	-7.009850	-7.011964	-7.004047	-6.983509	-6.992603	-15.156976	-6.945346
2496.459000	-6.984088	-7.014770	-7.025919	-7.007688	-6.969495	-7.007918	-7.009899	-6.982297	-7.004465	-7.009844	-7.011960	-7.004036	-6.983527	-6.992581	-15.156922	-6.945340
2508.680000	-6.984074	-7.014767	-7.025938	-7.007684	-6.969496	-7.007927	-7.009893	-6.982319	-7.004468	-7.009842	-7.011970	-7.004048	-6.983515	-6.992598	-15.156946	-6.945335
2520.883000	-6.984073	-7.014750	-7.025917	-7.007690	-6.969491	-7.007912	-7.009891	-6.982313	-7.004481	-7.009841	-7.011970	-7.004038	-6.983523	-6.992585	-15.157042	-6.945331
2533.076000	-6.984078	-7.014763	-7.025901	-7.007671	-6.969475	-7.007936	-7.009892	-6.982298	-7.004467	-7.009842	-7.011973	-7.004054	-6.983510	-6.992594	-15.157056	-6.945322
2545.271000	-6.984067	-7.014743	-7.025925	-7.007656	-6.969485	-7.007919	-7.009892	-6.982293	-7.004480	-7.009854	-7.011974	-7.004045	-6.983517	-6.992575	-15.156871	-6.945319
2557.486000	-6.984056	-7.014755	-7.025900	-7.007674	-6.969474	-7.007932	-7.009905	-6.982301	-7.004470	-7.009836	-7.011962	-7.004039	-6.983520	-6.992582	-15.156819	-6.945332
2569.678000	-6.984068	-7.014760	-7.025909	-7.007679	-6.969493	-7.007928	-7.009897	-6.982306	-7.004468	-7.009857	-7.011954	-7.004049	-6.983526	-6.992578	-15.156790	-6.945335
2581.870000	-6.984063	-7.014759	-7.025926	-7.007680	-6.969494	-7.007899	-7.009896	-6.982329	-7.004466	-7.009854	-7.011965	-7.004045	-6.983519	-6.992576	-15.156927	-6.945316
2594.070000	-6.984082	-7.014763	-7.025927	-7.007681	-6.969484	-7.007908	-7.009892	-6.982314	-7.004473	-7.009855	-7.011953	-7.004037	-6.983520	-6.992605	-15.156850	-6.945322
2606.262000	-6.984039	-7.014762	-7.025917	-7.007686	-6.969479	-7.007925	-7.009896	-6.982301	-7.004470	-7.009852	-7.011959	-7.004047	-6.983514	-6.992582	-15.157132	-6.945323
2618.452000	-6.984069	-7.014763	-7.025904	-7.007693	-6.969471	-7.007934	-7.009890	-6.982306	-7.004481	-7.009840	-7.011947	-7.004031	-6.983531	-6.992583	-15.157041	-6.945321
2630.647000	-6.984073	-7.014760	-7.025909	-7.007685	-6.969473	-7.007927	-7.009889	-6.982288	-7.004471	-7.009839	-7.011948	-7.004028	-6.983514	-6.992582	-15.156950	-6.945330
2642.833000	-6.984071	-7.014759	-7.025909	-7.007685	-6.969473	-7.007903	-7.009908	-6.982306	-7.004470	-7.009834	-7.011946	-7.004030	-6.983518	-6.992580	-15.156796	-6.945319
2655.027000	-6.984074	-7.014763	-7.025904	-7.007685	-6.969480	-7.007924	-7.009892	-6.982303	-7.004471	-7.009844	-7.011946	-7.004030	-6.983511	-6.992588	-15.156802	-6.945326
2667.222000	-6.984065	-7.014755	-7.025912	-7.007674	-6.969484	-7.007923	-7.009890	-6.982305	-7.004466	-7.009839	-7.011939	-7.004023	-6.983519	-6.992586	-15.157012	-6.945311
2679.430000	-6.984057	-7.014767	-7.025919	-7.007682	-6.969496	-7.007914	-7.009888	-6.982310	-7.004473	-7.009835	-7.011935	-7.004028	-6.983521	-6.992586	-15.156992	-6.945317
2691.637000	-6.984075	-7.014756	-7.025928	-7.007680	-6.969487	-7.007909	-7.009884	-6.982298	-7.004448	-7.009832	-7.011949	-7.004028	-6.983516	-6.992591	-15.156775	-6.945320
2703.857000	-6.984081	-7.014768	-7.025909	-7.007670	-6.969475	-7.007903	-7.009898	-6.982296	-7.004451	-7.009825	-7.011945	-7.004025	-6.983526	-6.992575	-15.157074	-6.945318
2716.045000	-6.984077	-7.014771	-7.025912	-7.007675	-6.969457	-7.007908	-7.009884	-6.982299	-7.004447	-7.009828	-7.011947	-7.004021	-6.983520	-6.992586	-15.156966	-6.945319
2728.246000	-6.984080	-7.014770	-7.025907	-7.007680	-6.969466	-7.007914	-7.009892	-6.982305	-7.004460	-7.009843	-7.011939	-7.004027	-6.983515	-6.992577	-15.157239	-6.945325
2740.461000	-6.984081	-7.014755	-7.025915	-7.007681	-6.969470	-7.007912	-7.009885	-6.982312	-7.004449	-7.009848	-7.011934	-7.004034	-6.983514	-6.992568	-15.156962	-6.945315
2752.666000	-6.984070	-7.014773	-7.025915	-7.007688	-6.969491	-7.007907	-7.009878	-6.982299	-7.004439	-7.009841	-7.011959	-7.004022	-6.983514	-6.992566	-15.157112	-6.945325
2764.852000	-6.984075	-7.014768	-7.025907	-7.007687	-6.969465	-7.007899	-7.009891	-6.982311	-7.004436	-7.009841	-7.011939	-7.004018	-6.983505	-6.992586	-15.157180	-6.945306
2777.041000	-6.984071	-7.014770	-7.025889	-7.007682	-6.969476	-7.007888	-7.009872	-6.982293	-7.004446	-7.009821	-7.011949	-7.004034	-6.983518	-6.992574	-15.157056	-6.945308
2789.241000	-6.984084	-7.014755	-7.025911	-7.007691	-6.969472	-7.007912	-7.009888	-6.982292	-7.004441	-7.009829	-7.011945	-7.004041	-6.983501	-6.992566	-15.157029	-6.945329
2801.422000	-6.984069	-7.014762	-7.025905	-7.007671	-6.969472	-7.007911	-7.009901	-6.982299	-7.004441	-7.009828	-7.011947	-7.004000	-6.983511	-6.992582	-15.157158	-6.945320
2813.628000	-6.984085	-7.014767	-7.025919	-7.007695	-6.969488	-7.007914	-7.009877	-6.982306	-7.004441	-7.009823	-7.011944	-7.004026	-6.983495	-6.992573	-15.157242	-6.945317
2825.820000	-6.984079	-7.014759	-7.025904	-7.007674	-6.969502	-7.007912	-7.009879	-6.982303	-7.004458	-7.009829	-7.011949	-7.004019	-6.983505	-6.992582	-15.157262	-6.945311
2838.007000	-6.984068	-7.014763	-7.025920	-7.007666	-6.969481	-7.007908	-7.009888	-6.982316	-7.004462	-7.009836	-7.011951	-7.004020	-6.983496	-6.992557	-15.157122	-6.945321
2850.217000	-6.984072	-7.014767	-7.025906	-7.007671	-6.969470	-7.007899	-7.009890	-6.982298	-7.004458	-7.009829	-7.011942	-7.004011	-6.983493	-6.992584	-15.157093	-6.945312
2862.422000	-6.984072	-7.014765	-7.025896	-7.007663	-6.969470	-7.007911	-7.009886	-6.982299	-7.004451	-7.009827	-7.011967	-7.004020	-6.983505	-6.992582	-15.157253	-6.945313
2874.626000	-6.984071	-7.014752	-7.025905	-7.007668	-6.969484	-7.007912	-7.009878	-6.982300	-7.004458	-7.009820	-7.011958	-7.004011	-6.983512	-6.992593	-15.157236	-6.945297
2886.794000	-6.984074	-7.014764	-7.025899	-7.007670	-6.969477	-7.007896	-7.009880	-6.982298	-7.004439	-7.009841	-7.011940	-7.004034	-6.983500	-6.992585	-15.157341	-6.945326
2898.994000	-6.984076	-7.014770	-7.025906	-7.007686	-6.969489	-7.007899	-7.009894	-6.982298	-7.004447	-7.009833	-7.011942	-7.004017	-6.983517	-6.992582	-15.157281	-6.945316
2911.226000	-6.984093	-7.014768	-7.025893	-7.007663	-6.969507	-7.007892	-7.009889	-6.982314	-7.004454	-7.009844	-7.011952	-7.004015	-6.983515	-6.992590	-15.157180	-6.945309
2923.412000	-6.984075	-7.014758	-7.025911	-7.007661	-6.969491	-7.007895	-7.009872	-6.982312	-7.004444	-7.009840	-7.011948	-7.004016	-6.983499	-6.992587	-15.157148	-6.945315
2935.600000	-6.984075	-7.014762	-7.025906	-7.007655	-6.969485	-7.007898	-7.009890	-6.982307	-7.004449	-7.009828	-7.011954	-7.004016	-6.983496	-6.992585	-15.157129	-6.945328
2947.813000	-6.984081	-7.014760	-7.025903	-7.007666	-6.969484	-7.007898	-7.009888	-6.982339	-7.004460	-7.009842	-7.011960	-7.004018	-6.983513	-6.992580	-15.157300	-6.945326
2960.000000	-6.984087	-7.014750	-7.025907	-7.007666	-6.969478	-7.007888	-7.009896	-6.982316	-7.004430	-7.009829	-7.011946	-7.004008	-6.983502	-6.992589	-15.157299	-6.945312
2972.216000	-6.984083	-7.014773	-7.025898	-7.007655	-6.969480	-7.007897	-7.009886	-6.982313	-7.004439	-7.009836	-7.011950	-7.004017	-6.983507	-6.992598	-15.157143	-6.945318
2984.423000	-6.984077	-7.014765	-7.025905	-7.007654	-6.969479	-7.007905	-7.009877	-6.982317	-7.004429	-7.009828	-7.011970	-7.004022	-6.983516	-6.992582	-15.157278	-6.945321
2996.610000	-6.984081	-7.014758	-7.025896	-7.007669	-6.969495	-7.007882	-7.009889	-6.982304	-7.004443	-7.009840	-7.011959	-7.004025	-6.983504	-6.992577	-15.157248	-6.945317
3008.796000	-6.984080	-7.014757	-7.025892	-7.007662	-6.969484	-7.007877	-7.009885	-6.982310	-7.004449	-7.009836	-7.011961	-7.004022	-6.983509	-6.992582	-15.157284	-6.945318
3020.988000	-6.984076	-7.014754	-7.025893	-7.007664	-6.969478	-7.007876	-7.009886	-6.982297	-7.004450	-7.009830	-7.011951	-7.004012	-6.983506	-6.992573	-15.157329	-6.945330
3033.181000	-6.984065	-7.014746	-7.025901	-7.007674	-6.969481	-7.007890	-7.009884	-6.982289	-7.004448	-7.009851	-7.011953	-7.004018	-6.983506	-6.992579	-15.157246	-6.945316
	-6.984064	-7.014762	-7.025895	-7.007673												
