8.206000	-7.162705	-7.192808	-6.960098	-7.200543	-7.185797	-7.185755	-7.180696	-7.141777	-7.201506	-7.203411	-7.222368	-7.220548	-6.975171	-6.976815	-15.154749	-6.934256
20.422000	-7.162881	-7.192927	-6.960060	-7.200795	-7.186166	-7.185983	-7.180892	-7.141880	-7.201614	-7.203600	-7.222551	-7.220792	-6.975324	-6.976915	-15.154968	-6.934431
32.606000	-7.162976	-7.193005	-6.960161	-7.200902	-7.186300	-7.186092	-7.180943	-7.141930	-7.201633	-7.203655	-7.222618	-7.220853	-6.975420	-6.976954	-15.155160	-6.934462
44.794000	-7.163012	-7.193014	-6.960161	-7.200940	-7.186333	-7.186132	-7.180999	-7.141946	-7.201662	-7.203699	-7.222632	-7.220898	-6.975448	-6.976959	-15.155509	-6.934497
56.988000	-7.163035	-7.193037	-6.960114	-7.200943	-7.186342	-7.186167	-7.180987	-7.141972	-7.201682	-7.203726	-7.222660	-7.220919	-6.975464	-6.976988	-15.155639	-6.934507
69.190000	-7.163052	-7.193053	-6.960155	-7.200978	-7.186359	-7.186182	-7.181005	-7.141976	-7.201693	-7.203744	-7.222675	-7.220941	-6.975473	-6.976989	-15.155894	-6.934534
81.406000	-7.163051	-7.193064	-6.960153	-7.200977	-7.186366	-7.186195	-7.181017	-7.141987	-7.201704	-7.203738	-7.222684	-7.220954	-6.975479	-6.977005	-15.155982	-6.934541
93.603000	-7.163071	-7.193049	-6.960090	-7.200977	-7.186352	-7.186136	-7.181039	-7.141979	-7.201658	-7.203738	-7.222677	-7.220971	-6.975523	-6.977013	-15.156074	-6.934610
105.799000	-7.163047	-7.192993	-6.960023	-7.200922	-7.186254	-7.186000	-7.180974	-7.141944	-7.201564	-7.203641	-7.222548	-7.220780	-6.975481	-6.976948	-15.156261	-6.934535
117.995000	-7.163006	-7.192923	-6.959987	-7.200783	-7.186095	-7.185805	-7.180844	-7.141837	-7.201426	-7.203484	-7.222370	-7.220513	-6.975364	-6.976851	-15.156363	-6.934401
130.217000	-7.162902	-7.192828	-6.959877	-7.200596	-7.185890	-7.185570	-7.180688	-7.141696	-7.201286	-7.203304	-7.222155	-7.220215	-6.975222	-6.976749	-15.156479	-6.934246
142.428000	-7.162838	-7.192740	-6.959815	-7.200402	-7.185676	-7.185318	-7.180499	-7.141562	-7.201142	-7.203117	-7.221970	-7.219936	-6.975059	-6.976635	-15.156426	-6.934096
154.619000	-7.162748	-7.192630	-6.959759	-7.200195	-7.185459	-7.185079	-7.180315	-7.141423	-7.201010	-7.202927	-7.221747	-7.219646	-6.974912	-6.976506	-15.156747	-6.933940
166.825000	-7.162664	-7.192543	-6.959707	-7.199997	-7.185255	-7.184857	-7.180128	-7.141296	-7.200873	-7.202726	-7.221541	-7.219431	-6.974742	-6.976406	-15.156739	-6.933787
179.012000	-7.162566	-7.192440	-6.959707	-7.199821	-7.185070	-7.184632	-7.179953	-7.141194	-7.200765	-7.202560	-7.221355	-7.219211	-6.974583	-6.976296	-15.156955	-6.933671
191.212000	-7.162500	-7.192339	-6.959678	-7.199645	-7.184888	-7.184429	-7.179808	-7.141091	-7.200668	-7.202406	-7.221177	-7.219019	-6.974453	-6.976214	-15.156760	-6.933558
203.395000	-7.162413	-7.192268	-6.959622	-7.199497	-7.184735	-7.184282	-7.179689	-7.140995	-7.200584	-7.202262	-7.221009	-7.218916	-6.974334	-6.976115	-15.156936	-6.933467
215.596000	-7.162345	-7.192195	-6.959527	-7.199376	-7.184622	-7.184124	-7.179569	-7.140910	-7.200510	-7.202155	-7.220865	-7.218737	-6.974209	-6.976046	-15.157060	-6.933382
227.795000	-7.162296	-7.192126	-6.959531	-7.199272	-7.184519	-7.184010	-7.179493	-7.140873	-7.200449	-7.202070	-7.220747	-7.218614	-6.974107	-6.975991	-15.156975	-6.933328
239.986000	-7.162235	-7.192073	-6.959452	-7.199161	-7.184425	-7.183913	-7.179423	-7.140803	-7.200399	-7.202003	-7.220653	-7.218533	-6.974031	-6.975945	-15.157076	-6.933265
252.186000	-7.162191	-7.192048	-6.959456	-7.199097	-7.184366	-7.183846	-7.179364	-7.140775	-7.200381	-7.201958	-7.220595	-7.218479	-6.973965	-6.975890	-15.156976	-6.933228
264.393000	-7.162162	-7.192020	-6.959429	-7.199034	-7.184308	-7.183793	-7.179330	-7.140735	-7.200353	-7.201911	-7.220526	-7.218426	-6.973928	-6.975875	-15.157015	-6.933197
276.594000	-7.162149	-7.191993	-6.959424	-7.199019	-7.184282	-7.183755	-7.179310	-7.140719	-7.200346	-7.201869	-7.220498	-7.218375	-6.973884	-6.975831	-15.157126	-6.933168
288.778000	-7.162117	-7.191971	-6.959398	-7.198978	-7.184248	-7.183729	-7.179276	-7.140717	-7.200333	-7.201868	-7.220472	-7.218391	-6.973878	-6.975837	-15.157371	-6.933159
300.985000	-7.162108	-7.191961	-6.959475	-7.198961	-7.184229	-7.183692	-7.179279	-7.140700	-7.200331	-7.201844	-7.220428	-7.218362	-6.973857	-6.975836	-15.157280	-6.933147
313.199000	-7.162079	-7.191944	-6.959406	-7.198945	-7.184212	-7.183671	-7.179252	-7.140685	-7.200322	-7.201847	-7.220444	-7.218351	-6.973857	-6.975819	-15.157284	-6.933144
325.414000	-7.162085	-7.191936	-6.959320	-7.198930	-7.184203	-7.183671	-7.179235	-7.140678	-7.200317	-7.201846	-7.220406	-7.218323	-6.973835	-6.975812	-15.157354	-6.933124
337.608000	-7.162063	-7.191942	-6.959352	-7.198923	-7.184193	-7.183666	-7.179237	-7.140658	-7.200314	-7.201840	-7.220393	-7.218318	-6.973845	-6.975801	-15.157417	-6.933113
349.811000	-7.162054	-7.191929	-6.959295	-7.198898	-7.184195	-7.183640	-7.179239	-7.140659	-7.200298	-7.201841	-7.220395	-7.218310	-6.973820	-6.975788	-15.157578	-6.933123
362.011000	-7.162064	-7.191905	-6.959276	-7.198904	-7.184199	-7.183633	-7.179222	-7.140670	-7.200309	-7.201823	-7.220362	-7.218306	-6.973815	-6.975786	-15.157604	-6.933110
374.235000	-7.162056	-7.191907	-6.959281	-7.198877	-7.184168	-7.183626	-7.179218	-7.140668	-7.200308	-7.201823	-7.220382	-7.218304	-6.973806	-6.975782	-15.157523	-6.933115
386.432000	-7.162046	-7.191911	-6.959293	-7.198875	-7.184149	-7.183616	-7.179216	-7.140659	-7.200297	-7.201816	-7.220376	-7.218290	-6.973816	-6.975781	-15.157604	-6.933095
398.627000	-7.162048	-7.191897	-6.959309	-7.198870	-7.184161	-7.183604	-7.179193	-7.140676	-7.200297	-7.201817	-7.220363	-7.218277	-6.973798	-6.975778	-15.157595	-6.933107
410.838000	-7.162047	-7.191893	-6.959281	-7.198875	-7.184169	-7.183615	-7.179210	-7.140656	-7.200289	-7.201820	-7.220353	-7.218285	-6.973795	-6.975793	-15.157423	-6.933096
423.046000	-7.162036	-7.191910	-6.959252	-7.198873	-7.184143	-7.183602	-7.179200	-7.140659	-7.200271	-7.201831	-7.220361	-7.218275	-6.973782	-6.975784	-15.157415	-6.933100
435.239000	-7.162042	-7.191882	-6.959249	-7.198860	-7.184143	-7.183590	-7.179217	-7.140656	-7.200278	-7.201807	-7.220342	-7.218273	-6.973769	-6.975801	-15.157708	-6.933095
447.432000	-7.162018	-7.191900	-6.959260	-7.198866	-7.184147	-7.183585	-7.179191	-7.140660	-7.200275	-7.201802	-7.220345	-7.218266	-6.973781	-6.975796	-15.157550	-6.933097
459.630000	-7.162016	-7.191897	-6.959243	-7.198860	-7.184151	-7.183592	-7.179191	-7.140652	-7.200257	-7.201794	-7.220334	-7.218268	-6.973780	-6.975790	-15.157599	-6.933102
471.821000	-7.162011	-7.191884	-6.959241	-7.198854	-7.184154	-7.183568	-7.179195	-7.140647	-7.200262	-7.201805	-7.220344	-7.218261	-6.973764	-6.975789	-15.157451	-6.933096
484.030000	-7.162015	-7.191888	-6.959213	-7.198857	-7.184139	-7.183570	-7.179178	-7.140642	-7.200267	-7.201804	-7.220339	-7.218264	-6.973756	-6.975779	-15.157509	-6.933093
496.230000	-7.162009	-7.191894	-6.959226	-7.198865	-7.184136	-7.183589	-7.179175	-7.140644	-7.200279	-7.201794	-7.220337	-7.218265	-6.973778	-6.975764	-15.157258	-6.933099
508.406000	-7.162013	-7.191882	-6.959188	-7.198853	-7.184135	-7.183576	-7.179187	-7.140653	-7.200259	-7.201780	-7.220331	-7.218236	-6.973765	-6.975776	-15.157321	-6.933083
520.601000	-7.162014	-7.191894	-6.959249	-7.198845	-7.184134	-7.183576	-7.179192	-7.140649	-7.200255	-7.201780	-7.220327	-7.218248	-6.973771	-6.975760	-15.157337	-6.933095
532.791000	-7.162013	-7.191900	-6.959214	-7.198835	-7.184126	-7.183548	-7.179170	-7.140652	-7.200269	-7.201777	-7.220329	-7.218259	-6.973760	-6.975780	-15.157467	-6.933098
545.001000	-7.162005	-7.191895	-6.959212	-7.198831	-7.184123	-7.183563	-7.179172	-7.140651	-7.200258	-7.201777	-7.220320	-7.218254	-6.973757	-6.975766	-15.157308	-6.933088
557.185000	-7.162010	-7.191894	-6.959158	-7.198847	-7.184122	-7.183547	-7.179190	-7.140646	-7.200284	-7.201774	-7.220303	-7.218252	-6.973757	-6.975775	-15.157362	-6.933073
569.379000	-7.162029	-7.191897	-6.959199	-7.198840	-7.184118	-7.183565	-7.179178	-7.140642	-7.200258	-7.201764	-7.220312	-7.218237	-6.973743	-6.975776	-15.157660	-6.933075
581.581000	-7.162017	-7.191902	-6.959226	-7.198837	-7.184111	-7.183579	-7.179186	-7.140644	-7.200246	-7.201765	-7.220325	-7.218228	-6.973748	-6.975773	-15.157723	-6.933062
593.760000	-7.162019	-7.191883	-6.959214	-7.198833	-7.184091	-7.183553	-7.179177	-7.140632	-7.200247	-7.201770	-7.220308	-7.218226	-6.973749	-6.975773	-15.157772	-6.933065
605.952000	-7.162009	-7.191883	-6.959219	-7.198843	-7.184095	-7.183525	-7.179193	-7.140624	-7.200267	-7.201765	-7.220310	-7.218236	-6.973731	-6.975777	-15.157311	-6.933066
618.147000	-7.162016	-7.191872	-6.959251	-7.198824	-7.184105	-7.183538	-7.179169	-7.140619	-7.200268	-7.201770	-7.220309	-7.218196	-6.973729	-6.975787	-15.157431	-6.933080
630.353000	-7.162007	-7.191864	-6.959216	-7.198821	-7.184089	-7.183551	-7.179180	-7.140628	-7.200246	-7.201767	-7.220314	-7.218211	-6.973740	-6.975773	-15.157409	-6.933068
642.663000	-7.161992	-7.191884	-6.959161	-7.198822	-7.184077	-7.183544	-7.179176	-7.140608	-7.200249	-7.201774	-7.220308	-7.218202	-6.973728	-6.975781	-15.157570	-6.933065
654.890000	-7.162002	-7.191880	-6.959121	-7.198827	-7.184078	-7.183543	-7.179163	-7.140623	-7.200256	-7.201783	-7.220305	-7.218209	-6.973740	-6.975768	-15.157444	-6.933068
667.078000	-7.161993	-7.191858	-6.959137	-7.198810	-7.184084	-7.183553	-7.179163	-7.140617	-7.200240	-7.201766	-7.220319	-7.218209	-6.973732	-6.975765	-15.157583	-6.933048
679.269000	-7.162005	-7.191886	-6.959224	-7.198813	-7.184091	-7.183548	-7.179155	-7.140608	-7.200248	-7.201757	-7.220293	-7.218202	-6.973736	-6.975782	-15.157613	-6.933053
691.444000	-7.161990	-7.191869	-6.959173	-7.198806	-7.184081	-7.183535	-7.179171	-7.140614	-7.200229	-7.201768	-7.220303	-7.218190	-6.973738	-6.975766	-15.157549	-6.933047
703.613000	-7.162001	-7.191869	-6.959204	-7.198815	-7.184096	-7.183540	-7.179159	-7.140613	-7.200248	-7.201784	-7.220297	-7.218217	-6.973745	-6.975775	-15.157496	-6.933056
715.805000	-7.161986	-7.191880	-6.959175	-7.198797	-7.184084	-7.183552	-7.179159	-7.140624	-7.200239	-7.201756	-7.220302	-7.218213	-6.973735	-6.975785	-15.157656	-6.933069
728.017000	-7.161985	-7.191879	-6.959204	-7.198802	-7.184088	-7.183540	-7.179152	-7.140610	-7.200233	-7.201751	-7.220298	-7.218219	-6.973728	-6.975780	-15.157410	-6.933067
740.219000	-7.161983	-7.191869	-6.959160	-7.198807	-7.184089	-7.183539	-7.179152	-7.140611	-7.200231	-7.201757	-7.220308	-7.218205	-6.973730	-6.975763	-15.157583	-6.933057
752.415000	-7.161971	-7.191887	-6.959245	-7.198798	-7.184072	-7.183538	-7.179173	-7.140605	-7.200238	-7.201763	-7.220294	-7.218209	-6.973738	-6.975768	-15.157396	-6.933052
764.639000	-7.161981	-7.191892	-6.959198	-7.198791	-7.184077	-7.183520	-7.179163	-7.140600	-7.200229	-7.201751	-7.220293	-7.218201	-6.973732	-6.975779	-15.157655	-6.933048
776.826000	-7.161978	-7.191880	-6.959163	-7.198780	-7.184077	-7.183530	-7.179160	-7.140602	-7.200234	-7.201764	-7.220296	-7.218202	-6.973739	-6.975781	-15.157344	-6.933069
789.035000	-7.161979	-7.191875	-6.959160	-7.198802	-7.184073	-7.183530	-7.179155	-7.140607	-7.200244	-7.201765	-7.220301	-7.218216	-6.973729	-6.975779	-15.157485	-6.933065
801.249000	-7.161970	-7.191868	-6.959112	-7.198807	-7.184080	-7.183517	-7.179155	-7.140609	-7.200242	-7.201767	-7.220311	-7.218215	-6.973726	-6.975758	-15.157661	-6.933056
813.454000	-7.161973	-7.191874	-6.959148	-7.198795	-7.184073	-7.183506	-7.179157	-7.140622	-7.200246	-7.201751	-7.220299	-7.218209	-6.973735	-6.975752	-15.157577	-6.933056
825.659000	-7.161971	-7.191868	-6.959126	-7.198807	-7.184073	-7.183519	-7.179165	-7.140610	-7.200236	-7.201766	-7.220304	-7.218217	-6.973712	-6.975766	-15.157564	-6.933062
837.879000	-7.161979	-7.191858	-6.959185	-7.198798	-7.184059	-7.183509	-7.179148	-7.140605	-7.200233	-7.201757	-7.220302	-7.218220	-6.973737	-6.975773	-15.157625	-6.933058
850.067000	-7.161973	-7.191857	-6.959147	-7.198799	-7.184068	-7.183510	-7.179168	-7.140623	-7.200232	-7.201754	-7.220280	-7.218198	-6.973736	-6.975761	-15.157539	-6.933064
862.264000	-7.161994	-7.191851	-6.959094	-7.198793	-7.184084	-7.183532	-7.179157	-7.140606	-7.200242	-7.201755	-7.220292	-7.218210	-6.973724	-6.975766	-15.157538	-6.933053
874.465000	-7.161994	-7.191862	-6.959131	-7.198804	-7.184067	-7.183534	-7.179160	-7.140606	-7.200232	-7.201750	-7.220306	-7.218203	-6.973740	-6.975771	-15.157639	-6.933052
886.641000	-7.161960	-7.191865	-6.959135	-7.198787	-7.184063	-7.183537	-7.179160	-7.140608	-7.200236	-7.201760	-7.220300	-7.218211	-6.973725	-6.975773	-15.157595	-6.933051
898.849000	-7.161965	-7.191855	-6.959134	-7.198811	-7.184074	-7.183519	-7.179157	-7.140602	-7.200238	-7.201772	-7.220304	-7.218215	-6.973723	-6.975775	-15.157654	-6.933054
911.016000	-7.161975	-7.191855	-6.959169	-7.198812	-7.184067	-7.183524	-7.179163	-7.140594	-7.200232	-7.201759	-7.220298	-7.218226	-6.973728	-6.975761	-15.157633	-6.933046
923.202000	-7.161971	-7.191853	-6.959129	-7.198810	-7.184071	-7.183545	-7.179156	-7.140604	-7.200235	-7.201745	-7.220293	-7.218209	-6.973717	-6.975758	-15.157449	-6.933036
935.390000	-7.161994	-7.191861	-6.959136	-7.198802	-7.184068	-7.183531	-7.179159	-7.140604	-7.200225	-7.201747	-7.220292	-7.218215	-6.973722	-6.975772	-15.157551	-6.933044
947.590000	-7.161979	-7.191848	-6.959160	-7.198786	-7.184063	-7.183513	-7.179160	-7.140607	-7.200226	-7.201756	-7.220292	-7.218219	-6.973731	-6.975776	-15.157771	-6.933046
959.806000	-7.161993	-7.191876	-6.959137	-7.198799	-7.184055	-7.183520	-7.179162	-7.140613	-7.200227	-7.201747	-7.220305	-7.218211	-6.973720	-6.975769	-15.157527	-6.933057
971.999000	-7.161977	-7.191855	-6.959206	-7.198795	-7.184059	-7.183512	-7.179170	-7.140593	-7.200226	-7.201757	-7.220299	-7.218219	-6.973707	-6.975753	-15.157652	-6.933051
984.188000	-7.161976	-7.191866	-6.959184	-7.198789	-7.184070	-7.183520	-7.179155	-7.140602	-7.200224	-7.201751	-7.220289	-7.218216	-6.973732	-6.975772	-15.157680	-6.933047
996.377000	-7.161991	-7.191868	-6.959123	-7.198777	-7.184071	-7.183508	-7.179156	-7.140595	-7.200232	-7.201761	-7.220296	-7.218214	-6.973732	-6.975765	-15.157579	-6.933052
1008.584000	-7.161982	-7.191859	-6.959136	-7.198786	-7.184071	-7.183508	-7.179165	-7.140594	-7.200233	-7.201745	-7.220272	-7.218210	-6.973728	-6.975756	-15.157702	-6.933054
1020.786000	-7.161981	-7.191863	-6.959087	-7.198776	-7.184066	-7.183503	-7.179137	-7.140595	-7.200231	-7.201755	-7.220279	-7.218208	-6.973720	-6.975766	-15.157782	-6.933047
1032.992000	-7.161982	-7.191841	-6.959089	-7.198778	-7.184067	-7.183527	-7.179132	-7.140600	-7.200233	-7.201750	-7.220288	-7.218205	-6.973728	-6.975765	-15.157646	-6.933058
1045.199000	-7.161989	-7.191857	-6.959132	-7.198784	-7.184058	-7.183516	-7.179152	-7.140595	-7.200244	-7.201753	-7.220291	-7.218230	-6.973735	-6.975760	-15.157674	-6.933060
1057.387000	-7.161978	-7.191854	-6.959126	-7.198785	-7.184082	-7.183511	-7.179172	-7.140600	-7.200236	-7.201756	-7.220280	-7.218225	-6.973722	-6.975761	-15.157669	-6.933055
1069.585000	-7.161972	-7.191857	-6.959123	-7.198781	-7.184060	-7.183508	-7.179152	-7.140593	-7.200202	-7.201734	-7.220291	-7.218231	-6.973727	-6.975774	-15.157571	-6.933062
1081.782000	-7.161982	-7.191859	-6.959068	-7.198790	-7.184067	-7.183519	-7.179168	-7.140591	-7.200214	-7.201738	-7.220295	-7.218225	-6.973726	-6.975766	-15.157646	-6.933043
1093.970000	-7.161975	-7.191862	-6.959103	-7.198799	-7.184076	-7.183496	-7.179163	-7.140608	-7.200222	-7.201757	-7.220287	-7.218219	-6.973722	-6.975781	-15.157713	-6.933054
1106.159000	-7.161972	-7.191865	-6.959094	-7.198790	-7.184068	-7.183503	-7.179139	-7.140610	-7.200223	-7.201750	-7.220271	-7.218225	-6.973718	-6.975759	-15.157848	-6.933056
1118.380000	-7.161975	-7.191862	-6.959051	-7.198790	-7.184053	-7.183507	-7.179146	-7.140601	-7.200217	-7.201742	-7.220279	-7.218212	-6.973694	-6.975722	-15.157666	-6.932726
1130.568000	-7.162058	-7.192183	-6.959378	-7.198892	-7.184363	-7.184039	-7.179294	-7.140713	-7.200588	-7.202005	-7.220619	-7.218555	-6.973700	-6.975856	-15.157655	-6.932892
1142.774000	-7.162239	-7.192361	-6.959435	-7.199395	-7.184871	-7.184656	-7.179767	-7.141045	-7.201025	-7.202579	-7.221236	-7.219481	-6.974135	-6.976218	-15.157391	-6.933474
1154.991000	-7.162472	-7.192604	-6.959514	-7.199969	-7.185483	-7.185301	-7.180281	-7.141442	-7.201389	-7.203099	-7.221823	-7.220272	-6.974600	-6.976526	-15.157492	-6.933949
1167.186000	-7.162682	-7.192771	-6.959583	-7.200440	-7.185980	-7.185818	-7.180708	-7.141746	-7.201676	-7.203547	-7.222288	-7.220872	-6.974975	-6.976794	-15.157353	-6.934329
1179.384000	-7.162834	-7.192959	-6.959771	-7.200821	-7.186378	-7.186249	-7.181046	-7.141982	-7.201880	-7.203907	-7.222681	-7.221326	-6.975314	-6.976996	-15.157572	-6.934597
1191.565000	-7.162979	-7.193100	-6.959908	-7.201147	-7.186707	-7.186587	-7.181297	-7.142180	-7.202028	-7.204162	-7.222989	-7.221658	-6.975578	-6.977174	-15.157423	-6.934790
1203.772000	-7.163079	-7.193217	-6.959977	-7.201376	-7.186944	-7.186851	-7.181515	-7.142308	-7.202163	-7.204355	-7.223229	-7.221886	-6.975802	-6.977275	-15.157559	-6.934912
1215.989000	-7.163183	-7.193331	-6.960061	-7.201584	-7.187137	-7.187070	-7.181667	-7.142436	-7.202267	-7.204526	-7.223456	-7.222073	-6.975971	-6.977398	-15.157468	-6.935033
1228.180000	-7.163273	-7.193431	-6.960073	-7.201742	-7.187291	-7.187228	-7.181825	-7.142549	-7.202342	-7.204651	-7.223609	-7.222227	-6.976119	-6.977481	-15.157465	-6.935132
1240.369000	-7.163352	-7.193503	-6.960199	-7.201862	-7.187401	-7.187365	-7.181930	-7.142616	-7.202402	-7.204744	-7.223739	-7.222332	-6.976219	-6.977550	-15.157649	-6.935178
1252.567000	-7.163397	-7.193579	-6.960173	-7.201979	-7.187509	-7.187468	-7.182030	-7.142688	-7.202458	-7.204834	-7.223839	-7.222417	-6.976287	-6.977590	-15.157724	-6.935241
1264.769000	-7.163456	-7.193622	-6.960203	-7.202057	-7.187562	-7.187533	-7.182096	-7.142734	-7.202497	-7.204897	-7.223922	-7.222494	-6.976328	-6.977633	-15.157583	-6.935279
1276.976000	-7.163486	-7.193645	-6.960152	-7.202114	-7.187623	-7.187607	-7.182140	-7.142775	-7.202522	-7.204961	-7.223990	-7.222569	-6.976388	-6.977666	-15.157535	-6.935296
1289.169000	-7.163529	-7.193681	-6.960214	-7.202154	-7.187675	-7.187654	-7.182198	-7.142807	-7.202542	-7.205011	-7.224061	-7.222607	-6.976417	-6.977690	-15.157650	-6.935325
1301.350000	-7.163557	-7.193695	-6.960140	-7.202202	-7.187703	-7.187721	-7.182261	-7.142834	-7.202555	-7.205071	-7.224117	-7.222657	-6.976446	-6.977708	-15.157383	-6.935347
1313.536000	-7.163568	-7.193730	-6.960199	-7.202245	-7.187729	-7.187783	-7.182299	-7.142859	-7.202579	-7.205137	-7.224195	-7.222688	-6.976469	-6.977724	-15.157281	-6.935362
1325.714000	-7.163593	-7.193731	-6.960179	-7.202286	-7.187751	-7.187840	-7.182345	-7.142873	-7.202594	-7.205216	-7.224265	-7.222735	-6.976465	-6.977732	-15.157420	-6.935385
1337.915000	-7.163599	-7.193743	-6.960081	-7.202313	-7.187787	-7.187882	-7.182394	-7.142886	-7.202626	-7.205277	-7.224322	-7.222758	-6.976468	-6.977771	-15.157470	-6.935394
1350.098000	-7.163618	-7.193753	-6.960215	-7.202345	-7.187811	-7.187922	-7.182432	-7.142920	-7.202624	-7.205333	-7.224401	-7.222787	-6.976484	-6.977764	-15.157512	-6.935402
1362.298000	-7.163644	-7.193763	-6.960144	-7.202380	-7.187819	-7.187973	-7.182468	-7.142959	-7.202632	-7.205390	-7.224460	-7.222824	-6.976464	-6.977784	-15.157725	-6.935420
1374.509000	-7.163641	-7.193783	-6.960093	-7.202418	-7.187836	-7.188005	-7.182510	-7.142973	-7.202657	-7.205429	-7.224497	-7.222851	-6.976452	-6.977801	-15.157491	-6.935434
1386.699000	-7.163654	-7.193789	-6.960185	-7.202445	-7.187857	-7.188041	-7.182556	-7.143004	-7.202649	-7.205482	-7.224531	-7.222896	-6.976454	-6.977802	-15.157469	-6.935449
1398.894000	-7.163655	-7.193793	-6.960155	-7.202478	-7.187875	-7.188074	-7.182573	-7.143009	-7.202672	-7.205534	-7.224597	-7.222933	-6.976439	-6.977814	-15.157432	-6.935442
1411.100000	-7.163669	-7.193778	-6.960061	-7.202489	-7.187881	-7.188108	-7.182599	-7.143043	-7.202692	-7.205538	-7.224636	-7.222972	-6.976411	-6.977815	-15.157391	-6.935447
1423.288000	-7.163674	-7.193809	-6.960079	-7.202533	-7.187893	-7.188136	-7.182624	-7.143054	-7.202691	-7.205574	-7.224665	-7.223009	-6.976419	-6.977815	-15.157453	-6.935459
1435.463000	-7.163680	-7.193791	-6.960090	-7.202555	-7.187916	-7.188157	-7.182652	-7.143069	-7.202699	-7.205617	-7.224683	-7.223061	-6.976413	-6.977843	-15.157529	-6.935477
1447.675000	-7.163708	-7.193801	-6.960041	-7.202594	-7.187929	-7.188174	-7.182700	-7.143093	-7.202712	-7.205646	-7.224735	-7.223095	-6.976421	-6.977835	-15.157459	-6.935494
1459.895000	-7.163695	-7.193799	-6.959985	-7.202593	-7.187933	-7.188192	-7.182709	-7.143113	-7.202723	-7.205641	-7.224764	-7.223107	-6.976415	-6.977857	-15.157278	-6.935483
1472.091000	-7.163711	-7.193798	-6.960004	-7.202633	-7.187933	-7.188210	-7.182711	-7.143125	-7.202729	-7.205668	-7.224781	-7.223128	-6.976399	-6.977862	-15.157303	-6.935486
1484.283000	-7.163708	-7.193788	-6.959987	-7.202668	-7.187930	-7.188231	-7.182732	-7.143128	-7.202718	-7.205697	-7.224815	-7.223148	-6.976397	-6.977867	-15.157373	-6.935510
1496.483000	-7.163707	-7.193796	-6.959954	-7.202668	-7.187940	-7.188234	-7.182745	-7.143142	-7.202744	-7.205728	-7.224836	-7.223181	-6.976380	-6.977873	-15.157404	-6.935503
1508.666000	-7.163705	-7.193809	-6.959928	-7.202690	-7.187972	-7.188253	-7.182779	-7.143164	-7.202750	-7.205742	-7.224845	-7.223203	-6.976373	-6.977892	-15.157296	-6.935507
1520.850000	-7.163718	-7.193806	-6.959871	-7.202707	-7.187970	-7.188266	-7.182796	-7.143177	-7.202775	-7.205751	-7.224879	-7.223230	-6.976378	-6.977888	-15.157658	-6.935511
1533.035000	-7.163710	-7.193807	-6.959920	-7.202732	-7.187974	-7.188281	-7.182796	-7.143197	-7.202772	-7.205767	-7.224907	-7.223242	-6.976393	-6.977910	-15.157416	-6.935501
1545.223000	-7.163727	-7.193789	-6.959895	-7.202730	-7.187974	-7.188280	-7.182807	-7.143196	-7.202785	-7.205782	-7.224903	-7.223257	-6.976382	-6.977913	-15.157300	-6.935507
1557.416000	-7.163717	-7.193787	-6.959906	-7.202754	-7.187993	-7.188293	-7.182819	-7.143197	-7.202794	-7.205796	-7.224935	-7.223272	-6.976371	-6.977902	-15.157273	-6.935498
1569.586000	-7.163712	-7.193796	-6.959942	-7.202755	-7.187986	-7.188292	-7.182806	-7.143185	-7.202789	-7.205814	-7.224932	-7.223304	-6.976377	-6.977920	-15.157298	-6.935523
1581.809000	-7.163721	-7.193797	-6.959870	-7.202777	-7.187993	-7.188299	-7.182823	-7.143194	-7.202796	-7.205820	-7.224918	-7.223306	-6.976362	-6.977914	-15.157390	-6.935521
1593.984000	-7.163723	-7.193786	-6.959860	-7.202770	-7.188006	-7.188300	-7.182827	-7.143205	-7.202787	-7.205836	-7.224952	-7.223341	-6.976379	-6.977935	-15.157456	-6.935519
1606.212000	-7.163725	-7.193791	-6.959800	-7.202789	-7.188010	-7.188328	-7.182835	-7.143214	-7.202793	-7.205845	-7.224968	-7.223333	-6.976365	-6.977942	-15.157425	-6.935515
1618.402000	-7.163736	-7.193787	-6.959755	-7.202790	-7.188016	-7.188330	-7.182847	-7.143220	-7.202804	-7.205858	-7.224986	-7.223345	-6.976359	-6.977944	-15.157282	-6.935520
1630.588000	-7.163740	-7.193802	-6.959793	-7.202802	-7.188029	-7.188341	-7.182846	-7.143225	-7.202817	-7.205846	-7.224989	-7.223368	-6.976355	-6.977940	-15.157438	-6.935525
1642.793000	-7.163740	-7.193788	-6.959843	-7.202812	-7.188034	-7.188330	-7.182877	-7.143237	-7.202833	-7.205868	-7.225005	-7.223383	-6.976356	-6.977967	-15.157303	-6.935534
1654.982000	-7.163750	-7.193793	-6.959744	-7.202820	-7.188036	-7.188342	-7.182862	-7.143234	-7.202849	-7.205869	-7.225032	-7.223391	-6.976361	-6.977967	-15.157411	-6.935532
1667.213000	-7.163752	-7.193796	-6.959772	-7.202817	-7.188066	-7.188368	-7.182886	-7.143234	-7.202838	-7.205876	-7.225021	-7.223421	-6.976370	-6.977960	-15.157516	-6.935535
1679.410000	-7.163740	-7.193783	-6.959760	-7.202830	-7.188050	-7.188354	-7.182902	-7.143233	-7.202855	-7.205877	-7.225037	-7.223437	-6.976355	-6.977963	-15.157514	-6.935537
1691.601000	-7.163750	-7.193785	-6.959731	-7.202847	-7.188053	-7.188359	-7.182898	-7.143252	-7.202861	-7.205885	-7.225058	-7.223453	-6.976349	-6.977979	-15.157314	-6.935537
1703.788000	-7.163748	-7.193805	-6.959739	-7.202858	-7.188067	-7.188384	-7.182894	-7.143258	-7.202851	-7.205895	-7.225050	-7.223446	-6.976352	-6.977985	-15.157463	-6.935552
1715.965000	-7.163753	-7.193796	-6.959725	-7.202858	-7.188066	-7.188371	-7.182884	-7.143260	-7.202871	-7.205916	-7.225056	-7.223463	-6.976349	-6.977978	-15.157386	-6.935539
1728.164000	-7.163752	-7.193800	-6.959651	-7.202859	-7.188085	-7.188370	-7.182912	-7.143258	-7.202862	-7.205910	-7.225062	-7.223448	-6.976353	-6.977972	-15.157330	-6.935546
1740.369000	-7.163766	-7.193801	-6.959632	-7.202883	-7.188090	-7.188375	-7.182905	-7.143254	-7.202881	-7.205907	-7.225079	-7.223450	-6.976350	-6.977979	-15.157475	-6.935544
1752.543000	-7.163754	-7.193799	-6.959633	-7.202875	-7.188098	-7.188388	-7.182908	-7.143256	-7.202899	-7.205918	-7.225080	-7.223476	-6.976337	-6.977983	-15.157358	-6.935539
1764.758000	-7.163759	-7.193800	-6.959546	-7.202894	-7.188091	-7.188383	-7.182927	-7.143272	-7.202900	-7.205923	-7.225092	-7.223494	-6.976342	-6.977987	-15.157346	-6.935543
1776.952000	-7.163772	-7.193804	-6.959599	-7.202900	-7.188093	-7.188393	-7.182930	-7.143263	-7.202904	-7.205936	-7.225100	-7.223508	-6.976328	-6.977976	-15.157613	-6.935546
1789.166000	-7.163765	-7.193803	-6.959518	-7.202897	-7.188107	-7.188389	-7.182927	-7.143274	-7.202930	-7.205941	-7.225113	-7.223506	-6.976339	-6.977978	-15.157548	-6.935553
1801.367000	-7.163773	-7.193792	-6.959498	-7.202909	-7.188094	-7.188399	-7.182946	-7.143276	-7.202911	-7.205931	-7.225105	-7.223491	-6.976326	-6.977995	-15.157441	-6.935552
1813.562000	-7.163768	-7.193768	-6.959452	-7.202909	-7.188096	-7.188405	-7.182950	-7.143276	-7.202917	-7.205936	-7.225117	-7.223522	-6.976334	-6.977984	-15.157509	-6.935565
1825.770000	-7.163763	-7.193793	-6.959473	-7.202905	-7.188097	-7.188416	-7.182945	-7.143289	-7.202926	-7.205938	-7.225136	-7.223533	-6.976328	-6.978012	-15.157414	-6.935555
1837.958000	-7.163764	-7.193781	-6.959406	-7.202927	-7.188105	-7.188412	-7.182956	-7.143292	-7.202935	-7.205951	-7.225140	-7.223526	-6.976341	-6.978004	-15.157436	-6.935562
1850.158000	-7.163760	-7.193795	-6.959414	-7.202916	-7.188104	-7.188406	-7.182946	-7.143288	-7.202936	-7.205956	-7.225140	-7.223523	-6.976340	-6.978017	-15.157624	-6.935554
1862.344000	-7.163784	-7.193793	-6.959383	-7.202905	-7.188117	-7.188421	-7.182956	-7.143288	-7.202947	-7.205964	-7.225138	-7.223536	-6.976326	-6.978016	-15.157348	-6.935554
1874.522000	-7.163773	-7.193799	-6.959352	-7.202936	-7.188114	-7.188439	-7.182961	-7.143297	-7.202931	-7.205959	-7.225156	-7.223545	-6.976324	-6.978025	-15.157480	-6.935560
1886.716000	-7.163776	-7.193802	-6.959332	-7.202933	-7.188132	-7.188437	-7.182955	-7.143299	-7.202954	-7.205971	-7.225159	-7.223588	-6.976344	-6.978029	-15.157284	-6.935552
1898.944000	-7.163774	-7.193799	-6.959292	-7.202936	-7.188129	-7.188453	-7.182960	-7.143292	-7.202955	-7.205984	-7.225150	-7.223571	-6.976344	-6.978031	-15.157552	-6.935544
1911.121000	-7.163781	-7.193814	-6.959307	-7.202944	-7.188126	-7.188461	-7.182959	-7.143307	-7.202943	-7.205976	-7.225160	-7.223575	-6.976328	-6.978039	-15.157643	-6.935554
1923.322000	-7.163783	-7.193785	-6.959263	-7.202942	-7.188114	-7.188431	-7.182959	-7.143304	-7.202954	-7.206000	-7.225172	-7.223581	-6.976335	-6.978025	-15.157522	-6.935559
1935.523000	-7.163785	-7.193799	-6.959321	-7.202949	-7.188135	-7.188447	-7.182975	-7.143301	-7.202964	-7.205999	-7.225167	-7.223593	-6.976323	-6.978029	-15.157560	-6.935563
1947.718000	-7.163777	-7.193807	-6.959259	-7.202976	-7.188128	-7.188435	-7.182975	-7.143309	-7.202966	-7.206003	-7.225187	-7.223601	-6.976338	-6.978032	-15.157565	-6.935566
1959.918000	-7.163779	-7.193794	-6.959264	-7.202953	-7.188136	-7.188452	-7.182988	-7.143324	-7.202960	-7.205994	-7.225179	-7.223604	-6.976315	-6.978041	-15.157552	-6.935564
1972.123000	-7.163788	-7.193808	-6.959199	-7.202958	-7.188145	-7.188466	-7.182993	-7.143316	-7.202967	-7.206004	-7.225183	-7.223616	-6.976324	-6.978053	-15.157736	-6.935563
1984.317000	-7.163789	-7.193798	-6.959247	-7.202956	-7.188145	-7.188474	-7.182993	-7.143327	-7.202972	-7.206023	-7.225201	-7.223624	-6.976325	-6.978047	-15.157422	-6.935571
1996.496000	-7.163786	-7.193800	-6.959302	-7.202971	-7.188139	-7.188456	-7.182994	-7.143317	-7.202954	-7.206016	-7.225198	-7.223631	-6.976322	-6.978037	-15.157781	-6.935547
2008.687000	-7.163788	-7.193797	-6.959237	-7.202978	-7.188143	-7.188459	-7.182987	-7.143305	-7.202949	-7.206031	-7.225202	-7.223628	-6.976313	-6.978052	-15.157550	-6.935564
2020.875000	-7.163794	-7.193820	-6.959186	-7.202974	-7.188152	-7.188461	-7.182979	-7.143308	-7.202979	-7.206030	-7.225217	-7.223642	-6.976323	-6.978046	-15.157633	-6.935578
2033.081000	-7.163798	-7.193821	-6.959192	-7.202989	-7.188154	-7.188464	-7.182985	-7.143319	-7.202985	-7.206011	-7.225202	-7.223628	-6.976331	-6.978041	-15.157532	-6.935565
2045.271000	-7.163815	-7.193823	-6.959172	-7.202994	-7.188151	-7.188467	-7.182985	-7.143316	-7.202983	-7.206034	-7.225214	-7.223635	-6.976300	-6.978061	-15.157341	-6.935572
2057.454000	-7.163780	-7.193776	-6.959114	-7.202988	-7.188125	-7.188369	-7.182978	-7.143312	-7.202887	-7.205955	-7.225123	-7.223581	-6.976356	-6.978041	-15.157536	-6.935643
2069.652000	-7.163749	-7.193744	-6.959733	-7.202812	-7.187967	-7.188140	-7.182750	-7.143166	-7.202570	-7.205598	-7.224768	-7.223002	-6.976407	-6.977880	-15.157449	-6.935525
2081.846000	-7.163685	-7.193743	-6.959917	-7.202369	-7.187663	-7.187718	-7.182287	-7.142867	-7.202350	-7.205002	-7.224240	-7.222351	-6.976486	-6.977677	-15.157616	-6.935347
2094.038000	-7.163597	-7.193644	-6.959910	-7.202025	-7.187382	-7.187273	-7.181917	-7.142621	-7.202188	-7.204582	-7.223772	-7.221979	-6.976413	-6.977531	-15.157689	-6.935177
2106.241000	-7.163520	-7.193533	-6.959875	-7.201783	-7.187147	-7.187004	-7.181701	-7.142455	-7.202069	-7.204379	-7.223499	-7.221709	-6.976223	-6.977424	-15.157685	-6.935037
2118.455000	-7.163419	-7.193464	-6.959748	-7.201593	-7.186978	-7.186790	-7.181526	-7.142337	-7.201974	-7.204205	-7.223303	-7.221527	-6.976070	-6.977334	-15.157751	-6.934937
2130.634000	-7.163343	-7.193376	-6.959640	-7.201470	-7.186833	-7.186657	-7.181418	-7.142253	-7.201900	-7.204096	-7.223165	-7.221394	-6.975951	-6.977272	-15.157594	-6.934845
2142.832000	-7.163316	-7.193326	-6.959593	-7.201371	-7.186738	-7.186569	-7.181330	-7.142201	-7.201872	-7.204010	-7.223079	-7.221307	-6.975875	-6.977230	-15.157613	-6.934800
2155.022000	-7.163270	-7.193287	-6.959604	-7.201300	-7.186657	-7.186482	-7.181253	-7.142181	-7.201843	-7.203940	-7.222997	-7.221243	-6.975793	-6.977172	-15.157492	-6.934761
2167.231000	-7.163231	-7.193254	-6.959587	-7.201244	-7.186611	-7.186436	-7.181234	-7.142130	-7.201832	-7.203916	-7.222953	-7.221200	-6.975721	-6.977162	-15.157745	-6.934716
2179.413000	-7.163226	-7.193243	-6.959564	-7.201212	-7.186574	-7.186406	-7.181185	-7.142114	-7.201805	-7.203867	-7.222913	-7.221153	-6.975683	-6.977139	-15.157754	-6.934689
2191.597000	-7.163201	-7.193193	-6.959610	-7.201167	-7.186550	-7.186387	-7.181156	-7.142078	-7.201797	-7.203852	-7.222886	-7.221123	-6.975659	-6.977131	-15.157651	-6.934685
2203.763000	-7.163207	-7.193189	-6.959641	-7.201121	-7.186517	-7.186368	-7.181121	-7.142065	-7.201790	-7.203823	-7.222870	-7.221118	-6.975634	-6.977096	-15.157550	-6.934684
2215.944000	-7.163179	-7.193177	-6.959610	-7.201126	-7.186519	-7.186345	-7.181126	-7.142078	-7.201773	-7.203824	-7.222841	-7.221082	-6.975623	-6.977095	-15.157581	-6.934663
2228.134000	-7.163170	-7.193153	-6.959528	-7.201096	-7.186498	-7.186318	-7.181112	-7.142055	-7.201762	-7.203814	-7.222830	-7.221081	-6.975603	-6.977099	-15.157440	-6.934653
2240.331000	-7.163149	-7.193165	-6.959504	-7.201088	-7.186496	-7.186314	-7.181104	-7.142056	-7.201757	-7.203802	-7.222824	-7.221068	-6.975609	-6.977065	-15.157355	-6.934655
2252.512000	-7.163135	-7.193141	-6.959525	-7.201081	-7.186476	-7.186297	-7.181093	-7.142042	-7.201761	-7.203813	-7.222790	-7.221066	-6.975596	-6.977056	-15.157681	-6.934638
2264.713000	-7.163142	-7.193159	-6.959538	-7.201069	-7.186474	-7.186285	-7.181080	-7.142037	-7.201769	-7.203783	-7.222788	-7.221080	-6.975580	-6.977048	-15.157509	-6.934636
2276.901000	-7.163129	-7.193157	-6.959530	-7.201056	-7.186478	-7.186300	-7.181087	-7.142038	-7.201749	-7.203794	-7.222784	-7.221049	-6.975559	-6.977040	-15.157492	-6.934647
2289.091000	-7.163110	-7.193145	-6.959478	-7.201054	-7.186475	-7.186296	-7.181078	-7.142032	-7.201761	-7.203785	-7.222775	-7.221040	-6.975566	-6.977026	-15.157515	-6.934625
2301.280000	-7.163107	-7.193138	-6.959572	-7.201057	-7.186452	-7.186259	-7.181072	-7.142025	-7.201751	-7.203767	-7.222762	-7.221027	-6.975557	-6.977049	-15.157744	-6.934626
2313.474000	-7.163135	-7.193133	-6.959568	-7.201053	-7.186445	-7.186269	-7.181085	-7.142025	-7.201757	-7.203789	-7.222759	-7.221025	-6.975556	-6.977034	-15.157624	-6.934619
2325.675000	-7.163128	-7.193125	-6.959552	-7.201039	-7.186452	-7.186269	-7.181079	-7.142024	-7.201752	-7.203771	-7.222755	-7.221017	-6.975552	-6.977039	-15.157527	-6.934621
2337.870000	-7.163113	-7.193125	-6.959571	-7.201051	-7.186439	-7.186265	-7.181075	-7.142018	-7.201750	-7.203757	-7.222743	-7.221022	-6.975557	-6.977032	-15.157605	-6.934609
2350.058000	-7.163113	-7.193127	-6.959560	-7.201043	-7.186443	-7.186249	-7.181076	-7.142022	-7.201745	-7.203767	-7.222745	-7.221003	-6.975546	-6.977036	-15.157541	-6.934611
2362.250000	-7.163110	-7.193125	-6.959530	-7.201027	-7.186431	-7.186242	-7.181082	-7.142020	-7.201762	-7.203778	-7.222729	-7.221013	-6.975554	-6.977035	-15.157671	-6.934607
2374.467000	-7.163117	-7.193134	-6.959525	-7.201027	-7.186446	-7.186249	-7.181062	-7.142017	-7.201741	-7.203766	-7.222742	-7.221007	-6.975550	-6.977047	-15.157786	-6.934604
2386.707000	-7.163103	-7.193131	-6.959588	-7.201038	-7.186441	-7.186247	-7.181069	-7.142028	-7.201754	-7.203749	-7.222739	-7.221001	-6.975549	-6.977044	-15.157819	-6.934610
2398.895000	-7.163092	-7.193133	-6.959550	-7.201030	-7.186426	-7.186240	-7.181064	-7.142021	-7.201738	-7.203760	-7.222730	-7.220997	-6.975548	-6.977049	-15.157775	-6.934609
2411.078000	-7.163091	-7.193118	-6.959566	-7.201024	-7.186428	-7.186224	-7.181057	-7.142015	-7.201724	-7.203763	-7.222728	-7.220993	-6.975548	-6.977036	-15.157663	-6.934612
2423.263000	-7.163088	-7.193111	-6.959515	-7.201011	-7.186447	-7.186232	-7.181063	-7.142024	-7.201721	-7.203746	-7.222723	-7.221006	-6.975542	-6.977051	-15.157852	-6.934620
2435.482000	-7.163098	-7.193126	-6.959518	-7.201030	-7.186425	-7.186228	-7.181058	-7.142024	-7.201731	-7.203774	-7.222728	-7.221006	-6.975561	-6.977048	-15.157686	-6.934590
2447.667000	-7.163095	-7.193116	-6.959521	-7.201021	-7.186426	-7.186227	-7.181053	-7.142021	-7.201731	-7.203764	-7.222727	-7.221010	-6.975537	-6.977033	-15.157736	-6.934607
2459.846000	-7.163090	-7.193122	-6.959467	-7.201006	-7.186432	-7.186235	-7.181070	-7.142025	-7.201744	-7.203748	-7.222739	-7.220997	-6.975522	-6.977035	-15.157880	-6.934612
2472.039000	-7.163102	-7.193130	-6.959463	-7.201010	-7.186423	-7.186213	-7.181063	-7.142020	-7.201745	-7.203757	-7.222730	-7.220991	-6.975530	-6.977039	-15.157783	-6.934587
2484.231000	-7.163102	-7.193103	-6.959414	-7.201014	-7.186419	-7.186220	-7.181059	-7.142017	-7.201762	-7.203761	-7.222710	-7.220985	-6.975526	-6.977045	-15.157752	-6.934590
2496.419000	-7.163093	-7.193125	-6.959466	-7.201018	-7.186426	-7.186229	-7.181062	-7.142026	-7.201728	-7.203756	-7.222717	-7.221010	-6.975543	-6.977028	-15.157886	-6.934590
2508.589000	-7.163086	-7.193102	-6.959451	-7.200990	-7.186427	-7.186237	-7.181055	-7.142026	-7.201728	-7.203762	-7.222711	-7.220989	-6.975518	-6.977018	-15.157843	-6.934591
2520.796000	-7.163077	-7.193117	-6.959396	-7.200992	-7.186433	-7.186223	-7.181058	-7.142013	-7.201722	-7.203746	-7.222711	-7.220993	-6.975534	-6.977015	-15.157942	-6.934589
2532.997000	-7.163081	-7.193122	-6.959426	-7.201001	-7.186415	-7.186217	-7.181067	-7.142020	-7.201736	-7.203748	-7.222709	-7.220985	-6.975541	-6.977017	-15.157718	-6.934583
2545.216000	-7.163084	-7.193116	-6.959422	-7.200998	-7.186421	-7.186211	-7.181052	-7.142012	-7.201737	-7.203754	-7.222720	-7.220996	-6.975521	-6.977019	-15.157666	-6.934583
2557.404000	-7.163078	-7.193122	-6.959457	-7.201005	-7.186415	-7.186212	-7.181051	-7.142020	-7.201716	-7.203747	-7.222724	-7.220982	-6.975528	-6.977021	-15.157588	-6.934584
2569.603000	-7.163083	-7.193114	-6.959449	-7.200993	-7.186416	-7.186223	-7.181056	-7.142011	-7.201729	-7.203749	-7.222724	-7.220998	-6.975538	-6.977020	-15.157901	-6.934594
2581.802000	-7.163080	-7.193118	-6.959510	-7.201009	-7.186417	-7.186224	-7.181038	-7.142010	-7.201726	-7.203728	-7.222724	-7.220977	-6.975538	-6.977013	-15.158028	-6.934584
2593.994000	-7.163082	-7.193121	-6.959426	-7.201010	-7.186405	-7.186216	-7.181041	-7.142010	-7.201727	-7.203734	-7.222714	-7.220960	-6.975533	-6.977021	-15.157687	-6.934591
2606.220000	-7.163085	-7.193121	-6.959440	-7.201004	-7.186409	-7.186224	-7.181048	-7.142005	-7.201716	-7.203749	-7.222727	-7.220980	-6.975519	-6.977026	-15.157510	-6.934584
2618.408000	-7.163085	-7.193112	-6.959423	-7.201004	-7.186407	-7.186228	-7.181051	-7.142001	-7.201719	-7.203744	-7.222719	-7.220972	-6.975514	-6.977026	-15.157723	-6.934598
2630.614000	-7.163074	-7.193127	-6.959394	-7.201003	-7.186417	-7.186207	-7.181048	-7.142015	-7.201721	-7.203751	-7.222727	-7.220991	-6.975533	-6.977025	-15.157593	-6.934575
2642.805000	-7.163065	-7.193115	-6.959434	-7.201014	-7.186390	-7.186207	-7.181042	-7.142010	-7.201725	-7.203747	-7.222732	-7.220962	-6.975519	-6.977032	-15.157718	-6.934588
2655.008000	-7.163074	-7.193112	-6.959454	-7.201012	-7.186418	-7.186210	-7.181036	-7.141994	-7.201730	-7.203757	-7.222711	-7.220984	-6.975517	-6.977028	-15.157623	-6.934582
2667.219000	-7.163084	-7.193109	-6.959480	-7.201002	-7.186412	-7.186215	-7.181040	-7.141991	-7.201735	-7.203756	-7.222729	-7.220976	-6.975521	-6.977016	-15.157637	-6.934579
2679.401000	-7.163074	-7.193113	-6.959465	-7.201009	-7.186407	-7.186222	-7.181039	-7.141995	-7.201718	-7.203746	-7.222726	-7.220967	-6.975544	-6.977031	-15.157545	-6.934572
2691.603000	-7.163080	-7.193108	-6.959460	-7.201001	-7.186419	-7.186219	-7.181036	-7.141985	-7.201727	-7.203747	-7.222706	-7.220994	-6.975547	-6.977022	-15.157666	-6.934589
2703.825000	-7.163067	-7.193123	-6.959421	-7.201003	-7.186413	-7.186206	-7.181033	-7.141998	-7.201728	-7.203754	-7.222732	-7.220986	-6.975525	-6.977031	-15.157815	-6.934574
2716.002000	-7.163075	-7.193117	-6.959448	-7.200991	-7.186393	-7.186228	-7.181032	-7.141992	-7.201719	-7.203756	-7.222726	-7.220965	-6.975546	-6.977034	-15.157936	-6.934578
2728.203000	-7.163075	-7.193137	-6.959421	-7.200993	-7.186413	-7.186201	-7.181025	-7.142003	-7.201736	-7.203733	-7.222728	-7.220977	-6.975527	-6.977020	-15.157826	-6.934582
2740.402000	-7.163074	-7.193122	-6.959437	-7.201000	-7.186407	-7.186195	-7.181033	-7.141995	-7.201726	-7.203729	-7.222732	-7.220979	-6.975528	-6.977018	-15.157804	-6.934585
2752.579000	-7.163084	-7.193129	-6.959419	-7.200996	-7.186411	-7.186192	-7.181050	-7.142008	-7.201742	-7.203746	-7.222714	-7.220973	-6.975521	-6.977028	-15.157831	-6.934590
2764.767000	-7.163098	-7.193114	-6.959406	-7.201011	-7.186412	-7.186191	-7.181037	-7.141993	-7.201733	-7.203739	-7.222708	-7.220981	-6.975531	-6.977026	-15.157887	-6.934565
2776.941000	-7.163089	-7.193120	-6.959375	-7.201002	-7.186403	-7.186202	-7.181048	-7.141986	-7.201726	-7.203745	-7.222699	-7.220980	-6.975535	-6.977018	-15.157722	-6.934560
2789.143000	-7.163081	-7.193110	-6.959428	-7.201008	-7.186396	-7.186201	-7.181027	-7.142000	-7.201735	-7.203752	-7.222707	-7.220960	-6.975529	-6.977027	-15.157692	-6.934563
2801.341000	-7.163080	-7.193109	-6.959423	-7.201006	-7.186407	-7.186195	-7.181047	-7.141994	-7.201735	-7.203752	-7.222712	-7.220978	-6.975520	-6.977025	-15.157722	-6.934569
2813.542000	-7.163067	-7.193112	-6.959439	-7.200999	-7.186414	-7.186190	-7.181045	-7.141993	-7.201729	-7.203743	-7.222705	-7.220990	-6.975517	-6.977014	-15.157727	-6.934568
2825.750000	-7.163066	-7.193116	-6.959367	-7.201004	-7.186412	-7.186184	-7.181041	-7.142006	-7.201735	-7.203751	-7.222708	-7.220969	-6.975507	-6.977017	-15.157744	-6.934584
2837.934000	-7.163071	-7.193114	-6.959436	-7.201008	-7.186410	-7.186202	-7.181034	-7.142016	-7.201726	-7.203738	-7.222696	-7.220963	-6.975532	-6.977010	-15.157772	-6.934571
2850.142000	-7.163061	-7.193100	-6.959374	-7.201000	-7.186428	-7.186200	-7.181015	-7.141998	-7.201736	-7.203737	-7.222693	-7.220963	-6.975539	-6.977020	-15.157914	-6.934574
2862.333000	-7.163076	-7.193089	-6.959378	-7.200996	-7.186418	-7.186185	-7.181034	-7.142004	-7.201738	-7.203739	-7.222702	-7.220968	-6.975524	-6.977007	-15.157633	-6.934557
2874.513000	-7.163081	-7.193117	-6.959451	-7.201023	-7.186419	-7.186181	-7.181040	-7.142016	-7.201723	-7.203753	-7.222701	-7.220961	-6.975532	-6.977021	-15.157841	-6.934573
2886.696000	-7.163072	-7.193099	-6.959385	-7.201003	-7.186415	-7.186189	-7.181035	-7.142017	-7.201720	-7.203746	-7.222691	-7.220969	-6.975532	-6.977011	-15.157682	-6.934575
2898.891000	-7.163080	-7.193114	-6.959322	-7.200998	-7.186409	-7.186177	-7.181022	-7.142016	-7.201739	-7.203754	-7.222686	-7.220948	-6.975527	-6.976998	-15.157712	-6.934560
2911.083000	-7.163073	-7.193114	-6.959378	-7.200997	-7.186411	-7.186197	-7.181031	-7.142002	-7.201734	-7.203739	-7.222692	-7.220954	-6.975512	-6.977015	-15.157757	-6.934586
2923.281000	-7.163082	-7.193111	-6.959301	-7.201006	-7.186402	-7.186183	-7.181039	-7.142015	-7.201713	-7.203747	-7.222692	-7.220949	-6.975526	-6.977016	-15.157859	-6.934582
2935.465000	-7.163074	-7.193112	-6.959354	-7.201001	-7.186410	-7.186186	-7.181044	-7.142006	-7.201726	-7.203748	-7.222687	-7.220954	-6.975529	-6.977008	-15.157816	-6.934572
2947.660000	-7.163096	-7.193111	-6.959291	-7.201008	-7.186419	-7.186204	-7.181028	-7.141997	-7.201711	-7.203726	-7.222681	-7.220941	-6.975522	-6.977005	-15.157578	-6.934582
2959.843000	-7.163071	-7.193126	-6.959353	-7.200982	-7.186406	-7.186199	-7.181036	-7.141998	-7.201710	-7.203742	-7.222699	-7.220965	-6.975538	-6.977010	-15.157658	-6.934584
2972.035000	-7.163080	-7.193110	-6.959373	-7.200993	-7.186400	-7.186204	-7.181033	-7.142009	-7.201726	-7.203740	-7.222681	-7.220957	-6.975537	-6.977011	-15.157713	-6.934595
2984.214000	-7.163085	-7.193117	-6.959454	-7.200992	-7.186398	-7.186182	-7.181032	-7.141994	-7.201720	-7.203719	-7.222687	-7.220948	-6.975526	-6.977018	-15.157868	-6.934602
2996.416000	-7.163074	-7.193110	-6.959438	-7.201006	-7.186410	-7.186199	-7.181043	-7.141991	-7.201710	-7.203722	-7.222687	-7.220953	-6.975518	-6.977006	-15.157956	-6.934585
3008.602000	-7.163076	-7.193132	-6.959350	-7.200998	-7.186406	-7.186181	-7.181032	-7.141991	-7.201719	-7.203732	-7.222685	-7.220957	-6.975526	-6.977015	-15.157829	-6.934585
3020.796000	-7.163061	-7.193103	-6.959363	-7.200993	-7.186414	-7.186172	-7.181027	-7.141980	-7.201717	-7.203722	-7.222676	-7.220960	-6.975527	-6.977014	-15.157656	-6.934585
3033.014000	-7.163065	-7.193098	-6.959323	-7.200994	-7.186397	-7.186169	-7.181016	-7.142003	-7.201737	-7.203723	-7.222686	-7.220955	-6.975530	-6.976999	-15.157830	-6.934573
3045.218000	-7.163067	-7.193105	-6.959410	-7.201007	-7.186401	-7.186185	-7.181044	-7.141992	-7.201723	-7.203712	-7.222667	-7.220932	-6.975539	-6.977007	-15.157946	-6.934576
3057.408000	-7.163057	-7.193099	-6.959400	-7.201009	-7.186412	-7.186177	-7.181047	-7.141986	-7.201728	-7.203733	-7.222691	-7.220959	-6.975517	-6.976991	-15.157688	-6.934578
3069.569000	-7.163062	-7.193106	-6.959438	-7.201006	-7.186398	-7.186163	-7.181041	-7.141993	-7.201729	-7.203712	-7.222691	-7.220952	-6.975512	-6.977003	-15.157874	-6.934572
3081.761000	-7.163052	-7.193106	-6.959314	-7.200995	-7.186392	-7.186154	-7.181037	-7.142001	-7.201708	-7.203707	-7.222674	-7.220957	-6.975531	-6.977001	-15.157755	-6.934561
3093.981000	-7.163058	-7.193108	-6.959437	-7.200993	-7.186403	-7.186177	-7.181035	-7.141992	-7.201718	-7.203727	-7.222690	-7.220962	-6.975520	-6.977002	-15.157975	-6.934571
3106.190000	-7.163052	-7.193112	-6.959396	-7.201001	-7.186403	-7.186161	-7.181035	-7.141993	-7.201730	-7.203738	-7.222692	-7.220937	-6.975521	-6.977006	-15.157599	-6.934570
3118.382000	-7.163048	-7.193115	-6.959373	-7.201014	-7.186393	-7.186170	-7.181029	-7.141992	-7.201716	-7.203725	-7.222696	-7.220956	-6.975527	-6.977015	-15.157691	-6.934561
3130.567000	-7.163061	-7.193103	-6.959352	-7.200983	-7.186391	-7.186191	-7.181035	-7.141987	-7.201701	-7.203717	-7.222691	-7.220955	-6.975520	-6.976998	-15.157527	-6.934559
	-7.163060															
