8.196000	-7.041940	-7.044015	-7.030884	-7.035944	-7.046297	-7.049056	-7.038517	-7.033763	-7.052742	-7.030194	-7.050402	-7.043432	-7.054856	-7.055330	-15.002419	-7.039871
20.391000	-7.041976	-7.044004	-7.030911	-7.035959	-7.046308	-7.049073	-7.038504	-7.033768	-7.052734	-7.030181	-7.050404	-7.043450	-7.054864	-7.055340	-15.002545	-7.039877
32.578000	-7.041987	-7.044005	-7.030903	-7.035985	-7.046299	-7.049084	-7.038512	-7.033787	-7.052730	-7.030191	-7.050414	-7.043443	-7.054860	-7.055341	-15.002886	-7.039885
44.777000	-7.041972	-7.044020	-7.030884	-7.035972	-7.046305	-7.049088	-7.038512	-7.033785	-7.052728	-7.030184	-7.050401	-7.043458	-7.054877	-7.055338	-15.002956	-7.039886
56.999000	-7.041975	-7.044011	-7.030901	-7.035992	-7.046316	-7.049099	-7.038519	-7.033796	-7.052721	-7.030163	-7.050411	-7.043467	-7.054891	-7.055345	-15.003206	-7.039889
69.188000	-7.041991	-7.044007	-7.030908	-7.036003	-7.046328	-7.049105	-7.038483	-7.033794	-7.052732	-7.030173	-7.050426	-7.043462	-7.054880	-7.055360	-15.003203	-7.039887
81.365000	-7.041987	-7.044012	-7.030912	-7.035976	-7.046340	-7.049077	-7.038487	-7.033790	-7.052742	-7.030197	-7.050407	-7.043455	-7.054907	-7.055361	-15.003433	-7.039896
93.564000	-7.041970	-7.044011	-7.030914	-7.036013	-7.046329	-7.049091	-7.038495	-7.033799	-7.052734	-7.030177	-7.050416	-7.043470	-7.054890	-7.055336	-15.003383	-7.039909
105.735000	-7.042009	-7.044013	-7.030912	-7.035997	-7.046349	-7.049103	-7.038508	-7.033800	-7.052721	-7.030192	-7.050413	-7.043482	-7.054913	-7.055336	-15.003713	-7.039883
117.934000	-7.041980	-7.044011	-7.030919	-7.035974	-7.046340	-7.049107	-7.038505	-7.033797	-7.052720	-7.030172	-7.050426	-7.043482	-7.054895	-7.055360	-15.003799	-7.039901
130.112000	-7.041967	-7.044005	-7.030912	-7.035974	-7.046352	-7.049093	-7.038506	-7.033802	-7.052735	-7.030196	-7.050420	-7.043468	-7.054897	-7.055331	-15.003853	-7.039906
142.313000	-7.041967	-7.044007	-7.030922	-7.035990	-7.046351	-7.049094	-7.038514	-7.033789	-7.052730	-7.030181	-7.050409	-7.043480	-7.054896	-7.055358	-15.003804	-7.039900
154.508000	-7.041985	-7.043996	-7.030910	-7.035978	-7.046358	-7.049087	-7.038505	-7.033808	-7.052723	-7.030170	-7.050403	-7.043464	-7.054905	-7.055378	-15.003934	-7.039912
166.736000	-7.041990	-7.044017	-7.030908	-7.035978	-7.046350	-7.049076	-7.038513	-7.033814	-7.052746	-7.030184	-7.050404	-7.043460	-7.054903	-7.055376	-15.004101	-7.039909
178.923000	-7.041973	-7.044006	-7.030910	-7.036003	-7.046337	-7.049077	-7.038514	-7.033796	-7.052746	-7.030183	-7.050397	-7.043451	-7.054909	-7.055350	-15.004061	-7.039903
191.103000	-7.041977	-7.044011	-7.030924	-7.036016	-7.046336	-7.049085	-7.038494	-7.033800	-7.052749	-7.030186	-7.050389	-7.043449	-7.054909	-7.055361	-15.003849	-7.039899
203.310000	-7.041975	-7.044003	-7.030893	-7.036004	-7.046354	-7.049084	-7.038492	-7.033807	-7.052751	-7.030180	-7.050399	-7.043444	-7.054911	-7.055348	-15.004093	-7.039902
215.514000	-7.041969	-7.044018	-7.030902	-7.035996	-7.046337	-7.049101	-7.038496	-7.033818	-7.052749	-7.030195	-7.050414	-7.043465	-7.054898	-7.055353	-15.004406	-7.039904
227.696000	-7.041961	-7.044037	-7.030889	-7.036010	-7.046349	-7.049090	-7.038496	-7.033819	-7.052757	-7.030180	-7.050427	-7.043459	-7.054907	-7.055344	-15.004200	-7.039919
239.879000	-7.041990	-7.044023	-7.030901	-7.035997	-7.046345	-7.049102	-7.038484	-7.033812	-7.052750	-7.030179	-7.050427	-7.043453	-7.054904	-7.055343	-15.004247	-7.039921
252.062000	-7.041968	-7.044014	-7.030884	-7.036006	-7.046350	-7.049109	-7.038505	-7.033801	-7.052736	-7.030174	-7.050427	-7.043479	-7.054902	-7.055371	-15.004339	-7.039918
264.292000	-7.041970	-7.044018	-7.030885	-7.035998	-7.046352	-7.049077	-7.038496	-7.033816	-7.052752	-7.030174	-7.050405	-7.043459	-7.054899	-7.055372	-15.004412	-7.039913
276.497000	-7.041965	-7.044023	-7.030902	-7.035987	-7.046349	-7.049090	-7.038510	-7.033801	-7.052757	-7.030190	-7.050408	-7.043466	-7.054906	-7.055369	-15.004387	-7.039895
288.700000	-7.041971	-7.044011	-7.030881	-7.035984	-7.046359	-7.049094	-7.038498	-7.033799	-7.052745	-7.030181	-7.050427	-7.043459	-7.054910	-7.055359	-15.004525	-7.039907
300.892000	-7.041952	-7.044007	-7.030823	-7.035986	-7.046354	-7.049013	-7.038474	-7.033775	-7.052717	-7.030163	-7.050350	-7.043520	-7.054911	-7.055368	-15.004588	-7.039973
313.057000	-7.041939	-7.043965	-7.030800	-7.035965	-7.046260	-7.048903	-7.038402	-7.033671	-7.052661	-7.030127	-7.050279	-7.043450	-7.054877	-7.055299	-15.004743	-7.039933
325.231000	-7.041894	-7.043956	-7.030772	-7.035911	-7.046163	-7.048816	-7.038346	-7.033542	-7.052566	-7.030057	-7.050202	-7.043352	-7.054779	-7.055199	-15.004813	-7.039844
337.444000	-7.041833	-7.043921	-7.030761	-7.035846	-7.046020	-7.048707	-7.038299	-7.033423	-7.052525	-7.029966	-7.050127	-7.043246	-7.054662	-7.055082	-15.004753	-7.039782
349.618000	-7.041795	-7.043909	-7.030750	-7.035766	-7.045882	-7.048613	-7.038279	-7.033277	-7.052457	-7.029881	-7.050060	-7.043150	-7.054573	-7.054964	-15.004870	-7.039692
361.789000	-7.041720	-7.043894	-7.030741	-7.035738	-7.045800	-7.048529	-7.038220	-7.033152	-7.052401	-7.029818	-7.050011	-7.043036	-7.054456	-7.054889	-15.004858	-7.039629
373.985000	-7.041668	-7.043850	-7.030749	-7.035659	-7.045682	-7.048461	-7.038183	-7.033063	-7.052355	-7.029784	-7.049975	-7.042930	-7.054356	-7.054816	-15.004895	-7.039570
386.186000	-7.041626	-7.043846	-7.030741	-7.035607	-7.045571	-7.048442	-7.038189	-7.032953	-7.052324	-7.029708	-7.049948	-7.042838	-7.054226	-7.054708	-15.004831	-7.039497
398.374000	-7.041580	-7.043841	-7.030746	-7.035566	-7.045496	-7.048387	-7.038172	-7.032887	-7.052296	-7.029662	-7.049929	-7.042775	-7.054137	-7.054651	-15.004969	-7.039440
410.565000	-7.041554	-7.043822	-7.030732	-7.035540	-7.045442	-7.048365	-7.038145	-7.032804	-7.052268	-7.029634	-7.049895	-7.042701	-7.054085	-7.054617	-15.005146	-7.039419
422.765000	-7.041554	-7.043820	-7.030771	-7.035531	-7.045390	-7.048353	-7.038149	-7.032760	-7.052268	-7.029594	-7.049879	-7.042655	-7.054015	-7.054591	-15.004986	-7.039391
434.952000	-7.041523	-7.043812	-7.030744	-7.035500	-7.045345	-7.048352	-7.038149	-7.032738	-7.052253	-7.029588	-7.049860	-7.042623	-7.053966	-7.054558	-15.005013	-7.039363
447.127000	-7.041525	-7.043813	-7.030739	-7.035502	-7.045337	-7.048335	-7.038140	-7.032708	-7.052245	-7.029564	-7.049850	-7.042591	-7.053928	-7.054534	-15.004953	-7.039363
459.313000	-7.041514	-7.043823	-7.030728	-7.035490	-7.045324	-7.048323	-7.038149	-7.032706	-7.052251	-7.029550	-7.049855	-7.042589	-7.053878	-7.054524	-15.004968	-7.039331
471.501000	-7.041519	-7.043807	-7.030734	-7.035482	-7.045292	-7.048354	-7.038141	-7.032664	-7.052234	-7.029554	-7.049858	-7.042554	-7.053877	-7.054504	-15.005100	-7.039335
483.676000	-7.041479	-7.043800	-7.030724	-7.035498	-7.045306	-7.048319	-7.038139	-7.032672	-7.052237	-7.029544	-7.049874	-7.042528	-7.053872	-7.054485	-15.004891	-7.039325
495.871000	-7.041480	-7.043797	-7.030734	-7.035462	-7.045279	-7.048328	-7.038138	-7.032643	-7.052226	-7.029532	-7.049851	-7.042534	-7.053854	-7.054476	-15.005044	-7.039306
508.066000	-7.041468	-7.043802	-7.030740	-7.035449	-7.045291	-7.048321	-7.038134	-7.032640	-7.052211	-7.029524	-7.049847	-7.042530	-7.053839	-7.054497	-15.005310	-7.039320
520.281000	-7.041485	-7.043812	-7.030746	-7.035458	-7.045278	-7.048320	-7.038145	-7.032656	-7.052219	-7.029511	-7.049843	-7.042535	-7.053840	-7.054486	-15.005105	-7.039302
532.485000	-7.041455	-7.043831	-7.030750	-7.035450	-7.045272	-7.048307	-7.038137	-7.032634	-7.052222	-7.029501	-7.049856	-7.042543	-7.053828	-7.054488	-15.005202	-7.039315
544.698000	-7.041480	-7.043810	-7.030720	-7.035440	-7.045286	-7.048318	-7.038132	-7.032628	-7.052205	-7.029495	-7.049843	-7.042512	-7.053811	-7.054466	-15.005273	-7.039289
556.866000	-7.041479	-7.043801	-7.030745	-7.035435	-7.045261	-7.048305	-7.038111	-7.032641	-7.052209	-7.029514	-7.049828	-7.042506	-7.053794	-7.054453	-15.005252	-7.039310
569.067000	-7.041469	-7.043816	-7.030733	-7.035452	-7.045292	-7.048294	-7.038128	-7.032618	-7.052216	-7.029493	-7.049818	-7.042509	-7.053800	-7.054449	-15.005150	-7.039306
581.271000	-7.041465	-7.043800	-7.030724	-7.035444	-7.045276	-7.048289	-7.038119	-7.032631	-7.052233	-7.029498	-7.049823	-7.042502	-7.053820	-7.054479	-15.005164	-7.039310
593.482000	-7.041463	-7.043793	-7.030735	-7.035426	-7.045268	-7.048298	-7.038123	-7.032615	-7.052216	-7.029506	-7.049831	-7.042516	-7.053804	-7.054477	-15.005128	-7.039303
605.675000	-7.041458	-7.043809	-7.030738	-7.035437	-7.045250	-7.048291	-7.038128	-7.032610	-7.052237	-7.029492	-7.049837	-7.042514	-7.053792	-7.054457	-15.005085	-7.039297
617.850000	-7.041463	-7.043784	-7.030747	-7.035456	-7.045241	-7.048279	-7.038132	-7.032608	-7.052222	-7.029504	-7.049825	-7.042508	-7.053808	-7.054458	-15.004934	-7.039302
630.046000	-7.041480	-7.043797	-7.030738	-7.035432	-7.045248	-7.048285	-7.038127	-7.032617	-7.052234	-7.029490	-7.049817	-7.042500	-7.053797	-7.054460	-15.004921	-7.039295
642.250000	-7.041481	-7.043805	-7.030727	-7.035446	-7.045254	-7.048284	-7.038136	-7.032619	-7.052223	-7.029488	-7.049842	-7.042510	-7.053785	-7.054456	-15.004855	-7.039298
654.435000	-7.041476	-7.043817	-7.030746	-7.035443	-7.045259	-7.048291	-7.038143	-7.032593	-7.052234	-7.029485	-7.049815	-7.042474	-7.053792	-7.054459	-15.004720	-7.039310
666.619000	-7.041446	-7.043805	-7.030739	-7.035438	-7.045237	-7.048287	-7.038145	-7.032612	-7.052217	-7.029481	-7.049823	-7.042475	-7.053775	-7.054463	-15.004984	-7.039291
678.823000	-7.041460	-7.043816	-7.030742	-7.035432	-7.045232	-7.048305	-7.038134	-7.032583	-7.052235	-7.029498	-7.049814	-7.042496	-7.053782	-7.054470	-15.004845	-7.039292
691.008000	-7.041452	-7.043799	-7.030748	-7.035427	-7.045254	-7.048320	-7.038154	-7.032593	-7.052216	-7.029504	-7.049829	-7.042483	-7.053786	-7.054453	-15.005010	-7.039293
703.163000	-7.041470	-7.043803	-7.030739	-7.035442	-7.045216	-7.048311	-7.038131	-7.032597	-7.052210	-7.029496	-7.049817	-7.042480	-7.053779	-7.054458	-15.004934	-7.039292
715.346000	-7.041456	-7.043799	-7.030742	-7.035430	-7.045234	-7.048285	-7.038126	-7.032590	-7.052233	-7.029499	-7.049810	-7.042486	-7.053771	-7.054458	-15.005033	-7.039293
727.548000	-7.041450	-7.043791	-7.030716	-7.035436	-7.045220	-7.048299	-7.038128	-7.032588	-7.052217	-7.029506	-7.049835	-7.042497	-7.053767	-7.054425	-15.005054	-7.039297
739.719000	-7.041466	-7.043809	-7.030715	-7.035416	-7.045238	-7.048295	-7.038109	-7.032583	-7.052227	-7.029497	-7.049803	-7.042476	-7.053765	-7.054445	-15.004965	-7.039279
751.914000	-7.041456	-7.043786	-7.030742	-7.035437	-7.045247	-7.048313	-7.038132	-7.032585	-7.052227	-7.029505	-7.049801	-7.042495	-7.053765	-7.054434	-15.005073	-7.039304
764.098000	-7.041472	-7.043805	-7.030724	-7.035410	-7.045231	-7.048289	-7.038113	-7.032574	-7.052222	-7.029503	-7.049819	-7.042477	-7.053774	-7.054453	-15.005182	-7.039288
776.298000	-7.041473	-7.043798	-7.030737	-7.035423	-7.045236	-7.048278	-7.038113	-7.032575	-7.052222	-7.029491	-7.049802	-7.042479	-7.053771	-7.054449	-15.005017	-7.039293
788.519000	-7.041448	-7.043810	-7.030732	-7.035406	-7.045238	-7.048297	-7.038103	-7.032580	-7.052225	-7.029489	-7.049818	-7.042459	-7.053768	-7.054450	-15.005203	-7.039276
800.703000	-7.041451	-7.043795	-7.030731	-7.035381	-7.045235	-7.048270	-7.038114	-7.032579	-7.052223	-7.029528	-7.049795	-7.042454	-7.053759	-7.054420	-15.005488	-7.039303
812.890000	-7.041439	-7.043803	-7.030734	-7.035409	-7.045226	-7.048282	-7.038108	-7.032580	-7.052206	-7.029518	-7.049820	-7.042468	-7.053762	-7.054444	-15.005309	-7.039270
825.090000	-7.041452	-7.043790	-7.030715	-7.035411	-7.045225	-7.048282	-7.038139	-7.032570	-7.052224	-7.029517	-7.049834	-7.042481	-7.053766	-7.054461	-15.005176	-7.039291
837.292000	-7.041452	-7.043815	-7.030713	-7.035424	-7.045231	-7.048295	-7.038114	-7.032561	-7.052243	-7.029495	-7.049810	-7.042476	-7.053754	-7.054449	-15.005064	-7.039282
849.475000	-7.041443	-7.043810	-7.030733	-7.035419	-7.045212	-7.048274	-7.038122	-7.032566	-7.052207	-7.029518	-7.049816	-7.042467	-7.053758	-7.054448	-15.005017	-7.039269
861.679000	-7.041433	-7.043809	-7.030735	-7.035415	-7.045241	-7.048270	-7.038119	-7.032579	-7.052206	-7.029523	-7.049814	-7.042479	-7.053755	-7.054434	-15.005181	-7.039266
873.870000	-7.041448	-7.043806	-7.030743	-7.035419	-7.045215	-7.048264	-7.038132	-7.032574	-7.052216	-7.029494	-7.049816	-7.042474	-7.053750	-7.054444	-15.005433	-7.039287
886.044000	-7.041448	-7.043826	-7.030726	-7.035385	-7.045224	-7.048278	-7.038128	-7.032584	-7.052216	-7.029507	-7.049809	-7.042469	-7.053747	-7.054439	-15.005383	-7.039277
898.239000	-7.041448	-7.043815	-7.030716	-7.035412	-7.045228	-7.048287	-7.038123	-7.032590	-7.052227	-7.029520	-7.049798	-7.042473	-7.053734	-7.054445	-15.005349	-7.039278
910.420000	-7.041452	-7.043811	-7.030717	-7.035410	-7.045230	-7.048297	-7.038126	-7.032586	-7.052220	-7.029520	-7.049840	-7.042474	-7.053740	-7.054447	-15.005133	-7.039283
922.606000	-7.041448	-7.043817	-7.030733	-7.035399	-7.045213	-7.048288	-7.038122	-7.032595	-7.052227	-7.029525	-7.049817	-7.042477	-7.053739	-7.054436	-15.005098	-7.039271
934.788000	-7.041455	-7.043825	-7.030734	-7.035412	-7.045199	-7.048281	-7.038102	-7.032591	-7.052222	-7.029504	-7.049825	-7.042461	-7.053732	-7.054447	-15.005166	-7.039278
946.979000	-7.041466	-7.043812	-7.030720	-7.035409	-7.045219	-7.048291	-7.038137	-7.032585	-7.052231	-7.029500	-7.049822	-7.042467	-7.053748	-7.054443	-15.005247	-7.039266
959.185000	-7.041429	-7.043821	-7.030734	-7.035402	-7.045211	-7.048285	-7.038126	-7.032615	-7.052215	-7.029488	-7.049811	-7.042471	-7.053737	-7.054425	-15.005293	-7.039281
971.387000	-7.041448	-7.043800	-7.030736	-7.035403	-7.045222	-7.048284	-7.038109	-7.032585	-7.052216	-7.029499	-7.049829	-7.042471	-7.053746	-7.054437	-15.005162	-7.039285
983.566000	-7.041452	-7.043809	-7.030721	-7.035382	-7.045208	-7.048283	-7.038113	-7.032588	-7.052206	-7.029513	-7.049824	-7.042464	-7.053749	-7.054434	-15.005010	-7.039287
995.751000	-7.041459	-7.043796	-7.030726	-7.035393	-7.045207	-7.048283	-7.038125	-7.032569	-7.052219	-7.029492	-7.049809	-7.042461	-7.053737	-7.054432	-15.005223	-7.039275
1007.956000	-7.041444	-7.043794	-7.030711	-7.035398	-7.045198	-7.048295	-7.038114	-7.032592	-7.052219	-7.029508	-7.049819	-7.042468	-7.053737	-7.054412	-15.005119	-7.039276
1020.148000	-7.041449	-7.043796	-7.030719	-7.035403	-7.045211	-7.048301	-7.038131	-7.032579	-7.052194	-7.029513	-7.049808	-7.042446	-7.053745	-7.054426	-15.004995	-7.039287
1032.339000	-7.041442	-7.043798	-7.030719	-7.035407	-7.045203	-7.048304	-7.038120	-7.032587	-7.052205	-7.029501	-7.049795	-7.042458	-7.053749	-7.054447	-15.005323	-7.039284
1044.524000	-7.041440	-7.043787	-7.030703	-7.035392	-7.045206	-7.048292	-7.038117	-7.032585	-7.052210	-7.029498	-7.049804	-7.042452	-7.053728	-7.054412	-15.005492	-7.039281
1056.698000	-7.041454	-7.043805	-7.030697	-7.035430	-7.045189	-7.048283	-7.038112	-7.032595	-7.052217	-7.029496	-7.049810	-7.042462	-7.053725	-7.054405	-15.005149	-7.039281
1068.915000	-7.041473	-7.043804	-7.030712	-7.035407	-7.045196	-7.048286	-7.038128	-7.032579	-7.052212	-7.029508	-7.049802	-7.042469	-7.053718	-7.054398	-15.005216	-7.039270
1081.105000	-7.041466	-7.043805	-7.030695	-7.035405	-7.045197	-7.048281	-7.038140	-7.032555	-7.052198	-7.029500	-7.049815	-7.042450	-7.053725	-7.054421	-15.005163	-7.039275
1093.290000	-7.041458	-7.043804	-7.030716	-7.035386	-7.045193	-7.048283	-7.038141	-7.032556	-7.052202	-7.029508	-7.049815	-7.042463	-7.053722	-7.054425	-15.005118	-7.039289
1105.467000	-7.041469	-7.043796	-7.030687	-7.035393	-7.045163	-7.048274	-7.038131	-7.032569	-7.052221	-7.029510	-7.049822	-7.042470	-7.053743	-7.054421	-15.005258	-7.039282
1117.646000	-7.041456	-7.043818	-7.030694	-7.035401	-7.045204	-7.048277	-7.038130	-7.032577	-7.052228	-7.029516	-7.049822	-7.042459	-7.053731	-7.054416	-15.005274	-7.039274
1129.838000	-7.041454	-7.043815	-7.030701	-7.035410	-7.045215	-7.048297	-7.038132	-7.032596	-7.052200	-7.029517	-7.049812	-7.042491	-7.053744	-7.054419	-15.005401	-7.039270
1142.024000	-7.041433	-7.043819	-7.030711	-7.035390	-7.045203	-7.048289	-7.038141	-7.032569	-7.052225	-7.029488	-7.049833	-7.042472	-7.053742	-7.054421	-15.005307	-7.039278
1154.225000	-7.041435	-7.043814	-7.030701	-7.035409	-7.045206	-7.048292	-7.038146	-7.032585	-7.052195	-7.029501	-7.049819	-7.042478	-7.053731	-7.054426	-15.005279	-7.039277
1166.412000	-7.041421	-7.043807	-7.030708	-7.035386	-7.045211	-7.048294	-7.038132	-7.032574	-7.052192	-7.029496	-7.049830	-7.042443	-7.053721	-7.054426	-15.005464	-7.039279
1178.596000	-7.041415	-7.043802	-7.030711	-7.035399	-7.045212	-7.048311	-7.038149	-7.032578	-7.052202	-7.029505	-7.049821	-7.042479	-7.053735	-7.054421	-15.005064	-7.039269
1190.777000	-7.041431	-7.043787	-7.030720	-7.035398	-7.045208	-7.048304	-7.038115	-7.032568	-7.052186	-7.029498	-7.049831	-7.042457	-7.053725	-7.054407	-15.004937	-7.039269
1202.946000	-7.041431	-7.043810	-7.030704	-7.035401	-7.045191	-7.048306	-7.038136	-7.032592	-7.052197	-7.029514	-7.049809	-7.042459	-7.053727	-7.054418	-15.005225	-7.039264
1215.128000	-7.041448	-7.043814	-7.030713	-7.035397	-7.045190	-7.048293	-7.038135	-7.032579	-7.052190	-7.029501	-7.049834	-7.042464	-7.053718	-7.054418	-15.005377	-7.039270
1227.307000	-7.041410	-7.043814	-7.030719	-7.035388	-7.045207	-7.048291	-7.038125	-7.032595	-7.052189	-7.029493	-7.049823	-7.042476	-7.053730	-7.054429	-15.005384	-7.039279
1239.495000	-7.041433	-7.043809	-7.030707	-7.035380	-7.045199	-7.048285	-7.038133	-7.032590	-7.052194	-7.029537	-7.049827	-7.042469	-7.053723	-7.054398	-15.005362	-7.039271
1251.717000	-7.041436	-7.043811	-7.030699	-7.035394	-7.045183	-7.048294	-7.038146	-7.032576	-7.052195	-7.029494	-7.049808	-7.042456	-7.053740	-7.054418	-15.004942	-7.039270
1263.900000	-7.041428	-7.043825	-7.030705	-7.035395	-7.045184	-7.048295	-7.038130	-7.032582	-7.052185	-7.029482	-7.049808	-7.042458	-7.053732	-7.054418	-15.005340	-7.039268
1276.084000	-7.041436	-7.043813	-7.030709	-7.035377	-7.045179	-7.048275	-7.038127	-7.032559	-7.052187	-7.029488	-7.049812	-7.042471	-7.053720	-7.054412	-15.005179	-7.039270
1288.270000	-7.041423	-7.043816	-7.030702	-7.035387	-7.045191	-7.048273	-7.038126	-7.032584	-7.052194	-7.029512	-7.049822	-7.042469	-7.053706	-7.054414	-15.005417	-7.039265
1300.472000	-7.041420	-7.043806	-7.030686	-7.035389	-7.045195	-7.048286	-7.038109	-7.032574	-7.052195	-7.029511	-7.049819	-7.042480	-7.053713	-7.054407	-15.005165	-7.039266
1312.659000	-7.041420	-7.043820	-7.030721	-7.035375	-7.045191	-7.048286	-7.038134	-7.032576	-7.052216	-7.029496	-7.049829	-7.042459	-7.053734	-7.054425	-15.005240	-7.039281
1324.837000	-7.041432	-7.043816	-7.030706	-7.035381	-7.045190	-7.048287	-7.038137	-7.032574	-7.052207	-7.029488	-7.049801	-7.042464	-7.053723	-7.054412	-15.005205	-7.039255
1337.030000	-7.041424	-7.043796	-7.030720	-7.035400	-7.045190	-7.048294	-7.038131	-7.032553	-7.052201	-7.029489	-7.049817	-7.042466	-7.053727	-7.054422	-15.005316	-7.039257
1349.227000	-7.041440	-7.043808	-7.030697	-7.035381	-7.045183	-7.048270	-7.038146	-7.032566	-7.052211	-7.029483	-7.049825	-7.042466	-7.053723	-7.054395	-15.005126	-7.039258
1361.402000	-7.041446	-7.043798	-7.030715	-7.035388	-7.045191	-7.048273	-7.038132	-7.032551	-7.052217	-7.029482	-7.049829	-7.042439	-7.053704	-7.054414	-15.005329	-7.039264
1373.613000	-7.041430	-7.043799	-7.030711	-7.035395	-7.045177	-7.048267	-7.038133	-7.032564	-7.052203	-7.029478	-7.049823	-7.042459	-7.053708	-7.054405	-15.005168	-7.039273
1385.817000	-7.041423	-7.043792	-7.030707	-7.035377	-7.045191	-7.048285	-7.038137	-7.032562	-7.052201	-7.029472	-7.049818	-7.042464	-7.053728	-7.054410	-15.005269	-7.039255
1398.011000	-7.041439	-7.043807	-7.030710	-7.035380	-7.045171	-7.048297	-7.038124	-7.032573	-7.052202	-7.029468	-7.049818	-7.042460	-7.053711	-7.054401	-15.005234	-7.039244
1410.200000	-7.041444	-7.043797	-7.030716	-7.035377	-7.045172	-7.048290	-7.038132	-7.032564	-7.052216	-7.029503	-7.049808	-7.042470	-7.053730	-7.054418	-15.005367	-7.039265
1422.405000	-7.041430	-7.043834	-7.030709	-7.035388	-7.045172	-7.048284	-7.038140	-7.032577	-7.052204	-7.029487	-7.049801	-7.042462	-7.053718	-7.054413	-15.005187	-7.039242
1434.590000	-7.041429	-7.043819	-7.030708	-7.035386	-7.045177	-7.048284	-7.038129	-7.032577	-7.052206	-7.029490	-7.049806	-7.042457	-7.053717	-7.054411	-15.005192	-7.039248
1446.790000	-7.041458	-7.043806	-7.030707	-7.035401	-7.045196	-7.048266	-7.038109	-7.032584	-7.052202	-7.029485	-7.049815	-7.042456	-7.053712	-7.054396	-15.005220	-7.039240
1459.000000	-7.041439	-7.043822	-7.030716	-7.035393	-7.045187	-7.048275	-7.038135	-7.032569	-7.052212	-7.029476	-7.049816	-7.042472	-7.053719	-7.054403	-15.005260	-7.039249
1471.191000	-7.041437	-7.043816	-7.030713	-7.035385	-7.045168	-7.048283	-7.038128	-7.032565	-7.052217	-7.029494	-7.049820	-7.042476	-7.053713	-7.054402	-15.005227	-7.039262
1483.381000	-7.041450	-7.043819	-7.030707	-7.035390	-7.045177	-7.048278	-7.038133	-7.032558	-7.052208	-7.029469	-7.049814	-7.042473	-7.053703	-7.054385	-15.005243	-7.039256
1495.573000	-7.041437	-7.043837	-7.030706	-7.035375	-7.045168	-7.048254	-7.038151	-7.032557	-7.052190	-7.029487	-7.049810	-7.042476	-7.053709	-7.054384	-15.005250	-7.039266
1507.777000	-7.041430	-7.043805	-7.030710	-7.035386	-7.045184	-7.048273	-7.038124	-7.032554	-7.052189	-7.029498	-7.049813	-7.042478	-7.053709	-7.054406	-15.005106	-7.039233
1519.965000	-7.041422	-7.043815	-7.030696	-7.035407	-7.045174	-7.048288	-7.038138	-7.032585	-7.052207	-7.029481	-7.049804	-7.042484	-7.053724	-7.054397	-15.005127	-7.039251
1532.183000	-7.041440	-7.043792	-7.030700	-7.035399	-7.045167	-7.048282	-7.038137	-7.032590	-7.052229	-7.029483	-7.049809	-7.042448	-7.053713	-7.054393	-15.005239	-7.039262
1544.370000	-7.041435	-7.043796	-7.030727	-7.035379	-7.045183	-7.048282	-7.038148	-7.032570	-7.052219	-7.029495	-7.049798	-7.042457	-7.053722	-7.054403	-15.005185	-7.039258
1556.556000	-7.041448	-7.043802	-7.030743	-7.035381	-7.045168	-7.048275	-7.038132	-7.032575	-7.052216	-7.029501	-7.049825	-7.042471	-7.053721	-7.054388	-15.005255	-7.039255
1568.755000	-7.041439	-7.043818	-7.030720	-7.035389	-7.045176	-7.048257	-7.038150	-7.032560	-7.052216	-7.029497	-7.049804	-7.042463	-7.053714	-7.054401	-15.005323	-7.039261
1580.943000	-7.041429	-7.043812	-7.030713	-7.035395	-7.045185	-7.048271	-7.038119	-7.032559	-7.052221	-7.029484	-7.049810	-7.042468	-7.053720	-7.054389	-15.005262	-7.039244
1593.149000	-7.041441	-7.043798	-7.030730	-7.035408	-7.045180	-7.048276	-7.038144	-7.032571	-7.052220	-7.029489	-7.049809	-7.042472	-7.053721	-7.054391	-15.005235	-7.039268
1605.337000	-7.041439	-7.043797	-7.030720	-7.035399	-7.045177	-7.048259	-7.038155	-7.032591	-7.052221	-7.029480	-7.049822	-7.042467	-7.053734	-7.054383	-15.005350	-7.039271
1617.550000	-7.041446	-7.043820	-7.030739	-7.035400	-7.045177	-7.048296	-7.038135	-7.032582	-7.052197	-7.029480	-7.049809	-7.042463	-7.053724	-7.054378	-15.005303	-7.039253
1629.719000	-7.041465	-7.043805	-7.030727	-7.035423	-7.045160	-7.048266	-7.038133	-7.032557	-7.052214	-7.029467	-7.049815	-7.042467	-7.053716	-7.054381	-15.005350	-7.039265
1641.892000	-7.041421	-7.043808	-7.030734	-7.035409	-7.045147	-7.048285	-7.038109	-7.032567	-7.052209	-7.029461	-7.049823	-7.042456	-7.053723	-7.054392	-15.005302	-7.039253
1654.089000	-7.041438	-7.043804	-7.030739	-7.035400	-7.045183	-7.048259	-7.038141	-7.032563	-7.052215	-7.029499	-7.049803	-7.042460	-7.053706	-7.054378	-15.005548	-7.039246
1666.280000	-7.041418	-7.043805	-7.030728	-7.035401	-7.045163	-7.048284	-7.038112	-7.032581	-7.052200	-7.029500	-7.049832	-7.042473	-7.053714	-7.054392	-15.005173	-7.039252
1678.475000	-7.041440	-7.043816	-7.030723	-7.035405	-7.045169	-7.048280	-7.038135	-7.032588	-7.052232	-7.029503	-7.049828	-7.042459	-7.053696	-7.054404	-15.005252	-7.039268
1690.642000	-7.041422	-7.043811	-7.030738	-7.035415	-7.045165	-7.048265	-7.038136	-7.032580	-7.052233	-7.029496	-7.049841	-7.042487	-7.053718	-7.054393	-15.005206	-7.039245
1702.837000	-7.041419	-7.043826	-7.030731	-7.035386	-7.045164	-7.048288	-7.038135	-7.032580	-7.052228	-7.029509	-7.049831	-7.042465	-7.053689	-7.054387	-15.005152	-7.039262
1715.023000	-7.041434	-7.043819	-7.030713	-7.035397	-7.045171	-7.048257	-7.038131	-7.032576	-7.052224	-7.029518	-7.049824	-7.042480	-7.053698	-7.054380	-15.005272	-7.039262
1727.193000	-7.041424	-7.043796	-7.030704	-7.035411	-7.045180	-7.048287	-7.038139	-7.032568	-7.052206	-7.029509	-7.049825	-7.042446	-7.053700	-7.054394	-15.005380	-7.039258
1739.408000	-7.041433	-7.043803	-7.030730	-7.035394	-7.045155	-7.048269	-7.038128	-7.032585	-7.052197	-7.029500	-7.049820	-7.042455	-7.053701	-7.054403	-15.005196	-7.039255
1751.601000	-7.041444	-7.043812	-7.030706	-7.035389	-7.045150	-7.048261	-7.038138	-7.032578	-7.052230	-7.029492	-7.049811	-7.042442	-7.053694	-7.054394	-15.005231	-7.039244
1763.793000	-7.041421	-7.043803	-7.030727	-7.035377	-7.045168	-7.048286	-7.038145	-7.032562	-7.052229	-7.029520	-7.049825	-7.042468	-7.053697	-7.054404	-15.005121	-7.039251
1776.009000	-7.041427	-7.043802	-7.030731	-7.035382	-7.045171	-7.048283	-7.038136	-7.032564	-7.052217	-7.029496	-7.049822	-7.042458	-7.053709	-7.054396	-15.005329	-7.039264
1788.208000	-7.041412	-7.043817	-7.030737	-7.035396	-7.045168	-7.048271	-7.038148	-7.032544	-7.052214	-7.029512	-7.049839	-7.042468	-7.053706	-7.054395	-15.005301	-7.039253
1800.403000	-7.041424	-7.043822	-7.030717	-7.035394	-7.045162	-7.048280	-7.038132	-7.032552	-7.052207	-7.029494	-7.049847	-7.042465	-7.053709	-7.054386	-15.005507	-7.039252
1812.611000	-7.041424	-7.043797	-7.030730	-7.035399	-7.045165	-7.048265	-7.038128	-7.032562	-7.052219	-7.029511	-7.049827	-7.042484	-7.053713	-7.054396	-15.005105	-7.039255
1824.796000	-7.041431	-7.043806	-7.030718	-7.035384	-7.045160	-7.048400	-7.038159	-7.032588	-7.052262	-7.029495	-7.049852	-7.042259	-7.053667	-7.054367	-15.005135	-7.039016
1837.018000	-7.041528	-7.043977	-7.031012	-7.035455	-7.045373	-7.048680	-7.038350	-7.032806	-7.052413	-7.029595	-7.050051	-7.042452	-7.053765	-7.054563	-15.005075	-7.039198
1849.215000	-7.041614	-7.043991	-7.030983	-7.035582	-7.045680	-7.048897	-7.038464	-7.033121	-7.052573	-7.029798	-7.050233	-7.042737	-7.054011	-7.054792	-15.004934	-7.039428
1861.407000	-7.041735	-7.044000	-7.030964	-7.035747	-7.045951	-7.049098	-7.038538	-7.033402	-7.052684	-7.029964	-7.050353	-7.043006	-7.054271	-7.055017	-15.004869	-7.039595
1873.605000	-7.041857	-7.044019	-7.030947	-7.035883	-7.046178	-7.049216	-7.038585	-7.033616	-7.052777	-7.030089	-7.050456	-7.043245	-7.054494	-7.055191	-15.004896	-7.039729
1885.795000	-7.041928	-7.044057	-7.030942	-7.035979	-7.046366	-7.049316	-7.038621	-7.033778	-7.052850	-7.030221	-7.050534	-7.043393	-7.054708	-7.055334	-15.004863	-7.039843
1897.969000	-7.041996	-7.044060	-7.030969	-7.036045	-7.046494	-7.049386	-7.038652	-7.033937	-7.052905	-7.030272	-7.050576	-7.043518	-7.054837	-7.055473	-15.004906	-7.039940
1910.155000	-7.042025	-7.044071	-7.030964	-7.036102	-7.046597	-7.049435	-7.038658	-7.034057	-7.052953	-7.030338	-7.050628	-7.043639	-7.054952	-7.055546	-15.004948	-7.039980
1922.332000	-7.042071	-7.044079	-7.030970	-7.036125	-7.046666	-7.049432	-7.038665	-7.034143	-7.052992	-7.030352	-7.050665	-7.043739	-7.055078	-7.055613	-15.004804	-7.040023
1934.519000	-7.042085	-7.044099	-7.030959	-7.036158	-7.046729	-7.049464	-7.038684	-7.034200	-7.053013	-7.030406	-7.050676	-7.043784	-7.055169	-7.055663	-15.004918	-7.040082
1946.730000	-7.042111	-7.044110	-7.030945	-7.036210	-7.046781	-7.049476	-7.038692	-7.034270	-7.053038	-7.030430	-7.050717	-7.043856	-7.055243	-7.055709	-15.004956	-7.040095
1958.914000	-7.042140	-7.044130	-7.030955	-7.036236	-7.046801	-7.049469	-7.038708	-7.034320	-7.053052	-7.030459	-7.050745	-7.043871	-7.055295	-7.055757	-15.004936	-7.040123
1971.104000	-7.042152	-7.044139	-7.030983	-7.036255	-7.046840	-7.049492	-7.038735	-7.034346	-7.053070	-7.030488	-7.050755	-7.043947	-7.055346	-7.055801	-15.005001	-7.040143
1983.289000	-7.042188	-7.044148	-7.030982	-7.036269	-7.046862	-7.049519	-7.038726	-7.034370	-7.053094	-7.030493	-7.050787	-7.043976	-7.055377	-7.055803	-15.004860	-7.040147
1995.471000	-7.042216	-7.044163	-7.030983	-7.036286	-7.046895	-7.049528	-7.038732	-7.034396	-7.053115	-7.030531	-7.050812	-7.044017	-7.055405	-7.055816	-15.004660	-7.040181
2007.660000	-7.042235	-7.044168	-7.030971	-7.036282	-7.046913	-7.049537	-7.038733	-7.034427	-7.053111	-7.030546	-7.050823	-7.044016	-7.055425	-7.055830	-15.004774	-7.040180
2019.856000	-7.042252	-7.044163	-7.030963	-7.036331	-7.046921	-7.049512	-7.038760	-7.034426	-7.053132	-7.030568	-7.050834	-7.044022	-7.055458	-7.055840	-15.004878	-7.040199
2032.031000	-7.042251	-7.044186	-7.030996	-7.036342	-7.046933	-7.049546	-7.038756	-7.034456	-7.053142	-7.030563	-7.050851	-7.044054	-7.055482	-7.055846	-15.004656	-7.040223
2044.212000	-7.042270	-7.044195	-7.030988	-7.036362	-7.046950	-7.049530	-7.038768	-7.034479	-7.053139	-7.030582	-7.050853	-7.044070	-7.055479	-7.055848	-15.004684	-7.040222
2056.382000	-7.042284	-7.044190	-7.030983	-7.036351	-7.046955	-7.049540	-7.038764	-7.034495	-7.053155	-7.030566	-7.050869	-7.044077	-7.055474	-7.055871	-15.004606	-7.040233
2068.566000	-7.042279	-7.044191	-7.030990	-7.036353	-7.046961	-7.049539	-7.038754	-7.034476	-7.053148	-7.030589	-7.050893	-7.044099	-7.055492	-7.055873	-15.004746	-7.040231
2080.771000	-7.042295	-7.044175	-7.031000	-7.036357	-7.046982	-7.049513	-7.038757	-7.034488	-7.053147	-7.030594	-7.050886	-7.044124	-7.055490	-7.055872	-15.004764	-7.040241
2092.940000	-7.042287	-7.044186	-7.030993	-7.036345	-7.046990	-7.049515	-7.038764	-7.034514	-7.053153	-7.030574	-7.050882	-7.044124	-7.055502	-7.055866	-15.004782	-7.040229
2105.134000	-7.042281	-7.044198	-7.031007	-7.036354	-7.046990	-7.049492	-7.038770	-7.034513	-7.053151	-7.030593	-7.050892	-7.044124	-7.055508	-7.055841	-15.004622	-7.040230
2117.315000	-7.042287	-7.044186	-7.030992	-7.036353	-7.046990	-7.049472	-7.038762	-7.034487	-7.053167	-7.030594	-7.050882	-7.044124	-7.055510	-7.055867	-15.004608	-7.040237
2129.518000	-7.042315	-7.044179	-7.030996	-7.036359	-7.046994	-7.049474	-7.038787	-7.034531	-7.053158	-7.030609	-7.050898	-7.044151	-7.055514	-7.055827	-15.004711	-7.040231
2141.697000	-7.042333	-7.044210	-7.030990	-7.036374	-7.046995	-7.049497	-7.038771	-7.034525	-7.053168	-7.030605	-7.050904	-7.044129	-7.055512	-7.055834	-15.004814	-7.040247
2153.922000	-7.042304	-7.044203	-7.030989	-7.036380	-7.046996	-7.049487	-7.038776	-7.034538	-7.053166	-7.030607	-7.050909	-7.044142	-7.055526	-7.055835	-15.004922	-7.040241
2166.121000	-7.042307	-7.044200	-7.030983	-7.036388	-7.047005	-7.049469	-7.038789	-7.034552	-7.053165	-7.030604	-7.050911	-7.044143	-7.055494	-7.055813	-15.004689	-7.040229
2178.294000	-7.042299	-7.044200	-7.030981	-7.036398	-7.046997	-7.049464	-7.038764	-7.034551	-7.053150	-7.030615	-7.050908	-7.044149	-7.055510	-7.055811	-15.004792	-7.040240
2190.468000	-7.042310	-7.044214	-7.030979	-7.036389	-7.047019	-7.049429	-7.038764	-7.034560	-7.053171	-7.030614	-7.050911	-7.044173	-7.055485	-7.055799	-15.004827	-7.040256
2202.671000	-7.042300	-7.044212	-7.030960	-7.036391	-7.047010	-7.049424	-7.038771	-7.034549	-7.053173	-7.030610	-7.050922	-7.044157	-7.055492	-7.055791	-15.004805	-7.040250
2214.887000	-7.042319	-7.044189	-7.030976	-7.036383	-7.047022	-7.049416	-7.038793	-7.034533	-7.053158	-7.030637	-7.050910	-7.044166	-7.055462	-7.055764	-15.004897	-7.040251
2227.079000	-7.042309	-7.044205	-7.030975	-7.036398	-7.047016	-7.049419	-7.038801	-7.034536	-7.053181	-7.030636	-7.050918	-7.044176	-7.055453	-7.055740	-15.005116	-7.040250
2239.279000	-7.042318	-7.044214	-7.030958	-7.036411	-7.047018	-7.049412	-7.038772	-7.034543	-7.053161	-7.030644	-7.050923	-7.044166	-7.055453	-7.055748	-15.004901	-7.040235
2251.487000	-7.042335	-7.044203	-7.030984	-7.036393	-7.047027	-7.049367	-7.038789	-7.034549	-7.053184	-7.030636	-7.050921	-7.044177	-7.055435	-7.055742	-15.004834	-7.040261
2263.689000	-7.042321	-7.044199	-7.030974	-7.036394	-7.047046	-7.049353	-7.038772	-7.034569	-7.053180	-7.030641	-7.050907	-7.044158	-7.055419	-7.055726	-15.004884	-7.040237
2275.885000	-7.042330	-7.044220	-7.030976	-7.036395	-7.047025	-7.049343	-7.038764	-7.034565	-7.053172	-7.030628	-7.050926	-7.044160	-7.055417	-7.055712	-15.004964	-7.040244
2288.081000	-7.042328	-7.044227	-7.030974	-7.036385	-7.047030	-7.049333	-7.038784	-7.034541	-7.053183	-7.030650	-7.050922	-7.044159	-7.055404	-7.055700	-15.004857	-7.040237
2300.259000	-7.042331	-7.044199	-7.030966	-7.036406	-7.047021	-7.049301	-7.038780	-7.034573	-7.053177	-7.030617	-7.050932	-7.044163	-7.055382	-7.055700	-15.004644	-7.040238
2312.462000	-7.042330	-7.044202	-7.030979	-7.036401	-7.047045	-7.049293	-7.038782	-7.034547	-7.053182	-7.030640	-7.050928	-7.044194	-7.055352	-7.055698	-15.004807	-7.040240
2324.644000	-7.042319	-7.044210	-7.030963	-7.036386	-7.047050	-7.049272	-7.038790	-7.034564	-7.053167	-7.030635	-7.050934	-7.044169	-7.055335	-7.055679	-15.004959	-7.040248
2336.838000	-7.042328	-7.044207	-7.030966	-7.036408	-7.047022	-7.049252	-7.038780	-7.034576	-7.053171	-7.030627	-7.050945	-7.044153	-7.055334	-7.055682	-15.004838	-7.040247
2349.032000	-7.042332	-7.044221	-7.030983	-7.036397	-7.047037	-7.049257	-7.038794	-7.034571	-7.053158	-7.030624	-7.050953	-7.044166	-7.055333	-7.055670	-15.004669	-7.040267
2361.211000	-7.042339	-7.044219	-7.030974	-7.036401	-7.047039	-7.049254	-7.038797	-7.034584	-7.053179	-7.030640	-7.050956	-7.044167	-7.055302	-7.055664	-15.004800	-7.040250
2373.379000	-7.042326	-7.044213	-7.030983	-7.036390	-7.047053	-7.049243	-7.038783	-7.034588	-7.053178	-7.030640	-7.050966	-7.044195	-7.055315	-7.055644	-15.004747	-7.040253
2385.575000	-7.042331	-7.044200	-7.030978	-7.036390	-7.047043	-7.049234	-7.038800	-7.034591	-7.053172	-7.030638	-7.050949	-7.044205	-7.055309	-7.055655	-15.004647	-7.040260
2397.776000	-7.042337	-7.044208	-7.030960	-7.036422	-7.047053	-7.049223	-7.038784	-7.034590	-7.053177	-7.030638	-7.050946	-7.044198	-7.055311	-7.055647	-15.004618	-7.040240
2409.956000	-7.042342	-7.044200	-7.030958	-7.036392	-7.047048	-7.049214	-7.038799	-7.034577	-7.053178	-7.030636	-7.050942	-7.044200	-7.055286	-7.055659	-15.004516	-7.040240
2422.155000	-7.042332	-7.044216	-7.030962	-7.036406	-7.047063	-7.049219	-7.038780	-7.034600	-7.053162	-7.030626	-7.050948	-7.044193	-7.055288	-7.055621	-15.004823	-7.040240
2434.340000	-7.042334	-7.044214	-7.030984	-7.036401	-7.047055	-7.049172	-7.038797	-7.034592	-7.053153	-7.030633	-7.050942	-7.044199	-7.055290	-7.055628	-15.004652	-7.040241
2446.533000	-7.042335	-7.044200	-7.030956	-7.036397	-7.047041	-7.049187	-7.038796	-7.034578	-7.053170	-7.030628	-7.050948	-7.044220	-7.055288	-7.055623	-15.004732	-7.040242
2458.712000	-7.042350	-7.044200	-7.030976	-7.036444	-7.047062	-7.049184	-7.038782	-7.034573	-7.053164	-7.030627	-7.050940	-7.044192	-7.055273	-7.055601	-15.004740	-7.040244
2470.898000	-7.042327	-7.044200	-7.030955	-7.036408	-7.047051	-7.049157	-7.038790	-7.034589	-7.053164	-7.030640	-7.050929	-7.044194	-7.055260	-7.055592	-15.004855	-7.040229
2483.072000	-7.042341	-7.044192	-7.030961	-7.036416	-7.047056	-7.049161	-7.038779	-7.034583	-7.053168	-7.030640	-7.050941	-7.044187	-7.055257	-7.055585	-15.004939	-7.040240
2495.270000	-7.042324	-7.044208	-7.030967	-7.036399	-7.047053	-7.049160	-7.038780	-7.034602	-7.053167	-7.030637	-7.050956	-7.044218	-7.055260	-7.055598	-15.005085	-7.040251
2507.458000	-7.042325	-7.044193	-7.030960	-7.036411	-7.047057	-7.049158	-7.038780	-7.034589	-7.053187	-7.030622	-7.050966	-7.044209	-7.055244	-7.055609	-15.004976	-7.040242
2519.659000	-7.042338	-7.044221	-7.030955	-7.036421	-7.047051	-7.049145	-7.038791	-7.034595	-7.053171	-7.030639	-7.050943	-7.044210	-7.055242	-7.055596	-15.004879	-7.040244
2531.858000	-7.042331	-7.044212	-7.030949	-7.036421	-7.047050	-7.049123	-7.038789	-7.034594	-7.053166	-7.030642	-7.050944	-7.044196	-7.055226	-7.055582	-15.004925	-7.040239
2544.065000	-7.042326	-7.044195	-7.030957	-7.036407	-7.047062	-7.049140	-7.038793	-7.034615	-7.053179	-7.030633	-7.050941	-7.044219	-7.055236	-7.055556	-15.004970	-7.040254
2556.252000	-7.042345	-7.044198	-7.030943	-7.036395	-7.047051	-7.049131	-7.038789	-7.034616	-7.053175	-7.030646	-7.050955	-7.044208	-7.055225	-7.055579	-15.004887	-7.040262
2568.472000	-7.042339	-7.044216	-7.030937	-7.036403	-7.047054	-7.049099	-7.038797	-7.034605	-7.053171	-7.030649	-7.050967	-7.044210	-7.055233	-7.055551	-15.004992	-7.040242
2580.657000	-7.042344	-7.044202	-7.030963	-7.036416	-7.047059	-7.049105	-7.038781	-7.034612	-7.053177	-7.030628	-7.050962	-7.044218	-7.055229	-7.055569	-15.004912	-7.040250
2592.855000	-7.042342	-7.044204	-7.030981	-7.036396	-7.047062	-7.049104	-7.038776	-7.034606	-7.053181	-7.030646	-7.050954	-7.044210	-7.055246	-7.055545	-15.004713	-7.040246
2605.064000	-7.042323	-7.044193	-7.030978	-7.036405	-7.047066	-7.049105	-7.038772	-7.034605	-7.053170	-7.030643	-7.050972	-7.044205	-7.055229	-7.055532	-15.004939	-7.040245
2617.234000	-7.042349	-7.044204	-7.030965	-7.036390	-7.047050	-7.049076	-7.038771	-7.034585	-7.053167	-7.030645	-7.050967	-7.044209	-7.055224	-7.055529	-15.004833	-7.040235
2629.451000	-7.042344	-7.044206	-7.030965	-7.036393	-7.047052	-7.049060	-7.038781	-7.034610	-7.053165	-7.030637	-7.050973	-7.044199	-7.055218	-7.055541	-15.004831	-7.040228
2641.647000	-7.042325	-7.044197	-7.030981	-7.036400	-7.047068	-7.049071	-7.038783	-7.034596	-7.053203	-7.030647	-7.050963	-7.044196	-7.055220	-7.055532	-15.004888	-7.040221
2653.828000	-7.042346	-7.044188	-7.030966	-7.036394	-7.047076	-7.049065	-7.038799	-7.034594	-7.053163	-7.030637	-7.050962	-7.044219	-7.055208	-7.055518	-15.004978	-7.040247
2666.027000	-7.042336	-7.044213	-7.030946	-7.036406	-7.047075	-7.049058	-7.038800	-7.034582	-7.053166	-7.030654	-7.050967	-7.044222	-7.055209	-7.055509	-15.004840	-7.040234
2678.215000	-7.042336	-7.044209	-7.030941	-7.036404	-7.047075	-7.049057	-7.038798	-7.034607	-7.053173	-7.030656	-7.050962	-7.044222	-7.055186	-7.055524	-15.004909	-7.040262
2690.399000	-7.042365	-7.044194	-7.030956	-7.036391	-7.047080	-7.049033	-7.038794	-7.034587	-7.053175	-7.030652	-7.050955	-7.044230	-7.055204	-7.055512	-15.004805	-7.040256
2702.606000	-7.042359	-7.044196	-7.030955	-7.036382	-7.047058	-7.049037	-7.038774	-7.034604	-7.053180	-7.030657	-7.050958	-7.044223	-7.055185	-7.055506	-15.004888	-7.040242
2714.775000	-7.042338	-7.044194	-7.030958	-7.036394	-7.047080	-7.049032	-7.038779	-7.034589	-7.053177	-7.030656	-7.050951	-7.044234	-7.055187	-7.055519	-15.004909	-7.040243
2726.957000	-7.042338	-7.044187	-7.030957	-7.036418	-7.047073	-7.049019	-7.038779	-7.034585	-7.053155	-7.030657	-7.050951	-7.044209	-7.055187	-7.055506	-15.004814	-7.040250
2739.147000	-7.042345	-7.044192	-7.030966	-7.036398	-7.047073	-7.049018	-7.038786	-7.034579	-7.053185	-7.030666	-7.050962	-7.044221	-7.055188	-7.055497	-15.004732	-7.040244
2751.338000	-7.042354	-7.044171	-7.030965	-7.036387	-7.047076	-7.049005	-7.038785	-7.034574	-7.053176	-7.030665	-7.050979	-7.044230	-7.055169	-7.055504	-15.004783	-7.040236
2763.512000	-7.042325	-7.044181	-7.030954	-7.036374	-7.047090	-7.049018	-7.038795	-7.034584	-7.053190	-7.030665	-7.050958	-7.044225	-7.055184	-7.055488	-15.004756	-7.040241
2775.688000	-7.042329	-7.044178	-7.030954	-7.036392	-7.047071	-7.049015	-7.038794	-7.034581	-7.053187	-7.030665	-7.050973	-7.044241	-7.055182	-7.055513	-15.004767	-7.040236
2787.872000	-7.042335	-7.044200	-7.030952	-7.036427	-7.047074	-7.049034	-7.038793	-7.034589	-7.053169	-7.030654	-7.050973	-7.044231	-7.055175	-7.055491	-15.004789	-7.040247
2800.040000	-7.042342	-7.044170	-7.030893	-7.036398	-7.047071	-7.049009	-7.038772	-7.034547	-7.053146	-7.030644	-7.050908	-7.044286	-7.055207	-7.055562	-15.004928	-7.040321
2812.226000	-7.042307	-7.044174	-7.030907	-7.036399	-7.047010	-7.049414	-7.038720	-7.034507	-7.053083	-7.030593	-7.050813	-7.044159	-7.055353	-7.055767	-15.004955	-7.040280
2824.391000	-7.042275	-7.044122	-7.030906	-7.036328	-7.046871	-7.049386	-7.038634	-7.034348	-7.053000	-7.030503	-7.050698	-7.044011	-7.055480	-7.055788	-15.004832	-7.040193
2836.583000	-7.042179	-7.044098	-7.030882	-7.036230	-7.046753	-7.049281	-7.038582	-7.034227	-7.052900	-7.030413	-7.050621	-7.043901	-7.055411	-7.055710	-15.005037	-7.040115
2848.769000	-7.042132	-7.044055	-7.030880	-7.036167	-7.046656	-7.049239	-7.038551	-7.034127	-7.052851	-7.030371	-7.050595	-7.043814	-7.055314	-7.055634	-15.004984	-7.040072
2860.959000	-7.042111	-7.044062	-7.030884	-7.036114	-7.046580	-7.049218	-7.038548	-7.034072	-7.052835	-7.030311	-7.050556	-7.043732	-7.055226	-7.055579	-15.004748	-7.040046
2873.130000	-7.042080	-7.044047	-7.030907	-7.036088	-7.046535	-7.049175	-7.038550	-7.034038	-7.052815	-7.030313	-7.050534	-7.043690	-7.055181	-7.055520	-15.004872	-7.040021
2885.322000	-7.042062	-7.044049	-7.030894	-7.036073	-7.046510	-7.049157	-7.038533	-7.033960	-7.052810	-7.030277	-7.050528	-7.043637	-7.055139	-7.055490	-15.004960	-7.039973
2897.501000	-7.042058	-7.044026	-7.030884	-7.036055	-7.046452	-7.049150	-7.038533	-7.033935	-7.052786	-7.030262	-7.050502	-7.043608	-7.055072	-7.055466	-15.004885	-7.039968
2909.681000	-7.042044	-7.044035	-7.030914	-7.036057	-7.046425	-7.049131	-7.038530	-7.033935	-7.052777	-7.030231	-7.050501	-7.043579	-7.055044	-7.055436	-15.004904	-7.039941
2921.862000	-7.042035	-7.044032	-7.030892	-7.036040	-7.046417	-7.049123	-7.038534	-7.033924	-7.052779	-7.030228	-7.050494	-7.043579	-7.055022	-7.055414	-15.004724	-7.039934
2934.065000	-7.042031	-7.044030	-7.030882	-7.036030	-7.046405	-7.049137	-7.038534	-7.033884	-7.052787	-7.030205	-7.050485	-7.043563	-7.054995	-7.055414	-15.004676	-7.039922
2946.248000	-7.042031	-7.044049	-7.030891	-7.036020	-7.046397	-7.049122	-7.038529	-7.033859	-7.052780	-7.030201	-7.050488	-7.043568	-7.054977	-7.055388	-15.004752	-7.039925
2958.459000	-7.042009	-7.044029	-7.030897	-7.036002	-7.046381	-7.049116	-7.038502	-7.033837	-7.052788	-7.030193	-7.050489	-7.043532	-7.054957	-7.055382	-15.004696	-7.039936
2970.653000	-7.042011	-7.044047	-7.030899	-7.036015	-7.046385	-7.049108	-7.038497	-7.033836	-7.052787	-7.030184	-7.050480	-7.043524	-7.054936	-7.055373	-15.004755	-7.039935
2982.842000	-7.042007	-7.044026	-7.030917	-7.035990	-7.046366	-7.049109	-7.038526	-7.033830	-7.052757	-7.030185	-7.050472	-7.043523	-7.054938	-7.055384	-15.004765	-7.039929
2995.073000	-7.042009	-7.044037	-7.030892	-7.036004	-7.046377	-7.049132	-7.038539	-7.033827	-7.052772	-7.030177	-7.050461	-7.043515	-7.054927	-7.055366	-15.004796	-7.039912
3007.266000	-7.041986	-7.044026	-7.030895	-7.036003	-7.046372	-7.049110	-7.038532	-7.033829	-7.052772	-7.030197	-7.050460	-7.043518	-7.054923	-7.055366	-15.004808	-7.039921
3019.460000	-7.041994	-7.044043	-7.030896	-7.035995	-7.046349	-7.049097	-7.038511	-7.033819	-7.052765	-7.030182	-7.050482	-7.043511	-7.054918	-7.055359	-15.004570	-7.039915
3031.640000	-7.041981	-7.044041	-7.030904	-7.035998	-7.046353	-7.049102	-7.038534	-7.033830	-7.052768	-7.030195	-7.050451	-7.043507	-7.054910	-7.055371	-15.004645	-7.039887
3043.835000	-7.041985	-7.044025	-7.030919	-7.035972	-7.046353	-7.049108	-7.038520	-7.033804	-7.052765	-7.030196	-7.050466	-7.043516	-7.054904	-7.055375	-15.004871	-7.039899
3056.025000	-7.041966	-7.044025	-7.030895	-7.035985	-7.046351	-7.049113	-7.038510	-7.033812	-7.052762	-7.030194	-7.050460	-7.043514	-7.054901	-7.055375	-15.004709	-7.039896
3068.200000	-7.041980	-7.044040	-7.030895	-7.036013	-7.046358	-7.049093	-7.038506	-7.033821	-7.052769	-7.030197	-7.050459	-7.043505	-7.054913	-7.055369	-15.004521	-7.039891
3080.395000	-7.041979	-7.044041	-7.030899	-7.036004	-7.046360	-7.049086	-7.038515	-7.033824	-7.052769	-7.030184	-7.050437	-7.043492	-7.054896	-7.055365	-15.004735	-7.039891
3092.592000	-7.041975	-7.044027	-7.030885	-7.036015	-7.046346	-7.049093	-7.038519	-7.033807	-7.052754	-7.030204	-7.050436	-7.043486	-7.054911	-7.055372	-15.004752	-7.039896
3104.763000	-7.041962	-7.044049	-7.030876	-7.035989	-7.046356	-7.049109	-7.038520	-7.033813	-7.052735	-7.030190	-7.050444	-7.043482	-7.054903	-7.055367	-15.004863	-7.039925
3116.958000	-7.041975	-7.044020	-7.030898	-7.036000	-7.046353	-7.049126	-7.038514	-7.033822	-7.052752	-7.030155	-7.050447	-7.043476	-7.054907	-7.055364	-15.004803	-7.039925
3129.150000	-7.041990	-7.044026	-7.030917	-7.035988	-7.046347	-7.049103	-7.038499	-7.033817	-7.052764	-7.030184	-7.050428	-7.043456	-7.054891	-7.055361	-15.004525	-7.039905
3141.317000	-7.041941	-7.044042	-7.030896	-7.036014	-7.046347	-7.049096	-7.038501	-7.033807	-7.052753	-7.030176	-7.050437	-7.043461	-7.054893	-7.055352	-15.004983	-7.039901
3153.513000	-7.041980	-7.044039	-7.030902	-7.035990	-7.046313	-7.049108	-7.038488	-7.033809	-7.052755	-7.030168	-7.050427	-7.043473	-7.054912	-7.055349	-15.004641	-7.039899
	-7.041965	-7.044027	-7.030909	-7.035985	-7.046326	-7.049093										
