21.039000	-0.000611	-0.000607	-0.000597	-0.000595	-0.000592	-7.120524	-7.191990	-7.146251	-7.167847	-7.169887	-7.175515	-7.131945	-7.199073	-7.196785	-14.995536	-7.181956
47.009000	-7.202738	-7.138027	-7.146867	-7.152786	-7.206803	-7.114764	-7.190889	-7.146732	-7.167718	-7.170773	-7.175932	-7.132081	-7.199455	-7.197114	-14.995548	-7.181929
72.972000	-7.202789	-7.138068	-7.146924	-7.152814	-7.206810	-7.114805	-7.190916	-7.146748	-7.167679	-7.170806	-7.175930	-7.132120	-7.199491	-7.197150	-14.995589	-7.181920
98.924000	-7.202787	-7.138096	-7.146918	-7.152819	-7.206794	-7.114781	-7.190919	-7.146693	-7.167683	-7.170831	-7.175969	-7.132118	-7.199469	-7.197145	-14.995630	-7.181926
124.864000	-7.202774	-7.138072	-7.146914	-7.152837	-7.206823	-7.114800	-7.190905	-7.146683	-7.167726	-7.170845	-7.175931	-7.132105	-7.199464	-7.197170	-14.995564	-7.181946
150.830000	-7.202772	-7.138061	-7.146904	-7.152813	-7.206835	-7.114798	-7.190896	-7.146711	-7.167745	-7.170836	-7.175997	-7.132100	-7.199438	-7.197167	-14.995522	-7.181930
176.784000	-7.202761	-7.138057	-7.146904	-7.152797	-7.206801	-7.114802	-7.190905	-7.146723	-7.167677	-7.170863	-7.175965	-7.132088	-7.199491	-7.197143	-14.995615	-7.181918
202.753000	-7.202787	-7.138062	-7.146937	-7.152821	-7.206782	-7.114793	-7.190922	-7.146713	-7.167663	-7.170856	-7.175950	-7.132095	-7.199459	-7.197159	-14.995577	-7.181921
228.698000	-7.202768	-7.138057	-7.146905	-7.152795	-7.206809	-7.114784	-7.190907	-7.146713	-7.167678	-7.170848	-7.175959	-7.132093	-7.199444	-7.197167	-14.995535	-7.181915
254.655000	-7.202752	-7.138064	-7.146894	-7.152815	-7.206777	-7.114758	-7.190915	-7.146738	-7.167663	-7.170843	-7.175916	-7.132101	-7.199438	-7.197139	-14.995585	-7.181937
280.619000	-7.202745	-7.138038	-7.146908	-7.152797	-7.206788	-7.114806	-7.190906	-7.146748	-7.167701	-7.170847	-7.175933	-7.132092	-7.199455	-7.197152	-14.995584	-7.181920
306.579000	-7.202751	-7.138087	-7.146923	-7.152792	-7.206805	-7.114764	-7.190881	-7.146713	-7.167647	-7.170844	-7.175919	-7.132088	-7.199435	-7.197141	-14.995557	-7.181920
332.631000	-7.202750	-7.138054	-7.146906	-7.152809	0.653232	0.552902	0.551400	0.555813	0.663489	0.548931	0.556395	0.551477	0.571422	0.548779	14.990218	0.673709
358.712000	0.554647	0.557815	0.547289	0.556768	0.654086	0.552915	0.551367	0.555784	0.663924	0.548900	0.556375	0.551461	0.571462	0.548849	14.990174	0.673825
384.761000	0.554630	0.557732	0.547282	0.556717	0.654073	0.552914	0.551346	0.555808	0.663933	0.548912	0.556372	0.551426	0.571462	0.548920	14.990268	0.673845
410.800000	0.554625	0.557794	0.547300	0.556751	0.654165	0.552924	0.551395	0.555781	0.663980	0.548890	0.556362	0.551425	0.571515	0.548916	14.990223	0.673830
436.850000	0.554605	0.557756	0.547284	0.556739	0.654132	0.552903	0.551354	0.555765	0.663926	0.548891	0.556346	0.551438	0.571499	0.548917	14.990170	0.673824
462.908000	0.554611	0.557786	0.547313	0.556749	0.654215	0.552911	0.551302	0.555812	0.664013	0.548867	0.556385	0.551454	0.571518	0.548975	14.990208	0.673870
488.961000	0.554587	0.557727	0.547236	0.556702	0.654142	0.552880	0.551317	0.555792	0.663947	0.548863	0.556392	0.551440	0.571442	0.548998	14.990187	0.673912
515.015000	0.554615	0.557793	0.547276	0.556741	0.654247	0.552899	0.551333	0.555792	0.663984	0.548860	0.556352	0.551408	0.571484	0.548978	14.990186	0.673925
541.079000	0.554590	0.557768	0.547258	0.556711	0.654197	0.552843	0.551322	0.555781	0.663974	0.548874	0.556362	0.551429	0.571432	0.549008	14.990137	0.673911
567.147000	0.554617	0.557777	0.547248	0.556709	0.654243	0.552862	0.551348	0.555774	0.664054	0.548890	0.556378	0.551433	0.571453	0.549104	14.990212	0.673930
593.207000	0.554621	0.557789	0.547285	0.556747	0.654358	0.552879	0.551357	0.555792	0.664058	0.548871	0.556370	0.551442	0.571518	0.549102	14.990209	0.673949
619.267000	0.554605	0.557796	0.547246	0.556696	0.654342	0.552859	0.551365	0.555771	0.664061	0.548843	0.556366	0.551453	0.571518	0.549128	14.990186	0.673937
645.275000	0.554606	0.557742	0.547264	-7.153953	-7.207779	-7.115957	-7.192078	-7.147853	-7.168581	-7.172092	-7.177143	-7.133215	-7.200668	-7.198426	-59.967051	-7.182823
671.238000	-7.203882	-7.139347	-7.148174	-7.153939	-7.207851	-7.116018	-7.192127	-7.147836	-7.168553	-7.172106	-7.177111	-7.133218	-7.200698	-7.198448	-59.966970	-7.182832
697.207000	-7.203903	-7.139347	-7.148199	-7.153939	-7.207857	-7.116017	-7.192152	-7.147851	-7.168533	-7.172170	-7.177142	-7.133210	-7.200685	-7.198493	-59.966958	-7.182819
723.166000	-7.203908	-7.139364	-7.148162	-7.153944	-7.207875	-7.116018	-7.192111	-7.147872	-7.168513	-7.172148	-7.177107	-7.133179	-7.200693	-7.198455	-59.967039	-7.182809
749.143000	-7.203879	-7.139339	-7.148181	-7.153927	-7.207915	-7.116002	-7.192127	-7.147872	-7.168502	-7.172151	-7.177153	-7.133187	-7.200693	-7.198444	-59.967081	-7.182844
775.120000	-7.203909	-7.139330	-7.148179	-7.153925	-7.207899	-7.116032	-7.192158	-7.147857	-7.168531	-7.172158	-7.177147	-7.133203	-7.200709	-7.198458	-59.967081	-7.182849
801.097000	-7.203897	-7.139331	-7.148181	-7.153926	-7.207905	-7.116010	-7.192120	-7.147853	-7.168496	-7.172151	-7.177141	-7.133192	-7.200695	-7.198454	-59.967115	-7.182837
827.097000	-7.203903	-7.139314	-7.148179	-7.153926	-7.207903	-7.115960	-7.192155	-7.147859	-7.168483	-7.172139	-7.177176	-7.133166	-7.200672	-7.198450	-59.967120	-7.182825
853.047000	-7.203920	-7.139336	-7.148188	-7.153928	-7.207852	-7.115970	-7.192104	-7.147838	-7.168507	-7.172094	-7.177155	-7.133193	-7.200702	-7.198426	-59.967089	-7.182827
878.993000	-7.203912	-7.139319	-7.148187	-7.153967	-7.207899	-7.115996	-7.192153	-7.147830	-7.168507	-7.172148	-7.177185	-7.133174	-7.200685	-7.198447	-59.967118	-7.182804
904.994000	-7.203893	-7.139321	-7.148180	-7.153938	-7.207871	-7.115980	-7.192154	-7.147834	-7.168500	-7.172112	-7.177144	-7.133192	-7.200693	-7.198448	-59.967126	-7.182802
930.949000	-7.203889	-7.139330	-7.148151	-7.153938	-7.207859	-7.115973	-7.192110	-7.147864	-7.168497	-7.172129	-7.177152	-7.133165	-7.200702	-7.198451	-59.967126	-7.182817
956.929000	-7.203908	-7.139357	-7.148164	-7.152833	-7.206847	-7.114818	-7.190962	-7.146690	-7.167580	-7.170863	-7.175965	-7.132110	-7.199489	-7.197158	-14.995547	-7.181930
982.918000	-7.202660	-7.137903	-7.146582	-7.152644	-7.206752	-7.114138	-7.190512	-7.146402	-7.168593	-7.169838	-7.175245	-7.131771	-7.198461	-7.196044	-14.995619	-7.182936
1008.901000	-7.202329	-7.137382	-7.145945	-7.152298	-7.207708	-7.113318	-7.189980	-7.146024	-7.170889	-7.168948	-7.174693	-7.131477	-7.197824	-7.195327	-14.995682	-7.184677
1034.870000	-7.202083	-7.137012	-7.145545	-7.151982	-7.209228	-7.112900	-7.189637	-7.145778	-7.172824	-7.168395	-7.174359	-7.131311	-7.197419	-7.194948	-14.995705	-7.185973
1060.847000	-7.201932	-7.136778	-7.145371	-7.151795	-7.210227	-7.112697	-7.189418	-7.145682	-7.173711	-7.168173	-7.174239	-7.131262	-7.197232	-7.194775	-14.995696	-7.186558
1086.835000	-7.201823	-7.136691	-7.145284	-7.151717	-7.210691	-7.112636	-7.189340	-7.145659	-7.174096	-7.168070	-7.174178	-7.131268	-7.197144	-7.194725	-14.995738	-7.186849
1112.823000	-7.201824	-7.136634	-7.145257	-7.151670	-7.210913	-7.112593	-7.189303	-7.145607	-7.174326	-7.167988	-7.174130	-7.131268	-7.197110	-7.194659	-14.995751	-7.187081
1138.810000	-7.201758	-7.136595	-7.145243	-7.151667	-7.211100	-7.112546	-7.189271	-7.145577	-7.174469	-7.167985	-7.174081	-7.131250	-7.197081	-7.194618	-14.995727	-7.187162
1164.753000	-7.201718	-7.136538	-7.145220	-7.151632	-7.211176	-7.112513	-7.189255	-7.145583	-7.174600	-7.167975	-7.174093	-7.131255	-7.197057	-7.194572	-14.995733	-7.187314
1190.723000	-7.201706	-7.136567	-7.145199	-7.151632	-7.211308	-7.112510	-7.189234	-7.145584	-7.174721	-7.167916	-7.174030	-7.131192	-7.197010	-7.194589	-14.995661	-7.187394
1216.710000	-7.201694	-7.136539	-7.145173	-7.151609	-7.211361	-7.112484	-7.189241	-7.145585	-7.174829	-7.167883	-7.174049	-7.131203	-7.197017	-7.194548	-14.995702	-7.187425
1242.679000	-7.201692	-7.136504	-7.145150	-7.151589	-7.211435	-7.112482	-7.189203	-7.145576	-7.174873	-7.167859	-7.174017	-7.131158	-7.196986	-7.194529	-14.995704	-7.187525
1268.674000	-7.201683	-7.136520	-7.145172	-7.151570	-7.211520	-7.112461	-7.189180	-7.145578	-7.174943	-7.167861	-7.174029	-7.131173	-7.196963	-7.194547	-14.995727	-7.187556
1294.657000	-7.201678	-7.136479	-7.145146	-7.151589	-7.211537	-7.112468	-7.189168	-7.145575	-7.174992	-7.167824	-7.174049	-7.131161	-7.196974	-7.194536	-14.995733	-7.187568
1320.648000	-7.201653	-7.136423	-7.145156	-7.151577	-7.211556	-7.112438	-7.189166	-7.145549	-7.175041	-7.167836	-7.173992	-7.131162	-7.196923	-7.194545	-14.995708	-7.187645
1346.631000	-7.201651	-7.136468	-7.145156	-7.151582	-7.211614	-7.112444	-7.189181	-7.145542	-7.175112	-7.167821	-7.174011	-7.131138	-7.196929	-7.194514	-14.995704	-7.187677
1372.603000	-7.201628	-7.136441	-7.145114	-7.151562	-7.211668	-7.112410	-7.189126	-7.145527	-7.175119	-7.167791	-7.173981	-7.131153	-7.196945	-7.194488	-14.995732	-7.187722
1398.554000	-7.201596	-7.136457	-7.145129	-7.151583	-7.211719	-7.112422	-7.189191	-7.145525	-7.175199	-7.167810	-7.174011	-7.131143	-7.196921	-7.194493	-14.995752	-7.187746
1424.521000	-7.201589	-7.136453	-7.145148	-7.151588	-7.211722	-7.112427	-7.189150	-7.145547	-7.175204	-7.167801	-7.173973	-7.131126	-7.196916	-7.194474	-14.995777	-7.187782
1450.481000	-7.201590	-7.136450	-7.145117	-7.151567	-7.211751	-7.112407	-7.189151	-7.145525	-7.175209	-7.167782	-7.173987	-7.131157	-7.196908	-7.194459	-14.995688	-7.187795
1476.459000	-7.201587	-7.136425	-7.145125	-7.151597	-7.211790	-7.112423	-7.189168	-7.145528	-7.175279	-7.167799	-7.173978	-7.131109	-7.196918	-7.194450	-14.995702	-7.187818
1502.432000	-7.201591	-7.136421	-7.145116	-7.151608	-7.211781	-7.112409	-7.189128	-7.145546	-7.175284	-7.167775	-7.173947	-7.131107	-7.196928	-7.194489	-14.995738	-7.187830
1528.427000	-7.201560	-7.136420	-7.145107	-7.151574	-7.211798	-7.112365	-7.189111	-7.145554	-7.175337	-7.167769	-7.173951	-7.131137	-7.196902	-7.194465	-14.995693	-7.187863
1554.374000	-7.201600	-7.136426	-7.145104	-7.151575	-7.211821	-7.112397	-7.189142	-7.145519	-7.175325	-7.167756	-7.173956	-7.131123	-7.196894	-7.194484	-14.995672	-7.187876
1580.333000	-7.201581	-7.136417	-7.145117	-7.151562	-7.211812	-7.112409	-7.189132	-7.145542	-7.175359	-7.167775	-7.173980	-7.131125	-7.196885	-7.194494	-14.995698	-7.187921
1606.319000	-7.201596	-7.136421	-7.145099	-7.151573	-7.211831	-7.112378	-7.189112	-7.145498	-7.175364	-7.167771	-7.173941	-7.131114	-7.196865	-7.194476	-14.995767	-7.187928
1632.296000	-7.201595	-7.136424	-7.145089	-7.151537	-7.211870	-7.112372	-7.189129	-7.145487	-7.175387	-7.167790	-7.173945	-7.131132	-7.196901	-7.194452	-14.995712	-7.187910
1658.250000	-7.201544	-7.136420	-7.145110	-7.151548	-7.211894	-7.112403	-7.189115	-7.145515	-7.175350	-7.167799	-7.173942	-7.131140	-7.196868	-7.194463	-14.995662	-7.187950
1684.213000	-7.201545	-7.136434	-7.145081	-7.151573	-7.211888	-7.112392	-7.189122	-7.145521	-7.175402	-7.167777	-7.173958	-7.131095	-7.196851	-7.194437	-14.995730	-7.187945
1710.184000	-7.201532	-7.136417	-7.145084	-7.151561	-7.211894	-7.112377	-7.189137	-7.145505	-7.175405	-7.167772	-7.173948	-7.131103	-7.196881	-7.194443	-14.995700	-7.188000
1736.140000	-7.201566	-7.136393	-7.145071	-7.151546	-7.211918	-7.112367	-7.189112	-7.145504	-7.175406	-7.167748	-7.173934	-7.131099	-7.196852	-7.194439	-14.995703	-7.187946
1762.105000	-7.201543	-7.136391	-7.145085	-7.151534	-7.211943	-7.112399	-7.189101	-7.145498	-7.175419	-7.167751	-7.173879	-7.131083	-7.196894	-7.194436	-14.995683	-7.188011
1788.068000	-7.201549	-7.136431	-7.145077	-7.151567	-7.211893	-7.112380	-7.189128	-7.145504	-7.175433	-7.167747	-7.173966	-7.131118	-7.196856	-7.194421	-14.995746	-7.188028
1814.048000	-7.201548	-7.136404	-7.145078	-7.151520	-7.211943	-7.112370	-7.189070	-7.145513	-7.175457	-7.167754	-7.173920	-7.131118	-7.196874	-7.194450	-14.995725	-7.188013
1840.028000	-7.201555	-7.136401	-7.145067	-7.151531	-7.211956	-7.112359	-7.189091	-7.145509	-7.175457	-7.167772	-7.173912	-7.131098	-7.196846	-7.194433	-14.995698	-7.188025
1866.018000	-7.201555	-7.136396	-7.145059	-7.151497	-7.211975	-7.112355	-7.189043	-7.145537	-7.175493	-7.167768	-7.173905	-7.131069	-7.196880	-7.194433	-14.995686	-7.188019
1892.001000	-7.201565	-7.136376	-7.145090	-7.151527	-7.211977	-7.112357	-7.189094	-7.145507	-7.175461	-7.167733	-7.173900	-7.131081	-7.196864	-7.194441	-14.995677	-7.188004
1917.958000	-7.201561	-7.136400	-7.145111	-7.151526	-7.211982	-7.112374	-7.189072	-7.145501	-7.175472	-7.167743	-7.173921	-7.131089	-7.196858	-7.194434	-14.995674	-7.188002
1943.924000	-7.201533	-7.136395	-7.145078	-7.151504	-7.211976	-7.112377	-7.189123	-7.145503	-7.175511	-7.167724	-7.173939	-7.131077	-7.196863	-7.194431	-14.995719	-7.188048
1969.884000	-7.201541	-7.136369	-7.145078	-7.151505	-7.212009	-7.112340	-7.189089	-7.145527	-7.175489	-7.167727	-7.173940	-7.131074	-7.196876	-7.194416	-14.995683	-7.188027
1995.841000	-7.201557	-7.136372	-7.145068	-7.151532	-7.211990	-7.112351	-7.189094	-7.145523	-7.175511	-7.167744	-7.173905	-7.131084	-7.196848	-7.194439	-14.995737	-7.188037
2021.794000	-7.201552	-7.136408	-7.145031	-7.151514	-7.212039	-7.112376	-7.189113	-7.145497	-7.175529	-7.167733	-7.173923	-7.131070	-7.196876	-7.194416	-14.995725	-7.188034
2047.764000	-7.201541	-7.136412	-7.145044	-7.151521	-7.212091	-7.112332	-7.189090	-7.145498	-7.175523	-7.167714	-7.173947	-7.131073	-7.196840	-7.194418	-14.995701	-7.188074
2073.729000	-7.201547	-7.136390	-7.145050	-7.151525	-7.212050	-7.112352	-7.189075	-7.145486	-7.175512	-7.167701	-7.173954	-7.131086	-7.196879	-7.194436	-14.995723	-7.188070
2099.701000	-7.201537	-7.136381	-7.145058	-7.151522	-7.212061	-7.112335	-7.189074	-7.145520	-7.175576	-7.167720	-7.173937	-7.131079	-7.196861	-7.194438	-14.995704	-7.188084
2125.680000	-7.201528	-7.136359	-7.145068	-7.151507	-7.212031	-7.112341	-7.189084	-7.145503	-7.175531	-7.167702	-7.173908	-7.131094	-7.196849	-7.194431	-14.995705	-7.188064
2151.699000	-7.201529	-7.136357	-7.145052	-7.151528	-7.212027	-7.112333	-7.189078	-7.145477	-7.175577	-7.167714	-7.173895	-7.138572	-7.199473	-7.200419	-14.995741	-7.188061
2177.712000	-7.207635	-7.149981	-7.161067	-7.164310	-7.212982	-7.133112	-7.199894	-7.163930	-7.176586	-7.177690	-7.187607	-7.149283	-7.204648	-7.205198	-14.995700	-7.188222
2203.663000	-7.210123	-7.153881	-7.163797	-7.166504	-7.213167	-7.134666	-7.201341	-7.165761	-7.176692	-7.178743	-7.188880	-7.150103	-7.205480	-7.205884	-14.995710	-7.188250
2229.651000	-7.210477	-7.154426	-7.164105	-7.166851	-7.213195	-7.134829	-7.201505	-7.165958	-7.176739	-7.178887	-7.189033	-7.150200	-7.205616	-7.205974	-14.995766	-7.188305
2255.654000	-7.210493	-7.154560	-7.164132	-7.166916	-7.213230	-7.134836	-7.201563	-7.166072	-7.176777	-7.178919	-7.189119	-7.150216	-7.205624	-7.206005	-14.995712	-7.188307
2281.635000	-7.210532	-7.154574	-7.164172	-7.166974	-7.213292	-7.134882	-7.201582	-7.166093	-7.176786	-7.178940	-7.189153	-7.150236	-7.205635	-7.206058	-14.995712	-7.188323
2307.609000	-7.210584	-7.154613	-7.164140	-7.167018	-7.213277	-7.134911	-7.201587	-7.166084	-7.176751	-7.178918	-7.189181	-7.150229	-7.205653	-7.206055	-14.995778	-7.188321
2333.586000	-7.210585	-7.154654	-7.164155	-7.166979	-7.213303	-7.134905	-7.201622	-7.166066	-7.176776	-7.178953	-7.189168	-7.150276	-7.205685	-7.206101	-14.995728	-7.188328
2359.641000	-7.210597	-7.154643	-7.164193	0.831055	0.831889	0.832156	0.833287	0.832700	0.833273	0.831720	0.831562	0.832517	0.830344	0.830644	14.990675	0.831347
2385.700000	0.828999	0.831769	0.832488	0.832271	0.832592	0.832727	0.833649	0.833161	0.833657	0.832049	0.831868	0.832707	0.830534	0.830817	14.990586	0.831446
2411.768000	0.829038	0.831805	0.832467	0.832337	0.832628	0.832808	0.833703	0.833252	0.833661	0.832087	0.831958	0.832802	0.830554	0.830930	14.990656	0.831544
2437.828000	0.829124	0.831904	0.832586	0.832426	0.832674	0.832845	0.833838	0.833335	0.833764	0.832214	0.832028	0.832866	0.830631	0.830937	14.990618	0.831604
2463.885000	0.829194	0.832039	0.832694	0.832536	0.832755	0.832914	0.833879	0.833375	0.833819	0.832231	0.832076	0.832910	0.830637	0.830997	14.990647	0.831644
2489.958000	0.829369	0.832032	0.832668	0.832587	0.832768	0.832970	0.833838	0.833411	0.833865	0.832298	0.832123	0.832968	0.830721	0.831051	14.990618	0.831719
2516.022000	0.829300	0.832107	0.832789	0.832529	0.832867	0.833041	0.833963	0.833479	0.833931	0.832362	0.832203	0.833029	0.830772	0.831142	14.990624	0.831779
2542.077000	0.829328	0.832092	0.832811	0.832525	0.832906	0.833025	0.833924	0.833451	0.833932	0.832338	0.832203	0.833046	0.830780	0.831146	14.990622	0.831787
2568.126000	0.829444	0.832141	0.832868	0.832651	0.832937	0.833106	0.834023	0.833555	0.833998	0.832362	0.832263	0.833104	0.830885	0.831195	14.990629	0.831876
2594.194000	0.829485	0.832256	0.832906	0.832731	0.832994	0.833151	0.833962	0.833620	0.834033	0.832449	0.832307	0.833136	0.830910	0.831233	14.990635	0.831879
2620.251000	0.829595	0.832288	0.832902	0.832765	0.833024	0.833194	0.834117	0.833665	0.834096	0.832491	0.832352	0.833202	0.830978	0.831318	14.990603	0.831973
2646.318000	0.829597	0.832301	0.832966	0.832813	0.833041	0.788017	0.592831	0.576661	0.845877	0.567741	0.559454	0.568727	0.592207	0.423388	14.990508	0.848706
2672.408000	0.571013	0.579587	0.566311	0.573000	0.832200	0.566084	0.572017	0.568214	0.838691	0.561763	0.559749	0.565878	0.588979	0.417471	14.990466	0.846070
2698.471000	0.570091	0.578564	0.565551	0.572410	0.830286	0.565769	0.571531	0.568039	0.837742	0.561489	0.559702	0.565752	0.588830	0.414014	14.990505	0.845408
2724.569000	0.570017	0.578443	0.565519	0.572321	0.829867	0.565749	0.571414	0.568018	0.837499	0.561437	0.559537	0.565757	0.588785	0.415848	14.990491	0.845204
2750.631000	0.570000	0.578376	0.565466	0.572375	0.829847	0.565742	0.571532	0.568049	0.837456	0.561408	0.559332	0.565748	0.588808	0.412978	14.990486	0.845171
2776.707000	0.569989	0.578396	0.565492	0.572379	0.829774	0.565767	0.571488	0.568052	0.837426	0.561426	0.559192	0.565747	0.588774	0.408587	14.990492	0.845191
2802.763000	0.569966	0.578392	0.565473	0.572313	0.829843	0.565791	0.571515	0.568014	0.837430	0.561415	0.559110	0.565763	0.588773	0.400211	14.990503	0.845178
2828.830000	0.569979	0.578506	0.565519	0.572358	0.829804	0.565785	0.571523	0.567975	0.837361	0.561431	0.559036	0.565773	0.588751	0.393523	14.990523	0.845119
2854.878000	0.569987	0.578568	0.565487	0.572354	0.829899	0.565800	0.571440	0.568025	0.837383	0.561391	0.559003	0.565768	0.588776	0.387022	14.990563	0.845113
2880.955000	0.570003	0.578539	0.565493	0.572406	0.829886	0.565842	0.571466	0.568025	0.837368	0.561365	0.558937	0.565788	0.588845	0.380178	14.990558	0.845083
2907.018000	0.570001	0.578529	0.565463	0.572381	0.829948	0.565841	0.571473	0.568001	0.837395	0.561334	0.558891	0.565802	0.588812	0.375346	14.990506	0.845206
2933.072000	0.569995	0.578414	0.565475	0.572312	0.830010	0.565847	0.571429	0.568061	0.837411	0.561311	0.558763	0.565808	0.588872	0.368787	14.990464	0.845216
2959.077000	0.570008	0.578478	0.565515	-7.151633	-1.709984	-7.112257	-7.189198	-7.145552	-1.715412	-7.167975	-7.174205	-7.131324	-7.197822	-7.195336	-14.994963	-1.916943
2985.103000	-7.202326	-7.137665	-7.146652	-7.152467	-1.735640	-7.114692	-7.190805	-7.146594	-7.167855	-7.170839	-7.176007	-7.132236	-7.199736	-7.197451	-14.995514	-7.181952
3011.067000	-7.202825	-7.138356	-7.147403	-7.153031	-7.207177	-7.115442	-7.191464	-7.147027	-7.167399	-7.171723	-7.176589	-7.132427	-7.200387	-7.198147	-14.995470	-7.182453
3037.054000	-7.203088	-7.138611	-7.147702	-7.153284	-7.207795	-7.115714	-7.191724	-7.147193	-7.167499	-7.172118	-7.176804	-7.132543	-7.200667	-7.198441	-14.995424	-7.182786
3063.003000	-7.203228	-7.138764	-7.147830	-7.153422	-7.208181	-7.115860	-7.191879	-7.147282	-7.167615	-7.172328	-7.176916	-7.132590	-7.200896	-7.198652	-14.995463	-7.182951
3088.963000	-7.203296	-7.138836	-7.147911	-7.153510	-7.208410	-7.115933	-7.191978	-7.147333	-7.167683	-7.172467	-7.176998	-7.132601	-7.200993	-7.198762	-14.995429	-7.183136
3114.940000	-7.203373	-7.138902	-7.147940	-7.153552	-7.208570	-7.116012	-7.192046	-7.147338	-7.167708	-7.172572	-7.177046	-7.132599	-7.201104	-7.198872	-14.995485	-7.183223
3140.903000	-7.203411	-7.138928	-7.147986	-7.153604	-7.208688	-7.116033	-7.192048	-7.147380	-7.167768	-7.172624	-7.177130	-7.132617	-7.201162	-7.198920	-14.995463	-7.183312
3166.855000	-7.203443	-7.138961	-7.148020	-7.153628	-7.208744	-7.116088	-7.192106	-7.147375	-7.167784	-7.172676	-7.177134	-7.132582	-7.201216	-7.198971	-14.995453	-7.183392
3192.811000	-7.203487	-7.138993	-7.148043	-7.153632	-7.208839	-7.116099	-7.192118	-7.147424	-7.167811	-7.172689	-7.177127	-7.132629	-7.201294	-7.198994	-14.995452	-7.183419
3218.785000	-7.203510	-7.139030	-7.148091	-7.153649	-7.208909	-7.116143	-7.192186	-7.147393	-7.167824	-7.172743	-7.177155	-7.132633	-7.201350	-7.199033	-14.995420	-7.183450
3244.767000	-7.203528	-7.139007	-7.148111	-7.153647	-7.208967	-7.116176	-7.192183	-7.147408	-7.167845	-7.172779	-7.177160	-7.132602	-7.201394	-7.199057	-14.995461	-7.183490
3270.734000	-7.203556	-7.139005	-7.148108	-7.153653	-7.209004	-7.116143	-7.192205	-7.147396	-7.167879	-7.172815	-7.177142	-7.132632	-7.201444	-7.199085	-14.995498	-7.183527
3296.675000	-7.203566	-7.139032	-7.148139	-7.153676	-7.209049	-7.116175	-7.192228	-7.147395	-7.167882	-7.172817	-7.177178	-7.132631	-7.201461	-7.199125	-14.995393	-7.183570
3322.634000	-7.203606	-7.139052	-7.148123	-7.153693	-7.209062	-7.116174	-7.192233	-7.147408	-7.167877	-7.172826	-7.177190	-7.132611	-7.201489	-7.199151	-14.995443	-7.183595
3348.606000	-7.203612	-7.139044	-7.148120	-7.153666	-7.209088	-7.116195	-7.192224	-7.147435	-7.167938	-7.172884	-7.177189	-7.132605	-7.201548	-7.199181	-14.995389	-7.183661
3374.617000	-7.203617	-7.139053	-7.148149	-7.153652	-7.209109	-7.116194	-7.192244	-7.147424	-7.167932	-7.172852	-7.177199	-7.132614	-7.201544	-7.199140	-14.995441	-7.183654
3400.602000	-7.203638	-7.139116	-7.148165	-7.153707	-7.209120	-7.116192	-7.192280	-7.147398	-7.167971	-7.172902	-7.177174	-7.132611	-7.201584	-7.199159	-14.995385	-7.183664
3426.581000	-7.203620	-7.139115	-7.148137	-7.153705	-7.209161	-7.116213	-7.192258	-7.147410	-7.167970	-7.172890	-7.177174	-7.132617	-7.201606	-7.199178	-14.995399	-7.183660
3452.547000	-7.203637	-7.139085	-7.148153	-7.153685	-7.209152	-7.116216	-7.192271	-7.147409	-7.167943	-7.172928	-7.177189	-7.132620	-7.201618	-7.199197	-14.995380	-7.183684
3478.499000	-7.203673	-7.139140	-7.148140	-7.153697	-7.209166	-7.116222	-7.192291	-7.147420	-7.167962	-7.172924	-7.177184	-7.132615	-7.201618	-7.199213	-14.995403	-7.183670
3504.469000	-7.203680	-7.139097	-7.148132	-7.153709	-7.209172	-7.116224	-7.192299	-7.147407	-7.168003	-7.172930	-7.177184	-7.132624	-7.201657	-7.199228	-14.995412	-7.183712
3530.442000	-7.203690	-7.139093	-7.148165	-7.153705	-7.209218	-7.116199	-7.192278	-7.147390	-7.167976	-7.172943	-7.177194	-7.132587	-7.201674	-7.199202	-14.995374	-7.183693
3556.418000	-7.203700	-7.139109	-7.148196	-7.153682	-7.209220	-7.116214	-7.192303	-7.147376	-7.167983	-7.172947	-7.177210	-7.132601	-7.201709	-7.199239	-14.995439	-7.183727
3582.382000	-7.203710	-7.139099	-7.148158	-7.153696	-7.209231	-7.116245	-7.192320	-7.147396	-7.167987	-7.172953	-7.177212	-7.132603	-7.201702	-7.199266	-14.995358	-7.183743
3608.346000	-7.203695	-7.139124	-7.148183	-7.153713	-7.209238	-7.116208	-7.192331	-7.147401	-7.168021	-7.172986	-7.177213	-7.132569	-7.201722	-7.199283	-14.995426	-7.183739
3634.333000	-7.203715	-7.139120	-7.148153	-7.153711	-7.209257	-7.116204	-7.192313	-7.147365	-7.167978	-7.172990	-7.177242	-7.132580	-7.201759	-7.199276	-14.995441	-7.183744
3660.297000	-7.203685	-7.139122	-7.148175	-7.153709	-7.209270	-7.116192	-7.192306	-7.147386	-7.167999	-7.173001	-7.177223	-7.132585	-7.201779	-7.199281	-14.995448	-7.183780
3686.263000	-7.203699	-7.139115	-7.148168	-7.153697	-7.209286	-7.116208	-7.192327	-7.147376	-7.168017	-7.172978	-7.177213	-7.132592	-7.201762	-7.199315	-14.995441	-7.183785
3712.251000	-7.203698	-7.139111	-7.148193	-7.153705	-7.209270	-7.116224	-7.192299	-7.147337	-7.168034	-7.172978	-7.177193	-7.132586	-7.201752	-7.199299	-14.995391	-7.183793
3738.218000	-7.203724	-7.139147	-7.148163	-7.153679	-7.209277	-7.116213	-7.192307	-7.147340	-7.168026	-7.172997	-7.177247	-7.132579	-7.201778	-7.199271	-14.995452	-7.183815
3764.177000	-7.203731	-7.139148	-7.148152	-7.153690	-7.209310	-7.116203	-7.192319	-7.147362	-7.168034	-7.173039	-7.177198	-7.132566	-7.201769	-7.199293	-14.995499	-7.183815
3790.152000	-7.203724	-7.139146	-7.148165	-7.153693	-7.209287	-7.116191	-7.192343	-7.147335	-7.168010	-7.173001	-7.177238	-7.132584	-7.201790	-7.199310	-14.995421	-7.183813
3816.121000	-7.203733	-7.139121	-7.148144	-7.153688	-7.209290	-7.116206	-7.192329	-7.147360	-7.168062	-7.173035	-7.177209	-7.132565	-7.201801	-7.199323	-14.995479	-7.183823
3842.110000	-7.203764	-7.139116	-7.148167	-7.153686	-7.209305	-7.116190	-7.192313	-7.147325	-7.168030	-7.173047	-7.177231	-7.132586	-7.201804	-7.199342	-14.995469	-7.183815
3868.109000	-7.203765	-7.139111	-7.148181	-7.153673	-7.209341	-7.116198	-7.192343	-7.147332	-7.168025	-7.173025	-7.177238	-7.132591	-7.201809	-7.199320	-14.995444	-7.183824
3894.060000	-7.203778	-7.139146	-7.148185	-7.153704	-7.209334	-7.116216	-7.192325	-7.147313	-7.168033	-7.173027	-7.177203	-7.132604	-7.201832	-7.199350	-14.995492	-7.183849
3920.023000	-7.203770	-7.139150	-7.148154	-7.153701	-7.209318	-7.116179	-7.192340	-7.147326	-7.168044	-7.173015	-7.177219	-7.132590	-7.201833	-7.199326	-14.995429	-7.183825
3945.965000	-7.203760	-7.139114	-7.148158	-7.153692	-7.209344	-7.116177	-7.192316	-7.147331	-7.168032	-7.173055	-7.177242	-7.132582	-7.201844	-7.199308	-14.995438	-7.183827
3971.901000	-7.203764	-7.139138	-7.148201	-7.153694	-7.209373	-7.116153	-7.192312	-7.147327	-7.168051	-7.173065	-7.177221	-7.132575	-7.201860	-7.199349	-14.995442	-7.183846
3997.847000	-7.203753	-7.139127	-7.148192	-7.153687	-7.209348	-7.116159	-7.192341	-7.147317	-7.168042	-7.173080	-7.177237	-7.132579	-7.201891	-7.199352	-14.995457	-7.183844
4023.785000	-7.203767	-7.139125	-7.148192	-7.153681	-7.209362	-7.116184	-7.192343	-7.147328	-7.168035	-7.173038	-7.177246	-7.132580	-7.201847	-7.199339	-14.995429	-7.183850
4049.723000	-7.203774	-7.139142	-7.148164	-7.153676	-7.209375	-7.116175	-7.192322	-7.147309	-7.168027	-7.173073	-7.177234	-7.132543	-7.201874	-7.199343	-14.995471	-7.183840
4075.659000	-7.203794	-7.139119	-7.148194	-7.153689	-7.209384	-7.116197	-7.192327	-7.147327	-7.168047	-7.173065	-7.177189	-7.132565	-7.201867	-7.199335	-14.995466	-7.183836
4101.619000	-7.203773	-7.139113	-7.148191	-7.153683	-7.209400	-7.116183	-7.192304	-7.147344	-7.168061	-7.173060	-7.177226	-7.132535	-7.201876	-7.199381	-14.995413	-7.183879
4127.553000	-7.203772	-7.139129	-7.148169	-7.153685	-7.209397	-7.116171	-7.192347	-7.147321	-7.168065	-7.173050	-7.177207	-7.132542	-7.201857	-7.199347	-14.995467	-7.183855
4153.496000	-7.203836	-7.139124	-7.148179	-7.153692	-7.209379	-7.116171	-7.192320	-7.147324	-7.168068	-7.173061	-7.177199	-7.132536	-7.201877	-7.199336	-14.995409	-7.183866
4179.433000	-7.203788	-7.139161	-7.148178	-7.153693	-7.209383	-7.116202	-7.192354	-7.147326	-7.168063	-7.173032	-7.177226	-7.132543	-7.201884	-7.199364	-14.995430	-7.183866
4205.380000	-7.203797	-7.139114	-7.148189	-7.153713	-7.209372	-7.116204	-7.192317	-7.147294	-7.168047	-7.173043	-7.177216	-7.132548	-7.201866	-7.199388	-14.995452	-7.183890
4231.323000	-7.203801	-7.139126	-7.148208	-7.153714	-7.209372	-7.116208	-7.192341	-7.147326	-7.168066	-7.173038	-7.177211	-7.132544	-7.201870	-7.199354	-14.995437	-7.183899
4257.257000	-7.203786	-7.139129	-7.148203	-7.153754	-7.209403	-7.116206	-7.192332	-7.147300	-7.168067	-7.173046	-7.177220	-7.132551	-7.201877	-7.199372	-14.995394	-7.183893
4283.210000	-7.203788	-7.139117	-7.148169	-7.153699	-7.209389	-7.116222	-7.192319	-7.147262	-7.168072	-7.173058	-7.177211	-7.132554	-7.201882	-7.199392	-14.995490	-7.183868
4309.224000	-7.203814	-7.139131	-7.148208	-7.153697	-7.209394	-7.116194	-7.192328	-7.147294	-7.168097	-7.173076	-7.177227	-7.132835	-7.201608	-7.199262	-14.995444	-7.183898
4335.189000	-7.203487	-7.139397	-7.148498	-7.153800	-7.209011	-7.116653	-7.192191	-7.147921	-7.168057	-7.172808	-7.177313	-7.132940	-7.201431	-7.199075	-14.995452	-7.183903
4361.165000	-7.203428	-7.139425	-7.148525	-7.153776	-7.208955	-7.116670	-7.192150	-7.147928	-7.168013	-7.172773	-7.177273	-7.132940	-7.201385	-7.199119	-14.995458	-7.183902
4387.137000	-7.203414	-7.139446	-7.148538	-7.153773	-7.208962	-7.116647	-7.192149	-7.148002	-7.168059	-7.172785	-7.177274	-7.132946	-7.201398	-7.199089	-14.995404	-7.183893
4413.095000	-7.203429	-7.139426	-7.148501	-7.153785	-7.208960	-7.116644	-7.192185	-7.147979	-7.168040	-7.172752	-7.177243	-7.132962	-7.201395	-7.199089	-14.995412	-7.183875
4439.082000	-7.203444	-7.139439	-7.148513	-7.153787	-7.208957	-7.116649	-7.192170	-7.147946	-7.168079	-7.172787	-7.177274	-7.132931	-7.201388	-7.199059	-14.995397	-7.183910
4465.066000	-7.203420	-7.139463	-7.148482	-7.153766	-7.208982	-7.116688	-7.192144	-7.147967	-7.168084	-7.172758	-7.177276	-7.132950	-7.201395	-7.199081	-14.995386	-7.183922
4491.029000	-7.203422	-7.139418	-7.148503	-7.153785	-7.208941	-7.116670	-7.192177	-7.147991	-7.168041	-7.172790	-7.177249	-7.132957	-7.201416	-7.199083	-14.995381	-7.183888
4516.986000	-7.203438	-7.139401	-7.148478	-7.153781	-7.208962	-7.116660	-7.192180	-7.147953	-7.168068	-7.172780	-7.177236	-7.132940	-7.201399	-7.199087	-14.995410	-7.183912
4542.954000	-7.203458	-7.139397	-7.148446	-7.153779	-7.208993	-7.116646	-7.192171	-7.147953	-7.168062	-7.172798	-7.177272	-7.132921	-7.201434	-7.199086	-14.995424	-7.183907
4568.929000	-7.203428	-7.139422	-7.148459	-7.153771	-7.208974	-7.116637	-7.192199	-7.147979	-7.168064	-7.172784	-7.177250	-7.132941	-7.201398	-7.199079	-14.995414	-7.183902
4594.903000	-7.203448	-7.139412	-7.148497	-7.153795	-7.208976	-7.116669	-7.192193	-7.147959	-7.168059	-7.172793	-7.177283	-7.132955	-7.201419	-7.199085	-14.995404	-7.183912
4620.939000	-7.203440	-7.139455	-7.148512	-7.153783	-7.208990	-7.116678	-7.192211	-7.147945	-7.168079	-7.172784	0.551367	0.553047	0.552333	0.551853	14.989924	0.551978
4646.993000	0.557433	0.554607	0.553532	0.555248	0.553153	0.553041	0.553598	0.553592	0.554726	0.552131	0.552275	0.553631	0.552802	0.552269	14.989878	0.552253
4673.055000	0.557546	0.554680	0.553620	0.555224	0.553251	0.553071	0.553606	0.553634	0.554732	0.552109	0.552289	0.553629	0.552759	0.552264	14.989915	0.552210
4699.128000	0.557455	0.554666	0.553621	0.555147	0.553256	0.553035	0.553537	0.553590	0.554700	0.551987	0.552246	0.553566	0.552707	0.552201	14.989898	0.552156
4725.213000	0.557297	0.554618	0.553600	0.555110	0.553184	0.552958	0.553560	0.553466	0.554614	0.551904	0.552171	0.553516	0.552630	0.552118	14.989880	0.552112
4751.266000	0.557365	0.554566	0.553495	0.555160	0.553061	0.552914	0.553486	0.553462	0.554556	0.551897	0.552102	0.553436	0.552584	0.552086	14.989964	0.552084
4777.345000	0.557313	0.554503	0.553469	0.554991	0.553102	0.552893	0.553387	0.553440	0.554531	0.551873	0.552090	0.553437	0.552522	0.552019	14.989916	0.552028
4803.407000	0.557156	0.554407	0.553382	0.554992	0.553009	0.552809	0.553455	0.553351	0.554483	0.551801	0.552043	0.553371	0.552460	0.551966	14.989946	0.551994
4829.478000	0.557180	0.554350	0.553364	0.554931	0.552937	0.552793	0.553418	0.553312	0.554439	0.551783	0.551998	0.553327	0.552486	0.551940	14.989948	0.551903
4855.534000	0.557174	0.554433	0.553284	0.555009	0.552819	0.552722	0.553295	0.553240	0.554391	0.551754	0.551904	0.553261	0.552379	0.551890	14.989922	0.551891
4881.615000	0.557048	0.554290	0.553263	0.554837	0.552840	0.552684	0.553295	0.553199	0.554349	0.551701	0.551892	0.553236	0.552313	0.551826	14.989890	0.551835
4907.699000	0.556939	0.554220	0.553227	0.554740	0.552814	0.552644	0.553241	0.553194	0.554326	0.551659	0.551867	0.553234	0.552327	0.551788	14.989958	0.551815
4933.757000	0.556937	0.554245	0.553158	0.540879	0.545523	0.538794	0.534831	0.537807	0.546239	0.534815	0.536797	0.533155	0.541079	0.525299	14.989891	0.554654
4959.832000	0.531159	0.537781	0.530591	0.534058	0.539606	0.535554	0.532924	0.533270	0.543577	0.533479	0.533576	0.531428	0.538750	0.524397	14.989958	0.554482
4985.904000	0.529621	0.537445	0.530426	0.533110	0.538835	0.535202	0.532800	0.532595	0.543221	0.533376	0.533097	0.531175	0.538479	0.524292	14.989921	0.554380
5011.992000	0.529233	0.537339	0.530390	0.532741	0.538700	0.535129	0.532775	0.532478	0.543143	0.533342	0.532987	0.531100	0.538297	0.524260	14.989909	0.554310
5038.057000	0.529179	0.537326	0.530327	0.532735	0.538601	0.535063	0.532749	0.532343	0.543084	0.533269	0.532852	0.531031	0.538220	0.524224	14.989913	0.554262
5064.113000	0.529185	0.537296	0.530301	0.532639	0.538577	0.535042	0.532730	0.532341	0.543062	0.533284	0.532864	0.531012	0.538176	0.524224	14.989909	0.554251
5090.180000	0.529152	0.537333	0.530293	0.532624	0.538462	0.534990	0.532703	0.532258	0.543026	0.533233	0.532798	0.530934	0.538103	0.524173	14.989903	0.554199
5116.244000	0.529044	0.537288	0.530294	0.532574	0.538427	0.534951	0.532704	0.532222	0.542957	0.533189	0.532746	0.530914	0.538058	0.524150	14.989924	0.554137
5142.306000	0.529001	0.537260	0.530288	0.532520	0.538454	0.534949	0.532713	0.532206	0.542960	0.533192	0.532754	0.530881	0.538030	0.524181	14.989878	0.554136
5168.372000	0.528941	0.537233	0.530249	0.532480	0.538408	0.534899	0.532670	0.532134	0.542901	0.533180	0.532710	0.530876	0.537968	0.524151	14.989887	0.554092
5194.441000	0.528934	0.537245	0.530226	0.532538	0.538292	0.534884	0.532662	0.532178	0.542902	0.533207	0.532719	0.530901	0.537983	0.524143	14.989912	0.554060
5220.514000	0.528875	0.537198	0.530252	0.532444	0.538290	0.534797	0.532674	0.532086	0.542827	0.533159	0.532644	0.530870	0.537984	0.524151	14.989916	0.554041
5246.812000	0.528884	0.537204	0.530247	0.532487	0.538300	-7.116195	-7.192381	-7.147287	-7.168167	-7.173161	-7.177274	-7.132393	-7.202241	-7.199707	-14.995366	-7.184473
5272.795000	-7.204286	-7.138961	-7.148114	-7.153742	-7.210371	-7.115682	-7.192852	-7.146672	-7.168805	-7.173781	-7.177337	-7.131782	-7.203129	-7.200261	-14.995364	-7.185314
5298.777000	-7.204769	-7.138550	-7.147929	-7.153741	-7.211054	-7.115368	-7.193131	-7.146320	-7.169057	-7.174035	-7.177267	-7.131484	-7.203453	-7.200475	-14.995344	-7.185650
5324.738000	-7.205020	-7.138330	-7.147798	-7.153743	-7.211393	-7.115213	-7.193266	-7.146128	-7.169181	-7.174131	-7.177223	-7.131386	-7.203605	-7.200612	-14.995326	-7.185863
5350.713000	-7.205179	-7.138163	-7.147735	-7.153733	-7.211591	-7.115152	-7.193393	-7.146041	-7.169214	-7.174191	-7.177199	-7.131317	-7.203721	-7.200666	-14.995358	-7.185936
5376.695000	-7.205281	-7.138085	-7.147681	-7.153740	-7.211720	-7.115099	-7.193405	-7.145954	-7.169267	-7.174187	-7.177163	-7.131304	-7.203797	-7.200676	-14.995365	-7.185982
5402.672000	-7.205359	-7.138010	-7.147664	-7.153719	-7.211759	-7.115067	-7.193459	-7.145931	-7.169257	-7.174220	-7.177159	-7.131273	-7.203841	-7.200683	-14.995332	-7.186030
5428.621000	-7.205382	-7.137990	-7.147653	-7.153672	-7.211791	-7.115065	-7.193483	-7.145867	-7.169263	-7.174189	-7.177159	-7.131260	-7.203881	-7.200706	-14.995320	-7.186069
5454.592000	-7.205426	-7.138001	-7.147604	-7.153707	-7.211833	-7.115003	-7.193482	-7.145873	-7.169293	-7.174211	-7.177159	-7.131199	-7.203899	-7.200742	-14.995352	-7.186046
5480.556000	-7.205466	-7.137974	-7.147609	-7.153691	-7.211860	-7.115008	-7.193471	-7.145885	-7.169302	-7.174261	-7.177145	-7.131207	-7.203910	-7.200720	-14.995355	-7.186062
5506.540000	-7.205469	-7.137936	-7.147591	-7.153697	-7.211869	-7.115011	-7.193470	-7.145859	-7.169332	-7.174229	-7.177123	-7.131181	-7.203938	-7.200752	-14.995321	-7.186101
5532.503000	-7.205499	-7.137913	-7.147567	-7.153668	-7.211898	-7.114988	-7.193482	-7.145855	-7.169307	-7.174262	-7.177143	-7.131196	-7.203958	-7.200770	-14.995310	-7.186091
5558.473000	-7.205493	-7.137903	-7.147574	-7.153693	-7.211882	-7.114955	-7.193502	-7.145833	-7.169326	-7.174222	-7.177135	-7.131166	-7.203958	-7.200759	-14.995319	-7.186123
5584.434000	-7.205528	-7.137893	-7.147555	-7.153671	-7.211933	-7.114975	-7.193510	-7.145810	-7.169346	-7.174217	-7.177152	-7.131153	-7.203955	-7.200746	-14.995312	-7.186148
5610.398000	-7.205514	-7.137870	-7.147582	-7.153671	-7.211909	-7.114968	-7.193510	-7.145795	-7.169345	-7.174243	-7.177150	-7.131151	-7.203942	-7.200756	-14.995364	-7.186177
5636.405000	-7.205503	-7.137866	-7.147557	-7.153680	-7.211931	-7.114939	-7.193525	-7.145781	-7.169332	-7.174266	-7.177156	-7.131174	-7.203979	-7.200787	-14.995305	-7.186188
5662.370000	-7.205526	-7.137895	-7.147556	-7.153705	-7.211940	-7.114953	-7.193515	-7.145784	-7.169358	-7.174244	-7.177120	-7.131160	-7.203982	-7.200762	-14.995306	-7.186178
5688.333000	-7.205512	-7.137853	-7.147545	-7.153687	-7.211934	-7.114935	-7.193552	-7.145800	-7.169371	-7.174257	-7.177108	-7.131170	-7.203980	-7.200744	-14.995280	-7.186191
5714.290000	-7.205507	-7.137842	-7.147542	-7.153696	-7.211943	-7.114948	-7.193512	-7.145729	-7.169400	-7.174240	-7.177128	-7.131159	-7.204000	-7.200764	-14.995335	-7.186200
5740.263000	-7.205550	-7.137873	-7.147532	-7.153682	-7.211941	-7.114930	-7.193524	-7.145745	-7.169377	-7.174260	-7.177118	-7.131148	-7.204047	-7.200775	-14.995322	-7.186199
5766.253000	-7.205544	-7.137845	-7.147544	-7.153685	-7.211976	-7.114941	-7.193528	-7.145776	-7.169379	-7.174276	-7.177118	-7.131116	-7.204012	-7.200762	-14.995316	-7.186220
5792.230000	-7.205544	-7.137832	-7.147546	-7.153709	-7.211979	-7.114913	-7.193547	-7.145753	-7.169378	-7.174256	-7.177097	-7.131090	-7.204018	-7.200757	-14.995349	-7.186199
5818.204000	-7.205539	-7.137823	-7.147518	-7.153712	-7.211968	-7.114924	-7.193546	-7.145749	-7.169345	-7.174250	-7.177117	-7.131136	-7.204027	-7.200758	-14.995305	-7.186213
5844.186000	-7.205556	-7.137831	-7.147526	-7.153687	-7.211981	-7.114857	-7.193547	-7.145732	-7.169395	-7.174267	-7.177099	-7.131115	-7.204022	-7.200757	-14.995261	-7.186207
5870.148000	-7.205568	-7.137832	-7.147531	-7.153672	-7.211965	-7.114910	-7.193539	-7.145756	-7.169373	-7.174285	-7.177127	-7.131110	-7.204018	-7.200752	-14.995302	-7.186208
5896.110000	-7.205565	-7.137835	-7.147518	-7.153708	-7.211971	-7.114910	-7.193551	-7.145729	-7.169372	-7.174267	-7.177106	-7.131113	-7.204023	-7.200783	-14.995320	-7.186222
5922.069000	-7.205546	-7.137787	-7.147529	-7.153689	-7.212000	-7.114895	-7.193548	-7.145729	-7.169385	-7.174278	-7.177105	-7.131095	-7.204008	-7.200749	-14.995327	-7.186223
5948.040000	-7.205595	-7.137779	-7.147504	-7.153663	-7.211977	-7.114882	-7.193503	-7.145725	-7.169369	-7.174254	-7.177112	-7.131098	-7.204031	-7.200756	-14.995315	-7.186238
5974.013000	-7.205593	-7.137781	-7.147529	-7.153680	-7.211968	-7.114876	-7.193554	-7.145737	-7.169376	-7.174271	-7.177077	-7.131113	-7.204039	-7.200788	-14.995318	-7.186228
5999.988000	-7.205573	-7.137786	-7.147536	-7.153676	-7.211975	-7.114884	-7.193535	-7.145722	-7.169366	-7.174289	-7.177100	-7.131096	-7.204040	-7.200778	-14.995316	-7.186259
6025.939000	-7.205581	-7.137752	-7.147517	-7.153664	-7.212009	-7.114909	-7.193524	-7.145722	-7.169352	-7.174298	-7.177081	-7.131095	-7.204040	-7.200769	-14.995309	-7.186232
6051.912000	-7.205582	-7.137774	-7.147518	-7.153674	-7.211994	-7.114892	-7.193498	-7.145694	-7.169392	-7.174274	-7.177079	-7.131067	-7.204033	-7.200786	-14.995298	-7.186216
6077.882000	-7.205580	-7.137776	-7.147512	-7.153696	-7.212011	-7.114883	-7.193521	-7.145686	-7.169379	-7.174277	-7.177107	-7.131092	-7.204075	-7.200780	-14.995338	-7.186260
6103.844000	-7.205596	-7.137724	-7.147523	-7.153678	-7.212010	-7.114870	-7.193519	-7.145726	-7.169385	-7.174289	-7.177078	-7.131065	-7.204076	-7.200784	-14.995314	-7.186234
6129.802000	-7.205595	-7.137751	-7.147513	-7.153686	-7.212007	-7.114861	-7.193493	-7.145705	-7.169367	-7.174268	-7.177072	-7.131087	-7.204057	-7.200773	-14.995303	-7.186232
6155.787000	-7.205584	-7.137802	-7.147483	-7.153702	-7.211990	-7.114863	-7.193533	-7.145698	-7.169370	-7.174270	-7.177115	-7.131064	-7.204064	-7.200781	-14.995274	-7.186269
6181.747000	-7.205589	-7.137804	-7.147492	-7.153699	-7.211997	-7.114863	-7.193553	-7.145747	-7.169366	-7.174275	-7.177114	-7.131071	-7.204057	-7.200775	-14.995310	-7.186264
6207.701000	-7.205576	-7.137784	-7.147495	-7.153696	-7.211983	-7.114853	-7.193556	-7.145722	-7.169378	-7.174249	-7.177075	-7.131092	-7.204060	-7.200744	-14.995324	-7.186264
6233.669000	-7.205621	-7.137765	-7.147477	-7.153690	-7.212002	-7.114852	-7.193523	-7.145722	-7.169388	-7.174252	-7.177090	-7.131058	-7.204068	-7.200771	-14.995327	-7.186272
6259.634000	-7.205596	-7.137779	-7.147492	-7.153693	-7.212004	-7.114842	-7.193536	-7.145704	-7.169356	-7.174266	-7.177079	-7.131091	-7.204068	-7.200769	-14.995308	-7.186262
6285.606000	-7.205613	-7.137761	-7.147501	-7.153694	-7.212005	-7.114808	-7.193556	-7.145669	-7.169387	-7.174266	-7.177076	-7.131076	-7.204053	-7.200777	-14.995357	-7.186262
6311.600000	-7.205606	-7.137742	-7.147491	-7.153677	-7.211990	-7.114839	-7.193505	-7.145670	-7.169391	-7.174281	-7.177099	-7.131067	-7.204071	-7.200762	-14.995335	-7.186253
6337.583000	-7.205596	-7.137722	-7.147474	-7.153701	-7.211982	-7.114844	-7.193492	-7.145667	-7.169378	-7.174254	-7.177114	-7.131068	-7.204067	-7.200768	-14.995295	-7.186250
6363.540000	-7.205576	-7.137753	-7.147475	-7.153728	-7.211973	-7.114829	-7.193516	-7.145682	-7.169386	-7.174284	-7.177104	-7.131050	-7.204098	-7.200766	-14.995309	-7.186263
6389.494000	-7.205581	-7.137751	-7.147504	-7.153698	-7.211980	-7.114843	-7.193515	-7.145691	-7.169380	-7.174273	-7.177054	-7.131089	-7.204086	-7.200789	-14.995315	-7.186253
6415.470000	-7.205615	-7.137780	-7.147473	-7.153675	-7.212000	-7.114837	-7.193537	-7.145703	-7.169376	-7.174280	-7.177088	-7.131070	-7.204081	-7.200815	-14.995345	-7.186255
6441.443000	-7.205629	-7.137774	-7.147509	-7.153698	-7.211962	-7.114821	-7.193535	-7.145669	-7.169393	-7.174277	-7.177094	-7.131087	-7.204087	-7.200786	-14.995322	-7.186256
6467.424000	-7.205575	-7.137748	-7.147492	-7.153686	-7.211995	-7.114852	-7.193551	-7.145683	-7.169360	-7.174267	-7.177092	-7.131071	-7.204092	-7.200817	-14.995315	-7.186259
6493.398000	-7.205426	-7.138056	-7.147609	-7.153796	-7.211728	-7.115328	-7.193457	-7.146378	-7.169374	-7.174221	-7.177390	-7.131517	-7.203740	-7.200704	-14.995289	-7.186255
6519.386000	-7.205253	-7.138145	-7.147699	-7.153787	-7.211584	-7.115352	-7.193438	-7.146452	-7.169393	-7.174170	-7.177384	-7.131498	-7.203699	-7.200687	-14.995319	-7.186278
6545.369000	-7.205283	-7.138155	-7.147695	-7.153777	-7.211564	-7.115349	-7.193367	-7.146444	-7.169380	-7.174149	-7.177374	-7.131544	-7.203682	-7.200676	-14.995333	-7.186291
6571.324000	-7.205249	-7.138173	-7.147693	-7.153777	-7.211537	-7.115331	-7.193376	-7.146454	-7.169360	-7.174177	-7.177392	-7.131530	-7.203669	-7.200678	-14.995309	-7.186278
6597.296000	-7.205252	-7.138195	-7.147688	-7.153770	-7.211553	-7.115328	-7.193388	-7.146479	-7.169374	-7.174156	-7.177355	-7.131514	-7.203679	-7.200663	-14.995337	-7.186268
6623.247000	-7.205256	-7.138219	-7.147689	-7.153807	-7.211582	-7.115304	-7.193383	-7.146465	-7.169375	-7.174167	-7.177388	-7.131510	-7.203693	-7.200665	-14.995297	-7.186275
6649.218000	-7.205246	-7.138172	-7.147663	-7.153767	-7.211563	-7.115318	-7.193401	-7.146440	-7.169377	-7.174177	-7.177384	-7.131514	-7.203670	-7.200678	-14.995304	-7.186286
6675.210000	-7.205229	-7.138177	-7.147679	-7.153776	-7.211580	-7.115306	-7.193390	-7.146433	-7.169368	-7.174187	-7.177384	-7.131543	-7.203674	-7.200688	-14.995304	-7.186266
6701.166000	-7.205228	-7.138164	-7.147664	-7.153800	-7.211563	-7.115315	-7.193392	-7.146437	-7.169372	-7.174198	-7.177373	-7.131499	-7.203659	-7.200658	-14.995316	-7.186253
6727.132000	-7.205250	-7.138144	-7.147668	-7.153802	-7.211567	-7.115315	-7.193380	-7.146452	-7.169364	-7.174183	-7.177399	-7.131509	-7.203660	-7.200700	-14.995346	-7.186250
6753.115000	-7.205247	-7.138164	-7.147653	-7.153779	-7.211583	-7.115328	-7.193374	-7.146464	-7.169379	-7.174170	-7.177417	-7.131499	-7.203659	-7.200700	-14.995287	-7.186268
6779.082000	-7.205258	-7.138159	-7.147666	-7.153776	-7.211608	-7.115336	-7.193398	-7.146448	-7.169392	-7.174173	-7.177384	-7.131462	-7.203671	-7.200680	-14.995265	-7.186259
6805.111000	-7.205258	-7.138161	-7.147671	-7.153817	-7.211589	-7.115337	0.475596	0.473508	0.475297	0.473482	0.472956	0.474429	0.474735	0.473984	14.989700	0.473812
6831.187000	0.481534	0.476814	0.474672	0.478935	0.473885	0.473697	0.476475	0.474152	0.475810	0.473901	0.473385	0.474715	0.474940	0.474232	14.989716	0.473946
6857.223000	0.481810	0.477237	0.474732	0.479272	0.473986	0.473773	0.476508	0.474196	0.475846	0.473827	0.473389	0.474713	0.474938	0.474224	14.989681	0.473881
6883.278000	0.481580	0.476961	0.474732	0.478839	0.473943	0.473748	0.476256	0.474170	0.475760	0.473729	0.473316	0.474632	0.474809	0.474148	14.989641	0.473890
6909.405000	0.481389	0.476837	0.474553	0.479018	0.473743	0.473534	0.476515	0.474070	0.475670	0.473977	0.473353	0.474622	0.474948	0.474191	14.989683	0.473899
6935.471000	0.481271	0.476713	0.474481	0.478975	0.473635	0.473484	0.476571	0.473933	0.475635	0.473889	0.473265	0.474511	0.474880	0.474103	14.989670	0.473766
6961.528000	0.481247	0.476716	0.474439	0.479032	0.473625	0.473500	0.476456	0.473975	0.475637	0.473877	0.473267	0.474537	0.474842	0.474162	14.989678	0.473856
6987.589000	0.481122	0.476563	0.474432	0.478724	0.473642	0.473499	0.476181	0.474064	0.475646	0.473815	0.473258	0.474535	0.474784	0.474082	14.989642	0.473765
7013.654000	0.481034	0.476592	0.474404	0.478650	0.473609	0.473470	0.476164	0.473985	0.475566	0.473715	0.473167	0.474452	0.474721	0.474055	14.989692	0.473755
7039.726000	0.481030	0.476498	0.474312	0.478872	0.473486	0.473346	0.476390	0.473876	0.475536	0.473829	0.473192	0.474441	0.474769	0.474024	14.989691	0.473729
7065.812000	0.481076	0.476641	0.474313	0.478809	0.473507	0.473346	0.476346	0.473849	0.475502	0.473757	0.473158	0.474403	0.474669	0.473993	14.989657	0.473704
7091.880000	0.480862	0.476459	0.474337	0.478691	0.473453	0.473256	0.476336	0.473758	0.475424	0.473708	0.473084	0.474342	0.474685	0.473926	14.989674	0.473654
7117.962000	0.480832	0.476391	0.472210	0.467435	0.467068	0.462812	0.467974	0.460219	0.468805	0.462855	0.457460	0.445966	0.448711	0.460908	14.989642	0.478378
7144.049000	0.457206	0.465731	0.460799	0.459208	0.461309	0.457899	0.463439	0.455138	0.466208	0.459320	0.454167	0.443601	0.446205	0.459061	14.989683	0.478269
7170.133000	0.455589	0.464679	0.459940	0.458045	0.460496	0.457370	0.462626	0.454385	0.465875	0.458694	0.453712	0.443231	0.445561	0.458714	14.989600	0.478194
7196.212000	0.455229	0.464452	0.459788	0.457802	0.460249	0.457222	0.462478	0.454179	0.465811	0.458507	0.453562	0.443166	0.445140	0.458628	14.989679	0.478160
7222.276000	0.455169	0.464316	0.459775	0.457576	0.460278	0.457309	0.462301	0.454172	0.465787	0.458519	0.453530	0.443394	0.444887	0.458596	14.989684	0.478133
7248.346000	0.455104	0.464228	0.459703	0.457479	0.460203	0.457225	0.462120	0.454170	0.465731	0.458338	0.453500	0.443630	0.444584	0.458559	14.989675	0.478097
7274.428000	0.455163	0.464345	0.459660	0.457739	0.460089	0.457117	0.462275	0.454036	0.465679	0.458355	0.453428	0.443708	0.444358	0.458512	14.989653	0.478053
7300.490000	0.455101	0.464199	0.459728	0.457454	0.460056	0.457149	0.462256	0.454042	0.465707	0.458401	0.453528	0.443911	0.444110	0.458555	14.989695	0.478070
7326.550000	0.455119	0.464263	0.459631	0.457453	0.460026	0.457135	0.462174	0.454067	0.465719	0.458398	0.453548	0.443994	0.443932	0.458576	14.989650	0.478037
7352.608000	0.455002	0.464136	0.459576	0.457477	0.460066	0.457142	0.462154	0.454018	0.465672	0.458383	0.453442	0.443987	0.443582	0.458456	14.989644	0.478012
7378.673000	0.455090	0.464300	0.459622	0.457692	0.459981	0.457050	0.462351	0.453984	0.465685	0.458429	0.453474	0.444097	0.443525	0.458453	14.989697	0.478027
7404.738000	0.455141	0.464257	0.459649	0.457627	0.460001	0.457109	0.462224	0.453971	0.465640	0.458381	0.453425	0.444114	0.443184	0.458484	14.989666	0.478001
	0.455017	0.464130	0.459583	0.457524	0.460032											
